-58885 2233.677978515625
-58875 2232.4169921875
-58865 2231.06298828125
-58855 2230.386962890625
-58845 2228.84912109375
-58835 2229.818115234375
-58825 2234.261962890625
-58815 2238.568115234375
-58805 2240.506103515625
-58795 2242.4130859375
-58785 2243.5048828125
-58775 2244.135009765625
-58765 2243.85791015625
-58755 2242.905029296875
-58745 2238.8291015625
-58735 2235.216064453125
-58725 2236.0458984375
-58715 2242.674072265625
-58705 2243.5810546875
-58695 2245.56494140625
-58685 2250.39404296875
-58675 2252.408935546875
-58665 2255.406982421875
-58655 2263.00390625
-58645 2267.172119140625
-58635 2269.678955078125
-58625 2272.06298828125
-58615 2274.199951171875
-58605 2276.738037109375
-58595 2277.47607421875
-58585 2278.843994140625
-58575 2280.4130859375
-58565 2280.596923828125
-58555 2282.919921875
-58545 2282.47412109375
-58535 2285.85693359375
-58525 2287.5791015625
-58515 2289.762939453125
-58505 2293.284912109375
-58495 2297.6220703125
-58485 2300.31298828125
-58475 2303.050048828125
-58465 2306.864013671875
-58455 2308.986083984375
-58445 2310.985107421875
-58435 2314.06103515625
-58425 2316.367919921875
-58415 2317.8291015625
-58405 2323.7958984375
-58395 2332.10009765625
-58385 2340.466064453125
-58375 2346.447998046875
-58365 2351.154052734375
-58355 2355.074951171875
-58345 2358.3359375
-58335 2362.5029296875
-58325 2365.97900390625
-58315 2371.6689453125
-58305 2376.8359375
-58295 2388.30908203125
-58285 2399.5810546875
-58275 2401.8720703125
-58265 2408.346923828125
-58255 2414.68310546875
-58245 2418.803955078125
-58235 2424.555908203125
-58225 2426.01708984375
-53095 2198.72509765625
-53085 2204.514892578125
-53075 2209.529052734375
-53065 2213.77587890625
-53055 2213.300048828125
-53045 2211.593994140625
-53035 2209.215087890625
-53025 2207.044921875
-53015 2206.7548828125
-53005 2207.137939453125
-52995 2207.1259765625
-52985 2207.9970703125
-52975 2209.89990234375
-52965 2209.19189453125
-52955 2206.5810546875
-52945 2203.193115234375
-52935 2200.012939453125
-52925 2197.35498046875
-52915 2196.009033203125
-52905 2193.5380859375
-52895 2189.1279296875
-52885 2182.501953125
-52875 2178.487060546875
-52865 2172.360107421875
-52855 2167.264892578125
-52845 2162.553955078125
-52835 2159.81494140625
-52825 2154.97607421875
-52815 2152.551025390625
-52805 2152.573974609375
-52795 2144.659912109375
-52785 2136.02587890625
-52775 2128.72705078125
-52765 2122.80908203125
-52755 2117.992919921875
-52745 2119.85009765625
-52735 2114.4189453125
-52725 2110.1708984375
-52715 2103.2548828125
-52705 2098.450927734375
