-59575 2092.02587890625
-59565 2092.0419921875
-59555 2093.580078125
-59545 2095.470947265625
-59535 2099.407958984375
-59525 2102.1298828125
-59515 2106.48193359375
-59505 2111.1259765625
-59495 2115.4169921875
-59485 2118.662109375
-59475 2123.906005859375
-59465 2129.35009765625
-59455 2136.85498046875
-59445 2141.945068359375
-59435 2163.12109375
-59425 2165.012939453125
-59415 2177.362060546875
-59405 2187.31201171875
-59395 2203.090087890625
-59385 2214.761962890625
-59375 2221.743896484375
-59365 2230.279052734375
-59355 2228.802978515625
-59345 2234.30810546875
-59335 2243.826904296875
-59325 2255.376953125
-59315 2263.051025390625
-59305 2270.06298828125
-59295 2272.7080078125
-59285 2267.049072265625
-59275 2265.696044921875
-59265 2261.512939453125
-59255 2270.4169921875
-59245 2275.384033203125
-59235 2279.366943359375
-59225 2283.180908203125
-59215 2290.79296875
-59205 2293.14599609375
-59195 2296.299072265625
-59185 2297.12890625
-59175 2304.373046875
-59165 2312.093017578125
-59155 2318.5048828125
-59145 2325.426025390625
-59135 2332.468994140625
-59125 2339.02099609375
-59115 2343.2958984375
-59105 2345.970947265625
-59095 2351.800048828125
-59085 2357.366943359375
-59075 2362.9951171875
-59065 2365.51806640625
-59055 2371.68408203125
-59045 2380.466064453125
-59035 2389.447021484375
-59025 2397.551025390625
-59015 2405.51708984375
-59005 2414.097900390625
-58995 2424.6630859375
-58985 2428.216064453125
-58975 2428.739013671875
-58965 2428.5390625
-58955 2428.81494140625
-58945 2430.429931640625
-58935 2431.737060546875
-58925 2430.2919921875
-58915 2436.4580078125
-58905 2440.764892578125
-58895 2444.27099609375
-58885 2448.177001953125
-58875 2451.575927734375
-58865 2452.85205078125
-58855 2461.510009765625
-58845 2469.583984375
-58835 2477.3349609375
-58825 2485.60791015625
-58815 2492.882080078125
-58805 2499.84912109375
-58795 2502.72509765625
-58785 2503.570068359375
-58775 2503.23193359375
-58765 2503.093994140625
-58755 2504.662109375
-58745 2508.39892578125
-58735 2508.18408203125
-58725 2512.85888671875
-58715 2516.85693359375
-58705 2520.81005859375
-58695 2521.717041015625
-58685 2524.822998046875
-58675 2529.159912109375
-58665 2530.4208984375
-58655 2532.512939453125
-58645 2533.589111328125
-58635 2537.1259765625
-58625 2540.925048828125
-58615 2539.094970703125
-58605 2550.012939453125
-58595 2553.93505859375
-58585 2549.889892578125
-58575 2552.827880859375
-58565 2554.05810546875
-58555 2551.181884765625
-58545 2548.737060546875
-58535 2545.75390625
-58525 2548.1220703125
-58515 2545.861083984375
-58505 2549.614013671875
-58495 2551.98193359375
-58485 2558.10302734375
-58475 2563.193115234375
-58465 2569.72900390625
-58455 2569.68310546875
-58445 2569.72900390625
-58435 2570.405029296875
-58425 2572.742919921875
-58415 2572.511962890625
-58405 2561.0859375
-58395 2550.506103515625
-58385 2546.59912109375
-58375 2540.23291015625
-58365 2532.9130859375
-58355 2524.669921875
-58345 2502.125
-58335 2490.945068359375
-58325 2478.64208984375
-58315 2470.76806640625
-58305 2466.278076171875
-58295 2459.43408203125
-58285 2451.422119140625
-58275 2441.072021484375
-58265 2430.9990234375
-58255 2423.756103515625
-58245 2415.759033203125
-58235 2404.470947265625
-58225 2382.387939453125
-58215 2369.0849609375
-58205 2353.583984375
-58195 2344.971923828125
-58185 2333.514892578125
-58175 2320.843017578125
-58165 2318.212890625
-58155 2315.014892578125
-58145 2310.846923828125
-58135 2305.218994140625
-58125 2297.9599609375
-58115 2292.5
-58105 2287.841064453125
-58095 2280.967041015625
-58085 2274.75390625
-58075 2267.72607421875
-58065 2260.759033203125
-58055 2253.885009765625
-58045 2247.471923828125
-58035 2240.951904296875
-58025 2234.8310546875
-58015 2228.23388671875
-58005 2221.18994140625
-57995 2213.839111328125
-57985 2207.257080078125
-57975 2200.552001953125
-57965 2194.216064453125
-57955 2187.7880859375
-57945 2181.62109375
-57935 2175.51611328125
-57925 2169.51904296875
-57915 2163.52099609375
-57905 2157.508056640625
-57895 2151.01806640625
-57885 2145.4970703125
-57875 2140.02294921875
-57865 2134.208984375
-57855 2128.888916015625
-57845 2122.62890625
-57835 2117.031982421875
-57825 2111.325927734375
-57815 2105.712890625
-57805 2100.222900390625
-57795 2094.841064453125
-57785 2090.673095703125
-57775 2087.028076171875
-57765 2083.860107421875
-57755 2080.322998046875
-57745 2076.6630859375
-57735 2074.1259765625
-57725 2070.449951171875
-53795 2127.9150390625
-53785 2133.60107421875
-53775 2139.9140625
-53765 2146.01806640625
-53755 2151.958984375
-53745 2158.237060546875
-53735 2164.43408203125
-53725 2170.839111328125
-53715 2177.116943359375
-53705 2183.152099609375
-53695 2188.675048828125
-53685 2194.0830078125
-53675 2198.818115234375
-53665 2203.030029296875
-53655 2204.527099609375
-53645 2197.739013671875
-53635 2191.205078125
-53625 2187.759033203125
-53615 2185.3330078125
-53605 2183.31396484375
-53595 2181.341064453125
-53585 2179.98388671875
-53575 2179.635009765625
-53565 2179.113037109375
-53555 2178.278076171875
-53545 2175.8759765625
-53535 2172.8701171875
-53525 2167.7529296875
-53515 2161.346923828125
-53505 2156.54296875
-53495 2151.679931640625
-53485 2146.029052734375
-53475 2138.672119140625
-53465 2131.883056640625
-53455 2128.43701171875
-53445 2124.722900390625
-53435 2118.863037109375
-53425 2117.876953125
-53415 2117.297119140625
-53405 2116.680908203125
-53395 2116.85498046875
-53385 2117.738037109375
-53375 2119.512939453125
-53365 2118.885986328125
-53355 2117.215087890625
-53345 2114.906005859375
-53335 2113.222900390625
-53325 2112.446044921875
-53315 2110.798095703125
-53305 2110.821044921875
-53295 2110.344970703125
-53285 2109.905029296875
-53275 2110.56591796875
-53265 2111.111083984375
-53255 2112.527099609375
-53245 2113.885009765625
-53235 2114.928955078125
-53225 2117.678955078125
-53215 2121.218994140625
-53205 2123.910888671875
-53195 2125.906982421875
-53185 2131.824951171875
-53175 2137.361083984375
-53165 2142.512939453125
-53155 2148.037109375
-53145 2153.64208984375
-53135 2160.220947265625
-53125 2165.802978515625
-53115 2171.9189453125
-53105 2177.2451171875
-53095 2182.653076171875
-53085 2188.31591796875
-53075 2194.280029296875
-53065 2200.6279296875
-53055 2207.5439453125
-53045 2215.19091796875
-53035 2222.758056640625
-53025 2230.625
-53015 2236.93798828125
-53005 2243.69189453125
-52995 2249.33203125
-52985 2254.968994140625
-52975 2262.468017578125
-52965 2273.512939453125
-52955 2282.48291015625
-52945 2285.337890625
-52935 2289.43701171875
-52925 2291.89697265625
-52915 2290.873046875
-52905 2288.93798828125
-52895 2287.009033203125
-52885 2285.0849609375
-52875 2282.8779296875
-52865 2281.7080078125
-52855 2280.884033203125
-52845 2279.781982421875
-52835 2279.364013671875
-52825 2278.806884765625
-52815 2276.448974609375
-52805 2272.702880859375
-52795 2269.97607421875
-52785 2268.31396484375
-52775 2266.402099609375
-52765 2265.416015625
-52755 2263.362060546875
-52745 2260.587890625
-52735 2255.806884765625
-52725 2251.258056640625
-52715 2246.756103515625
-52705 2241.882080078125
-52695 2237.031005859375
-52685 2233.00390625
-52675 2227.666015625
-52665 2221.56201171875
-52655 2215.72509765625
-52645 2210.318115234375
-52635 2205.512939453125
-52625 2202.739990234375
-52615 2203.506103515625
-52605 2207.068115234375
-52595 2208.135986328125
-52585 2208.72802734375
-52575 2212.662109375
-52565 2216.7470703125
-52555 2218.406005859375
-52545 2218.89306640625
-52535 2220.053955078125
-52525 2220.180908203125
-52515 2223.31494140625
-52505 2223.68310546875
-52495 2223.73291015625
-52485 2224.617919921875
-52475 2225.64208984375
-52465 2226.991943359375
-52455 2228.35693359375
-52445 2229.1640625
-52435 2229.381103515625
-52425 2229.89306640625
-52415 2231.94091796875
-52405 2234.7958984375
-52395 2237.386962890625
-52385 2240.909912109375
-52375 2246.6201171875
-52365 2251.8798828125
-52355 2256.302001953125
-52345 2260.614990234375
-52335 2266.06201171875
-52325 2272.826904296875
-52315 2279.7939453125
-52305 2286.806884765625
-52295 2293.680908203125
-52285 2300.5859375
-52275 2308.654052734375
-52265 2320.090087890625
-52255 2330.051025390625
-52245 2342.2470703125
-52235 2342.697021484375
-52225 2334.239990234375
-52215 2325.783935546875
-52205 2320.571044921875
-52195 2314.239990234375
-52185 2310.5
-52175 2305.534912109375
-52165 2302.153076171875
-52155 2296.613037109375
-52145 2292.159912109375
-52135 2292.2529296875
-52125 2289.507080078125
-52115 2285.193115234375
-52105 2280.4609375
-52095 2277.10888671875
-52085 2273.029052734375
-52075 2269.22705078125
-52065 2266.18603515625
-52055 2262.97412109375
-52045 2260.27392578125
-52035 2258.2880859375
-52025 2256.22412109375
-52015 2254.6259765625
-52005 2254.068115234375
-51995 2253.39990234375
-51985 2252.00390625
-51975 2249.89404296875
-51965 2248.636962890625
-51955 2247.658935546875
-51945 2246.867919921875
-51935 2243.780029296875
-51925 2239.68408203125
-51915 2235.541015625
-51905 2232.205078125
-51895 2229.365966796875
-51885 2226.742919921875
-51875 2224.555908203125
-51865 2221.48291015625
-51855 2219.512939453125
-51845 2213.972900390625
-51835 2209.319091796875
-51825 2204.306884765625
-51815 2200.81591796875
-51805 2197.06103515625
-51795 2193.10400390625
-51785 2190.373046875
-51775 2185.4541015625
-51765 2182.3359375
-51755 2176.3310546875
-51745 2172.4208984375
-51735 2169.674072265625
-51725 2164.818115234375
-51715 2161.962890625
-51705 2155.072998046875
-51695 2149.922119140625
-51685 2145.60791015625
-49985 2192.722900390625
-49975 2179.927978515625
-49965 2174.18603515625
-49955 2170.827880859375
-49945 2168.010009765625
-49935 2164.7548828125
-49925 2163.1708984375
-49915 2160.429931640625
-49905 2158.55908203125
-49895 2157.611083984375
-49885 2158.447998046875
-49875 2158.56494140625
-49865 2158.6689453125
-49855 2157.6298828125
-49845 2158.0458984375
-49835 2160.5791015625
-49825 2163.429931640625
-49815 2165.236083984375
-49805 2168.9580078125
-49795 2173.14697265625
-49785 2177.368896484375
-49775 2180.363037109375
-49765 2182.02001953125
-49755 2182.422119140625
-49745 2183.072021484375
-49735 2184.072021484375
-49725 2184.280029296875
-49715 2183.923095703125
-49705 2182.512939453125
-49695 2179.5380859375
-49685 2175.278076171875
-49675 2178.947021484375
-49665 2181.3310546875
-49655 2184.097900390625
-49645 2186.839111328125
-49635 2190.261962890625
-49625 2192.912109375
-49615 2195.23095703125
-49605 2199.875
