-59605 2120.429931640625
-59595 2120.70703125
-59585 2120.446044921875
-59575 2121.81396484375
-59565 2124.212890625
-59555 2126.76611328125
-59545 2130.472900390625
-59535 2132.73291015625
-59525 2136.0400390625
-59515 2140.514892578125
-59505 2145.467041015625
-59495 2149.988037109375
-59485 2154.324951171875
-59475 2157.662109375
-59465 2166.089111328125
-59455 2189.218994140625
-59445 2210.4560546875
-59435 2231.447998046875
-59425 2239.968017578125
-59415 2234.23095703125
-59405 2227.77197265625
-59395 2234.031005859375
-59385 2251.762939453125
-59375 2261.882080078125
-59365 2276.52197265625
-59355 2291.0859375
-59345 2306.510009765625
-59335 2308.72509765625
-59325 2315.030029296875
-59315 2319.028076171875
-59305 2321.718994140625
-59295 2327.14794921875
-59285 2329.301025390625
-59275 2330.3779296875
-59265 2326.73291015625
-59255 2323.10400390625
-59245 2323.44189453125
-59235 2324.134033203125
-59225 2327.85595703125
-59215 2334.299072265625
-59205 2339.55908203125
-59195 2344.64892578125
-59185 2343.218994140625
-59175 2342.0810546875
-59165 2345.23291015625
-59155 2349.907958984375
-59145 2353.384033203125
-59135 2353.507080078125
-59125 2357.658935546875
-59115 2362.673095703125
-59105 2373.02197265625
-59095 2382.111083984375
-59085 2393.044921875
-59075 2398.3349609375
-59065 2403.133056640625
-59055 2407.285888671875
-59045 2409.592041015625
-59035 2417.43505859375
-59025 2421.049072265625
-59015 2421.587890625
-59005 2426.89306640625
-58995 2436.320068359375
-58985 2450.283935546875
-58975 2462.555908203125
-58965 2471.490966796875
-58955 2474.551025390625
-58945 2474.596923828125
-58935 2476.657958984375
-58925 2476.93505859375
-58915 2473.798095703125
-58905 2479.533935546875
-58895 2481.9169921875
-58885 2482.779052734375
-58875 2490.176025390625
-58865 2495.0048828125
-58855 2499.202880859375
-58845 2502.677978515625
-58835 2506.138916015625
-58825 2509.922119140625
-58815 2514.7041015625
-58805 2519.73291015625
-58795 2524.0390625
-58785 2529.2060546875
-58775 2533.3740234375
-58765 2538.8330078125
-58755 2546.031005859375
-58745 2550.029052734375
-58735 2553.612060546875
-58725 2557.056884765625
-58715 2556.580078125
-58705 2561.194091796875
-58695 2563.623046875
-58685 2565.822998046875
-58675 2571.48193359375
-58665 2575.679931640625
-58655 2579.125
-58645 2581.955078125
-58635 2583.30810546875
-58625 2585.7529296875
-58615 2586.35302734375
-58605 2580.986083984375
-58595 2583.093017578125
-58585 2584.154052734375
-58575 2585.384033203125
-58565 2587.136962890625
-58555 2583.031005859375
-58545 2586.2451171875
-58535 2593.4580078125
-58525 2590.212890625
-58515 2584.215087890625
-58505 2580.031982421875
-58495 2579.31005859375
-58485 2577.43310546875
-58475 2582.18505859375
-58465 2586.507080078125
-58455 2591.028076171875
-58445 2593.93408203125
-58435 2593.364990234375
-58425 2589.3359375
-58415 2579.31005859375
-58405 2563.424072265625
-58395 2544.138916015625
-58385 2544.216064453125
-58375 2542.155029296875
-58365 2530.989990234375
-58355 2508.738037109375
-58345 2502.616943359375
-58335 2492.406005859375
-58325 2491.8369140625
-58315 2493.865966796875
-58305 2483.1630859375
-58295 2465.10888671875
-58285 2447.31591796875
-58275 2425.81689453125
-58265 2416.3740234375
-58255 2402.318115234375
-58245 2392.490966796875
-58235 2381.7109375
-58225 2368.132080078125
-58215 2347.217041015625
-58205 2339.55908203125
-58195 2324.81103515625
-58185 2317.10595703125
-58175 2313
-58165 2310.570068359375
-58155 2289.625
-58145 2273.1240234375
-58135 2275.2919921875
-58125 2272.385009765625
-58115 2268.47900390625
-58105 2263.449951171875
-58095 2257.7451171875
-58085 2252.778076171875
-58075 2247.3798828125
-58065 2242.1669921875
-58055 2236.569091796875
-58045 2231.10888671875
-58035 2226.95703125
-58025 2221.6669921875
-58015 2216.39208984375
-58005 2210.501953125
-57995 2204.797119140625
-57985 2198.569091796875
-57975 2192.2939453125
-57965 2186.096923828125
-57955 2180.4990234375
-57945 2173.993896484375
-57935 2168.2109375
-57925 2162.52099609375
-57915 2156.8310546875
-57905 2151.033935546875
-57895 2145.48193359375
-57885 2139.637939453125
-57875 2133.97900390625
-57865 2128.5810546875
-57855 2123.445068359375
-57845 2118.277099609375
-57835 2113.402099609375
-57825 2108.6201171875
-57815 2104.43701171875
-57805 2100.60693359375
-57795 2096.577880859375
-57785 2093.7490234375
-57775 2089.888916015625
-57765 2086.875
-57755 2082.260986328125
-57745 2080.47705078125
-57735 2080.322998046875
-57725 2079.570068359375
-57715 2077.509033203125
-57705 2074.541015625
-57695 2072.89599609375
-57685 2069.573974609375
-57675 2069.77392578125
-57665 2069.742919921875
-55865 2153.39892578125
-55855 2158.779052734375
-55845 2164.330078125
-55835 2169.827880859375
-55825 2175.864990234375
-55815 2183.1220703125
-55805 2190.81103515625
-53855 2103.278076171875
-53845 2106.991943359375
-53835 2112.51611328125
-53825 2118.051025390625
-53815 2123.794921875
-53805 2129.294921875
-53795 2134.574951171875
-53785 2138.9619140625
-53775 2143.81298828125
-53765 2149.986083984375
-53755 2155.85791015625
-53745 2161.764892578125
-53735 2168.3330078125
-53725 2174.56396484375
-53715 2181.446044921875
-53705 2187.654052734375
-53695 2192.923095703125
-53685 2198.178955078125
-53675 2203.111083984375
-53665 2206.883056640625
-53655 2209.43603515625
-53645 2212
-53635 2213.903076171875
-53625 2214.4951171875
-53615 2208.9599609375
-53605 2207.173095703125
-53595 2208.56494140625
-53585 2207.77587890625
-53575 2207.068115234375
-53565 2206.488037109375
-53555 2205.4208984375
-53545 2200.197998046875
-53535 2195.162109375
-53525 2190.695068359375
-53515 2185.04296875
-53505 2178.382080078125
-53495 2172.905029296875
-53485 2167.844970703125
-53475 2162.739990234375
-53465 2158.0048828125
-53455 2153.154052734375
-53445 2150.125
-53435 2147.8740234375
-53425 2146.60888671875
-53415 2144.427978515625
-53405 2145.970947265625
-53395 2148.697998046875
-53385 2149.85888671875
-53375 2148.929931640625
-53365 2146.946044921875
-53355 2144.531982421875
-53345 2143.23193359375
-53335 2143.719970703125
-53325 2142.861083984375
-53315 2140.297119140625
-53305 2136.572021484375
-53295 2138.800048828125
-53285 2140.702880859375
-53275 2141.735107421875
-53265 2142.930908203125
-53255 2145.181884765625
-53245 2147.132080078125
-53235 2147.050048828125
-53225 2147.259033203125
-53215 2148.12890625
-53205 2149.383056640625
-53195 2152.319091796875
-53185 2156.06689453125
-53175 2160.951904296875
-53165 2163.574951171875
-53155 2164.618896484375
-53145 2168.51904296875
-53135 2173.508056640625
-53125 2179.009033203125
-53115 2188.339111328125
-53105 2197.402099609375
-53095 2206.534912109375
-53085 2211.14208984375
-53075 2215.6669921875
-53065 2221.6201171875
-53055 2227.666015625
-53045 2233.944091796875
-53035 2240.26904296875
-53025 2246.033935546875
-53015 2253.26611328125
-53005 2260.68994140625
-52995 2269.64892578125
-52985 2281.635986328125
-52975 2289.076904296875
-52965 2296.736083984375
-52955 2304.2529296875
-52945 2313.133056640625
-52935 2319.2919921875
-52925 2320.39501953125
-52915 2320.139892578125
-52905 2319.326904296875
-52895 2318.2939453125
-52885 2317.113037109375
-52875 2316.02001953125
-52865 2313.885009765625
-52855 2312.33203125
-52845 2310.3798828125
-52835 2309.174072265625
-52825 2307.14501953125
-52815 2304.27587890625
-52805 2301.722900390625
-52795 2298.718017578125
-52785 2295.422119140625
-52775 2294.64697265625
-52765 2294.821044921875
-52755 2292.25390625
-52745 2288.93798828125
-52735 2282.958984375
-52725 2276.89208984375
-52715 2271.22705078125
-52705 2264.64990234375
-52695 2258.383056640625
-52685 2252.093994140625
-52675 2245.5
-52665 2239.595947265625
-52655 2233.97900390625
-52645 2229.035888671875
-52635 2224.069091796875
-52625 2218.927978515625
-52615 2213.1259765625
-52605 2211.10693359375
-52595 2210.68896484375
-52585 2210.22509765625
-52575 2211.02587890625
-52565 2215.14501953125
-52555 2219.577880859375
-52545 2222.534912109375
-52535 2225.472900390625
-52525 2227.7939453125
-52515 2230.9970703125
-52505 2232.965087890625
-52495 2233.554931640625
-52485 2233.18310546875
-52475 2234.5791015625
-52465 2236.37890625
-52455 2237.573974609375
-52445 2238.800048828125
-52435 2240.4599609375
-52425 2242.694091796875
-52415 2245.93701171875
-52405 2250.094970703125
-52395 2254.300048828125
-52385 2259.06396484375
-52375 2263.998046875
-52365 2269.4599609375
-52355 2274.363037109375
-52345 2278.489990234375
-52335 2283.425048828125
-52325 2289.507080078125
-52315 2294.93798828125
-52305 2299.886962890625
-52295 2305.115966796875
-52285 2312.1298828125
-52275 2319.06494140625
-52265 2326.74609375
-52255 2336.258056640625
-52245 2345.054931640625
-52235 2353.4189453125
-52225 2358.833984375
-52215 2360.24609375
-52205 2354.319091796875
-52195 2346.48291015625
-52185 2339.531005859375
-52175 2334.658935546875
-52165 2330.283935546875
-52155 2326.5439453125
-52145 2322.8359375
-52135 2319.033935546875
-52125 2317.544921875
-52115 2315.635986328125
-52105 2312.98291015625
-52095 2310.81103515625
-52085 2309.072998046875
-52075 2308.001953125
-52065 2307.8779296875
-52055 2307.117919921875
-52045 2302.7109375
-52035 2299.6240234375
-52025 2294.952880859375
-52015 2290.779052734375
-52005 2288.68505859375
-51995 2285.68994140625
-51985 2281.656005859375
-51975 2279.451904296875
-51965 2277.8701171875
-51955 2275.65087890625
-51945 2272.051025390625
-51935 2268.715087890625
-51925 2266.279052734375
-51915 2262.18310546875
-51905 2257.4970703125
-51895 2253.741943359375
-51885 2251.5849609375
-51875 2248.5439453125
-51865 2246.884033203125
-51855 2241.205078125
-51845 2236.5029296875
-51835 2233.864990234375
-51825 2229.195068359375
-51815 2225.037109375
-51805 2220.7080078125
-51795 2217.49609375
-51785 2211.241943359375
-51775 2208.076904296875
-51765 2201.4208984375
-51755 2199.404052734375
-51745 2198.968994140625
-51735 2195.7109375
-51725 2192.4208984375
-51715 2183.343994140625
-51705 2176.531982421875
-51695 2172.01708984375
-51685 2166.52392578125
-51675 2163.032958984375
-51665 2160.287109375
-51655 2158.363037109375
-51645 2156.73388671875
-51635 2150.946044921875
-51625 2150.10791015625
-51615 2148.18408203125
-51605 2144.366943359375
-51595 2141.916015625
-51585 2137.616943359375
-51575 2134.111083984375
-51565 2128.10595703125
-51555 2128.989990234375
-51545 2126.694091796875
-51535 2123.2958984375
-50105 2172.544921875
-50095 2176.06689453125
-50085 2180.721923828125
-50075 2185.08203125
-50065 2189.613037109375
-50055 2195.152099609375
-50045 2202.321044921875
-50035 2213.10400390625
-50025 2217.666015625
-50015 2222.64697265625
-50005 2226.322998046875
-49995 2219.549072265625
-49985 2217.989990234375
-49975 2216.64501953125
-49965 2216.034912109375
-49955 2218.425048828125
-49945 2221.347900390625
-49935 2213.968994140625
-49925 2208.35693359375
-49915 2203.4208984375
-49905 2199.263916015625
-49895 2196.58203125
-49885 2193.950927734375
-49875 2191.093017578125
-49865 2190.528076171875
-49855 2189.1640625
-49845 2188.8330078125
-49835 2189.89794921875
-49825 2191.2041015625
-49815 2194.412109375
-49805 2197.43896484375
-49795 2197.951904296875
-49785 2198.2119140625
-49775 2197.69189453125
-49765 2198.173095703125
-49755 2197.7509765625
-49745 2196.69189453125
-49735 2196.72509765625
-49725 2196.50390625
-49715 2195.133056640625
-49705 2192.944091796875
-49695 2194.39892578125
-49685 2194.614013671875
-49675 2194.360107421875
-49665 2195.010009765625
-49655 2197.173095703125
-49645 2199.93310546875
-49635 2204.3759765625
-49625 2208.35693359375
-49615 2213.68994140625
-49605 2218.826904296875
-49595 2223.990966796875
-49585 2230.368896484375
-49575 2237.72802734375
-49565 2246.2109375
-49555 2241.22900390625
-49545 2234.87109375
-49535 2228.778076171875
-49525 2223.049072265625
-49515 2217.69091796875
-49505 2211.97509765625
-49495 2208.195068359375
-49485 2205.2919921875
-49475 2204.31103515625
-49465 2203.94091796875
-49455 2203.791015625
-49445 2203.031005859375
-49435 2201.93994140625
-49425 2199.919921875
-49415 2198.2119140625
-49405 2197.39990234375
