-59795 2295.221923828125
-59785 2287.824951171875
-59775 2280.967041015625
-59765 2274.5380859375
-59755 2268.89501953125
-59745 2262.14306640625
-59735 2256.884033203125
-59725 2252.239990234375
-59715 2251.239990234375
-59705 2250.717041015625
-59695 2250.302001953125
-59685 2250.0400390625
-59675 2248.779052734375
-59665 2247.195068359375
-59655 2245.904052734375
-59645 2244.197021484375
-59635 2241.875
-59625 2240.214111328125
-59615 2238.614013671875
-59605 2237.0458984375
-59595 2236.677001953125
-59585 2239.89111328125
-59575 2240.64404296875
-59565 2240.98193359375
-59555 2239.568115234375
-59545 2237.81396484375
-59535 2239.64501953125
-59525 2242.181884765625
-59515 2243.2890625
-59505 2244.197021484375
-59495 2246.14990234375
-59485 2247.841064453125
-59475 2250.37890625
-59465 2254.5458984375
-59455 2258.867919921875
-59445 2264.050048828125
-59435 2270.001953125
-59425 2274.368896484375
-59415 2276.81396484375
-59405 2277.59912109375
-59395 2277.737060546875
-59385 2278.367919921875
-59375 2278.568115234375
-59365 2279.56689453125
-59355 2280.52099609375
-59345 2281.843017578125
-59335 2285.072998046875
-59325 2289.90087890625
-59315 2295.452880859375
-59305 2301.6201171875
-59295 2308.201904296875
-59285 2315.014892578125
-59275 2322.2890625
-59265 2329.716064453125
-59255 2336.591064453125
-59245 2344.41796875
-59235 2352.22998046875
-59225 2359.56591796875
-59215 2366.885986328125
-59205 2373.299072265625
-59195 2379.6201171875
-59185 2392.39892578125
-59175 2407.823974609375
-59165 2387.10888671875
-59155 2386.6630859375
-59145 2380.758056640625
-59135 2384.23291015625
-59125 2365.718017578125
-59115 2359.843017578125
-59105 2360.1201171875
-59095 2366.425048828125
-59085 2358.443115234375
-59075 2356.291015625
-59065 2348.200927734375
-59055 2342.833984375
-59045 2335.945068359375
-59035 2336.6669921875
-59025 2333.43798828125
-59015 2331.162109375
-59005 2330.823974609375
-58995 2322.98095703125
-58985 2316.614013671875
-58975 2313.660888671875
-58965 2310.155029296875
-58955 2303.7880859375
-58945 2296.867919921875
-58935 2290.700927734375
-58925 2285.302978515625
-58915 2278.76708984375
-58905 2273
-58895 2266.634033203125
-58885 2260.944091796875
-58875 2256.715087890625
-58865 2253.547119140625
-58855 2254.008056640625
-58845 2251.39404296875
-58835 2248.257080078125
-58825 2244.99609375
-58815 2242.68896484375
-58805 2238.860107421875
-58795 2239.197998046875
-58785 2237.075927734375
-58775 2236.10693359375
-58765 2232.60107421875
-58755 2228.52587890625
-58745 2225.02001953125
-58735 2222.327880859375
-58725 2218.714111328125
-58715 2216.114990234375
-58705 2213.39306640625
-58695 2209.73291015625
-58685 2206.93505859375
-58675 2207.22705078125
-58665 2209.93310546875
-58655 2211.762939453125
-58645 2212.90087890625
-58635 2211.748046875
-58625 2209.81005859375
-58615 2205.365966796875
-58605 2201.444091796875
-58595 2201.35205078125
-58585 2197.35400390625
-58575 2194.200927734375
-58565 2193.23193359375
-58555 2191.125
-58545 2193.323974609375
-58535 2193.708984375
-58525 2192.739990234375
-58515 2190.218017578125
-58505 2192.462890625
-58495 2191.89404296875
-58485 2194.81591796875
-58475 2194.72412109375
-58465 2193.278076171875
-58455 2191.402099609375
-58445 2189.280029296875
-58435 2182.12890625
-58425 2183.866943359375
-58415 2183.512939453125
-58405 2182.512939453125
-58395 2185.466064453125
-58385 2187.94189453125
-58375 2190.64892578125
-58365 2189.740966796875
-58355 2193.093994140625
-58345 2188.264892578125
-58335 2186.589111328125
-58325 2193.447998046875
-58315 2194.29296875
-58305 2199.906005859375
-58295 2205.50390625
-58285 2208.68798828125
-58275 2212.347900390625
-58265 2216.68408203125
-58255 2221.958984375
-58245 2226.8798828125
-58235 2231.8779296875
-58225 2232.924072265625
-58215 2233.632080078125
-58205 2240.906005859375
-58195 2235.876953125
-58185 2240.675048828125
-58175 2240.675048828125
-58165 2234.29296875
-58155 2231.048095703125
-58145 2231.262939453125
-58135 2230.464111328125
-58125 2225.02001953125
-58115 2219.7451171875
-58105 2215.43896484375
-58095 2205.9189453125
-58085 2198.4150390625
-58075 2192.83203125
-58065 2188.0029296875
-58055 2185.08203125
-58045 2179.637939453125
-58035 2173.823974609375
-58025 2170.14892578125
-58015 2164.736083984375
-58005 2156.570068359375
-57995 2152.201904296875
-57985 2150.7109375
-57975 2147.466064453125
-57965 2145.158935546875
-57955 2145.1279296875
-57945 2145.77392578125
-57935 2144.6669921875
-57925 2136.51611328125
-57915 2129.319091796875
-57905 2123.675048828125
-57895 2118.907958984375
-57885 2115.83203125
-57875 2111.757080078125
-57865 2109.741943359375
-57855 2108.635009765625
-57845 2102.72998046875
-57835 2095.409912109375
-57825 2087.905029296875
-57815 2082.24609375
-57805 2075.925048828125
-57795 2073.31103515625
-57785 2066.360107421875
-57775 2060.2080078125
-57765 2057.31689453125
-57755 2057.02490234375
-57745 2056.470947265625
-57735 2055.964111328125
-57725 2055.672119140625
-57715 2057.778076171875
-57705 2059.7470703125
-57695 2062.053955078125
-57685 2063.77587890625
-57675 2063.007080078125
-57665 2062.6689453125
-57655 2064.068115234375
-57645 2066.26708984375
-57635 2065.805908203125
-57625 2063.422119140625
-57615 2062.19189453125
-57605 2061.0849609375
-57595 2056.947998046875
-57585 2051.873046875
-57575 2048.64404296875
-57565 2043.52197265625
-57555 2039.9549560546875
-57545 2037.60205078125
-57535 2028.72802734375
-57525 2021.68505859375
-57515 2016.364013671875
-57505 2011.217041015625
-57495 2008.093994140625
-57485 2005.010009765625
-57475 2001.7159423828125
-57465 2000.7969970703125
-57455 2001.427001953125
-57445 2001.467041015625
-57435 1999.56396484375
-57425 1996.926025390625
-57415 1995.4300537109375
-57405 1990.0760498046875
-57395 1992.89794921875
-57385 1989.616943359375
-57375 1994.56396484375
-57365 1996.2440185546875
-57355 2000.114990234375
-57345 2004.656005859375
-57335 2007.095947265625
-57325 2008.5
-57315 2007.3060302734375
-57305 2001.833984375
-57295 2000.9549560546875
-57285 2001.6639404296875
-57275 2002.9759521484375
-57265 2007.2010498046875
-57255 2012.0439453125
-57245 2018.5260009765625
-57235 2028.14501953125
-57225 2034.115966796875
-57215 2037.4620361328125
-57205 2040.5589599609375
-57195 2043.2359619140625
-57185 2045.677001953125
-57175 2048.7470703125
-57165 2055.68896484375
-57155 2059.416015625
-57145 2063.260986328125
-57135 2065.570068359375
-57125 2068.260009765625
-57115 2070.360107421875
-57105 2072.39404296875
-57095 2075.76611328125
-57085 2079.597900390625
-57075 2084.09912109375
-57065 2088.035888671875
-57055 2092.340087890625
-57045 2094.427001953125
-57035 2096.919921875
-57025 2105.633056640625
-57015 2113.02099609375
-57005 2117.56201171875
-56995 2120.134033203125
-56985 2122.468994140625
-56975 2117.27294921875
-56965 2111.6298828125
-56955 2109.64892578125
-56945 2106.447021484375
-56935 2103.416015625
-56925 2102.85107421875
-56915 2098.428955078125
-56905 2096.080078125
-56895 2091.919921875
-56885 2085.674072265625
-56875 2080.72705078125
-56865 2085.215087890625
-56855 2086.919921875
-56845 2087.471923828125
-56835 2091.1201171875
-56825 2092.615966796875
-56815 2092.052001953125
-56805 2091.947021484375
-56795 2092.930908203125
-56785 2092.011962890625
-56775 2088.35107421875
-56765 2083.39111328125
-56755 2081.6708984375
-56745 2082.43310546875
-56735 2081.881103515625
-56725 2084.506103515625
-56715 2087.695068359375
-56705 2090.764892578125
-56695 2092.470947265625
-56685 2092.10400390625
-56675 2094.845947265625
-56665 2098.416015625
-56655 2104.79296875
-56645 2111.906005859375
-56635 2118.833984375
-56625 2126.169921875
-56615 2132.547119140625
-56605 2136.340087890625
-56595 2139.5419921875
-56585 2143.43896484375
-56575 2147.2451171875
-56565 2152.7041015625
-56555 2156.8759765625
-56545 2161.993896484375
-56535 2163.72705078125
-56525 2164.14599609375
-56515 2164.93408203125
-56505 2166.259033203125
-56495 2166.389892578125
-56485 2166.758056640625
-56475 2169.9990234375
-56465 2174.85400390625
-56455 2181.139892578125
-56445 2184.4208984375
-56435 2187.76708984375
-56425 2192.3330078125
-56415 2199.052001953125
-56405 2203.068115234375
-56395 2206.72900390625
-56385 2208.802001953125
-56375 2210.1279296875
-56365 2211.583984375
-56355 2214.537109375
-56345 2217.00390625
-56335 2220.822998046875
-56325 2224.287109375
-56315 2227.803955078125
-56305 2230.166015625
-56295 2231.556884765625
-56285 2233.696044921875
-56275 2234.8369140625
-56265 2234.49609375
-56255 2232.882080078125
-56245 2230.8740234375
-56235 2229.23388671875
-56225 2226.675048828125
-56215 2224.325927734375
-56205 2223.93310546875
-56195 2222.01708984375
-56185 2217.81689453125
-56175 2214.31396484375
-56165 2212.239990234375
-56155 2210.548095703125
-56145 2207.884033203125
-56135 2206.1650390625
-56125 2203.39599609375
-56115 2198.842041015625
-56105 2197.176025390625
-56095 2195.889892578125
-56085 2195.509033203125
-56075 2195.654052734375
-56065 2196.375
-56055 2197.240966796875
-56045 2198.264892578125
-56035 2198.85498046875
-56025 2200.8759765625
-56015 2202.5029296875
-56005 2205.376953125
-55995 2206.55810546875
-55985 2207.739013671875
-55975 2211.0458984375
-55965 2214.27392578125
-55955 2218.093017578125
-55945 2222.1220703125
-55935 2225.625
-55925 2228.85400390625
-55915 2233.06591796875
-55905 2237.658935546875
-55895 2241.76611328125
-55885 2245.322021484375
-55875 2248.8779296875
-55865 2252.39501953125
-55855 2256.568115234375
-55845 2261.72509765625
-55835 2266.174072265625
-55825 2271.384033203125
-55815 2280.819091796875
-55805 2293.69189453125
-55795 2299.072021484375
-55785 2304.5439453125
-55775 2313.7041015625
-55765 2319.3330078125
-55755 2330.552978515625
-55745 2340.0009765625
-55735 2343.177001953125
-55725 2345.631103515625
-55715 2346.2080078125
-55705 2345.985107421875
-55695 2350.342041015625
-55685 2353.465087890625
-55675 2350.826904296875
-55665 2347.468017578125
-55655 2341.943115234375
-55645 2340.7490234375
-55635 2336.221923828125
-55625 2331.4580078125
-55615 2326.341064453125
-55605 2320.972900390625
-55595 2316.117919921875
-55585 2309.05810546875
-55575 2304.989990234375
-55565 2300.199951171875
-55555 2295.843994140625
-55545 2290.29296875
-55535 2282.865966796875
-55525 2274.65087890625
-55515 2265.1630859375
-55505 2257.958984375
-55495 2253.06396484375
-55485 2247.9599609375
-55475 2241.924072265625
-55465 2240.072998046875
-55455 2236.885009765625
-55445 2236.26806640625
-55435 2238.43310546875
-55425 2236.635009765625
-55415 2239.050048828125
-55405 2242.0419921875
-55395 2237.383056640625
-55385 2234.534912109375
-55375 2233.486083984375
-55365 2228.25
-55355 2223.472900390625
-55345 2220.034912109375
-55335 2215.376953125
-55325 2211.3349609375
-55315 2207.26708984375
-55305 2203.054931640625
-55295 2199.6689453125
-55285 2197.6220703125
-55275 2196.19189453125
-55265 2197.450927734375
-55255 2193.18701171875
-55245 2188.423095703125
-55235 2185.02392578125
-55225 2180.929931640625
-55215 2174.592041015625
-55205 2168.200927734375
-55195 2161.050048828125
-55185 2155.02587890625
-55175 2148.2548828125
-55165 2143.4130859375
-55155 2142.625
-55145 2140.382080078125
-55135 2139.85693359375
-55125 2136.470947265625
-55115 2130.35595703125
-55105 2126.341064453125
-55095 2124.7919921875
-55085 2125.291015625
-55075 2126.326904296875
-55065 2123.9130859375
-55055 2122.154052734375
-55045 2117.863037109375
-55035 2113.4541015625
-55025 2108.77001953125
-55015 2105.489013671875
-55005 2103.324951171875
-54995 2098.927001953125
-54985 2090.27001953125
-54975 2083.5390625
-54965 2078.468017578125
-54955 2073.001953125
-54945 2067.73388671875
-54935 2064.54296875
-54925 2060.074951171875
-54915 2056.06005859375
-54035 2075.52099609375
-54025 2083.677978515625
-54015 2092.868896484375
-54005 2102.18798828125
-53995 2114.510986328125
-53985 2121.010009765625
-53975 2123.179931640625
-53965 2126.8349609375
-53955 2132.23095703125
-53945 2136.76904296875
-53935 2141.89794921875
-53925 2146.43505859375
-53915 2150.625
-53905 2154.2099609375
-53895 2156.4609375
-53885 2160.34912109375
-53875 2164.60791015625
-53865 2160.534912109375
-53855 2162.705078125
-53845 2164.654052734375
-53835 2167.81103515625
-53825 2170.827880859375
-53815 2173.7060546875
-53805 2173.99609375
-53795 2175.0048828125
-53785 2178.14990234375
-53775 2182.537109375
-53765 2188.1650390625
-53755 2193.6650390625
-53745 2198.56201171875
-53735 2204.0048828125
-53725 2209.93505859375
-53715 2216.6650390625
-53705 2224.89306640625
-53695 2227.514892578125
-53685 2231.739990234375
-53675 2236.114013671875
-53665 2240.198974609375
-53655 2244.48095703125
-53645 2249.506103515625
-53635 2254.794921875
-53625 2260.3330078125
-53615 2266.6689453125
-53605 2273.550048828125
-53595 2281.1630859375
-53585 2287.197021484375
-53575 2293.657958984375
-53565 2301.583984375
-53555 2305.389892578125
-53545 2312.27197265625
-53535 2317.842041015625
-53525 2317.7958984375
-53515 2316.251953125
-53505 2313.548095703125
-53495 2309.18505859375
-53485 2305.157958984375
-53475 2300.93408203125
-53465 2298.659912109375
-53455 2297.467041015625
-53445 2299.080078125
-53435 2302.048095703125
-53425 2303.7099609375
-53415 2303.9189453125
-53405 2306.14697265625
-53395 2309.14111328125
-53385 2309
-53375 2302.489013671875
-53365 2297.243896484375
-53355 2293.113037109375
-53345 2286.639892578125
-53335 2280.62890625
-53325 2274.569091796875
-53315 2269.093994140625
-53305 2263.39404296875
-53295 2257.362060546875
-53285 2251.501953125
-53275 2245.708984375
-53265 2240.198974609375
-53255 2234.18798828125
-53245 2228.429931640625
-53235 2223.7900390625
-53225 2219.125
-53215 2214.076904296875
-53205 2209.992919921875
-53195 2207.2890625
-53185 2203.634033203125
-53175 2202.77490234375
-53165 2199.0029296875
-53155 2195.8349609375
-53145 2192.72509765625
-53135 2190.4970703125
-53125 2189.208984375
-53115 2188.049072265625
-53105 2188.3740234375
-53095 2188.989013671875
-53085 2187.2939453125
-53075 2187.468994140625
-53065 2189.801025390625
-53055 2189.85888671875
-53045 2188.884033203125
-53035 2189.7548828125
-53025 2189.02294921875
-53015 2184.010009765625
-53005 2178.60302734375
-52995 2174.089111328125
-52985 2169.156982421875
-52975 2162.93701171875
-52965 2157.216064453125
-52955 2153.0849609375
-52945 2148.988037109375
-52935 2146.69091796875
-52925 2145.181884765625
-52915 2142.97705078125
-52905 2141.22509765625
-52895 2139.6240234375
-52885 2138.080078125
-52875 2137.662109375
-52865 2137.071044921875
-52855 2134.425048828125
-52845 2132.0458984375
-52835 2130.758056640625
-52825 2129.655029296875
-52815 2128.56396484375
-52805 2127.60107421875
-52795 2126.197021484375
-52785 2125.535888671875
-52775 2124.236083984375
-52765 2125.14111328125
-52755 2124.722900390625
-52745 2122.716064453125
-52735 2120.47607421875
-52725 2119.676025390625
-52715 2121.3701171875
-52705 2121.160888671875
-52695 2122.784912109375
-52685 2123.56298828125
-52675 2123.1220703125
-52665 2121.60205078125
-52655 2120.347900390625
-52645 2121.81103515625
-52635 2123.864990234375
-52625 2126.070068359375
-52615 2128.970947265625
-52605 2133.263916015625
-52595 2136.907958984375
-52585 2141.2939453125
-52575 2147.68798828125
-52565 2153.375
-52555 2161.23095703125
-52545 2174.089111328125
-52535 2184.405029296875
-52525 2187.18994140625
-52515 2193.027099609375
-52505 2203.448974609375
-52495 2203.748046875
-52485 2207.177001953125
-52475 2207.2548828125
-52465 2208.35595703125
-52455 2204.47802734375
-52445 2196.222900390625
-52435 2189.14697265625
-52425 2190.093994140625
-52415 2194.949951171875
-52405 2206.9599609375
-52395 2204.633056640625
-52385 2206.4951171875
-52375 2212.3291015625
-52365 2216.85888671875
-52355 2223.158935546875
-52345 2239.962890625
-52335 2252.873046875
-52325 2274.860107421875
-52315 2282.9130859375
-52305 2289.010009765625
-52295 2295.55810546875
-52285 2304.3720703125
-52275 2306.885009765625
-52265 2297.43603515625
-52255 2293.10693359375
-52245 2287.52099609375
-52235 2283.889892578125
-52225 2293.339111328125
-52215 2307.677001953125
-52205 2337.43701171875
-52195 2349.18310546875
-52185 2358.554931640625
-52175 2364.698974609375
-52165 2364.947021484375
-52155 2360.462890625
-52145 2365.784912109375
-52135 2380.804931640625
-52125 2392.7529296875
-52115 2402.60498046875
-52105 2409.199951171875
-52095 2409.1220703125
-52085 2403.970947265625
-52075 2403.75390625
-52065 2399.98291015625
-52055 2396.64697265625
-52045 2392.845947265625
-52035 2388.06689453125
-52025 2382.992919921875
-52015 2375.080078125
-52005 2370.4560546875
-51995 2368.14404296875
-51985 2364.202880859375
-51975 2359.407958984375
-51965 2354.2099609375
-51955 2349.89599609375
-51945 2344.916015625
-51935 2338.2900390625
-51925 2332.114990234375
-51915 2327.134033203125
-51905 2323.875
-51895 2320.52392578125
-51885 2320.97412109375
-51875 2317.9169921875
-51865 2315.23291015625
-51855 2314.0849609375
-51845 2309.4609375
-51835 2305.720947265625
-51825 2303.797119140625
-51815 2300.1669921875
-51805 2296.535888671875
-51795 2292.376953125
-51785 2289.242919921875
-51775 2284.9140625
-51765 2279.56103515625
-51755 2273.385009765625
-51745 2268.636962890625
-51735 2263.919921875
-51725 2259.9951171875
-51715 2255.464111328125
-51705 2251.802001953125
-51695 2247.876953125
-51685 2245.7509765625
-51675 2241.43701171875
-51665 2233.97412109375
-51655 2228.806884765625
-51645 2224.77294921875
-51635 2221.699951171875
-51625 2218.132080078125
-51615 2214.873046875
-51605 2213.72509765625
-51595 2212.14306640625
-51585 2211.909912109375
-51575 2210.048095703125
-51565 2206.52587890625
-51555 2201.80908203125
-51545 2196.222900390625
-51535 2194.237060546875
-51525 2192.06396484375
-51515 2190.714111328125
-51505 2188.589111328125
-51495 2187.006103515625
-51485 2184.4609375
-51475 2182.444091796875
-51465 2182.10302734375
-51455 2179.6201171875
-51445 2178.76708984375
-51435 2177.431884765625
-51425 2175.6640625
-51415 2173.785888671875
-51405 2174.68603515625
-51395 2177.199951171875
-51385 2176.950927734375
-51375 2177.72705078125
-51365 2180.178955078125
-51355 2182.9560546875
-51345 2186.385009765625
-51335 2190.4970703125
-51325 2194.3759765625
-51315 2197.77392578125
-51305 2201.591064453125
-51295 2205.407958984375
-51285 2208.85302734375
-51275 2212.236083984375
-51265 2215.8349609375
-51255 2219.60595703125
-51245 2223.00390625
-51235 2225.875
-51225 2229.054931640625
-51215 2232.779052734375
-51205 2236.162109375
-51195 2239.14111328125
-51185 2243.2060546875
-51175 2246.805908203125
-51165 2251.6630859375
-51155 2257.947021484375
-51145 2262.802978515625
-51135 2267.986083984375
-51125 2272.2529296875
-51115 2284.666015625
-51105 2293.153076171875
-51095 2306.962890625
-51085 2314.51904296875
-51075 2325.0859375
-51065 2331.882080078125
-51055 2339.1279296875
-51045 2345.62890625
-51035 2350.31494140625
-51025 2360.741943359375
-51015 2370.487060546875
-51005 2378.385009765625
-50995 2382.18603515625
-50985 2384.467041015625
-50975 2389.431884765625
-50965 2395.2041015625
-50955 2410.8291015625
-50945 2412.5048828125
-50935 2415.717041015625
-50925 2421.287109375
-50915 2425.910888671875
-50905 2429.556884765625
-50895 2430.782958984375
-50885 2423.81591796875
-50875 2416.322021484375
-50865 2409.634033203125
-50855 2403.924072265625
-50845 2397.9970703125
-50835 2391.527099609375
-50825 2386.5458984375
-50815 2385.72412109375
-50805 2388.43896484375
-50795 2392.302978515625
-50785 2396.9580078125
-50775 2402.156005859375
-50765 2404.592041015625
-50755 2403.676025390625
-50745 2399.487060546875
-50735 2395.389892578125
-50725 2392.489013671875
-50715 2391.743896484375
-50705 2387.260009765625
-50695 2380.990966796875
-50685 2376.22802734375
-50675 2371.075927734375
-50665 2365.489990234375
-50655 2360.012939453125
-50645 2354.551025390625
-50635 2349.385009765625
-50625 2344.218017578125
-50615 2338.6630859375
-50605 2330.548095703125
-50595 2324.527099609375
-50585 2318.739990234375
-50575 2312.9208984375
-50565 2309.367919921875
-50555 2306.388916015625
-50545 2303.76611328125
-50535 2298.7548828125
-50525 2295.89990234375
-50515 2297.72998046875
-50505 2299.886962890625
-50495 2300.52294921875
-50485 2298.180908203125
-50475 2295.6669921875
-50465 2293.758056640625
-50455 2292.0048828125
-50445 2289.52197265625
-50435 2285.830078125
-50425 2283.656982421875
-50415 2280.135009765625
-50405 2275.822021484375
-50395 2272.51708984375
-50385 2269.506103515625
-50375 2265.45703125
-50365 2260.693115234375
-50355 2256.844970703125
-50345 2254.14501953125
-50335 2250.25
-50325 2246.43408203125
-50315 2245.14599609375
-50305 2243.5009765625
-50295 2241.31298828125
-50285 2238.800048828125
-50275 2240.179931640625
-50265 2242.491943359375
-50255 2241.360107421875
-50245 2242.089111328125
-50235 2245.177001953125
-50225 2246.18505859375
-50215 2244.52490234375
-50205 2241.5458984375
-50195 2240.320068359375
-50185 2240.568115234375
-50175 2241.236083984375
-50165 2241.99609375
-50155 2244.4169921875
-50145 2247.534912109375
-50135 2250.01806640625
-50125 2253.39990234375
-50115 2254.797119140625
-50105 2257.35693359375
-50095 2259.9169921875
-50085 2262.073974609375
-50075 2265.162109375
-50065 2268.093994140625
-50055 2273.215087890625
-50045 2282.695068359375
-50035 2290.31396484375
-50025 2297.60595703125
-50015 2300.10400390625
-50005 2302.037109375
-49995 2301.381103515625
-49985 2301.04296875
-49975 2299.763916015625
-49965 2297.139892578125
-49955 2294.677978515625
-49945 2291.06689453125
-49935 2287.201904296875
-49925 2284.408935546875
-49915 2283.656005859375
-49905 2284.447998046875
-49895 2284.591064453125
-49885 2284.2080078125
-49875 2284.739990234375
-49865 2285.18798828125
-49855 2285.6298828125
-49845 2286.760009765625
-49835 2289.201904296875
-49825 2292.541015625
-49815 2295.009033203125
-49805 2297.718017578125
-49795 2299.931884765625
-49785 2302.570068359375
-49775 2306.719970703125
-49765 2312.1630859375
-49755 2316.702880859375
-49745 2319.81396484375
-49735 2319.756103515625
-49725 2317.424072265625
-49715 2317.404052734375
-49705 2318.301025390625
-49695 2317.56005859375
-49685 2320.261962890625
-49675 2321.294921875
-49665 2322.9580078125
-49655 2323.31494140625
-49645 2321.885986328125
-49635 2321.22998046875
-49625 2320.56103515625
-49615 2320.2041015625
-49605 2316.449951171875
-49595 2311.5849609375
-49585 2305.77099609375
-49575 2302.069091796875
-49565 2298.52294921875
-49555 2296.412109375
-49545 2294.860107421875
-49535 2293.677978515625
-49525 2292.593017578125
-49515 2291.85888671875
-49505 2291.89111328125
-49495 2291.65087890625
-49485 2291.528076171875
-49475 2291.18994140625
-49465 2291.56689453125
-49455 2291.39794921875
-49445 2292.001953125
-49435 2294.95703125
-49425 2298.802001953125
-49415 2302.3291015625
-49405 2305.719970703125
-49395 2310.799072265625
-49385 2314.9619140625
-49375 2319.801025390625
-49365 2325.10107421875
-49355 2327.069091796875
-49345 2328.485107421875
-49335 2330.764892578125
-49325 2332.571044921875
-49315 2335.5
-49305 2338.176025390625
-49295 2341.637939453125
-49285 2346.821044921875
-49275 2352.718994140625
-49265 2357.31103515625
-49255 2362.422119140625
-49245 2367.260986328125
-49235 2372.48291015625
-49225 2378.60205078125
-49215 2382.85595703125
-49205 2387.610107421875
-49195 2392.617919921875
-49185 2396.756103515625
-49175 2402.906005859375
-49165 2408.10888671875
-49155 2413.3310546875
-49145 2419.553955078125
-49135 2423.68505859375
-49125 2427.7900390625
-49115 2431.5048828125
-49105 2434.60302734375
-49095 2437.544921875
-49085 2440.007080078125
-49075 2443.248046875
-49065 2446.326904296875
-49055 2449.717041015625
-49045 2453.12109375
-49035 2457.531005859375
-49025 2460.739013671875
-49015 2465.260009765625
-49005 2470.156982421875
-48995 2474.93798828125
-48985 2479.93896484375
-48975 2486.7919921875
-48965 2491.79296875
-48955 2491.636962890625
-48945 2490.98095703125
-48935 2491.83203125
-48925 2493.072021484375
-48915 2495.748046875
-48905 2497.85888671875
-48895 2495.235107421875
-48885 2488.656005859375
-48875 2483.60205078125
-48865 2480.23095703125
-48855 2476.72412109375
-48845 2470.0009765625
-48835 2463.298095703125
-48825 2454.406005859375
-48815 2446.22900390625
-48805 2439.468017578125
-48795 2432.72607421875
-48785 2425.653076171875
-48775 2419.169921875
-48765 2412.903076171875
-48755 2407.343017578125
-48745 2400.366943359375
-48735 2393.89111328125
-48725 2387.304931640625
