-59875 2294.25390625
-59865 2300.697021484375
-59855 2306.403076171875
-59845 2311.64697265625
-59835 2315.952880859375
-59825 2316.89111328125
-59815 2311.031005859375
-59805 2303.741943359375
-59795 2295.637939453125
-59785 2288.10205078125
-59775 2280.6279296875
-59765 2274.553955078125
-59755 2268.60205078125
-59745 2262.219970703125
-59735 2256.4990234375
-59725 2256.052978515625
-59715 2255.56103515625
-59705 2255.3310546875
-59695 2255.361083984375
-59685 2254.991943359375
-59675 2254.0849609375
-59665 2253.070068359375
-59655 2251.31689453125
-59645 2248.902099609375
-59635 2246.842041015625
-59625 2246.673095703125
-59615 2246.118896484375
-59605 2245.05810546875
-59595 2246.196044921875
-59585 2246.472900390625
-59575 2246.27294921875
-59565 2248.73291015625
-59555 2251.5009765625
-59545 2251.992919921875
-59535 2252.2548828125
-59525 2253.654052734375
-59515 2256.283935546875
-59505 2257.990966796875
-59495 2260.251953125
-59485 2263.157958984375
-59475 2265.572998046875
-59465 2269.447998046875
-59455 2273.39990234375
-59445 2278.322021484375
-59435 2282.596923828125
-59425 2286.134033203125
-59415 2288.5791015625
-59405 2289.501953125
-59395 2289.885986328125
-59385 2291.33203125
-59375 2291.239990234375
-59365 2293.4541015625
-59355 2294.114990234375
-59345 2292.5
-59335 2293.10009765625
-59325 2295.14599609375
-59315 2299.113037109375
-59305 2304.325927734375
-59295 2308.8779296875
-59285 2314.76904296875
-59275 2320.8740234375
-59265 2326.886962890625
-59255 2332.929931640625
-59245 2339.06689453125
-59235 2345.14111328125
-59225 2350.322998046875
-59215 2355.597900390625
-59205 2359.612060546875
-59195 2364.22607421875
-59185 2369.009033203125
-59175 2366.0869140625
-59165 2361.965087890625
-59155 2358.320068359375
-59145 2353.306884765625
-59135 2347.847900390625
-59125 2342.449951171875
-59115 2337.037109375
-59105 2331.362060546875
-59095 2326.6708984375
-59085 2321.904052734375
-59075 2318.658935546875
-59065 2320.427978515625
-59055 2321.443115234375
-59045 2321.47412109375
-59035 2319.705078125
-59025 2316.06005859375
-59015 2313.1689453125
-59005 2311.784912109375
-58995 2310.35498046875
-58985 2308.555908203125
-58975 2304.926025390625
-58965 2300.2509765625
-58955 2294.929931640625
-58945 2289.0859375
-58935 2281.56591796875
-58925 2276.906982421875
-58915 2271.924072265625
-58905 2264.572998046875
-58895 2258.636962890625
-58885 2253.3310546875
-58875 2247.471923828125
-58865 2242.135986328125
-58855 2237
-58845 2234.216064453125
-58835 2231.554931640625
-58825 2227.18798828125
-58815 2223.9580078125
-58805 2221.8359375
-58795 2221.375
-58785 2220.591064453125
-58775 2218.9140625
-58765 2216.19189453125
-58755 2212.302001953125
-58745 2207.35009765625
-58735 2203.905029296875
-58725 2201.10595703125
-58715 2198.384033203125
-58705 2196.35400390625
-58695 2193.708984375
-58685 2192.908935546875
-58675 2193.217041015625
-58665 2193.571044921875
-58655 2193.048095703125
-58645 2193.262939453125
-58635 2192.708984375
-58625 2192.324951171875
-58615 2191.739990234375
-58605 2190.18701171875
-58595 2186.2958984375
-58585 2183.8359375
-58575 2180.159912109375
-58565 2178.14599609375
-58555 2175.31591796875
-58545 2176.576904296875
-58535 2175.68505859375
-58525 2176.56201171875
-58515 2171.93310546875
-58505 2175.27001953125
-58495 2175.80810546875
-58485 2175.485107421875
-58475 2174.577880859375
-58465 2173.14794921875
-58455 2172.470947265625
-58445 2171.34912109375
-58435 2168.97998046875
-58425 2166.412109375
-58415 2168.241943359375
-58405 2168.10400390625
-58395 2169.903076171875
-58385 2171.8720703125
-58375 2173.408935546875
-58365 2172.51708984375
-58355 2173.778076171875
-58345 2168.14990234375
-58335 2168.93408203125
-58325 2173.285888671875
-58315 2178.806884765625
-58305 2183.944091796875
-58295 2187.864990234375
-58285 2191.64794921875
-58275 2196.446044921875
-58265 2201.291015625
-58255 2205.64306640625
-58245 2209.549072265625
-58235 2211.239990234375
-58225 2209.318115234375
-58215 2211.287109375
-58205 2215.008056640625
-58195 2212.56298828125
-58185 2216.423095703125
-58175 2216.9150390625
-58165 2212.700927734375
-58155 2205.135009765625
-58145 2201.06005859375
-58135 2201.998046875
-58125 2204.551025390625
-58115 2207.10400390625
-58105 2211.055908203125
-58095 2208.964111328125
-58085 2203.1669921875
-58075 2197.89208984375
-58065 2195.031005859375
-58055 2192.77099609375
-58045 2189.757080078125
-58035 2184.590087890625
-58025 2177.162109375
-58015 2172.51708984375
-58005 2172.287109375
-57995 2167.612060546875
-57985 2163.1669921875
-57975 2160.06103515625
-57965 2156.339111328125
-57955 2153.9560546875
-57945 2148.527099609375
-57935 2140.7919921875
-57925 2136.31591796875
-57915 2132.824951171875
-57905 2125.64404296875
-57895 2121.52197265625
-57885 2119.0458984375
-57875 2116.30908203125
-57865 2109.696044921875
-57855 2103.760009765625
-57845 2099.839111328125
-57835 2096.347900390625
-57825 2088.8740234375
-57815 2083.198974609375
-57805 2077.863037109375
-57795 2077.52392578125
-57785 2073.464111328125
-57775 2068.08203125
-57765 2069.60400390625
-57755 2070.49609375
-57745 2072.5419921875
-57735 2068.666015625
-57725 2070.2041015625
-57715 2071.618896484375
-57705 2071.373046875
-57695 2070.803955078125
-57685 2073.556884765625
-57675 2072.833984375
-57665 2074.8330078125
-57655 2076.001953125
-57645 2076.83203125
-57635 2075.756103515625
-57625 2074.909912109375
-57615 2073.448974609375
-57605 2071.06494140625
-57595 2068.174072265625
-57585 2065.513916015625
-57575 2062.929931640625
-57565 2060.80810546875
-57555 2055.02587890625
-57545 2047.52099609375
-57535 2042.677001953125
-57525 2034.987060546875
-57515 2028.0830078125
-57505 2024.22998046875
-57495 2021.9119873046875
-57485 2019.7459716796875
-57475 2017.2139892578125
-57465 2015.31103515625
-57455 2015.1800537109375
-57445 2015.73095703125
-57435 2016.7939453125
-57425 2017.135009765625
-57415 2017.2659912109375
-57405 2015.887939453125
-57395 2011.833984375
-57385 2010.666015625
-57375 2014.6939697265625
-57365 2016.4659423828125
-57355 2020.5989990234375
-57345 2023.4730224609375
-57335 2024.4439697265625
-57325 2020.8489990234375
-57315 2015.2060546875
-57305 2014.196044921875
-57295 2012.7130126953125
-57285 2014.406005859375
-57275 2018.4339599609375
-57265 2020.7039794921875
-57255 2024.654052734375
-57245 2034.77197265625
-57235 2043.366943359375
-57225 2051.070068359375
-57215 2055.544921875
-57205 2059.323974609375
-57195 2066.97412109375
-57185 2070.22900390625
-57175 2072.419921875
-57165 2074.68994140625
-57155 2078.429931640625
-57145 2082.06494140625
-57135 2084.47998046875
-57125 2086.632080078125
-57115 2088.389892578125
-57105 2089.506103515625
-57095 2092.60302734375
-57085 2096.14599609375
-57075 2101.39501953125
-57065 2109.844970703125
-57055 2118.138916015625
-57045 2122.77099609375
-57035 2125.35595703125
-57025 2125.842041015625
-57015 2137.034912109375
-57005 2140.2109375
-56995 2137.23193359375
-56985 2136.10400390625
-56975 2135.77587890625
-56965 2134.18798828125
-56955 2131.52392578125
-56945 2127.955078125
-56935 2123.1650390625
-56925 2121.485107421875
-56915 2120.737060546875
-56905 2119.373046875
-56895 2117.10205078125
-56885 2115.553955078125
-56875 2117.429931640625
-56865 2118.2958984375
-56855 2116.012939453125
-56845 2116.06591796875
-56835 2113.166015625
-56825 2112.549072265625
-56815 2112.823974609375
-56805 2113.166015625
-56795 2111.998046875
-56785 2111.85302734375
-56775 2110.56689453125
-56765 2108.781982421875
-56755 2106.64404296875
-56745 2109.885009765625
-56735 2106.736083984375
-56725 2110.7900390625
-56715 2112.916015625
-56705 2115.01611328125
-56695 2116.06591796875
-56685 2118.02099609375
-56675 2119.083984375
-56665 2119.083984375
-56655 2120.75
-56645 2124.095947265625
-56635 2129.39794921875
-56625 2135.56591796875
-56615 2140.132080078125
-56605 2144.72509765625
-56595 2149.14697265625
-56585 2153.7529296875
-56575 2158.425048828125
-56565 2163.76611328125
-56555 2167.93896484375
-56545 2171.376953125
-56535 2173.385009765625
-56525 2175.156005859375
-56515 2176.73095703125
-56505 2179.697021484375
-56495 2183.10791015625
-56485 2186.073974609375
-56475 2188.947998046875
-56465 2190.77197265625
-56455 2196.1650390625
-56445 2202.85791015625
-56435 2206.387939453125
-56425 2209.35400390625
-56415 2214.02490234375
-56405 2217.634033203125
-56395 2221.68798828125
-56385 2226.097900390625
-56375 2228.906005859375
-56365 2230.3359375
-56355 2233.092041015625
-56345 2236.50390625
-56335 2239.534912109375
-56325 2241.385009765625
-56315 2244.56103515625
-56305 2248.27490234375
-56295 2252.43505859375
-56285 2254.9150390625
-56275 2257.053955078125
-56265 2257.39501953125
-56255 2255.05908203125
-56245 2251.804931640625
-56235 2248.615966796875
-56225 2246.909912109375
-56215 2244.9150390625
-56205 2242.802978515625
-56195 2241.031005859375
-56185 2237.5009765625
-56175 2233.31494140625
-56165 2229.405029296875
-56155 2226.910888671875
-56145 2223.736083984375
-56135 2219.799072265625
-56125 2216.007080078125
-56115 2214.824951171875
-56105 2213.43505859375
-56095 2212.764892578125
-56085 2212.568115234375
-56075 2212.93603515625
-56065 2213.43505859375
-56055 2213.77587890625
-56045 2214.785888671875
-56035 2216.007080078125
-56025 2217.305908203125
-56015 2219.74609375
-56005 2221.01904296875
-55995 2223.447021484375
-55985 2225.59912109375
-55975 2226.360107421875
-55965 2228.81396484375
-55955 2234.285888671875
-55945 2239.49609375
-55935 2243.052001953125
-55925 2246.93603515625
-55915 2249.81005859375
-55905 2253.655029296875
-55895 2257.802001953125
-55885 2261.89599609375
-55875 2266.7119140625
-55865 2269.8349609375
-55855 2273.12890625
-55845 2278.010009765625
-55835 2284.152099609375
-55825 2289.137939453125
-55815 2295.305908203125
-55805 2303.7041015625
-55795 2314.1240234375
-55785 2325.75
-55775 2332.284912109375
-55765 2343.097900390625
-55755 2349.174072265625
-55745 2351.77197265625
-55735 2355.656005859375
-55725 2358.01806640625
-55715 2360.43310546875
-55705 2363.345947265625
-55695 2365.27490234375
-55685 2360.87890625
-55675 2356.7060546875
-55665 2355.760986328125
-55655 2351.837890625
-55645 2348.5439453125
-55635 2343.006103515625
-55625 2338.426025390625
-55615 2333.7939453125
-55605 2328.02001953125
-55595 2322.324951171875
-55585 2318.0859375
-55575 2315.93408203125
-55565 2310.39697265625
-55555 2304.72802734375
-55545 2296.39501953125
-55535 2288.403076171875
-55525 2281.68505859375
-55515 2275.660888671875
-55505 2268.864013671875
-55495 2263.2080078125
-55485 2255.491943359375
-55475 2250.951904296875
-55465 2247.172119140625
-55455 2247.47412109375
-55445 2246.530029296875
-55435 2245.926025390625
-55425 2248.4189453125
-55415 2250.2958984375
-55405 2250.427001953125
-55395 2247.8291015625
-55385 2244.324951171875
-55375 2239.993896484375
-55365 2238.85302734375
-55355 2235.467041015625
-55345 2229.889892578125
-55335 2224.156005859375
-55325 2219.39208984375
-55315 2214.116943359375
-55305 2209.06494140625
-55295 2204.196044921875
-55285 2199.2099609375
-55275 2195.39111328125
-55265 2190.654052734375
-55255 2189.8798828125
-55245 2186.967041015625
-55235 2182.85888671875
-55225 2178.449951171875
-55215 2172.5048828125
-55205 2166.534912109375
-55195 2163.3330078125
-55185 2156.49609375
-55175 2152.1259765625
-55165 2152.55908203125
-55155 2148.321044921875
-55145 2142.743896484375
-55135 2139.2919921875
-55125 2138.55810546875
-55115 2136.10400390625
-55105 2134.97509765625
-55095 2132.074951171875
-55085 2128.4140625
-55075 2128.9130859375
-55065 2126.89208984375
-55055 2123.125
-55045 2119.97607421875
-55035 2117.9951171875
-55025 2115.134033203125
-55015 2112.8369140625
-55005 2109.2060546875
-54995 2102.1640625
-54985 2096.930908203125
-54975 2091.39599609375
-54965 2087.54296875
-54955 2083.43505859375
-54945 2078.259033203125
-54935 2074.569091796875
-54925 2069.114990234375
-54915 2063.89306640625
-54905 2059.20703125
-54895 2055.156982421875
-54885 2054.551025390625
-54875 2051.60400390625
-54865 2050.013916015625
-54045 2066.028076171875
-54035 2073.873046875
-54025 2081.972900390625
-54015 2091.02392578125
-54005 2098.985107421875
-53995 2108.361083984375
-53985 2118.759033203125
-53975 2123.991943359375
-53965 2122.80908203125
-53955 2129.376953125
-53945 2137.60400390625
-53935 2146.0869140625
-53925 2155.114990234375
-53915 2160.34912109375
-53905 2162.798095703125
-53895 2163.992919921875
-53885 2163.794921875
-53875 2165.6640625
-53865 2166.383056640625
-53855 2168.657958984375
-53845 2171.73291015625
-53835 2174.7041015625
-53825 2178.950927734375
-53815 2182.862060546875
-53805 2184.636962890625
-53795 2184.85693359375
-53785 2188.675048828125
-53775 2192.633056640625
-53765 2198.214111328125
-53755 2203.389892578125
-53745 2208.06591796875
-53735 2213.9150390625
-53725 2219.751953125
-53715 2225.635009765625
-53705 2231.947998046875
-53695 2236.14892578125
-53685 2241.093017578125
-53675 2245.56005859375
-53665 2250.864013671875
-53655 2255.529052734375
-53645 2260.507080078125
-53635 2265.20703125
-53625 2270.092041015625
-53615 2275.5810546875
-53605 2280.75390625
-53595 2286.85791015625
-53585 2292.845947265625
-53575 2301.365966796875
-53565 2306.573974609375
-53555 2312.80810546875
-53545 2319.001953125
-53535 2324.2939453125
-53525 2328.239990234375
-53515 2330.39794921875
-53505 2330.0849609375
-53495 2327.658935546875
-53485 2324.77197265625
-53475 2321.85693359375
-53465 2320.757080078125
-53455 2324.281982421875
-53445 2331.05908203125
-53435 2329.097900390625
-53425 2326.8701171875
-53415 2325.385009765625
-53405 2321.740966796875
-53395 2314.10498046875
-53385 2303.97705078125
-53375 2297.115966796875
-53365 2287.35693359375
-53355 2280.10400390625
-53345 2272.969970703125
-53335 2266.945068359375
-53325 2260.8759765625
-53315 2255.445068359375
-53305 2249.216064453125
-53295 2243.677978515625
-53285 2238.412109375
-53275 2233.10888671875
-53265 2227.85205078125
-53255 2222.166015625
-53245 2216.304931640625
-53235 2210.759033203125
-53225 2206.10498046875
-53215 2201.532958984375
-53205 2196.799072265625
-53195 2192.5859375
-53185 2188.431884765625
-53175 2184.695068359375
-53165 2180.14599609375
-53155 2175.72509765625
-53145 2173.554931640625
-53135 2175.2490234375
-53125 2174.14697265625
-53115 2173.02099609375
-53105 2175.573974609375
-53095 2175.35400390625
-53085 2174.4140625
-53075 2172.660888671875
-53065 2172.487060546875
-53055 2171.720947265625
-53045 2171.6630859375
-53035 2170.944091796875
-53025 2175.202880859375
-53015 2172.696044921875
-53005 2166.626953125
-52995 2159.930908203125
-52985 2153.18896484375
-52975 2146.72509765625
-52965 2141.260009765625
-52955 2136.06103515625
-52945 2132.555908203125
-52935 2129.364990234375
-52925 2127.625
-52915 2126.592041015625
-52905 2125.1640625
-52895 2123.864990234375
-52885 2122.797119140625
-52875 2123.14501953125
-52865 2122.993896484375
-52855 2121.799072265625
-52845 2120.10498046875
-52835 2118.0390625
-52825 2115.985107421875
-52815 2114.31396484375
-52805 2112.968017578125
-52795 2110.762939453125
-52785 2110.6240234375
-52775 2108.8369140625
-52765 2107.60693359375
-52755 2106.319091796875
-52745 2104.99609375
-52735 2104.264892578125
-52725 2102.802001953125
-52715 2101.89697265625
-52705 2103.614990234375
-52695 2103.302001953125
-52685 2102.430908203125
-52675 2103.162109375
-52665 2105.93603515625
-52655 2108.534912109375
-52645 2110.867919921875
-52635 2112.4580078125
-52625 2115.35888671875
-52615 2117.64501953125
-52605 2120.9169921875
-52595 2125.535888671875
-52585 2130.4208984375
-52575 2137.071044921875
-52565 2144.904052734375
-52555 2152.364990234375
-52545 2160.97607421875
-52535 2171.02490234375
-52525 2174.64599609375
-52515 2175.8759765625
-52505 2173.99609375
-52495 2173.52197265625
-52485 2173.52197265625
-52475 2174.85693359375
-52465 2171.924072265625
-52455 2168.216064453125
-52445 2165.794921875
-52435 2166.927978515625
-52425 2170.54296875
-52415 2176.656982421875
-52405 2182.055908203125
-52395 2187.346923828125
-52385 2192.97998046875
-52375 2200.970947265625
-52365 2211.568115234375
-52355 2218.799072265625
-52345 2229.7529296875
-52335 2239.823974609375
-52325 2259.9169921875
-52315 2263.610107421875
-52305 2265.285888671875
-52295 2257.806884765625
-52285 2251.72509765625
-52275 2245.346923828125
-52265 2247.39599609375
-52255 2259.343017578125
-52245 2268.591064453125
-52235 2279.623046875
-52225 2286.806884765625
-52215 2292.097900390625
-52205 2301.672119140625
-52195 2313.123046875
-52185 2328.0029296875
-52175 2338.9580078125
-52165 2326.6220703125
-52155 2340.493896484375
-52145 2359.299072265625
-52135 2380.075927734375
-52125 2397.06591796875
-52115 2412.10205078125
-52105 2418.865966796875
-52095 2415.26708984375
-52085 2410.860107421875
-52075 2408.486083984375
-52065 2407.214111328125
-52055 2405.10400390625
-52045 2403.27294921875
-52035 2396.243896484375
-52025 2390.673095703125
-52015 2386.050048828125
-52005 2380.97607421875
-51995 2376.8330078125
-51985 2371.8369140625
-51975 2366.638916015625
-51965 2362.262939453125
-51955 2357.112060546875
-51945 2350.672119140625
-51935 2344.72900390625
-51925 2339.718017578125
-51915 2336.196044921875
-51905 2331.89697265625
-51895 2329.694091796875
-51885 2327.9560546875
-51875 2325.14794921875
-51865 2321.376953125
-51855 2317.9169921875
-51845 2315.573974609375
-51835 2310.531005859375
-51825 2306.66796875
-51815 2302.741943359375
-51805 2298.537109375
-51795 2294.426025390625
-51785 2290.779052734375
-51775 2288.094970703125
-51765 2287.846923828125
-51755 2284.945068359375
-51745 2279.93310546875
-51735 2276.7060546875
-51725 2271.9580078125
-51715 2266.743896484375
-51705 2264.29296875
-51695 2262.927001953125
-51685 2260.693115234375
-51675 2255.402099609375
-51665 2252.344970703125
-51655 2247.985107421875
-51645 2243.593994140625
-51635 2239.823974609375
-51625 2236.177001953125
-51615 2232.73291015625
-51605 2229.8310546875
-51595 2226.7900390625
-51585 2222.60107421875
-51575 2218.239990234375
-51565 2213.802978515625
-51555 2212.717041015625
-51545 2212.18896484375
-51535 2210.931884765625
-51525 2208.217041015625
-51515 2205.548095703125
-51505 2203.06494140625
-51495 2199.72900390625
-51485 2197.323974609375
-51475 2196.25390625
-51465 2195.2451171875
-51455 2193.243896484375
-51445 2192.049072265625
-51435 2191.071044921875
-51425 2189.9541015625
-51415 2188.805908203125
-51405 2188.743896484375
-51395 2189.985107421875
-51385 2190.093994140625
-51375 2192.080078125
-51365 2195.011962890625
-51355 2197.092041015625
-51345 2197.804931640625
-51335 2199.947021484375
-51325 2204.073974609375
-51315 2208.992919921875
-51305 2213.15087890625
-51295 2215.634033203125
-51285 2217.18505859375
-51275 2219.90087890625
-51265 2224.10498046875
-51255 2227.6279296875
-51245 2231.7080078125
-51235 2236.052978515625
-51225 2239.388916015625
-51215 2242.818115234375
-51205 2246.06103515625
-51195 2250.06396484375
-51185 2253.881103515625
-51175 2257.528076171875
-51165 2261.422119140625
-51155 2266.884033203125
-51145 2273.339111328125
-51135 2278.02490234375
-51125 2282.12109375
-51115 2288.094970703125
-51105 2294.76708984375
-51095 2305.658935546875
-51085 2328.824951171875
-51075 2336.27294921875
-51065 2344.23291015625
-51055 2355.60595703125
-51045 2366.513916015625
-51035 2372.720947265625
-51025 2377.73291015625
-51015 2386.700927734375
-51005 2399.827880859375
-50995 2404.9169921875
-50985 2409.18408203125
-50975 2409.278076171875
-50965 2414.507080078125
-50955 2422.80810546875
-50945 2430.658935546875
-50935 2436.97412109375
-50925 2438.85205078125
-50915 2439.426025390625
-50905 2443.5380859375
-50895 2446.097900390625
-50885 2431.43505859375
-50875 2423.2109375
-50865 2416.243896484375
-50855 2410.007080078125
-50845 2404.575927734375
-50835 2400.635009765625
-50825 2397.794921875
-50815 2396.10400390625
-50805 2399.20703125
-50795 2407.214111328125
-50785 2409.137939453125
-50775 2406.344970703125
-50765 2400.35498046875
-50755 2397.780029296875
-50745 2397.56298828125
-50735 2397.2060546875
-50725 2394.77001953125
-50715 2390.81298828125
-50705 2385.925048828125
-50695 2380.9599609375
-50685 2377.158935546875
-50675 2373.218017578125
-50665 2369.447021484375
-50655 2365.320068359375
-50645 2361.31591796875
-50635 2356.366943359375
-50625 2350.93603515625
-50615 2345.5830078125
-50605 2338.553955078125
-50595 2331.696044921875
-50585 2325.69091796875
-50575 2320.27587890625
-50565 2315.218017578125
-50555 2310.794921875
-50545 2307.196044921875
-50535 2304.154052734375
-50525 2302.322998046875
-50515 2301.842041015625
-50505 2300.570068359375
-50495 2300.6630859375
-50485 2299.576904296875
-50475 2297.35791015625
-50465 2295.449951171875
-50455 2292.455078125
-50445 2289.428955078125
-50435 2285.93798828125
-50425 2281.780029296875
-50415 2278.7080078125
-50405 2275.884033203125
-50395 2272.51708984375
-50385 2269.662109375
-50375 2267.132080078125
-50365 2262.35302734375
-50355 2258.8779296875
-50345 2255.43310546875
-50335 2254.14501953125
-50325 2255.044921875
-50315 2255.10693359375
-50305 2253.18310546875
-50295 2249.4130859375
-50285 2246.2470703125
-50275 2245.02099609375
-50265 2246.43408203125
-50255 2246.2470703125
-50245 2243.873046875
-50235 2244.52490234375
-50225 2243.7958984375
-50215 2242.181884765625
-50205 2242.64794921875
-50195 2245.875
-50185 2249.506103515625
-50175 2252.60888671875
-50165 2255.5419921875
-50155 2258.365966796875
-50145 2261.282958984375
-50135 2264.385986328125
-50125 2267.876953125
-50115 2270.948974609375
-50105 2273.803955078125
-50095 2277.31103515625
-50085 2280.02587890625
-50075 2283.56396484375
-50065 2287.39697265625
-50055 2289.72412109375
-50045 2302.2919921875
-50035 2314.0849609375
-50025 2317.06396484375
-50015 2318.52197265625
-50005 2318.462890625
-49995 2324.7890625
-49985 2324.139892578125
-49975 2324.06201171875
-49965 2324.093994140625
-49955 2320.469970703125
-49945 2311.200927734375
-49935 2304.712890625
-49925 2299.8291015625
-49915 2298.4130859375
-49905 2298.114013671875
-49895 2298.89306640625
-49885 2300.08203125
-49875 2301.81005859375
-49865 2302.64111328125
-49855 2302.97900390625
-49845 2303.919921875
-49835 2306.4599609375
-49825 2308.719970703125
-49815 2311.9609375
-49805 2314.240966796875
-49795 2316.364990234375
-49785 2317.52099609375
-49775 2318.98291015625
-49765 2323.81494140625
-49755 2327.406982421875
-49745 2328.7900390625
-49735 2328.51806640625
-49725 2327.179931640625
-49715 2325.587890625
-49705 2324.886962890625
-49695 2324.9580078125
-49685 2328.159912109375
-49675 2327.22509765625
-49665 2324.445068359375
-49655 2323.327880859375
-49645 2322.01611328125
-49635 2321.43798828125
-49625 2321.321044921875
-49615 2321.2041015625
-49605 2322.237060546875
-49595 2321.821044921875
-49585 2318.534912109375
-49575 2316.8330078125
-49565 2315.904052734375
-49555 2314.013916015625
-49545 2311.864013671875
-49535 2309.760009765625
-49525 2307.544921875
-49515 2305.77099609375
-49505 2304.660888671875
-49495 2304.322998046875
-49485 2305.60302734375
-49475 2306.44091796875
-49465 2304.699951171875
-49455 2306.97998046875
-49445 2307.64208984375
-49435 2310.10400390625
-49425 2313.5849609375
-49415 2318.969970703125
-49405 2324.886962890625
-49395 2332.16796875
-49385 2337.428955078125
-49375 2337.876953125
-49365 2341.241943359375
-49355 2343.22900390625
-49345 2345.449951171875
-49335 2348.341064453125
-49325 2350.52294921875
-49315 2353.198974609375
-49305 2355.537109375
-49295 2358.27197265625
-49285 2362.720947265625
-49275 2367.9951171875
-49265 2373.406005859375
-49255 2378.114990234375
-49245 2380.7060546875
-49235 2382.674072265625
-49225 2384.635986328125
-49215 2387.5
-49205 2392.169921875
-49195 2397.93798828125
-49185 2404.777099609375
-49175 2412.0390625
-49165 2419.68994140625
-49155 2425.489990234375
-49145 2430.679931640625
-49135 2436.006103515625
-49125 2441.787109375
-49115 2447.217041015625
-49105 2453.069091796875
-49095 2456.90087890625
-49085 2459.719970703125
-49075 2463.4609375
-49065 2466.29296875
-49055 2469.89111328125
-49045 2473.444091796875
-49035 2475.69091796875
-49025 2479.282958984375
-49015 2482.783935546875
-49005 2486.174072265625
-48995 2490.324951171875
-48985 2494.5400390625
-48975 2497.625
-48965 2495.248046875
-48955 2491.416015625
-48945 2487.623046875
-48935 2484.660888671875
-48925 2480.919921875
-48915 2477.139892578125
-48905 2475.22412109375
-48895 2474.489990234375
-48885 2476.970947265625
-48875 2469.800048828125
-48865 2462.51904296875
-48855 2457.010986328125
-48845 2456.81591796875
-48835 2460.219970703125
-48825 2451.80908203125
-48815 2450.9189453125
-48805 2444.0400390625
-48795 2434.77197265625
-48785 2423.412109375
-48775 2413.760009765625
-48765 2407.791015625
-48755 2401.218017578125
-48745 2394.89794921875
-48735 2388.85693359375
-48725 2381.72607421875
-48715 2374.341064453125
-48705 2367.14404296875
