-60215 2063.927001953125
-60205 2066.422119140625
-60195 2067.7880859375
-60185 2067.571044921875
-60175 2065.238037109375
-60165 2069.091064453125
-60155 2079.238037109375
-60145 2099.509033203125
-60135 2110.698974609375
-60125 2120.818115234375
-60115 2136.0859375
-60105 2146.72998046875
-60095 2152.672119140625
-60085 2154.760009765625
-60075 2167.491943359375
-60065 2176.909912109375
-60055 2185.74609375
-60045 2194.841064453125
-60035 2203.2490234375
-60025 2211.447998046875
-60015 2219.386962890625
-60005 2232.677978515625
-59995 2240.843994140625
-59985 2247.656982421875
-59975 2254.6689453125
-59965 2261.450927734375
-59955 2268.617919921875
-59945 2278.367919921875
-59935 2292.531005859375
-59925 2298.944091796875
-59915 2295.9150390625
-59905 2294.72998046875
-59895 2297.12890625
-59885 2307.541015625
-59875 2315.27587890625
-59865 2315.952880859375
-59855 2320.4580078125
-59845 2326.22607421875
-59835 2334.884033203125
-59825 2330.916015625
-59815 2323.22705078125
-59805 2315.8759765625
-59795 2307.5869140625
-59785 2300.06689453125
-59775 2294.083984375
-59765 2288.194091796875
-59755 2282.56591796875
-59745 2278.16796875
-59735 2276.8759765625
-59725 2275.52197265625
-59715 2275.676025390625
-59705 2277.044921875
-59695 2277.16796875
-59685 2275.844970703125
-59675 2276.4609375
-59665 2276.7529296875
-59655 2275.4609375
-59645 2273.416015625
-59635 2272.75390625
-59625 2270.801025390625
-59615 2269.785888671875
-59605 2270.89404296875
-59595 2275.337890625
-59585 2274.30810546875
-59575 2276.4150390625
-59565 2277.64501953125
-59555 2278.720947265625
-59545 2278.16796875
-59535 2278.614013671875
-59525 2284.258056640625
-59515 2285.0419921875
-59505 2288.81005859375
-59495 2292.5
-59485 2293.885009765625
-59475 2292.2080078125
-59465 2292.10107421875
-59455 2292.56201171875
-59445 2294.131103515625
-59435 2294.991943359375
-59425 2294.5
-59415 2295.007080078125
-59405 2295.530029296875
-59395 2297.48291015625
-59385 2299.573974609375
-59375 2302.48095703125
-59365 2305.909912109375
-59355 2308.462890625
-59345 2311.416015625
-59335 2315.198974609375
-59325 2320.242919921875
-59315 2325.91796875
-59305 2331.80810546875
-59295 2336.56005859375
-59285 2339.8349609375
-59275 2342.696044921875
-59265 2344.818115234375
-59255 2346.756103515625
-59245 2347.8779296875
-59235 2351.368896484375
-59225 2354.27587890625
-59215 2358.073974609375
-59205 2363.240966796875
-59195 2367.840087890625
-59185 2374.56005859375
-59175 2376.281982421875
-59165 2364.010009765625
-59155 2353.092041015625
-59145 2344.740966796875
-59135 2337.097900390625
-59125 2329.68603515625
-59115 2322.0419921875
-59105 2315.322021484375
-59095 2309.72412109375
-59085 2302.9580078125
-59075 2295.806884765625
-59065 2290.531982421875
-59055 2283.05810546875
-59045 2278.537109375
-59035 2274.69189453125
-59025 2271.40087890625
-59015 2268.4951171875
-59005 2265.60400390625
-58995 2265.326904296875
-58985 2263.157958984375
-58975 2261.6669921875
-58965 2259.14501953125
-58955 2255.74609375
-58945 2250.902099609375
-58935 2246.673095703125
-58925 2243.64306640625
-58915 2241.427978515625
-58905 2236.81494140625
-58895 2232.462890625
-58885 2227.910888671875
-58875 2223.343017578125
-58865 2219.468017578125
-58855 2216.60693359375
-58845 2215.10009765625
-58835 2212.27099609375
-58825 2210.625
-58815 2211.824951171875
-58805 2214.02392578125
-58795 2215.407958984375
-58785 2216.468994140625
-58775 2217.56103515625
-58765 2218.0380859375
-58755 2218.361083984375
-58745 2218.468017578125
-58735 2217.760986328125
-58725 2213.79296875
-58715 2209.3330078125
-58705 2205.365966796875
-58695 2200.18310546875
-58685 2192.555908203125
-58675 2185.205078125
-58665 2179.6220703125
-58655 2174.14697265625
-58645 2167.99609375
-58635 2162.47509765625
-58625 2158.508056640625
-58615 2156.64697265625
-58605 2156.47802734375
-58595 2153.125
-58585 2148.449951171875
-58575 2145.77392578125
-58565 2139.7919921875
-58555 2135.68603515625
-58545 2134.071044921875
-58535 2133.318115234375
-58525 2129.364990234375
-58515 2125.5048828125
-58505 2130.45703125
-58495 2132.256103515625
-58485 2129.550048828125
-58475 2125.05908203125
-58465 2119.47705078125
-58455 2116.01708984375
-58445 2117.138916015625
-58435 2117.739013671875
-58425 2120.52294921875
-58415 2115.248046875
-58405 2115.925048828125
-58395 2121.445068359375
-58385 2120.322998046875
-58375 2120.923095703125
-58365 2119.39990234375
-58355 2120.031005859375
-58345 2114.52490234375
-58335 2108.55810546875
-58325 2114.89404296875
-58315 2128.9189453125
-58305 2134.6708984375
-58295 2142.805908203125
-58285 2142.591064453125
-58275 2142.89794921875
-58265 2139.468994140625
-58255 2141.791015625
-58245 2145.865966796875
-58235 2150.64892578125
-58225 2150.679931640625
-58215 2149.2041015625
-58205 2146.035888671875
-58195 2147.64990234375
-58185 2147.449951171875
-58175 2145.31298828125
-58165 2148.741943359375
-58155 2138.468994140625
-58145 2129.258056640625
-58135 2120.64599609375
-58125 2113.695068359375
-58115 2122.81396484375
-58105 2120.952880859375
-58095 2127.04296875
-58085 2136.80908203125
-58075 2150.403076171875
-58065 2165.39697265625
-58055 2165.073974609375
-58045 2162.967041015625
-58035 2171.97900390625
-58025 2174.6240234375
-58015 2176.0849609375
-58005 2175.947021484375
-57995 2174.73193359375
-57985 2168.595947265625
-57975 2160.27587890625
-57965 2151.84912109375
-57955 2144.77490234375
-57945 2140.052978515625
-57935 2135.992919921875
-57925 2129.39599609375
-57915 2126.259033203125
-57905 2122.906005859375
-57895 2120.81494140625
-57885 2116.81591796875
-57875 2113.402099609375
-57865 2113.172119140625
-57855 2110.972900390625
-57845 2108.943115234375
-57835 2102.48388671875
-57825 2098.284912109375
-57815 2097.408935546875
-57805 2093.10302734375
-57795 2094.409912109375
-57785 2093.902099609375
-57775 2093.73291015625
-57765 2093.594970703125
-57755 2092.7490234375
-57745 2093.010009765625
-57735 2093.68701171875
-57725 2096.071044921875
-57715 2099.345947265625
-57705 2101.5458984375
-57695 2104.251953125
-57685 2107.666015625
-57675 2113.8330078125
-57665 2115.06298828125
-57655 2117.693115234375
-57645 2118.35400390625
-57635 2117.339111328125
-57625 2112.4951171875
-57615 2106.590087890625
-57605 2098.469970703125
-57595 2092.948974609375
-57585 2092.549072265625
-57575 2092.794921875
-57565 2094.548095703125
-57555 2094.2099609375
-57545 2091.825927734375
-57535 2089.197021484375
-57525 2080.75390625
-57515 2077.863037109375
-57505 2074.160888671875
-57495 2067.406982421875
-57485 2062.2109375
-57475 2060.1640625
-57465 2060.451904296875
-57455 2061.93505859375
-57445 2063.470947265625
-57435 2066.43603515625
-57425 2070.662109375
-57415 2072.39404296875
-57405 2073.364990234375
-57395 2071.947998046875
-57385 2068.4970703125
-57375 2065.0849609375
-57365 2057.31591796875
-57355 2053.077880859375
-57345 2048.825927734375
-57335 2051.594970703125
-57325 2055.93798828125
-57315 2061.304931640625
-57305 2065.01904296875
-57295 2065.885009765625
-57285 2066.055908203125
-57275 2067.18408203125
-57265 2072.931884765625
-57255 2079.65087890625
-57245 2085.674072265625
-57235 2087.930908203125
-57225 2088.154052734375
-57215 2090.14892578125
-57205 2094.55810546875
-57195 2098.3759765625
-57185 2102.799072265625
-57175 2107.27294921875
-57165 2112.089111328125
-57155 2120.408935546875
-57145 2129.529052734375
-57135 2136.091064453125
-57125 2140.2109375
-57115 2145.237060546875
-57105 2152.152099609375
-57095 2148.964111328125
-57085 2150.367919921875
-57075 2157.72900390625
-57065 2166.666015625
-57055 2177.02001953125
-57045 2180.14306640625
-57035 2185.010986328125
-57025 2187.570068359375
-57015 2189.85302734375
-57005 2187.675048828125
-56995 2187.675048828125
-56985 2187.556884765625
-56975 2186.625
-56965 2185.535888671875
-56955 2186.59912109375
-56945 2186.3759765625
-56935 2185.535888671875
-56925 2184.7880859375
-56915 2183.988037109375
-56905 2181.073974609375
-56895 2180.02490234375
-56885 2180.904052734375
-56875 2186.10009765625
-56865 2185.076904296875
-56855 2182.780029296875
-56845 2183.055908203125
-56835 2186.126953125
-56825 2186.009033203125
-56815 2183.7119140625
-56805 2179.093017578125
-56795 2173.85693359375
-56785 2171.548095703125
-56775 2171.27197265625
-56765 2169.972900390625
-56755 2170.575927734375
-56745 2173.739013671875
-56735 2176.9541015625
-56725 2175.431884765625
-56715 2173.634033203125
-56705 2174.041015625
-56695 2175.37890625
-56685 2175.445068359375
-56675 2176.6259765625
-56665 2179.2900390625
-56655 2180.575927734375
-56645 2182.5830078125
-56635 2184.093017578125
-56625 2186.126953125
-56615 2188.633056640625
-56605 2193.068115234375
-56595 2198.93408203125
-56585 2204.091064453125
-56575 2206.467041015625
-56565 2206.2041015625
-56555 2208.39599609375
-56545 2210.364013671875
-56535 2213.5791015625
-56525 2216.583984375
-56515 2219.156005859375
-56505 2222.212890625
-56495 2225.218994140625
-56485 2229.56201171875
-56475 2232.672119140625
-56465 2235.637939453125
-56455 2238.98388671875
-56445 2244.259033203125
-56435 2250.125
-56425 2256.5419921875
-56415 2266.89599609375
-56405 2272.656005859375
-56395 2279.951904296875
-56385 2284.7548828125
-56375 2289.990966796875
-56365 2293.678955078125
-56355 2296.85400390625
-56345 2299.93798828125
-56335 2303.0869140625
-56325 2309.72802734375
-56315 2309.47802734375
-56305 2310.264892578125
-56295 2310.987060546875
-56285 2312.39111328125
-56275 2312.089111328125
-56265 2310.43603515625
-56255 2305.43603515625
-56245 2300.634033203125
-56235 2297.235107421875
-56225 2292.969970703125
-56215 2289.990966796875
-56205 2288.074951171875
-56195 2286.43505859375
-56185 2284.467041015625
-56175 2282.590087890625
-56165 2278.9951171875
-56155 2275.570068359375
-56145 2272.302001953125
-56135 2270.64892578125
-56125 2268.444091796875
-56115 2265.635986328125
-56105 2263.4580078125
-56095 2262.736083984375
-56085 2261.883056640625
-56075 2261.673095703125
-56065 2261.214111328125
-56055 2261.739013671875
-56045 2262.998046875
-56035 2265.43896484375
-56025 2269.388916015625
-56015 2274.5458984375
-56005 2278.404052734375
-55995 2282.98388671875
-55985 2283.69189453125
-55975 2287.9970703125
-55965 2290.35888671875
-55955 2291.947021484375
-55945 2299.202880859375
-55935 2306.552001953125
-55925 2310.08203125
-55915 2316.1708984375
-55905 2322.285888671875
-55895 2319.176025390625
-55885 2325.85498046875
-55875 2332.323974609375
-55865 2336.470947265625
-55855 2333.6630859375
-55845 2332.126953125
-55835 2336.60205078125
-55825 2340.985107421875
-55815 2345.4599609375
-55805 2353.044921875
-55795 2362.965087890625
-55785 2369.47412109375
-55775 2373.804931640625
-55765 2376.034912109375
-55755 2378.14794921875
-55745 2378.424072265625
-55735 2381.283935546875
-55725 2379.342041015625
-55715 2375.904052734375
-55705 2374.31591796875
-55695 2369.4609375
-55685 2365
-55675 2361.993896484375
-55665 2358.47802734375
-55655 2352.27099609375
-55645 2345.81396484375
-55635 2339.68603515625
-55625 2333.990966796875
-55615 2328.375
-55605 2322.468994140625
-55595 2317.6669921875
-55585 2313.966064453125
-55575 2311.262939453125
-55565 2307.405029296875
-55555 2303.533935546875
-55545 2301.18505859375
-55535 2297.221923828125
-55525 2293.4951171875
-55515 2290.0439453125
-55505 2286.041015625
-55495 2279.205078125
-55485 2272.906005859375
-55475 2268.220947265625
-55465 2264.822021484375
-55455 2264.048095703125
-55445 2263.549072265625
-55435 2262.35498046875
-55425 2259.35009765625
-55415 2255.89892578125
-55405 2253.615966796875
-55395 2251.305908203125
-55385 2251.804931640625
-55375 2247.343017578125
-55365 2243.43310546875
-55355 2240.781982421875
-55345 2238.485107421875
-55335 2238.35400390625
-55325 2239.718994140625
-55315 2239.81103515625
-55305 2235.44091796875
-55295 2233.31494140625
-55285 2234.587890625
-55275 2235.375
-55265 2233.1708984375
-55255 2217.14794921875
-55245 2208.368896484375
-55235 2200.509033203125
-55225 2193.18701171875
-55215 2188.094970703125
-55205 2184.14501953125
-55195 2181.90087890625
-55185 2180.235107421875
-55175 2177.216064453125
-55165 2176.69091796875
-55155 2174.60498046875
-55145 2169.5
-55135 2165.905029296875
-55125 2162.8740234375
-55115 2159.47509765625
-55105 2155.31494140625
-55095 2153.201904296875
-55085 2151.325927734375
-55075 2149.384033203125
-55065 2148.50390625
-55055 2148.72802734375
-55045 2146.444091796875
-55035 2142.5859375
-55025 2139.214111328125
-55015 2135.656982421875
-55005 2131.5791015625
-54995 2128.053955078125
-54985 2123.5048828125
-54975 2119.362060546875
-54965 2113.013916015625
-54955 2107.259033203125
-54945 2103.451904296875
-54935 2098.77587890625
-54925 2094.48193359375
-54915 2090.4560546875
-54905 2087.22900390625
-54895 2086.14990234375
-54885 2085.221923828125
-54875 2084.97802734375
-54865 2081.02099609375
-54855 2075.044921875
-54845 2071.134033203125
-54835 2071.48193359375
-54825 2069.949951171875
-54815 2064.39208984375
-54805 2063.323974609375
-54795 2063.048095703125
-54785 2062.490966796875
-54775 2060.8759765625
-54765 2056.780029296875
-54755 2049.760986328125
-54085 2059.634033203125
-54075 2064.02099609375
-54065 2070.077880859375
-54055 2074.64990234375
-54045 2078.97900390625
-54035 2084.6650390625
-54025 2089.48095703125
-54015 2095.073974609375
-54005 2099.194091796875
-53995 2104.218017578125
-53985 2111.48291015625
-53975 2117.01806640625
-53965 2123.56298828125
-53955 2130.955078125
-53945 2140.006103515625
-53935 2147.9208984375
-53925 2156.218017578125
-53915 2164.305908203125
-53905 2170.18896484375
-53895 2173.172119140625
-53885 2175.72509765625
-53875 2180.8310546875
-53865 2186.087890625
-53855 2191.135009765625
-53845 2197.205078125
-53835 2200.89501953125
-53825 2197.739013671875
-53815 2198.8759765625
-53805 2202.368896484375
-53795 2205.7109375
-53785 2209.552001953125
-53775 2213.7060546875
-53765 2217.952880859375
-53755 2223.988037109375
-53745 2231.507080078125
-53735 2241.126953125
-53725 2247.069091796875
-53715 2254.135986328125
-53705 2258.43896484375
-53695 2262.81591796875
-53685 2268.513916015625
-53675 2272.43603515625
-53665 2277.56298828125
-53655 2282.4599609375
-53645 2287.580078125
-53635 2292.97607421875
-53625 2298.1259765625
-53615 2301.781005859375
-53605 2306.283935546875
-53595 2307.202880859375
-53585 2313.0400390625
-53575 2319.884033203125
-53565 2324.656005859375
-53555 2327.60107421875
-53545 2328.135009765625
-53535 2332.822998046875
-53525 2333.718994140625
-53515 2328.471923828125
-53505 2324.041015625
-53495 2320.89404296875
-53485 2319.072021484375
-53475 2311.760986328125
-53465 2302.31494140625
-53455 2297.383056640625
-53445 2288.819091796875
-53435 2283.85498046875
-53425 2279.616943359375
-53415 2275.05908203125
-53405 2270.843994140625
-53395 2265.81005859375
-53385 2260.739013671875
-53375 2262.200927734375
-53365 2256.176025390625
-53355 2250.759033203125
-53345 2244.760009765625
-53335 2239.489013671875
-53325 2235.533935546875
-53315 2230.555908203125
-53305 2225.60107421875
-53295 2221.655029296875
-53285 2218.696044921875
-53275 2216.0849609375
-53265 2213.695068359375
-53255 2210.781982421875
-53245 2207.3349609375
-53235 2203.59912109375
-53225 2199.0380859375
-53215 2194.176025390625
-53205 2188.930908203125
-53195 2183.429931640625
-53185 2177.81396484375
-53175 2173.4970703125
-53165 2168.448974609375
-53155 2163.1689453125
-53145 2157.284912109375
-53135 2151.59912109375
-53125 2145.587890625
-53115 2143.279052734375
-53105 2140.597900390625
-53095 2132.672119140625
-53085 2125.7451171875
-53075 2125.198974609375
-53065 2121.055908203125
-53055 2117.864990234375
-53045 2113.02587890625
-53035 2109.487060546875
-53025 2106.968994140625
-53015 2102.965087890625
-53005 2103.034912109375
-52995 2098.695068359375
-52985 2092.555908203125
-52975 2089.43408203125
-52965 2086.555908203125
-52955 2084.177001953125
-52945 2083.260986328125
-52935 2085.73193359375
-52925 2086.568115234375
-52915 2086.14990234375
-52905 2084.735107421875
-52895 2087.054931640625
-52885 2086.927978515625
-52875 2088.66796875
-52865 2090.154052734375
-52855 2090.3740234375
-52845 2089.19091796875
-52835 2088.93505859375
-52825 2087.751953125
-52815 2086.092041015625
-52805 2084.617919921875
-52795 2084.955078125
-52785 2083.01708984375
-52775 2080.533935546875
-52765 2077.806884765625
-52755 2074.89404296875
-52745 2074.175048828125
-52735 2073.802978515625
-52725 2072.514892578125
-52715 2073.083984375
-52705 2074.87109375
-52695 2075.18408203125
-52685 2073.652099609375
-52675 2072.968017578125
-52665 2076.426025390625
-52655 2078.863037109375
-52645 2079.97705078125
-52635 2080.696044921875
-52625 2081.195068359375
-52615 2081.0439453125
-52605 2082.262939453125
-52595 2084.617919921875
-52585 2087.31103515625
-52575 2095.00390625
-52565 2104.751953125
-52555 2106.748046875
-52545 2108.534912109375
-52535 2112.12109375
-52525 2114.55810546875
-52515 2116.472900390625
-52505 2119.575927734375
-52495 2123.23388671875
-52485 2119.556884765625
-52475 2114.9169921875
-52465 2116.033935546875
-52455 2117.04296875
-52445 2119.804931640625
-52435 2126.927001953125
-52425 2144.056884765625
-52415 2153.382080078125
-52405 2158.39404296875
-52395 2155.94189453125
-52385 2157.679931640625
-52375 2156.531982421875
-52365 2153.971923828125
-52355 2156.345947265625
-52345 2167.51806640625
-52335 2179.324951171875
-52325 2188.77490234375
-52315 2184.5849609375
-52305 2193.072998046875
-52295 2195.5869140625
-52285 2204.291015625
-52275 2207.93798828125
-52265 2212.157958984375
-52255 2220.133056640625
-52245 2224.5869140625
-52235 2227.985107421875
-52225 2232.9189453125
-52215 2239.01708984375
-52205 2246.2470703125
-52195 2260.81689453125
-52185 2268.125
-52175 2271.072998046875
-52165 2279.235107421875
-52155 2288.778076171875
-52145 2303.39404296875
-52135 2300.47705078125
-52125 2320.678955078125
-52115 2329.52294921875
-52105 2332.8291015625
-52095 2319.547119140625
-52085 2320.090087890625
-52075 2325.364990234375
-52065 2335.2490234375
-52055 2347.445068359375
-52045 2360.16796875
-52035 2367.989013671875
-52025 2372.751953125
-52015 2382.868896484375
-52005 2397.251953125
-51995 2395.716064453125
-51985 2399.532958984375
-51975 2397.5
-51965 2393.85400390625
-51955 2389.97509765625
-51945 2384.0009765625
-51935 2379.283935546875
-51925 2376.197021484375
-51915 2374.56689453125
-51905 2372.612060546875
-51895 2369.64892578125
-51885 2364.404052734375
-51875 2358.910888671875
-51865 2354.054931640625
-51855 2348.577880859375
-51845 2345.908935546875
-51835 2344.992919921875
-51825 2343.162109375
-51815 2339.825927734375
-51805 2336.81591796875
-51795 2332.89111328125
-51785 2328.0029296875
-51775 2324.465087890625
-51765 2322.9140625
-51755 2320.52392578125
-51745 2317.467041015625
-51735 2314.50390625
-51725 2311.52490234375
-51715 2308.406005859375
-51705 2305.4580078125
-51695 2303.160888671875
-51685 2300.384033203125
-51675 2295.23193359375
-51665 2289.259033203125
-51655 2283.487060546875
-51645 2279.43701171875
-51635 2275.9150390625
-51625 2273.136962890625
-51615 2271.39892578125
-51605 2270.2509765625
-51595 2267.81494140625
-51585 2263.486083984375
-51575 2260.89501953125
-51565 2258.70703125
-51555 2257.342041015625
-51545 2254.875
-51535 2253.073974609375
-51525 2251.52294921875
-51515 2249.0869140625
-51505 2246.946044921875
-51495 2245.1298828125
-51485 2243.702880859375
-51475 2243.64111328125
-51465 2243.486083984375
-51455 2242.802978515625
-51445 2243.376953125
-51435 2245.51806640625
-51425 2245.56494140625
-51415 2243.486083984375
-51405 2241.343994140625
-51395 2239.343017578125
-51385 2238.27197265625
-51375 2238.054931640625
-51365 2238.721923828125
-51355 2240.6298828125
-51345 2242.5390625
-51335 2241.26708984375
-51325 2238.4580078125
-51315 2237.837890625
-51305 2237.262939453125
-51295 2237.076904296875
-51285 2237.930908203125
-51275 2240.490966796875
-51265 2243.702880859375
-51255 2246.47998046875
-51245 2250.25
-51235 2254.20703125
-51225 2258.52099609375
-51215 2262.322021484375
-51205 2267.0859375
-51195 2272.826904296875
-51185 2278.6298828125
-51175 2284.8359375
-51165 2290.8720703125
-51155 2296.58203125
-51145 2301.764892578125
-51135 2307.1650390625
-51125 2312.843994140625
-51115 2318.64599609375
-51105 2324.35693359375
-51095 2332.44091796875
-51085 2347.926025390625
-51075 2360.136962890625
-51065 2361.626953125
-51055 2364.218017578125
-51045 2373.373046875
-51035 2379.5791015625
-51025 2390.673095703125
-51015 2399.735107421875
-51005 2408.8740234375
-50995 2416.97412109375
-50985 2424.5458984375
-50975 2432.924072265625
-50965 2441.721923828125
-50955 2450.44189453125
-50945 2455.763916015625
-50935 2454.9580078125
-50925 2452.506103515625
-50915 2447.35400390625
-50905 2441.443115234375
-50895 2435.779052734375
-50885 2429.9140625
-50875 2423.863037109375
-50865 2418.758056640625
-50855 2417.376953125
-50845 2416.97412109375
-50835 2415.717041015625
-50825 2415.8720703125
-50815 2420.386962890625
-50805 2427.198974609375
-50795 2435.423095703125
-50785 2439.68896484375
-50775 2442.97900390625
-50765 2441.412109375
-50755 2439.56494140625
-50745 2438.4169921875
-50735 2436.757080078125
-50725 2433.87109375
-50715 2429.123046875
-50705 2423.739013671875
-50695 2417.7958984375
-50685 2411.527099609375
-50675 2405.02587890625
-50665 2398.60205078125
-50655 2391.822021484375
-50645 2381.626953125
-50635 2375.56103515625
-50625 2369.633056640625
-50615 2363.658935546875
-50605 2357.43798828125
-50595 2352.626953125
-50585 2346.592041015625
-50575 2340.803955078125
-50565 2335.125
-50555 2330.905029296875
-50545 2326.3740234375
-50535 2322.43310546875
-50525 2317.7470703125
-50515 2312.14501953125
-50505 2307.4130859375
-50495 2303.160888671875
-50485 2299.762939453125
-50475 2296.364990234375
-50465 2292.300048828125
-50455 2288.716064453125
-50445 2284.18505859375
-50435 2280.383056640625
-50425 2277.822998046875
-50415 2277.0009765625
-50405 2275.154052734375
-50395 2271.27490234375
-50385 2267.81494140625
-50375 2265.952880859375
-50365 2263.905029296875
-50355 2263.455078125
-50345 2264.1689453125
-50335 2260.366943359375
-50325 2257.885009765625
-50315 2256.2548828125
-50305 2256.705078125
-50295 2258.240966796875
-50285 2259.823974609375
-50275 2261.779052734375
-50265 2264.18408203125
-50255 2267.02392578125
-50245 2269.693115234375
-50235 2272.08203125
-50225 2274.487060546875
-50215 2277.18701171875
-50205 2279.97998046875
-50195 2282.85009765625
-50185 2285.923095703125
-50175 2288.964111328125
-50165 2293.510009765625
-50155 2300.0419921875
-50145 2305.427001953125
-50135 2309.259033203125
-50125 2312.33203125
-50115 2317.327880859375
-50105 2323.3330078125
-50095 2329.833984375
-50085 2334.876953125
-50075 2344.294921875
-50065 2346.1259765625
-50055 2345.552001953125
-50045 2348.577880859375
-50035 2362.681884765625
-50025 2379.905029296875
-50015 2378.260009765625
-50005 2379.97900390625
-49995 2376.7958984375
-49985 2372.68505859375
-49975 2363.552001953125
-49965 2356.660888671875
-49955 2352.386962890625
-49945 2350.23095703125
-49935 2348.69189453125
-49925 2349.19189453125
-49915 2350.257080078125
-49905 2353.43896484375
-49895 2355.343017578125
-49885 2358.551025390625
-49875 2362.64990234375
-49865 2365.68896484375
-49855 2367.85205078125
-49845 2372.430908203125
-49835 2378.04296875
-49825 2377.58203125
-49815 2377.47802734375
-49805 2377.60791015625
-49795 2376.77001953125
-49785 2375.7958984375
-49775 2375.426025390625
-49765 2376.386962890625
-49755 2376.970947265625
-49745 2375.653076171875
-49735 2372.373046875
-49725 2369.301025390625
-49715 2367.429931640625
-49705 2365.77392578125
-49695 2365.0009765625
-49685 2364.280029296875
-49675 2360.071044921875
-49665 2355.1279296875
-49655 2353.510986328125
-49645 2353.40087890625
-49635 2354.47900390625
-49625 2361.760009765625
-49615 2366.0400390625
-49605 2361.6298828125
-49595 2362.35107421875
-49585 2360.239990234375
-49575 2357.902099609375
-49565 2356.6220703125
-49555 2354.550048828125
-49545 2352.386962890625
-49535 2350.282958984375
-49525 2348.950927734375
-49515 2349.153076171875
-49505 2349.4970703125
-49495 2349.782958984375
-49485 2350.049072265625
-49475 2349.60693359375
-49465 2350.327880859375
-49455 2350.93896484375
-49445 2355.303955078125
-49435 2358.110107421875
-49425 2360.16796875
-49415 2361.64892578125
-49405 2362.422119140625
-49395 2363.343994140625
-49385 2363.1298828125
-49375 2362.279052734375
-49365 2363.6298828125
-49355 2364.87109375
-49345 2367.125
-49335 2369.910888671875
-49325 2372.930908203125
-49315 2377.134033203125
-49305 2381.14794921875
-49295 2384.076904296875
-49285 2386.987060546875
-49275 2389.5
-49265 2392.787109375
-49255 2397.048095703125
-49245 2400.385986328125
-49235 2404.069091796875
-49225 2408.31689453125
-49215 2412.760009765625
-49205 2417.39111328125
-49195 2422.06103515625
-49185 2428.030029296875
-49175 2434.615966796875
-49165 2441.455078125
-49155 2447.77490234375
-49145 2454.055908203125
-49135 2460.10888671875
-49125 2466.5400390625
-49115 2472.39208984375
-49105 2478.19189453125
-49095 2483.6220703125
-49085 2488.9150390625
-49075 2490.739990234375
-49065 2486.89501953125
-49055 2482.43994140625
-49045 2478.431884765625
-49035 2474.509033203125
-49025 2469.0009765625
-49015 2466.22802734375
-49005 2463.467041015625
-48995 2458.739013671875
-48985 2452.47802734375
-48975 2446.657958984375
-48965 2442.428955078125
-48955 2436.714111328125
-48945 2429.73095703125
-48935 2426.8349609375
-48925 2426.549072265625
-48915 2427.549072265625
-48905 2424.931884765625
-48895 2423.22998046875
-48885 2414.988037109375
-48875 2410.888916015625
-48865 2403.39990234375
-48855 2399.470947265625
-48845 2395.197021484375
-48835 2392.137939453125
-48825 2390.656982421875
-48815 2382.51806640625
-48805 2379.906982421875
-48795 2377.85498046875
-48785 2375.2109375
-48775 2376.58203125
-48765 2378.43310546875
-48755 2378.075927734375
-48745 2375.341064453125
-48735 2376.134033203125
-48725 2373.821044921875
-48715 2366.923095703125
-48705 2358.972900390625
-48695 2351.659912109375
-48685 2344.489013671875
-48675 2337.916015625
