-60055 2177.4560546875
-60045 2186.530029296875
-60035 2193.6708984375
-60025 2200.93701171875
-60015 2209.6259765625
-60005 2216.991943359375
-59995 2224.803955078125
-59985 2233.385009765625
-59975 2244.85791015625
-59965 2249.51806640625
-59955 2254.43896484375
-59945 2259.89794921875
-59935 2261.590087890625
-59925 2260.85205078125
-59915 2264.342041015625
-59905 2268.4951171875
-59895 2274.031005859375
-59885 2292.43896484375
-59875 2299.7900390625
-59865 2310.662109375
-59855 2318.905029296875
-59845 2327.194091796875
-59835 2329.992919921875
-59825 2324.44189453125
-59815 2315.782958984375
-59805 2307.571044921875
-59795 2299.8359375
-59785 2292.51611328125
-59775 2285.85693359375
-59765 2279.12109375
-59755 2272.430908203125
-59745 2266.910888671875
-59735 2265.373046875
-59725 2264.85009765625
-59715 2264.050048828125
-59705 2263.989013671875
-59695 2264.35791015625
-59685 2265.264892578125
-59675 2264.696044921875
-59665 2264.387939453125
-59655 2262.31298828125
-59645 2259.883056640625
-59635 2258.636962890625
-59625 2258.26806640625
-59615 2258.09912109375
-59605 2259.175048828125
-59595 2258.652099609375
-59585 2261.158935546875
-59575 2262.865966796875
-59565 2264.94189453125
-59555 2267.1259765625
-59545 2269.908935546875
-59535 2272.155029296875
-59525 2274.7080078125
-59515 2277.22900390625
-59505 2280.22802734375
-59495 2284.22705078125
-59485 2287.34912109375
-59475 2289.116943359375
-59465 2290.0400390625
-59455 2291.68505859375
-59445 2293.300048828125
-59435 2294.74609375
-59425 2295.77587890625
-59415 2295.544921875
-59405 2295.052978515625
-59395 2294.514892578125
-59385 2294.2080078125
-59375 2294.25390625
-59365 2294.530029296875
-59355 2297.2060546875
-59345 2300.882080078125
-59335 2303.94189453125
-59325 2306.72607421875
-59315 2311.23095703125
-59305 2315.214111328125
-59295 2317.659912109375
-59285 2317.93701171875
-59275 2319.781982421875
-59265 2322.85791015625
-59255 2324.5029296875
-59245 2328.194091796875
-59235 2332.7919921875
-59225 2337.55908203125
-59215 2342.696044921875
-59205 2349.06298828125
-59195 2353.322998046875
-59185 2360.50390625
-59175 2359.05908203125
-59165 2352.69189453125
-59155 2345.403076171875
-59145 2337.958984375
-59135 2331.89990234375
-59125 2325.010009765625
-59115 2318.967041015625
-59105 2313.35400390625
-59095 2308.986083984375
-59085 2303.9580078125
-59075 2300.467041015625
-59065 2297.451904296875
-59055 2295.89892578125
-59045 2294.575927734375
-59035 2294.406982421875
-59025 2292.4541015625
-59015 2290.840087890625
-59005 2289.425048828125
-58995 2286.794921875
-58985 2282.381103515625
-58975 2280.535888671875
-58965 2277.322021484375
-58955 2272.876953125
-58945 2269.139892578125
-58935 2264.77294921875
-58925 2260.175048828125
-58915 2255.083984375
-58905 2250.5791015625
-58895 2245.22705078125
-58885 2243.028076171875
-58875 2239.197998046875
-58865 2234.4619140625
-58855 2228.60302734375
-58845 2222.298095703125
-58835 2218.6220703125
-58825 2214.455078125
-58815 2210.4560546875
-58805 2206.85791015625
-58795 2204.489013671875
-58785 2201.675048828125
-58775 2199.5830078125
-58765 2197.031005859375
-58755 2194.5849609375
-58745 2194.29296875
-58735 2195.492919921875
-58725 2197.154052734375
-58715 2197.76904296875
-58705 2196.093017578125
-58695 2195.4619140625
-58685 2194.3701171875
-58675 2192.23291015625
-58665 2188.35693359375
-58655 2183.467041015625
-58645 2178.222900390625
-58635 2174.931884765625
-58625 2171.964111328125
-58615 2169.825927734375
-58605 2169.39599609375
-58595 2167.887939453125
-58585 2164.674072265625
-58575 2161.89111328125
-58565 2160.367919921875
-58555 2157.047119140625
-58545 2153.032958984375
-58535 2154.571044921875
-58525 2154.139892578125
-58515 2153.048095703125
-58505 2151.43310546875
-58495 2154.279052734375
-58485 2153.093994140625
-58475 2152.2490234375
-58465 2150.556884765625
-58455 2148.7880859375
-58445 2147.55810546875
-58435 2146.680908203125
-58425 2144.681884765625
-58415 2145.590087890625
-58405 2145.943115234375
-58395 2147.89599609375
-58385 2149.527099609375
-58375 2149.6650390625
-58365 2149.033935546875
-58355 2151.033935546875
-58345 2144.652099609375
-58335 2144.113037109375
-58325 2152.35595703125
-58315 2153.93994140625
-58305 2160.799072265625
-58295 2171.610107421875
-58285 2178.89892578125
-58275 2181.12890625
-58265 2182.220947265625
-58255 2183.498046875
-58245 2184.08203125
-58235 2183.205078125
-58225 2179.89892578125
-58215 2176.593017578125
-58205 2177.837890625
-58195 2176.0849609375
-58185 2179.468994140625
-58175 2181.883056640625
-58165 2183.821044921875
-58155 2173.97802734375
-58145 2169.22607421875
-58135 2161.968017578125
-58125 2160.260986328125
-58115 2166.626953125
-58105 2174.547119140625
-58095 2169.0419921875
-58085 2170.10302734375
-58075 2181.652099609375
-58065 2186.235107421875
-58055 2183.512939453125
-58045 2181.251953125
-58035 2179.422119140625
-58025 2177.14599609375
-58015 2174.51708984375
-58005 2172.85595703125
-57995 2171.22607421875
-57985 2170.072021484375
-57975 2166.303955078125
-57965 2159.8759765625
-57955 2152.279052734375
-57945 2145.697021484375
-57935 2141.114990234375
-57925 2135.31689453125
-57915 2129.842041015625
-57905 2127.028076171875
-57895 2121.27587890625
-57885 2116.340087890625
-57875 2112.679931640625
-57865 2112.617919921875
-57855 2109.49609375
-57845 2103.299072265625
-57835 2098.73095703125
-57825 2092.45703125
-57815 2090.51904296875
-57805 2086.552001953125
-57795 2081.552978515625
-57785 2080.339111328125
-57775 2083.013916015625
-57765 2083.16796875
-57755 2084.3369140625
-57745 2082.583984375
-57735 2084.490966796875
-57725 2083.782958984375
-57715 2083.260009765625
-57705 2085.091064453125
-57695 2083.860107421875
-57685 2085.39794921875
-57675 2088.39697265625
-57665 2090.50390625
-57655 2090.412109375
-57645 2091.887939453125
-57635 2092.27197265625
-57625 2090.427001953125
-57615 2090.81103515625
-57605 2089.612060546875
-57595 2088.534912109375
-57585 2084.64501953125
-57575 2077.447998046875
-57565 2073.2490234375
-57555 2067.743896484375
-57545 2064.575927734375
-57535 2061.868896484375
-57525 2056.409912109375
-57515 2053.549072265625
-57505 2052.23291015625
-57495 2050.990966796875
-57485 2050.1640625
-57475 2049.443115234375
-57465 2048.85205078125
-57455 2045.885986328125
-57445 2046.843994140625
-57435 2049.60009765625
-57425 2048.89208984375
-57415 2045.51904296875
-57405 2040.1259765625
-57395 2041.240966796875
-57385 2039.4429931640625
-57375 2039.7060546875
-57365 2043.0389404296875
-57355 2043.1309814453125
-57345 2038.9580078125
-57335 2035.1259765625
-57325 2031.3070068359375
-57315 2031.176025390625
-57305 2037.4219970703125
-57295 2038.39404296875
-57285 2037.093994140625
-57275 2040.3360595703125
-57265 2045.06005859375
-57255 2050.596923828125
-57245 2057.39501953125
-57235 2067.721923828125
-57225 2071.094970703125
-57215 2075.01806640625
-57205 2080.804931640625
-57195 2084.242919921875
-57185 2089.112060546875
-57175 2091.10693359375
-57165 2093.009033203125
-57155 2095.554931640625
-57145 2098.3759765625
-57135 2102.535888671875
-57125 2107.181884765625
-57115 2112.14208984375
-57105 2116.18408203125
-57095 2120.513916015625
-57085 2124.884033203125
-57075 2133.281982421875
-57065 2144.030029296875
-57055 2149.922119140625
-57045 2152.27099609375
-57035 2155.1708984375
-57025 2158.2939453125
-57015 2159.18603515625
-57005 2164.35595703125
-56995 2166.509033203125
-56985 2165.787109375
-56975 2164.5400390625
-56965 2158.93701171875
-56955 2160.695068359375
-56945 2161.404052734375
-56935 2162.716064453125
-56925 2161.324951171875
-56915 2160.865966796875
-56905 2160.9970703125
-56895 2158.50390625
-56885 2155.486083984375
-56875 2152.794921875
-56865 2152.27099609375
-56855 2151.74609375
-56845 2149.094970703125
-56835 2144.97412109375
-56825 2144.384033203125
-56815 2141.445068359375
-56805 2141.575927734375
-56795 2141.64111328125
-56785 2142.323974609375
-56775 2142.3759765625
-56765 2146.115966796875
-56755 2154.303955078125
-56745 2153.83203125
-56735 2153.241943359375
-56725 2152.322998046875
-56715 2152.3359375
-56705 2154.0029296875
-56695 2152.97900390625
-56685 2152.794921875
-56675 2151.654052734375
-56665 2152.218017578125
-56655 2153.595947265625
-56645 2154.47509765625
-56635 2156.114990234375
-56625 2159.802978515625
-56615 2164.303955078125
-56605 2167.2041015625
-56595 2170.56298828125
-56585 2173.489990234375
-56575 2175.864990234375
-56565 2180.260986328125
-56555 2183.72509765625
-56545 2185.37890625
-56535 2189.302001953125
-56525 2193.39599609375
-56515 2196.65087890625
-56505 2201.5458984375
-56495 2204.944091796875
-56485 2206.375
-56475 2210.613037109375
-56465 2212.673095703125
-56455 2214.156005859375
-56445 2222.26611328125
-56435 2231.989990234375
-56425 2238.64306640625
-56415 2240.257080078125
-56405 2244.06298828125
-56395 2248.4189453125
-56385 2253.235107421875
-56375 2259.298095703125
-56365 2262.906005859375
-56355 2265.0849609375
-56345 2270.111083984375
-56335 2274.6640625
-56325 2277.52490234375
-56315 2281.7109375
-56305 2284.702880859375
-56295 2286.014892578125
-56285 2286.093994140625
-56275 2287.18310546875
-56265 2285.47705078125
-56255 2283.010009765625
-56245 2278.010009765625
-56235 2274.8740234375
-56225 2271.239013671875
-56215 2268.405029296875
-56205 2265.1630859375
-56195 2261.279052734375
-56185 2258.470947265625
-56175 2256.529052734375
-56165 2254.757080078125
-56155 2250.701904296875
-56145 2247.89404296875
-56135 2247.014892578125
-56125 2245.2041015625
-56115 2241.884033203125
-56105 2240.033935546875
-56095 2239.429931640625
-56085 2238.6298828125
-56075 2238.236083984375
-56065 2237.303955078125
-56055 2237.278076171875
-56045 2237.408935546875
-56035 2238.446044921875
-56025 2240.506103515625
-56015 2241.962890625
-56005 2245.9130859375
-55995 2248.944091796875
-55985 2252.552978515625
-55975 2254.074951171875
-55965 2259.2060546875
-55955 2264.2060546875
-55945 2265.740966796875
-55935 2273.430908203125
-55925 2274.927001953125
-55915 2277.27490234375
-55905 2282.73388671875
-55895 2284.97802734375
-55885 2288.9150390625
-55875 2292.550048828125
-55865 2295.60791015625
-55855 2301.77490234375
-55845 2300.344970703125
-55835 2306.5390625
-55825 2311.237060546875
-55815 2319.083984375
-55805 2327.087890625
-55795 2340.60498046875
-55785 2346.076904296875
-55775 2351.300048828125
-55765 2357.177978515625
-55755 2364.47509765625
-55745 2365.471923828125
-55735 2365.208984375
-55725 2370.02490234375
-55715 2371.1279296875
-55705 2371.010009765625
-55695 2366.1279296875
-55685 2362.125
-55675 2360.787109375
-55665 2357.532958984375
-55655 2353.05810546875
-55645 2347.847900390625
-55635 2343.241943359375
-55625 2338.623046875
-55615 2334.305908203125
-55605 2331.575927734375
-55595 2327.337890625
-55585 2320.802978515625
-55575 2314.201904296875
-55565 2307.903076171875
-55555 2303.468017578125
-55545 2300.830078125
-55535 2295.739013671875
-55525 2290.594970703125
-55515 2285.89697265625
-55505 2281.330078125
-55495 2277.6298828125
-55485 2272.98388671875
-55475 2267.81396484375
-55465 2262.998046875
-55455 2260.3740234375
-55445 2260.216064453125
-55435 2260.885009765625
-55425 2258.73291015625
-55415 2255.112060546875
-55405 2250.97802734375
-55395 2249.81005859375
-55385 2251.39794921875
-55375 2250.007080078125
-55365 2247.39599609375
-55355 2241.68701171875
-55345 2237.513916015625
-55335 2235.702880859375
-55325 2231.595947265625
-55315 2229.9560546875
-55305 2227.343994140625
-55295 2222.673095703125
-55285 2220.2451171875
-55275 2211.583984375
-55265 2202.240966796875
-55255 2194.60400390625
-55245 2187.93798828125
-55235 2181.80908203125
-55225 2175.181884765625
-55215 2168.62109375
-55205 2163.25390625
-55195 2158.083984375
-55185 2155.748046875
-55175 2153.320068359375
-55165 2150.9189453125
-55155 2149.7900390625
-55145 2148.031982421875
-55135 2146.70703125
-55125 2145.64404296875
-55115 2144.055908203125
-55105 2142.034912109375
-55095 2138.426025390625
-55085 2134.908935546875
-55075 2133.7939453125
-55065 2133.43994140625
-55055 2130.77587890625
-55045 2128.387939453125
-55035 2125.75
-55025 2123.5849609375
-55015 2120.068115234375
-55005 2115.492919921875
-54995 2111.111083984375
-54985 2107.072998046875
-54975 2100.714111328125
-54965 2095.9208984375
-54955 2090.781005859375
-54945 2086.464111328125
-54935 2081.625
-54925 2076.7041015625
-54915 2073.60595703125
-54905 2071.819091796875
-54895 2069.4169921875
-54885 2067.35107421875
-54875 2065.75
-54865 2063.056884765625
-54855 2060.492919921875
-54845 2057.85888671875
-54835 2055.050048828125
-54825 2051.197998046875
-54815 2048.2060546875
-54805 2045.3719482421875
-54065 2058.64794921875
-54055 2065.366943359375
-54045 2073.52490234375
-54035 2081.125
-54025 2088.43603515625
-54015 2096.013916015625
-54005 2105.053955078125
-53995 2114.3720703125
-53985 2121.56689453125
-53975 2125.58203125
-53965 2130.7109375
-53955 2136.943115234375
-53945 2143.1630859375
-53935 2149.89306640625
-53925 2157.40087890625
-53915 2165.489990234375
-53905 2172.7890625
-53895 2175.2490234375
-53885 2176.594970703125
-53875 2175.294921875
-53865 2179.49609375
-53855 2182.64111328125
-53845 2185.576904296875
-53835 2188.906982421875
-53825 2192.56298828125
-53815 2191.239990234375
-53805 2193.236083984375
-53795 2196.125
-53785 2200.534912109375
-53775 2205.537109375
-53765 2211.489990234375
-53755 2216.9208984375
-53745 2223.280029296875
-53735 2229.488037109375
-53725 2235.464111328125
-53715 2242.091064453125
-53705 2247.7880859375
-53695 2253.06591796875
-53685 2258.256103515625
-53675 2260.56494140625
-53665 2264.85595703125
-53655 2269.8369140625
-53645 2274.742919921875
-53635 2279.132080078125
-53625 2283.423095703125
-53615 2286.2080078125
-53605 2291.175048828125
-53595 2296.759033203125
-53585 2301.81591796875
-53575 2306.93603515625
-53565 2313.5830078125
-53555 2319.930908203125
-53545 2326.31298828125
-53535 2333.612060546875
-53525 2338.405029296875
-53515 2344.462890625
-53505 2347.68798828125
-53495 2350.416015625
-53485 2351.2880859375
-53475 2346.678955078125
-53465 2340.98095703125
-53455 2331.166015625
-53445 2324.1669921875
-53435 2320.5830078125
-53425 2315.498046875
-53415 2308.583984375
-53405 2305.032958984375
-53395 2299.680908203125
-53385 2290.873046875
-53375 2281.41796875
-53365 2273.736083984375
-53355 2267.818115234375
-53345 2261.22412109375
-53335 2254.9140625
-53325 2248.89111328125
-53315 2242.98193359375
-53305 2237.77392578125
-53295 2232.2041015625
-53285 2228.083984375
-53275 2224.47509765625
-53265 2221.110107421875
-53255 2216.6650390625
-53245 2210.9208984375
-53235 2208.426025390625
-53225 2204.748046875
-53215 2199.885009765625
-53205 2194.825927734375
-53195 2189.7890625
-53185 2184.740966796875
-53175 2179.472900390625
-53165 2174.007080078125
-53155 2167.833984375
-53145 2162.31005859375
-53135 2158.712890625
-53125 2159.873046875
-53115 2161.718017578125
-53105 2161.636962890625
-53095 2159.60595703125
-53085 2156.333984375
-53075 2152.805908203125
-53065 2149.68505859375
-53055 2146.923095703125
-53045 2144.137939453125
-53035 2141.27099609375
-53025 2139.06591796875
-53015 2136.095947265625
-53005 2131.94091796875
-52995 2129.330078125
-52985 2130.722900390625
-52975 2123.830078125
-52965 2115.695068359375
-52955 2111.007080078125
-52945 2107.60693359375
-52935 2107.236083984375
-52925 2106.238037109375
-52915 2105.447998046875
-52905 2105.27392578125
-52895 2104.751953125
-52885 2105.031005859375
-52875 2105.865966796875
-52865 2106.110107421875
-52855 2106.51611328125
-52845 2106.551025390625
-52835 2106.0048828125
-52825 2104.972900390625
-52815 2103.126953125
-52805 2101.654052734375
-52795 2100.528076171875
-52785 2098.462890625
-52775 2094.597900390625
-52765 2091.152099609375
-52755 2088.180908203125
-52745 2086.60302734375
-52735 2085.071044921875
-52725 2084.699951171875
-52715 2084.74609375
-52705 2085.23291015625
-52695 2085.221923828125
-52685 2085.988037109375
-52675 2088.5869140625
-52665 2093.1708984375
-52655 2096.1298828125
-52645 2098.080078125
-52635 2098.625
-52625 2098.636962890625
-52615 2099.925048828125
-52605 2102.419921875
-52595 2105.22802734375
-52585 2109.10400390625
-52575 2113.966064453125
-52565 2119.013916015625
-52555 2126.464111328125
-52545 2134.458984375
-52535 2140.610107421875
-52525 2140.030029296875
-52515 2138.405029296875
-52505 2139.2119140625
-52495 2140.705078125
-52485 2142.955078125
-52475 2144.64599609375
-52465 2140.364013671875
-52455 2140.14697265625
-52445 2143.3740234375
-52435 2146.22900390625
-52425 2149.922119140625
-52415 2158.906005859375
-52405 2172.43603515625
-52395 2190.822998046875
-52385 2188.154052734375
-52375 2193.22802734375
-52365 2202.35205078125
-52355 2213.5390625
-52345 2209.675048828125
-52335 2206.72705078125
-52325 2207.595947265625
-52315 2199.885009765625
-52305 2201.716064453125
-52295 2210.60595703125
-52285 2219.947021484375
-52275 2229.659912109375
-52265 2243.423095703125
-52255 2253.2451171875
-52245 2261.887939453125
-52235 2276.7060546875
-52225 2285.968994140625
-52215 2295.155029296875
-52205 2289.864013671875
-52195 2282.757080078125
-52185 2281.9970703125
-52175 2295.465087890625
-52165 2301.842041015625
-52155 2302.8349609375
-52145 2310.701904296875
-52135 2318.971923828125
-52125 2327.304931640625
-52115 2338.508056640625
-52105 2347.2119140625
-52095 2361.626953125
-52085 2366.513916015625
-52075 2375.60693359375
-52065 2376.64697265625
-52055 2381.860107421875
-52045 2382.9150390625
-52035 2387.27490234375
-52025 2404.156982421875
-52015 2402.01611328125
-52005 2395.235107421875
-51995 2389.634033203125
-51985 2385.4130859375
-51975 2381.426025390625
-51965 2376.39794921875
-51955 2370.827880859375
-51945 2365.39697265625
-51935 2359.469970703125
-51925 2358.305908203125
-51915 2355.202880859375
-51905 2351.4169921875
-51895 2347.242919921875
-51885 2344.43505859375
-51875 2340.337890625
-51865 2335.885009765625
-51855 2328.965087890625
-51845 2324.837890625
-51835 2321.85791015625
-51825 2318.383056640625
-51815 2314.985107421875
-51805 2311.60205078125
-51795 2309.010986328125
-51785 2307.458984375
-51775 2304.41796875
-51765 2300.910888671875
-51755 2297.3740234375
-51745 2293.804931640625
-51735 2292.097900390625
-51725 2290.8720703125
-51715 2288.6689453125
-51705 2285.674072265625
-51695 2284.883056640625
-51685 2281.825927734375
-51675 2278.7080078125
-51665 2275.0458984375
-51655 2271.0419921875
-51645 2265.37890625
-51635 2260.22802734375
-51625 2255.137939453125
-51615 2251.15087890625
-51605 2247.613037109375
-51595 2244.958984375
-51585 2242.305908203125
-51575 2241.0810546875
-51565 2239.636962890625
-51555 2236.302001953125
-51545 2232.903076171875
-51535 2230.48291015625
-51525 2227.612060546875
-51515 2225.6259765625
-51505 2222.787109375
-51495 2221.4990234375
-51485 2219.35791015625
-51475 2218.14697265625
-51465 2217.49609375
-51455 2216.5029296875
-51445 2216.487060546875
-51435 2215.7890625
-51425 2214.702880859375
-51415 2213.833984375
-51405 2213.47705078125
-51395 2213.1201171875
-51385 2212.85595703125
-51375 2214.345947265625
-51365 2216.626953125
-51355 2219.931884765625
-51345 2220.241943359375
-51335 2220.179931640625
-51325 2221.01806640625
-51315 2223.73291015625
-51305 2226.804931640625
-51295 2228.68310546875
-51285 2230.032958984375
-51275 2230.73095703125
-51265 2234.376953125
-51255 2239.931884765625
-51245 2244.136962890625
-51235 2247.115966796875
-51225 2250.73193359375
-51215 2255.4951171875
-51205 2259.498046875
-51195 2264.464111328125
-51185 2268.9169921875
-51175 2273.5869140625
-51165 2277.80810546875
-51155 2282.4619140625
-51145 2285.76806640625
-51135 2292.376953125
-51125 2308.111083984375
-51115 2314.8759765625
-51105 2321.176025390625
-51095 2329.97412109375
-51085 2339.842041015625
-51075 2348.06591796875
-51065 2352.3330078125
-51055 2360.60302734375
-51045 2365.925048828125
-51035 2370.14501953125
-51025 2376.64697265625
-51015 2382.4189453125
-51005 2388.2529296875
-50995 2394.614990234375
-50985 2402.77587890625
-50975 2411.200927734375
-50965 2420.72900390625
-50955 2430.534912109375
-50945 2439.052978515625
-50935 2453.173095703125
-50925 2455.919921875
-50915 2451.031982421875
-50905 2442.125
-50895 2435.00390625
-50885 2427.136962890625
-50875 2420.89892578125
-50865 2415.174072265625
-50855 2411.77587890625
-50845 2409.23095703125
-50835 2406.236083984375
-50825 2406.547119140625
-50815 2411.60498046875
-50805 2414.444091796875
-50795 2417.73388671875
-50785 2418.89794921875
-50775 2420.092041015625
-50765 2421.008056640625
-50755 2420.6669921875
-50745 2418.339111328125
-50735 2415.298095703125
-50725 2412.14794921875
-50715 2409.634033203125
-50705 2407.60205078125
-50695 2404.18798828125
-50685 2400.044921875
-50675 2394.10302734375
-50665 2388.237060546875
-50655 2380.9599609375
-50645 2374.381103515625
-50635 2366.902099609375
-50625 2360.1220703125
-50615 2351.97607421875
-50605 2344.806884765625
-50595 2339.701904296875
-50585 2334.194091796875
-50575 2329.77197265625
-50565 2325.0390625
-50555 2320.52392578125
-50545 2316.458984375
-50535 2312.875
-50525 2309.212890625
-50515 2305.7060546875
-50505 2301.64111328125
-50495 2298.304931640625
-50485 2294.736083984375
-50475 2290.9189453125
-50465 2287.659912109375
-50455 2285.053955078125
-50445 2282.306884765625
-50435 2278.863037109375
-50425 2275.572998046875
-50415 2273.029052734375
-50405 2271.384033203125
-50395 2270.593017578125
-50385 2270.7939453125
-50375 2268.093994140625
-50365 2264.9599609375
-50355 2261.655029296875
-50345 2262.509033203125
-50335 2261.236083984375
-50325 2259.048095703125
-50315 2255.742919921875
-50305 2254.006103515625
-50295 2253.881103515625
-50285 2253.16796875
-50275 2252.3759765625
-50265 2252.825927734375
-50255 2251.367919921875
-50245 2252.625
-50235 2254.20703125
-50225 2256.364013671875
-50215 2258.5048828125
-50205 2260.864013671875
-50195 2262.9580078125
-50185 2267.132080078125
-50175 2271.35302734375
-50165 2275.154052734375
-50155 2278.677001953125
-50145 2281.51611328125
-50135 2285.27099609375
-50125 2289.135009765625
-50115 2293.464111328125
-50105 2296.69091796875
-50095 2299.050048828125
-50085 2302.260986328125
-50075 2305.737060546875
-50065 2310.85693359375
-50055 2315.930908203125
-50045 2324.18603515625
-50035 2335.404052734375
-50025 2350.56396484375
-50015 2349.47802734375
-50005 2348.529052734375
-49995 2346.672119140625
-49985 2343.56005859375
-49975 2339.26708984375
-49965 2334.388916015625
-49955 2330.9599609375
-49945 2327.485107421875
-49935 2324.614013671875
-49925 2322.72412109375
-49915 2323.31494140625
-49905 2324.126953125
-49895 2325.406005859375
-49885 2326.926025390625
-49875 2328.6279296875
-49865 2329.654052734375
-49855 2330.97900390625
-49845 2332.486083984375
-49835 2338.5009765625
-49825 2342.43701171875
-49815 2343.968994140625
-49805 2344.761962890625
-49795 2346.633056640625
-49785 2346.97705078125
-49775 2348.970947265625
-49765 2351.60107421875
-49755 2351.802978515625
-49745 2350.847900390625
-49735 2348.718017578125
-49725 2345.89208984375
-49715 2344.580078125
-49705 2343.468994140625
-49695 2344.009033203125
-49685 2344.37890625
-49675 2340.592041015625
-49665 2335.506103515625
-49655 2331.076904296875
-49645 2330.52490234375
-49635 2330.595947265625
-49625 2332.486083984375
-49615 2335.876953125
-49605 2337.337890625
-49595 2335.52587890625
-49585 2332.764892578125
-49575 2331.830078125
-49565 2329.68701171875
-49555 2327.867919921875
-49545 2328.466064453125
-49535 2326.614990234375
-49525 2325.035888671875
-49515 2324.658935546875
-49505 2325.3740234375
-49495 2325.738037109375
-49485 2326.30908203125
-49475 2326.7060546875
-49465 2326.718994140625
-49455 2326.64697265625
-49445 2330.3359375
-49435 2339.64990234375
-49425 2347.97705078125
-49415 2348.56201171875
-49405 2348.4189453125
-49395 2347.37890625
-49385 2347.60009765625
-49375 2350.569091796875
-49365 2355.193115234375
-49355 2358.68798828125
-49345 2361.27294921875
-49335 2363.97509765625
-49325 2366.384033203125
-49315 2368.612060546875
-49305 2370.910888671875
-49295 2372.69091796875
-49285 2375.23095703125
-49275 2377.451904296875
-49265 2380.218994140625
-49255 2383.135009765625
-49245 2386.6298828125
-49235 2389.428955078125
-49225 2393.656982421875
-49215 2398.19091796875
-49205 2402.366943359375
-49195 2407.239013671875
-49185 2413.18798828125
-49175 2419.89111328125
-49165 2427.659912109375
-49155 2433.362060546875
-49145 2439.10400390625
-49135 2445.345947265625
-49125 2451.510009765625
-49115 2458.51806640625
-49105 2465.988037109375
-49095 2472.137939453125
-49085 2478.22412109375
-49075 2483.218994140625
-49065 2485.551025390625
-49055 2488.662109375
-49045 2489.7919921875
-49035 2489.8701171875
-49025 2486.9208984375
-49015 2484.239013671875
-49005 2480.7119140625
-48995 2476.470947265625
-48985 2473.444091796875
-48975 2468.760986328125
-48965 2464.18798828125
-48955 2460.947021484375
-48945 2458.699951171875
-48935 2455.81591796875
-48925 2453.639892578125
-48915 2451.510009765625
-48905 2448.6259765625
-48895 2444.117919921875
-48885 2440.416015625
-48875 2439.955078125
-48865 2436.863037109375
-48855 2432.510986328125
-48845 2427.62109375
-48835 2420.340087890625
-48825 2416.748046875
-48815 2414.597900390625
-48805 2412.071044921875
-48795 2410.902099609375
-48785 2409.888916015625
-48775 2411.318115234375
-48765 2410.927978515625
-48755 2410.10302734375
-48745 2405.452880859375
-48735 2397.45703125
-48725 2388.89599609375
-48715 2380.575927734375
-48705 2371.989990234375
-48695 2364.64404296875
