-60395 2098.962890625
-60385 2094.2890625
-60375 2089.580078125
-60365 2086.238037109375
-60355 2084.10791015625
-60345 2078.551025390625
-60335 2080.386962890625
-60325 2079.888916015625
-60315 2078.991943359375
-60305 2077.177001953125
-60295 2077.1220703125
-60285 2076.700927734375
-60275 2074.927978515625
-60265 2075.76904296875
-60255 2078.85888671875
-60245 2080.968017578125
-60235 2082.2509765625
-60225 2087.527099609375
-60215 2091.26904296875
-60205 2095.367919921875
-60195 2099.677001953125
-60185 2103.43310546875
-60175 2106.739990234375
-60165 2106.697998046875
-60155 2110.861083984375
-60145 2114.118896484375
-60135 2118.800048828125
-60125 2125.113037109375
-60115 2137.551025390625
-60105 2149.3369140625
-60095 2161.319091796875
-60085 2167.827880859375
-60075 2176.447021484375
-60065 2185.85107421875
-60055 2202.31689453125
-60045 2211.93798828125
-60035 2219.77197265625
-60025 2226.14208984375
-60015 2232.35009765625
-60005 2239.029052734375
-59995 2247.3798828125
-59985 2255.56103515625
-59975 2264.5419921875
-59965 2271.60107421875
-59955 2279.18310546875
-59945 2286.68701171875
-59935 2294.7919921875
-59925 2296.360107421875
-59915 2304.7880859375
-59905 2312.784912109375
-59895 2320.27392578125
-59885 2328.22509765625
-59875 2336.883056640625
-59865 2346.2939453125
-59855 2355.39794921875
-59845 2355.782958984375
-59835 2348.986083984375
-59825 2341.803955078125
-59815 2334.26904296875
-59805 2327.779052734375
-59795 2321.826904296875
-59785 2316.659912109375
-59775 2312.385009765625
-59765 2308.8779296875
-59755 2308.048095703125
-59745 2306.678955078125
-59735 2304.5419921875
-59725 2302.89599609375
-59715 2300.89697265625
-59705 2298.635986328125
-59695 2296.176025390625
-59685 2294.069091796875
-59675 2291.885009765625
-59665 2290.208984375
-59655 2288.532958984375
-59645 2286.364990234375
-59635 2284.51904296875
-59625 2286.73291015625
-59615 2288.194091796875
-59605 2288.639892578125
-59595 2288.27099609375
-59585 2290.363037109375
-59575 2290.0859375
-59565 2291.716064453125
-59555 2292.284912109375
-59545 2293.114990234375
-59535 2295.48388671875
-59525 2294.60693359375
-59515 2293.10009765625
-59505 2295.238037109375
-59495 2296.6220703125
-59485 2299.60498046875
-59475 2302.219970703125
-59465 2301.72802734375
-59455 2302.89599609375
-59445 2305.218994140625
-59435 2307.510009765625
-59425 2310.492919921875
-59415 2314.446044921875
-59405 2318.98193359375
-59395 2324.611083984375
-59385 2329.132080078125
-59375 2333.85302734375
-59365 2337.712890625
-59355 2342.31103515625
-59345 2347.248046875
-59335 2351.368896484375
-59325 2355.9208984375
-59315 2360.612060546875
-59305 2367.6708984375
-59295 2374.85205078125
-59285 2381.927001953125
-59275 2388.30908203125
-59265 2393.62890625
-59255 2397.15087890625
-59245 2400.626953125
-59235 2404.43994140625
-59225 2407.577880859375
-59215 2406.22412109375
-59205 2401.257080078125
-59195 2394.93701171875
-59185 2388.169921875
-59175 2380.72705078125
-59165 2373.513916015625
-59155 2365.041015625
-59145 2357.781982421875
-59135 2352.18408203125
-59125 2345.695068359375
-59115 2339.927978515625
-59105 2334.822021484375
-59095 2329.43994140625
-59085 2323.75
-59075 2318.950927734375
-59065 2314.844970703125
-59055 2310.801025390625
-59045 2306.87890625
-59035 2302.819091796875
-59025 2298.097900390625
-59015 2293.4541015625
-59005 2288.43994140625
-58995 2283.9189453125
-58985 2278.76708984375
-58975 2273.923095703125
-58965 2270.10888671875
-58955 2267.01806640625
-58945 2263.26611328125
-58935 2260.389892578125
-58925 2258.990966796875
-58915 2258.344970703125
-58905 2258.221923828125
-58895 2256.361083984375
-58885 2253.14697265625
-58875 2249.97900390625
-58865 2247.318115234375
-58855 2245.2109375
-58845 2244.072998046875
-58835 2243.75
-58825 2242.5048828125
-58815 2240.552001953125
-58805 2236.306884765625
-58795 2232.986083984375
-58785 2228.84912109375
-58775 2224.865966796875
-58765 2221.35888671875
-58755 2217.423095703125
-58745 2216.10009765625
-58735 2217.514892578125
-58725 2214.68505859375
-58715 2208.841064453125
-58705 2202.458984375
-58695 2195.47802734375
-58685 2189.387939453125
-58675 2181.31396484375
-58665 2174.408935546875
-58655 2167.68798828125
-58645 2159.6298828125
-58635 2152.35595703125
-58625 2145.7900390625
-58615 2135.424072265625
-58605 2126.9970703125
-58595 2116.5859375
-58585 2111.6650390625
-58575 2104.97509765625
-58565 2099.85400390625
-58555 2094.44091796875
-58545 2088.7509765625
-58535 2084.428955078125
-58525 2078.138916015625
-58515 2073.740966796875
-58505 2067.944091796875
-58495 2064.037109375
-58485 2062.361083984375
-58475 2060.10107421875
-58465 2060.593017578125
-58455 2062.114990234375
-58445 2061.362060546875
-58435 2059.716064453125
-58425 2055.532958984375
-58415 2055.44091796875
-58405 2055.625
-58395 2054.580078125
-58385 2055.34912109375
-58375 2053.8720703125
-58365 2054.409912109375
-58355 2062.653076171875
-58345 2067.573974609375
-58335 2074.403076171875
-58325 2080.52294921875
-58315 2074.987060546875
-58305 2072.465087890625
-58295 2071.31201171875
-58285 2072.1259765625
-58275 2068.08203125
-58265 2058.116943359375
-58255 2052.072998046875
-58245 2053.196044921875
-58235 2056.1640625
-58225 2058.27099609375
-58215 2063.929931640625
-58205 2064.928955078125
-58195 2063.361083984375
-58185 2057.823974609375
-58175 2056.27099609375
-58165 2051.011962890625
-58155 2047.68994140625
-58145 2058.85498046875
-58135 2070.635009765625
-58125 2086.427978515625
-58115 2098.346923828125
-58105 2088.6279296875
-58095 2085.428955078125
-58085 2095.824951171875
-58075 2096.962890625
-58065 2088.3349609375
-58055 2081.24609375
-58045 2082.799072265625
-58035 2088.81201171875
-58025 2102.867919921875
-58015 2111.7109375
-58005 2130.134033203125
-57995 2143.85205078125
-57985 2151.8330078125
-57975 2146.912109375
-57965 2137.22412109375
-57955 2130.842041015625
-57945 2127.47412109375
-57935 2122.59912109375
-57925 2118.923095703125
-57915 2118.430908203125
-57905 2120.491943359375
-57895 2121.198974609375
-57885 2118.47705078125
-57875 2116.0009765625
-57865 2115.23193359375
-57855 2113.125
-57845 2117.492919921875
-57835 2119.569091796875
-57825 2117.93896484375
-57815 2120.6298828125
-57805 2124.321044921875
-57795 2125.736083984375
-57785 2127.320068359375
-57775 2125.12109375
-57765 2127.197021484375
-57755 2125.47509765625
-57745 2125.552001953125
-57735 2125.552001953125
-57725 2125.7509765625
-57715 2126.242919921875
-57705 2128.027099609375
-57695 2129.764892578125
-57685 2132.51806640625
-57675 2135.962890625
-57665 2139.283935546875
-57655 2140.929931640625
-57645 2141.822021484375
-57635 2139.822998046875
-57625 2135.79296875
-57615 2134.02490234375
-57605 2132.0869140625
-57595 2131.718017578125
-57585 2131.2880859375
-57575 2126.181884765625
-57565 2114.739990234375
-57555 2106.989990234375
-57545 2102.31396484375
-57535 2098.346923828125
-57525 2093.91796875
-57515 2091.887939453125
-57505 2094.972900390625
-57495 2099.125
-57485 2102.300048828125
-57475 2106.381103515625
-57465 2107.6669921875
-57455 2110.3310546875
-57445 2108.612060546875
-57435 2106.591064453125
-57425 2101.656982421875
-57415 2094.47900390625
-57405 2088.4169921875
-57395 2081.093994140625
-57385 2078.955078125
-57375 2084.794921875
-57365 2087.06494140625
-57355 2086.278076171875
-57345 2087.77294921875
-57335 2090.884033203125
-57325 2094.3740234375
-57315 2098.455078125
-57305 2096.552001953125
-57295 2093.678955078125
-57285 2094.885986328125
-57275 2097.510009765625
-57265 2101.0009765625
-57255 2110.199951171875
-57245 2113.073974609375
-57235 2119.412109375
-57225 2125.383056640625
-57215 2128.93896484375
-57205 2132.4560546875
-57195 2145.5390625
-57185 2154.278076171875
-57175 2157.205078125
-57165 2159.75
-57155 2163.594970703125
-57145 2169.093994140625
-57135 2172.97802734375
-57125 2179.18505859375
-57115 2180.77294921875
-57105 2182.662109375
-57095 2186.8349609375
-57085 2190.405029296875
-57075 2192.805908203125
-57065 2197.425048828125
-57055 2203.972900390625
-57045 2205.863037109375
-57035 2208.947021484375
-57025 2210.993896484375
-57015 2211.125
-57005 2212.319091796875
-56995 2212.988037109375
-56985 2213.68408203125
-56975 2217.489013671875
-56965 2219.445068359375
-56955 2218.5791015625
-56945 2218.342041015625
-56935 2222.055908203125
-56925 2221.15087890625
-56915 2220.6259765625
-56905 2219.156005859375
-56895 2214.60302734375
-56885 2210.863037109375
-56875 2209.73388671875
-56865 2209.2880859375
-56855 2205.364013671875
-56845 2202.555908203125
-56835 2199.2490234375
-56825 2196.297119140625
-56815 2195.8369140625
-56805 2195.2470703125
-56795 2195.49609375
-56785 2195.010009765625
-56775 2196.0869140625
-56765 2196.507080078125
-56755 2196.597900390625
-56745 2197.385986328125
-56735 2198.448974609375
-56725 2200.324951171875
-56715 2203.552978515625
-56705 2207.464111328125
-56695 2210.074951171875
-56685 2213.10595703125
-56675 2216.97802734375
-56665 2220.875
-56655 2224.614990234375
-56645 2228.27587890625
-56635 2231.962890625
-56625 2236.675048828125
-56615 2241.68701171875
-56605 2246.97607421875
-56595 2251.85693359375
-56585 2256.93603515625
-56575 2261.489013671875
-56565 2263.654052734375
-56555 2268.325927734375
-56545 2272.87890625
-56535 2274.5458984375
-56525 2277.31494140625
-56515 2279.716064453125
-56505 2285.29296875
-56495 2291.197998046875
-56485 2296.487060546875
-56475 2298.416015625
-56465 2295.568115234375
-56455 2297.6279296875
-56445 2301.512939453125
-56435 2311.721923828125
-56425 2315.22607421875
-56415 2320.2119140625
-56405 2327.69189453125
-56395 2327.666015625
-56385 2331.655029296875
-56375 2336.89111328125
-56365 2341.968994140625
-56355 2348.044921875
-56345 2349.882080078125
-56335 2352.5458984375
-56325 2356.180908203125
-56315 2357.716064453125
-56305 2358.345947265625
-56295 2357.65087890625
-56285 2354.264892578125
-56275 2351.12890625
-56265 2347.7041015625
-56255 2344.763916015625
-56245 2342.862060546875
-56235 2341.70703125
-56225 2340.31591796875
-56215 2338.02001953125
-56205 2335.5791015625
-56195 2332.323974609375
-56185 2327.98095703125
-56175 2324.489990234375
-56165 2322.49609375
-56155 2319.201904296875
-56145 2316.656005859375
-56135 2314.373046875
-56125 2313.6640625
-56115 2311.511962890625
-56105 2310.3310546875
-56095 2309.490966796875
-56085 2310.3701171875
-56075 2310.2919921875
-56065 2311.826904296875
-56055 2316.14404296875
-56045 2318.047119140625
-56035 2320.60595703125
-56025 2325.488037109375
-56015 2329.97509765625
-56005 2334.843994140625
-55995 2338.281982421875
-55985 2339.830078125
-55975 2346.864013671875
-55965 2348.910888671875
-55955 2351.759033203125
-55945 2358.50390625
-55935 2356.889892578125
-55925 2366.27197265625
-55915 2378.948974609375
-55905 2388.763916015625
-55895 2394.60400390625
-55885 2402.385009765625
-55875 2396.847900390625
-55865 2394.511962890625
-55855 2392.68798828125
-55845 2391.4150390625
-55835 2392.635009765625
-55825 2396.52001953125
-55815 2408.737060546875
-55805 2412.5029296875
-55795 2410.783935546875
-55785 2405.8759765625
-55775 2402.39794921875
-55765 2399.156982421875
-55755 2397.240966796875
-55745 2393.2919921875
-55735 2390.02392578125
-55725 2386.72998046875
-55715 2382.4130859375
-55705 2376.718017578125
-55695 2371.403076171875
-55685 2367.22998046875
-55675 2362.4541015625
-55665 2357.40087890625
-55655 2352.257080078125
-55645 2348.5830078125
-55635 2345.406982421875
-55625 2341.248046875
-55615 2335.881103515625
-55605 2329.843994140625
-55595 2324.18798828125
-55585 2318.68994140625
-55575 2312.85107421875
-55565 2307.156005859375
-55555 2302.694091796875
-55545 2298.3369140625
-55535 2294.7548828125
-55525 2291.238037109375
-55515 2290.39794921875
-55505 2289.873046875
-55495 2287.301025390625
-55485 2283.02294921875
-55475 2279.794921875
-55465 2276.343994140625
-55455 2275.39892578125
-55445 2273.2080078125
-55435 2270.385986328125
-55425 2267.9189453125
-55415 2262.93310546875
-55405 2258.181884765625
-55395 2254.074951171875
-55385 2252.487060546875
-55375 2254.284912109375
-55365 2256.055908203125
-55355 2256.93603515625
-55345 2258.156005859375
-55335 2259.283935546875
-55325 2260.925048828125
-55315 2262.512939453125
-55305 2263.365966796875
-55295 2263.74609375
-55285 2262.381103515625
-55275 2257.722900390625
-55265 2259.9541015625
-55255 2257.22412109375
-55245 2253.498046875
-55235 2244.653076171875
-55225 2235.44091796875
-55215 2229.549072265625
-55205 2225.205078125
-55195 2219.52294921875
-55185 2214.864990234375
-55175 2212.68701171875
-55165 2210.259033203125
-55155 2206.09912109375
-55145 2200.666015625
-55135 2195.614013671875
-55125 2193.22607421875
-55115 2192.595947265625
-55105 2190.916015625
-55095 2188.10791015625
-55085 2184.10595703125
-55075 2179.697021484375
-55065 2176.087890625
-55055 2172.7939453125
-55045 2172.125
-55035 2170.73388671875
-55025 2166.509033203125
-55015 2160.18310546875
-55005 2154.1240234375
-54995 2149.138916015625
-54985 2145.37890625
-54975 2142.455078125
-54965 2140.424072265625
-54955 2132.069091796875
-54945 2122.576904296875
-54935 2116.56494140625
-54925 2114.39599609375
-54915 2113.444091796875
-54905 2112.0048828125
-54895 2110.762939453125
-54885 2108.534912109375
-54875 2106.029052734375
-54865 2104.7060546875
-54855 2102.337890625
-54845 2100.760009765625
-54835 2100.573974609375
-54825 2097.964111328125
-54815 2096.06005859375
-54805 2095.43408203125
-54795 2093.589111328125
-54785 2090.74609375
-54775 2086.2548828125
-54765 2079.571044921875
-54755 2076.298095703125
-54745 2073.39697265625
-54735 2071.783935546875
-54725 2072.804931640625
-54715 2073.9541015625
-54705 2076.947998046875
-54695 2079.23388671875
-54685 2079.62890625
-54675 2080.533935546875
-54665 2081.81005859375
-54095 2077.62109375
-54085 2082.958984375
-54075 2087.2529296875
-54065 2090.955078125
-54055 2093.866943359375
-54045 2095.305908203125
-54035 2096.431884765625
-54025 2097.10498046875
-54015 2099.06591796875
-54005 2101.9560546875
-53995 2106.387939453125
-53985 2110.263916015625
-53975 2113.3740234375
-53965 2119.362060546875
-53955 2126.510009765625
-53945 2133.785888671875
-53935 2141.944091796875
-53925 2149.68505859375
-53915 2157.35498046875
-53905 2164.595947265625
-53895 2170.375
-53885 2176.89697265625
-53875 2181.89794921875
-53865 2190.486083984375
-53855 2198.909912109375
-53845 2206.243896484375
-53835 2212.243896484375
-53825 2214.4951171875
-53815 2212.626953125
-53805 2216.583984375
-53795 2222.513916015625
-53785 2225.4150390625
-53775 2230.241943359375
-53765 2237.716064453125
-53755 2242.822021484375
-53745 2247.126953125
-53735 2249.529052734375
-53725 2254.135986328125
-53715 2261.64404296875
-53705 2268.47900390625
-53695 2275.593017578125
-53685 2281.0439453125
-53675 2287.18310546875
-53665 2291.095947265625
-53655 2295.123046875
-53645 2299.868896484375
-53635 2305.1259765625
-53625 2310.197021484375
-53615 2314.778076171875
-53605 2318.111083984375
-53595 2324.27099609375
-53585 2324.22412109375
-53575 2326.115966796875
-53565 2322.927001953125
-53555 2317.2060546875
-53545 2310.49609375
-53535 2304.10205078125
-53525 2299.7041015625
-53515 2295.876953125
-53505 2290.97998046875
-53495 2282.427001953125
-53485 2273.550048828125
-53475 2268.638916015625
-53465 2264.115966796875
-53455 2259.56689453125
-53445 2255.284912109375
-53435 2251.011962890625
-53425 2248.449951171875
-53415 2246.033935546875
-53405 2242.216064453125
-53395 2240.280029296875
-53385 2237.205078125
-53375 2233.9208984375
-53365 2232.9580078125
-53355 2232.14599609375
-53345 2230.636962890625
-53335 2229.778076171875
-53325 2225.8330078125
-53315 2223.847900390625
-53305 2221.294921875
-53295 2217.280029296875
-53285 2214.22802734375
-53275 2210.3759765625
-53265 2204.306884765625
-53255 2197.389892578125
-53245 2191.06591796875
-53235 2184.97412109375
-53225 2177.325927734375
-53215 2171.466064453125
-53205 2164.781982421875
-53195 2157.7958984375
-53185 2151.27392578125
-53175 2145.053955078125
-53165 2138.301025390625
-53155 2131.47705078125
-53145 2124.827880859375
-53135 2118.0859375
-53125 2112.5849609375
-53115 2106.8291015625
-53105 2100.714111328125
-53095 2094.458984375
-53085 2088.56396484375
-53075 2083.01708984375
-53065 2078.513916015625
-53055 2074.87109375
-53045 2071.179931640625
-53035 2067.7109375
-53025 2065.180908203125
-53015 2063.905029296875
-53005 2062.4541015625
-52995 2060.283935546875
-52985 2057.777099609375
-52975 2054.4580078125
-52965 2051.698974609375
-52955 2052.405029296875
-52945 2051.73095703125
-52935 2049.990966796875
-52925 2048.738037109375
-52915 2048.031982421875
-52905 2047.553955078125
-52895 2049.5029296875
-52885 2050.35107421875
-52875 2049.875
-52865 2049.364013671875
-52855 2048.830078125
-52845 2049.248046875
-52835 2048.887939453125
-52825 2047.7979736328125
-52815 2047.125
-52805 2048.14599609375
-52795 2048.806884765625
-52785 2047.9949951171875
-52775 2047.04296875
-52765 2046.47705078125
-52755 2045.906005859375
-52745 2046.91796875
-52735 2048.574951171875
-52725 2049.9560546875
-52715 2050.339111328125
-52705 2049.5380859375
-52695 2047.426025390625
-52685 2044.655029296875
-52675 2044.3740234375
-52665 2049.14599609375
-52655 2055.5400390625
-52645 2057.533935546875
-52635 2056.720947265625
-52625 2058.41796875
-52615 2058.449951171875
-52605 2061.826904296875
-52595 2066.201904296875
-52585 2070.125
-52575 2075.427978515625
-52565 2079.84912109375
-52555 2084.2470703125
-52545 2084.304931640625
-52535 2081.98388671875
-52525 2080.75390625
-52515 2078.583984375
-52505 2079.14794921875
-52495 2076.26611328125
-52485 2073.596923828125
-52475 2072.991943359375
-52465 2073.844970703125
-52455 2074.806884765625
-52445 2076.654052734375
-52435 2079.27587890625
-52425 2087.205078125
-52415 2095.072021484375
-52405 2102.596923828125
-52395 2110.77392578125
-52385 2119.339111328125
-52375 2131.596923828125
-52365 2141.387939453125
-52355 2147.300048828125
-52345 2155.910888671875
-52335 2165.113037109375
-52325 2175.1669921875
-52315 2178.3330078125
-52305 2185.7958984375
-52295 2198.347900390625
-52285 2203.531005859375
-52275 2208.18603515625
-52265 2210.6220703125
-52255 2211.14892578125
-52245 2214.904052734375
-52235 2225.0830078125
-52225 2217.681884765625
-52215 2222.694091796875
-52205 2219.947021484375
-52195 2214.702880859375
-52185 2224.447021484375
-52175 2234.73388671875
-52165 2241.638916015625
-52155 2254.4560546875
-52145 2266.279052734375
-52135 2277.62109375
-52125 2289.507080078125
-52115 2299.886962890625
-52105 2294.952880859375
-52095 2299.39111328125
-52085 2298.693115234375
-52075 2300.787109375
-52065 2307.0869140625
-52055 2317.4208984375
-52045 2327.47509765625
-52035 2342.37109375
-52025 2353.1240234375
-52015 2370.797119140625
-52005 2381.31689453125
-51995 2391.6669921875
-51985 2394.925048828125
-51975 2390.81298828125
-51965 2385.83203125
-51955 2381.98388671875
-51945 2376.693115234375
-51935 2371.8369140625
-51925 2366.327880859375
-51915 2360.9130859375
-51905 2357.6240234375
-51895 2355.18798828125
-51885 2352.39501953125
-51875 2350.221923828125
-51865 2348.68603515625
-51855 2345.52099609375
-51845 2343.737060546875
-51835 2342.464111328125
-51825 2339.904052734375
-51815 2337.48291015625
-51805 2335.5439453125
-51795 2337.93310546875
-51785 2341.176025390625
-51775 2344.992919921875
-51765 2345.47412109375
-51755 2341.797119140625
-51745 2339.06591796875
-51735 2335.4970703125
-51725 2331.322998046875
-51715 2326.839111328125
-51705 2322.075927734375
-51695 2318.72412109375
-51685 2315.466064453125
-51675 2312.39404296875
-51665 2309.10400390625
-51655 2306.85400390625
-51645 2304.216064453125
-51635 2302.4169921875
-51625 2301.93603515625
-51615 2302.339111328125
-51605 2301.5009765625
-51595 2301.097900390625
-51585 2300.243896484375
-51575 2299.375
-51565 2298.180908203125
-51555 2296.845947265625
-51545 2294.843994140625
-51535 2293.866943359375
-51525 2294.007080078125
-51515 2294.533935546875
-51505 2295.49609375
-51495 2294.364013671875
-51485 2292.998046875
-51475 2292.114013671875
-51465 2291.135986328125
-51455 2290.825927734375
-51445 2289.64599609375
-51435 2288.85498046875
-51425 2287.81591796875
-51415 2285.8759765625
-51405 2283.037109375
-51395 2281.625
-51385 2280.72509765625
-51375 2279.7939453125
-51365 2279.156982421875
-51355 2278.739013671875
-51345 2272.64111328125
-51335 2264.696044921875
-51325 2259.654052734375
-51315 2254.580078125
-51305 2250.824951171875
-51295 2250.468017578125
-51285 2253.198974609375
-51275 2257.55908203125
-51265 2262.4619140625
-51255 2267.39599609375
-51245 2272.718017578125
-51235 2277.62109375
-51225 2282.819091796875
-51215 2287.552001953125
-51205 2292.114013671875
-51195 2297.31201171875
-51185 2302.339111328125
-51175 2310.39208984375
-51165 2317.60693359375
-51155 2325.02392578125
-51145 2334.410888671875
-51135 2341.4560546875
-51125 2348.468994140625
-51115 2355.467041015625
-51105 2358.243896484375
-51095 2362.10791015625
-51085 2363.14697265625
-51075 2366.2509765625
-51065 2371.8369140625
-51055 2378.802978515625
-51045 2386.779052734375
-51035 2405.22802734375
-51025 2417.7958984375
-51015 2419.25390625
-51005 2425.10400390625
-50995 2428.09912109375
-50985 2437.114013671875
-50975 2446.14404296875
-50965 2455.423095703125
-50955 2464.096923828125
-50945 2476.3701171875
-50935 2477.76708984375
-50925 2472.4130859375
-50915 2467.075927734375
-50905 2462.654052734375
-50895 2459.64404296875
-50885 2457.718994140625
-50875 2456.462890625
-50865 2454.972900390625
-50855 2454.305908203125
-50845 2454.0419921875
-50835 2454.4150390625
-50825 2455.7490234375
-50815 2457.843994140625
-50805 2460.77587890625
-50795 2461.846923828125
-50785 2463.662109375
-50775 2465.135986328125
-50765 2467.742919921875
-50755 2467.928955078125
-50745 2464.873046875
-50735 2461.195068359375
-50725 2457.6259765625
-50715 2453.032958984375
-50705 2447.447998046875
-50695 2442.202880859375
-50685 2437.376953125
-50675 2431.466064453125
-50665 2425.910888671875
-50655 2420.248046875
-50645 2414.847900390625
-50635 2410.069091796875
-50625 2404.389892578125
-50615 2398.8349609375
-50605 2393.48193359375
-50595 2389.5869140625
-50585 2385.22705078125
-50575 2380.464111328125
-50565 2374.133056640625
-50555 2366.778076171875
-50545 2359.764892578125
-50535 2353.387939453125
-50525 2348.81005859375
-50515 2344.652099609375
-50505 2339.718017578125
-50495 2335.450927734375
-50485 2330.345947265625
-50475 2324.85302734375
-50465 2321.345947265625
-50455 2318.0419921875
-50445 2313.867919921875
-50435 2309.445068359375
-50425 2305.923095703125
-50415 2300.833984375
-50405 2298.89404296875
-50395 2296.58203125
-50385 2294.14599609375
-50375 2292.0048828125
-50365 2289.847900390625
-50355 2289.321044921875
-50345 2286.885009765625
-50335 2287.1640625
-50325 2288.001953125
-50315 2289.445068359375
-50305 2290.81005859375
-50295 2291.04296875
-50285 2291.260009765625
-50275 2292.283935546875
-50265 2294.875
-50255 2297.761962890625
-50245 2300.570068359375
-50235 2304.324951171875
-50225 2308.1259765625
-50215 2312.25390625
-50205 2316.64501953125
-50195 2320.740966796875
-50185 2324.822021484375
-50175 2329.212890625
-50165 2332.409912109375
-50155 2336.846923828125
-50145 2341.68798828125
-50135 2350.114013671875
-50125 2360.40087890625
-50115 2371.154052734375
-50105 2375.48291015625
-50095 2392.7529296875
-50085 2399.6259765625
-50075 2407.39990234375
-50065 2406.282958984375
-50055 2402.4970703125
-50045 2405.926025390625
-50035 2411.263916015625
-50025 2413.80810546875
-50015 2416.632080078125
-50005 2414.611083984375
-49995 2409.739990234375
-49985 2406.070068359375
-49975 2402.257080078125
-49965 2399.56201171875
-49955 2396.781982421875
-49945 2395.197021484375
-49935 2394.47607421875
-49925 2395.56103515625
-49915 2397.76904296875
-49905 2400.360107421875
-49895 2402.738037109375
-49885 2405.550048828125
-49875 2409.388916015625
-49865 2409.7919921875
-49855 2409.071044921875
-49845 2408.011962890625
-49835 2406.712890625
-49825 2403.998046875
-49815 2400.360107421875
-49805 2396.697021484375
-49795 2393.60498046875
-49785 2395.87890625
-49775 2398.72998046875
-49765 2398.048095703125
-49755 2400.847900390625
-49745 2404.23095703125
-49735 2404.537109375
-49725 2402.60107421875
-49715 2400.06201171875
-49705 2398.8798828125
-49695 2398.697998046875
-49685 2400.60693359375
-49675 2400.010009765625
-49665 2401.718017578125
-49655 2404.39990234375
-49645 2406.797119140625
-49635 2410.051025390625
-49625 2415.0400390625
-49615 2415.597900390625
-49605 2415.22802734375
-49595 2414.072021484375
-49585 2412.552001953125
-49575 2410.908935546875
-49565 2410.576904296875
-49555 2412.10400390625
-49545 2412.077880859375
-49535 2411.73291015625
-49525 2411.64306640625
-49515 2407.862060546875
-49505 2403.23095703125
-49495 2400.366943359375
-49485 2398.346923828125
-49475 2397.177978515625
-49465 2398.048095703125
-49455 2398.14599609375
-49445 2396.912109375
-49435 2398.37890625
-49425 2398.321044921875
-49415 2395.87890625
-49405 2395.2490234375
-49395 2394.59912109375
-49385 2394.125
-49375 2393.4169921875
-49365 2393.656982421875
-49355 2395.56103515625
-49345 2397.638916015625
-49335 2403.510009765625
-49325 2407.199951171875
-49315 2411.947998046875
-49305 2416.9619140625
-49295 2421.22900390625
-49285 2425.114013671875
-49275 2428.763916015625
-49265 2432.419921875
-49255 2436.051025390625
-49245 2439.656005859375
-49235 2443.409912109375
-49225 2447.449951171875
-49215 2451.049072265625
-49205 2454.990966796875
-49195 2458.830078125
-49185 2462.62890625
-49175 2467.37109375
-49165 2472.320068359375
-49155 2476.781982421875
-49145 2481.2900390625
-49135 2486.071044921875
-49125 2489.804931640625
-49115 2494.052978515625
-49105 2491.676025390625
-49095 2484.570068359375
-49085 2477.633056640625
-49075 2470.820068359375
-49065 2463.968017578125
-49055 2458.070068359375
-49045 2451.885986328125
-49035 2444.248046875
-49025 2435.02490234375
-49015 2427.030029296875
-49005 2421.09912109375
-48995 2416.468994140625
-48985 2412.55810546875
-48975 2408.9599609375
-48965 2405.68701171875
-48955 2403.2900390625
-48945 2399.360107421875
-48935 2393.177001953125
-48925 2386.006103515625
-48915 2378.14697265625
-48905 2371.444091796875
-48895 2364.260009765625
-48885 2357.5830078125
-48875 2353.2509765625
-48865 2349.068115234375
-48855 2345.06689453125
-48845 2341.18994140625
-48835 2339.05908203125
-48825 2338.007080078125
-48815 2336.572021484375
-48805 2335.506103515625
-48795 2335.52587890625
-48785 2333.115966796875
-48775 2329.264892578125
-48765 2324.737060546875
-48755 2321.554931640625
-48745 2319.19091796875
-48735 2315.4619140625
-48725 2312.760009765625
-48715 2311.6240234375
-48705 2310.681884765625
-48695 2309.304931640625
-48685 2305.160888671875
-48675 2300.4580078125
-48665 2296.827880859375
-48655 2292.39794921875
