-60595 2120.580078125
-60585 2123.677001953125
-60575 2126.135986328125
-60565 2129.386962890625
-60555 2133.739013671875
-60545 2138.427001953125
-60535 2142.847900390625
-60525 2146.701904296875
-60515 2150.80810546875
-60505 2155.986083984375
-60495 2161.52197265625
-60485 2166.287109375
-60475 2171.10107421875
-60465 2176.138916015625
-60455 2181.156005859375
-60445 2185.85791015625
-60435 2189.458984375
-60425 2190.909912109375
-60415 2188.590087890625
-60405 2184.68798828125
-60395 2179.572021484375
-60385 2173.75
-60375 2168.508056640625
-60365 2165.677001953125
-60355 2163.666015625
-60345 2163.281005859375
-60335 2163.679931640625
-60325 2166.3359375
-60315 2167.31689453125
-60305 2168.430908203125
-60295 2169.376953125
-60285 2170
-60275 2172.089111328125
-60265 2175.1298828125
-60255 2179.697998046875
-60245 2184.637939453125
-60235 2189.7890625
-60225 2194.238037109375
-60215 2198.302001953125
-60205 2201.139892578125
-60195 2204.657958984375
-60185 2210.81689453125
-60175 2224.821044921875
-60165 2234.535888671875
-60155 2244.27587890625
-60145 2238.56201171875
-60135 2243.1201171875
-60125 2254.39111328125
-60115 2265.97998046875
-60105 2271.158935546875
-60095 2280.257080078125
-60085 2289.909912109375
-60075 2301.590087890625
-60065 2311.89111328125
-60055 2321.27294921875
-60045 2329.989990234375
-60035 2340.68310546875
-60025 2352.762939453125
-60015 2361.508056640625
-60005 2372.760986328125
-59995 2382.64892578125
-59985 2390.4609375
-59975 2402.1650390625
-59965 2409.177001953125
-59955 2416.236083984375
-59945 2423.2490234375
-59935 2431.35302734375
-59925 2439.10400390625
-59915 2448.0390625
-59905 2450.330078125
-59895 2450.990966796875
-59885 2455.35888671875
-59875 2458.465087890625
-59865 2462.510009765625
-59855 2467.446044921875
-59845 2471.075927734375
-59835 2467.35400390625
-59825 2460.787109375
-59815 2454.450927734375
-59805 2448.9609375
-59795 2445.9619140625
-59785 2443.824951171875
-59775 2441.364013671875
-59765 2437.75
-59755 2434.383056640625
-59745 2431.153076171875
-59735 2427.969970703125
-59725 2424.5859375
-59715 2422.7099609375
-59705 2419.94189453125
-59695 2416.8359375
-59685 2415.498046875
-59675 2412.43701171875
-59665 2408.0390625
-59655 2408.115966796875
-59645 2409.4541015625
-59635 2408.3310546875
-59625 2412.653076171875
-59615 2407.56201171875
-59605 2410.77587890625
-59595 2410.376953125
-59585 2408.239013671875
-59575 2402.364990234375
-59565 2409.43798828125
-59555 2408.115966796875
-59545 2406.931884765625
-59535 2405.071044921875
-59525 2404.840087890625
-59515 2406.669921875
-59505 2412.238037109375
-59495 2413.66796875
-59485 2418.803955078125
-59475 2422.110107421875
-59465 2423.47900390625
-59455 2424.9560546875
-59445 2424.77099609375
-59435 2426.924072265625
-59425 2430.98388671875
-59415 2435.15087890625
-59405 2441.549072265625
-59395 2447.6689453125
-59385 2453.2060546875
-59375 2456.405029296875
-59365 2461.403076171875
-59355 2466.29296875
-59345 2473.321044921875
-59335 2479.471923828125
-59325 2485.80810546875
-59315 2489.89892578125
-59305 2494.865966796875
-59295 2495.972900390625
-59285 2499.218017578125
-59275 2497.94189453125
-59265 2498.572021484375
-59255 2499.464111328125
-59245 2500.72509765625
-59235 2500.847900390625
-59225 2501.89404296875
-59215 2504.216064453125
-59205 2506.722900390625
-59195 2508.64501953125
-59185 2508.429931640625
-59175 2504.52392578125
-59165 2497.2958984375
-59155 2485.947021484375
-59145 2475.259033203125
-59135 2460.757080078125
-59125 2453.68310546875
-59115 2446.51611328125
-59105 2441.1640625
-59095 2436.304931640625
-59085 2424.447998046875
-59075 2415.635986328125
-59065 2408.73095703125
-59055 2401.2109375
-59045 2395.62890625
-59035 2386.279052734375
-59025 2377.573974609375
-59015 2369.7470703125
-59005 2362.39599609375
-58995 2359.135009765625
-58985 2353.2919921875
-58975 2350.876953125
-58965 2349.5849609375
-58955 2345.43310546875
-58945 2341.9580078125
-58935 2341.2958984375
-58925 2341.157958984375
-58915 2337.89794921875
-58905 2333.19189453125
-58895 2326.055908203125
-58885 2313.783935546875
-58875 2297.714111328125
-58865 2289.302001953125
-58855 2274.368896484375
-58845 2258.513916015625
-58835 2248.902099609375
-58825 2239.875
-58815 2232.739990234375
-58805 2227.111083984375
-58795 2220.468017578125
-58785 2212.486083984375
-58775 2205.904052734375
-58765 2199.98291015625
-58755 2190.572021484375
-58745 2182.343994140625
-58735 2174.3779296875
-58725 2166.98095703125
-58715 2156.60107421875
-58705 2147.126953125
-58695 2136.455078125
-58685 2129.10400390625
-58675 2121.384033203125
-58665 2114.01806640625
-58655 2106.759033203125
-58645 2099.716064453125
-58635 2092.241943359375
-58625 2084.89111328125
-58615 2077.93994140625
-58605 2071.404052734375
-58595 2063.176025390625
-58585 2053.056884765625
-58575 2046.2449951171875
-58565 2039.5550537109375
-58555 2033.77294921875
-58545 2028.5279541015625
-58535 2023.6839599609375
-58525 2018.947998046875
-58515 2014.302978515625
-58505 2009.366943359375
-58495 2004.491943359375
-58485 2000.06298828125
-58475 1995.218994140625
-58465 1990.3280029296875
-58455 1985.7919921875
-58445 1981.3160400390625
-58435 1977.134033203125
-58425 1973.39599609375
-58415 1969.6290283203125
-58405 1966.4759521484375
-58395 1964.199951171875
-58385 1961.248046875
-58375 1955.2650146484375
-58365 1946.7459716796875
-58355 1938.656005859375
-58345 1931.10595703125
-58335 1923.47802734375
-58325 1922.447998046875
-58315 1921.385986328125
-58305 1919.1259765625
-58295 1918.6800537109375
-58285 1920.3709716796875
-58275 1923.1400146484375
-58265 1926.123046875
-58255 1926.9229736328125
-58245 1926.7840576171875
-58235 1922.9090576171875
-58225 1915.9429931640625
-58215 1912.821044921875
-58205 1912.113037109375
-58195 1910.760009765625
-58185 1908.7449951171875
-58175 1905.79296875
-58165 1904.85400390625
-58155 1903.7779541015625
-58145 1904.7010498046875
-58135 1904.1319580078125
-58125 1903.2860107421875
-58115 1902.762939453125
-58105 1902.2860107421875
-58095 1903.5469970703125
-58085 1903.68603515625
-58075 1903.6090087890625
-58065 1903.7469482421875
-58055 1904.1009521484375
-58045 1905.407958984375
-58035 1906.053955078125
-58025 1908.0069580078125
-58015 1910.760009765625
-58005 1911.883056640625
-57995 1911.9129638671875
-57985 1915.0040283203125
-57975 1916.404052734375
-57965 1917.5570068359375
-57955 1921.970947265625
-57945 1926.8609619140625
-57935 1931.1669921875
-57925 1934.7659912109375
-57915 1938.3179931640625
-57905 1941.363037109375
-57895 1945.5460205078125
-57885 1952.02001953125
-57875 1957.6639404296875
-57865 1962.677978515625
-57855 1969.52099609375
-57845 1974.6419677734375
-57835 1986.883056640625
-57825 1991.5279541015625
-57815 1989.498046875
-57805 2002.9229736328125
-57795 2009.781982421875
-57785 2011.0579833984375
-57775 2013.22705078125
-57765 2017.9329833984375
-57755 2022.407958984375
-57745 2024.2989501953125
-57735 2025.6829833984375
-57725 2023.4840087890625
-57715 2023.1610107421875
-57705 2019.5009765625
-57695 2014.8260498046875
-57685 2012.011962890625
-57675 2006.7989501953125
-57665 2005.3380126953125
-57655 2005.06103515625
-57645 2003.5689697265625
-57635 2001.2010498046875
-57625 1999.385986328125
-57615 1998.125
-57605 1996.6800537109375
-57595 1994.6500244140625
-57585 1993.8809814453125
-57575 1993.8499755859375
-57565 1992.0810546875
-57555 1994.2960205078125
-57545 1990.0360107421875
-57535 1990.6820068359375
-57525 1991.8509521484375
-57515 1994.449951171875
-57505 1998.072021484375
-57495 1999.7740478515625
-57485 1998.5670166015625
-57475 1999.35400390625
-57465 2003.9730224609375
-57455 2008.6190185546875
-57445 2015.875
-57435 2020.9930419921875
-57425 2022.4759521484375
-57415 2022.344970703125
-57405 2024.115966796875
-57395 2024.8380126953125
-57385 2026.241943359375
-57375 2025.9139404296875
-57365 2025.572998046875
-57355 2026.490966796875
-57345 2027.6590576171875
-57335 2028.4200439453125
-57325 2030.2440185546875
-57315 2031.0450439453125
-57305 2033.012939453125
-57295 2034.10205078125
-57285 2037.7769775390625
-57275 2040.636962890625
-57265 2043.2879638671875
-57255 2045.032958984375
-57245 2047.6710205078125
-57235 2047.7239990234375
-57225 2048.091064453125
-57215 2048.800048828125
-57205 2051.60791015625
-57195 2056.791015625
-57185 2058.655029296875
-57175 2061.89599609375
-57165 2064.822021484375
-57155 2071.199951171875
-57145 2074.257080078125
-57135 2078.534912109375
-57125 2082.91796875
-57115 2090.529052734375
-57105 2091.85400390625
-57095 2098.508056640625
-57085 2101.64404296875
-57075 2102.74609375
-57065 2104.64892578125
-57055 2108.7958984375
-57045 2114.76611328125
-57035 2121.576904296875
-57025 2124.489990234375
-57015 2125.1201171875
-57005 2123.0859375
-56995 2118.572021484375
-56985 2114.373046875
-56975 2113.23095703125
-56965 2111.10498046875
-56955 2109.18896484375
-56945 2107.784912109375
-56935 2105.304931640625
-56925 2104.805908203125
-56915 2104.5048828125
-56905 2105.318115234375
-56895 2106.906005859375
-56885 2108.52001953125
-56875 2110.93505859375
-56865 2115.488037109375
-56855 2118.427978515625
-56845 2122.376953125
-56835 2127.154052734375
-56825 2130.617919921875
-56815 2136.445068359375
-56805 2145.18408203125
-56795 2154.22607421875
-56785 2160.052001953125
-56775 2165.196044921875
-56765 2167.322021484375
-56755 2173.14794921875
-56745 2185.694091796875
-56735 2195.955078125
-56725 2201.322998046875
-56715 2211.716064453125
-56705 2217.174072265625
-56695 2216.701904296875
-56685 2217.778076171875
-56675 2221.964111328125
-56665 2224.181884765625
-56655 2227.514892578125
-56645 2230.23095703125
-56635 2234.7060546875
-56625 2240.243896484375
-56615 2246.85693359375
-56605 2252.958984375
-56595 2256.64697265625
-56585 2261.174072265625
-56575 2265.845947265625
-56565 2273.325927734375
-56555 2281.93408203125
-56545 2288.6259765625
-56535 2295.095947265625
-56525 2303.283935546875
-56515 2308.35009765625
-56505 2312.876953125
-56495 2312.2470703125
-56485 2312.075927734375
-56475 2311.906005859375
-56465 2312.06298828125
-56455 2312.549072265625
-56445 2309.964111328125
-56435 2305.318115234375
-56425 2301.761962890625
-56415 2297.837890625
-56405 2293.547119140625
-56395 2287.9970703125
-56385 2287.56298828125
-56375 2285.712890625
-56365 2281.47509765625
-56355 2279.047119140625
-56345 2277.865966796875
-56335 2280.555908203125
-56325 2285.345947265625
-56315 2279.966064453125
-56305 2273.73193359375
-56295 2276.907958984375
-56285 2283.443115234375
-56275 2284.64990234375
-56265 2284.152099609375
-56255 2287.550048828125
-56245 2303.992919921875
-56235 2314.135986328125
-56225 2320.39599609375
-56215 2326.62890625
-56205 2325.881103515625
-56195 2319.76611328125
-56185 2312.010986328125
-56175 2303.875
-56165 2296.60498046875
-56155 2288.573974609375
-56145 2279.4150390625
-56135 2270.76708984375
-56125 2263.575927734375
-56115 2258.06396484375
-56105 2254.24609375
-56095 2249.993896484375
-56085 2253.52392578125
-56075 2262.447021484375
-56065 2253.406005859375
-56055 2249.284912109375
-56045 2252.93310546875
-56035 2249.284912109375
-56025 2254.284912109375
-56015 2263.0380859375
-56005 2266.633056640625
-55995 2275.739990234375
-55985 2282.236083984375
-55975 2292.156005859375
-55965 2297.431884765625
-55955 2304.1640625
-55945 2312.364990234375
-55935 2318.6640625
-55925 2314.176025390625
-55915 2311.748046875
-55905 2308.008056640625
-55895 2302.73291015625
-55885 2294.8330078125
-55875 2287.7470703125
-55865 2276.528076171875
-55855 2267.14501953125
-55845 2262.1708984375
-55835 2260.740966796875
-55825 2252.85400390625
-55815 2248.695068359375
-55805 2244.509033203125
-55795 2255.112060546875
-55785 2269.847900390625
-55775 2284.217041015625
-55765 2291.43505859375
-55755 2282.261962890625
-55745 2272.0791015625
-55735 2274.166015625
-55725 2271.830078125
-55715 2265.780029296875
-55705 2267.64404296875
-55695 2275.700927734375
-55685 2274.34912109375
-55675 2265.964111328125
-55665 2268.430908203125
-55655 2260.26904296875
-55645 2256.385009765625
-55635 2254.087890625
-55625 2256.739013671875
-55615 2271.029052734375
-55605 2279.205078125
-55595 2284.0859375
-55585 2289.256103515625
-55575 2295.659912109375
-55565 2302.85107421875
-55555 2310.159912109375
-55545 2318.506103515625
-55535 2326.446044921875
-55525 2334.68701171875
-55515 2343.4130859375
-55505 2345.43408203125
-55495 2351.23388671875
-55485 2358.97607421875
-55475 2365.969970703125
-55465 2373.424072265625
-55455 2378.43701171875
-55445 2379.18505859375
-55435 2379.262939453125
-55425 2378.72607421875
-55415 2377.256103515625
-55405 2375.52392578125
-55395 2376.9150390625
-55385 2378.568115234375
-55375 2379.656982421875
-55365 2377.701904296875
-55355 2374.028076171875
-55345 2368.751953125
-55335 2363.0048828125
-55325 2361.31201171875
-55315 2364.9208984375
-55305 2369.93310546875
-55295 2369.77587890625
-55285 2369.56591796875
-55275 2367.833984375
-55265 2366.548095703125
-55255 2364.802001953125
-55245 2364.89501953125
-55235 2363.594970703125
-55225 2360.14404296875
-55215 2358.306884765625
-55205 2353.89794921875
-55195 2348.281005859375
-55185 2352.166015625
-55175 2350.945068359375
-55165 2346.929931640625
-55155 2342.10107421875
-55145 2337.403076171875
-55135 2333.2041015625
-55125 2329.923095703125
-55115 2328.3349609375
-55105 2329.070068359375
-55095 2330.14599609375
-55085 2329.280029296875
-55075 2318.19091796875
-55065 2304.885009765625
-55055 2295.095947265625
-55045 2287.235107421875
-55035 2273.180908203125
-55025 2263.81201171875
-55015 2255.466064453125
-55005 2247.06201171875
-54995 2245.39794921875
-54985 2234.721923828125
-54975 2225.06689453125
-54965 2220.993896484375
-54955 2210.93310546875
-54945 2207.114990234375
-54935 2202.49609375
-54925 2197.321044921875
-54915 2192.77197265625
-54905 2188.9541015625
-54895 2184.985107421875
-54885 2181.89794921875
-54875 2179.195068359375
-54865 2177.406982421875
-54855 2176.74609375
-54845 2174.575927734375
-54835 2176.072998046875
-54825 2178.60302734375
-54815 2180.458984375
-54805 2180.10009765625
-54795 2177.44189453125
-54785 2174.089111328125
-54775 2168.761962890625
-54765 2167.554931640625
-54755 2166.174072265625
-54745 2165.68701171875
-54735 2168.843994140625
-54725 2174.205078125
-54715 2178.10400390625
-54705 2181.655029296875
-54695 2183.5458984375
-54685 2178.3359375
-54675 2173.577880859375
-54665 2172.383056640625
-54655 2172.741943359375
-54645 2171.2109375
-54635 2170.10791015625
-54625 2171.14111328125
-54615 2171.7451171875
-54605 2170.050048828125
-54595 2170.281982421875
-54585 2167.635986328125
-54575 2164.64306640625
-54565 2163.43603515625
-54555 2163.25
-54545 2162.93701171875
-54535 2161.277099609375
-54525 2159.47900390625
-54515 2159.2470703125
-54505 2159.56005859375
-54495 2158.423095703125
-54485 2156.485107421875
-54475 2153.907958984375
-54465 2151.135009765625
-54455 2149.05810546875
-54445 2148.221923828125
-54435 2147.89697265625
-54425 2147.39794921875
-54415 2147.0849609375
-54405 2146.806884765625
-54395 2148.221923828125
-54385 2148.1640625
-54375 2148.884033203125
-54365 2146.841064453125
-54355 2144.509033203125
-54345 2142.281005859375
-54335 2140.714111328125
-54325 2137.883056640625
-54315 2134.458984375
-54305 2129.7939453125
-54295 2125.756103515625
-54285 2122.4140625
-54275 2119.85009765625
-54265 2117.760986328125
-54255 2114.093994140625
-54245 2107.73388671875
-54235 2100.365966796875
-54225 2100.60888671875
-54215 2099.27490234375
-54205 2097.510986328125
-54195 2094.656005859375
-54185 2094.552001953125
-54175 2094.9580078125
-54165 2094.702880859375
-54155 2095.051025390625
-54145 2097.175048828125
-54135 2099.51904296875
-54125 2102.31494140625
-54115 2104.577880859375
-54105 2106.029052734375
-54095 2107.885009765625
-54085 2110.9140625
-54075 2113.444091796875
-54065 2117.215087890625
-54055 2121.14892578125
-54045 2123.72509765625
-54035 2126.278076171875
-54025 2128.366943359375
-54015 2131.221923828125
-54005 2134.715087890625
-53995 2138.1259765625
-53985 2141.5029296875
-53975 2145.262939453125
-53965 2149.208984375
-53955 2154.674072265625
-53945 2159.5830078125
-53935 2163.574951171875
-53925 2167.972900390625
-53915 2174.27392578125
-53905 2182.64111328125
-53895 2193.885986328125
-53885 2203.343994140625
-53875 2210.72412109375
-53865 2219.114013671875
-53855 2224.2890625
-53845 2230.64892578125
-53835 2236.9150390625
-53825 2242.35693359375
-53815 2242.0419921875
-53805 2242.99609375
-53795 2245.375
-53785 2250.748046875
-53775 2253.507080078125
-53765 2256.094970703125
-53755 2260.283935546875
-53745 2263.697998046875
-53735 2268.27001953125
-53725 2273.50390625
-53715 2279.89794921875
-53705 2285.743896484375
-53695 2292.904052734375
-53685 2300.376953125
-53675 2310.10400390625
-53665 2319.072021484375
-53655 2327.787109375
-53645 2337.220947265625
-53635 2346.25
-53625 2348.221923828125
-53615 2345.285888671875
-53605 2340.738037109375
-53595 2334.493896484375
-53585 2327.694091796875
-53575 2320.951904296875
-53565 2313.222900390625
-53555 2306.214111328125
-53545 2299.623046875
-53535 2292.97607421875
-53525 2286.756103515625
-53515 2282.10302734375
-53505 2277.202880859375
-53495 2271.66796875
-53485 2264.998046875
-53475 2261.864990234375
-53465 2255.56298828125
-53455 2249.3759765625
-53445 2246.64892578125
-53435 2243.677978515625
-53425 2241.464111328125
-53415 2238.166015625
-53405 2235.9169921875
-53395 2233.77001953125
-53385 2231.49609375
-53375 2229.662109375
-53365 2226.239013671875
-53355 2223.615966796875
-53345 2219.009033203125
-53335 2215.424072265625
-53325 2211.757080078125
-53315 2204.156005859375
-53305 2200.05908203125
-53295 2198.364990234375
-53285 2195.44091796875
-53275 2193.52587890625
-53265 2189.02294921875
-53255 2181.35302734375
-53245 2177.68603515625
-53235 2173.06689453125
-53225 2169.60888671875
-53215 2166.18603515625
-53205 2162.762939453125
-53195 2157.66796875
-53185 2151.35498046875
-53175 2145.623046875
-53165 2138.26611328125
-53155 2130.64208984375
-53145 2123.202880859375
-53135 2113.89599609375
-53125 2104.93798828125
-53115 2097.4990234375
-53105 2090.52490234375
-53095 2083.14501953125
-53085 2077.075927734375
-53075 2070.657958984375
-53065 2064.31103515625
-53055 2058.14892578125
-53045 2051.76611328125
-53035 2045.7110595703125
-53025 2040.0250244140625
-53015 2034.2459716796875
-53005 2028.467041015625
-52995 2022.39794921875
-52985 2016.885986328125
-52975 2011.4639892578125
-52965 2006.416015625
-52955 1999.27001953125
-52945 1993.5379638671875
-52935 1988.9630126953125
-52925 1982.258056640625
-52915 1972.093017578125
-52905 1973.0560302734375
-52895 1975.9219970703125
-52885 1974.4949951171875
-52875 1972.5340576171875
-52865 1969.1080322265625
-52855 1965.7449951171875
-52845 1961.5670166015625
-52835 1959.1300048828125
-52825 1955.3709716796875
-52815 1951.4229736328125
-52805 1948.8260498046875
-52795 1947.166015625
-52785 1948.5360107421875
-52775 1945.031005859375
-52765 1948.6629638671875
-52755 1950.3690185546875
-52745 1949.1390380859375
-52735 1949.6259765625
-52725 1949.2320556640625
-52715 1948.7559814453125
-52705 1949.8349609375
-52695 1953.572021484375
-52685 1958.8399658203125
-52675 1962.77197265625
-52665 1964.6080322265625
-52655 1965.791015625
-52645 1967.5780029296875
-52635 1969.3070068359375
-52625 1966.2900390625
-52615 1965.1650390625
-52605 1963.9110107421875
-52595 1962.135986328125
-52585 1960.1400146484375
-52575 1954.9300537109375
-52565 1949.31298828125
-52555 1943.60400390625
-52545 1949.592041015625
-52535 1957.6920166015625
-52525 1963.7950439453125
-52515 1959.4320068359375
-52505 1960.02099609375
-52495 1969.7149658203125
-52485 1984.4560546875
-52475 1994.4949951171875
-52465 2004.8599853515625
-52455 2011.113037109375
-52445 2023.092041015625
-52435 2034.0460205078125
-52425 2041.5400390625
-52415 2049.73291015625
-52405 2060.176025390625
-52395 2069.469970703125
-52385 2081.52587890625
-52375 2094.80810546875
-52365 2107.2060546875
-52355 2112.55908203125
-52345 2114.18798828125
-52335 2117.322021484375
-52325 2124.35107421875
-52315 2134.2041015625
-52305 2144.072021484375
-52295 2153.69189453125
-52285 2163.032958984375
-52275 2171.5048828125
-52265 2180.52001953125
-52255 2190.4970703125
-52245 2205.531982421875
-52235 2217.85302734375
-52225 2227.0849609375
-52215 2236.052978515625
-52205 2242.553955078125
-52195 2242.22900390625
-52185 2242.89599609375
-52175 2251.10400390625
-52165 2254.875
-52155 2260.366943359375
-52145 2251.52294921875
-52135 2246.138916015625
-52125 2237.60498046875
-52115 2238.924072265625
-52105 2247.52001953125
-52095 2245.673095703125
-52085 2251.64697265625
-52075 2252.26806640625
-52065 2262.04296875
-52055 2264.1220703125
-52045 2258.784912109375
-52035 2251.15087890625
-52025 2242.4609375
-52015 2234.594970703125
-52005 2230.14111328125
-51995 2227.5810546875
-51985 2232.576904296875
-51975 2236.595947265625
-51965 2233.322021484375
-51955 2226.013916015625
-51945 2223.096923828125
-51935 2215.18408203125
-51925 2207.0380859375
-51915 2198.861083984375
-51905 2195.77294921875
-51895 2197.666015625
-51885 2201.110107421875
-51875 2196.718994140625
-51865 2190.7451171875
-51855 2188.092041015625
-51845 2192.297119140625
-51835 2197.97607421875
-51825 2203.903076171875
-51815 2209.613037109375
-51805 2215.2919921875
-51795 2223.096923828125
-51785 2237.031005859375
-51775 2249.14892578125
-51765 2249.614990234375
-51755 2268.823974609375
-51745 2288.43603515625
-51735 2297.653076171875
-51725 2306.885009765625
-51715 2314.39501953125
-51705 2317.0791015625
-51695 2311.8349609375
-51685 2305.0390625
-51675 2300.181884765625
-51665 2295.681884765625
-51655 2292.93603515625
-51645 2292.376953125
-51635 2288.31201171875
-51625 2282.27587890625
-51615 2276.64404296875
-51605 2271.0419921875
-51595 2263.843017578125
-51585 2261.748046875
-51575 2257.031005859375
-51565 2254.968017578125
-51555 2251.39892578125
-51545 2250.7939453125
-51535 2250.7939453125
-51525 2248.90087890625
-51515 2246.55810546875
-51505 2244.339111328125
-51495 2240.72412109375
-51485 2239.498046875
-51475 2237.262939453125
-51465 2236.64306640625
-51455 2235.06005859375
-51445 2233.678955078125
-51435 2232.31396484375
-51425 2231.8330078125
-51415 2232.99609375
-51405 2232.85693359375
-51395 2233.152099609375
-51385 2235.696044921875
-51375 2237.279052734375
-51365 2238.257080078125
-51355 2240.785888671875
-51345 2244.696044921875
-51335 2248.35791015625
-51325 2252.423095703125
-51315 2257.10888671875
-51305 2263.656982421875
-51295 2268.3740234375
-51285 2273.322998046875
-51275 2278.8779296875
-51265 2285.0849609375
-51255 2291.633056640625
-51245 2297.529052734375
-51235 2303.239013671875
-51225 2309.508056640625
-51215 2316.489990234375
-51205 2323.550048828125
-51195 2329.864990234375
-51185 2336.27294921875
-51175 2344.466064453125
-51165 2359.051025390625
-51155 2375.9169921875
-51145 2380.199951171875
-51135 2386.0029296875
-51125 2390.4560546875
-51115 2400.030029296875
-51105 2403.195068359375
-51095 2411.093017578125
-51085 2417.68701171875
-51075 2419.301025390625
-51065 2424.235107421875
-51055 2430.287109375
-51045 2437.486083984375
-51035 2446.300048828125
-51025 2454.553955078125
-51015 2465.492919921875
-51005 2473.655029296875
-50995 2489.466064453125
-50985 2494.695068359375
-50975 2502.903076171875
-50965 2513.51611328125
-50955 2524.39306640625
-50945 2533.238037109375
-50935 2536.697998046875
-50925 2541.756103515625
-50915 2541.8330078125
-50905 2535.705078125
-50895 2530.507080078125
-50885 2525.866943359375
-50875 2519.800048828125
-50865 2524.346923828125
-50855 2519.69189453125
-50845 2504.843017578125
-50835 2497.131103515625
-50825 2486.81298828125
-50815 2477.875
-50805 2471.962890625
-50795 2464.748046875
-50785 2460.590087890625
-50775 2455.034912109375
-50765 2447.803955078125
-50755 2439.781982421875
-50745 2429.075927734375
-50735 2422.574951171875
-50725 2417.51708984375
-50715 2413.6689453125
-50705 2409.18408203125
-50695 2405.5380859375
-50685 2401.830078125
-50675 2397.00390625
-50665 2392.1630859375
-50655 2387.864990234375
-50645 2383.2099609375
-50635 2377.0029296875
-50625 2369.944091796875
-50615 2363.613037109375
-50605 2360.7890625
-50595 2359.39306640625
-50585 2357.748046875
-50575 2355.326904296875
-50565 2351.43310546875
-50555 2347.0419921875
-50545 2342.43310546875
-50535 2338.05810546875
-50525 2336.2109375
-50515 2335.962890625
-50505 2334.053955078125
-50495 2332.006103515625
-50485 2331.927978515625
-50475 2330.06689453125
-50465 2325.986083984375
-50455 2326.326904296875
-50445 2325.81494140625
-50435 2322.883056640625
-50425 2319.577880859375
-50415 2318.3359375
-50405 2323.007080078125
-50395 2328.095947265625
-50385 2315.68310546875
-50375 2306.2958984375
-50365 2299.965087890625
-50355 2321.905029296875
-50345 2328.157958984375
-50335 2331.277099609375
-50325 2327.258056640625
-50315 2323.14599609375
-50305 2325.381103515625
-50295 2319.096923828125
-50285 2310.39208984375
-50275 2293.1220703125
-50265 2287.0400390625
-50255 2279.1259765625
-50245 2273.091064453125
-50235 2267.427001953125
-50225 2269.304931640625
-50215 2288.60693359375
-50205 2288.3740234375
-50195 2284.52587890625
-50185 2309.05810546875
-50175 2315.294921875
-50165 2314.39501953125
-50155 2309.4140625
-50145 2302.153076171875
-50135 2296.2880859375
-50125 2291.72607421875
-50115 2285.81396484375
-50105 2279.48291015625
-50095 2270.236083984375
-50085 2261.5
-50075 2257.342041015625
-50065 2256.68994140625
-50055 2261.48388671875
-50045 2266.279052734375
-50035 2278.458984375
-50025 2277.48193359375
-50015 2268.031982421875
-50005 2260.02001953125
-49995 2262.344970703125
-49985 2267.137939453125
-49975 2276.14111328125
-49965 2276.094970703125
-49955 2287.488037109375
-49945 2302.802978515625
-49935 2317.320068359375
-49925 2329.89501953125
-49915 2339.909912109375
-49905 2339.527099609375
-49895 2346.029052734375
-49885 2341.656982421875
-49875 2332.81103515625
-49865 2329.419921875
-49855 2324.327880859375
-49845 2327.927001953125
-49835 2332.115966796875
-49825 2333.3759765625
-49815 2324.574951171875
-49805 2317.929931640625
-49795 2312.324951171875
-49785 2308.383056640625
-49775 2307.779052734375
-49765 2306.44091796875
-49755 2303.971923828125
-49745 2300.89990234375
-49735 2297.989990234375
-49725 2299.802001953125
-49715 2300.087890625
-49705 2297.0029296875
-49695 2290.612060546875
-49685 2287.55908203125
-49675 2290.131103515625
-49665 2294.43798828125
-49655 2298.10107421875
-49645 2301.89990234375
-49635 2307.194091796875
-49625 2312.844970703125
-49615 2317.845947265625
-49605 2327.550048828125
-49595 2344.717041015625
-49585 2353.60205078125
-49575 2346.001953125
-49565 2340.156982421875
-49555 2337.487060546875
-49545 2336.611083984375
-49535 2334.72705078125
-49525 2332.595947265625
-49515 2331.719970703125
-49505 2331.798095703125
-49495 2332.24609375
-49485 2330.595947265625
-49475 2329.887939453125
-49465 2328.485107421875
-49455 2327.134033203125
-49445 2324.9189453125
-49435 2323.64599609375
-49425 2324.431884765625
-49415 2326.035888671875
-49405 2326.3740234375
-49395 2328.81591796875
-49385 2332.0048828125
-49375 2335.5
-49365 2337.636962890625
-49355 2339.169921875
-49345 2341.429931640625
-49335 2344.89208984375
-49325 2349.568115234375
-49315 2351.218017578125
-49305 2356.278076171875
-49295 2365.6630859375
-49285 2367.89111328125
-49275 2368.572998046875
-49265 2368.489013671875
-49255 2365.839111328125
-49245 2371.514892578125
-49235 2377.8349609375
-49225 2389.116943359375
-49215 2398.93798828125
-49205 2404.427001953125
-49195 2413.239990234375
-49185 2414.384033203125
-49175 2418.533935546875
-49165 2425.281982421875
-49155 2432.635009765625
-49145 2440.0390625
-49135 2448.14501953125
-49125 2459.556884765625
-49115 2467.33203125
-49105 2479.3740234375
-49095 2490.324951171875
-49085 2491.416015625
-49075 2487.64208984375
-49065 2482.031005859375
-49055 2472.41796875
-49045 2463.181884765625
-49035 2456.7509765625
-49025 2452.60693359375
-49015 2449.950927734375
-49005 2444.9951171875
-48995 2440.408935546875
-48985 2434.863037109375
-48975 2429.12109375
-48965 2421.37890625
-48955 2415.532958984375
-48945 2407.278076171875
-48935 2396.6259765625
-48925 2387.947998046875
-48915 2378.055908203125
-48905 2373.821044921875
-48895 2366.448974609375
-48885 2360.214111328125
-48875 2352.58203125
-48865 2343.93701171875
-48855 2335.299072265625
-48845 2327.465087890625
-48835 2318.39208984375
-48825 2310.799072265625
-48815 2303.419921875
-48805 2296.658935546875
-48795 2292.48193359375
-48785 2288.597900390625
-48775 2285.611083984375
-48765 2283.799072265625
-48755 2283.239990234375
-48745 2281.44091796875
-48735 2278.778076171875
-48725 2277.718994140625
-48715 2276.62109375
-48705 2275.60791015625
-48695 2274.030029296875
-48685 2273.27001953125
-48675 2272.886962890625
-48665 2277.31005859375
-48655 2282.97998046875
-48645 2290.260986328125
-48635 2299.2109375
