-61625 2081.739013671875
-61615 2085.509033203125
-61605 2088.76708984375
-61595 2091.1220703125
-61585 2095.2490234375
-61575 2100.672119140625
-61565 2107.468994140625
-61555 2113.64306640625
-61545 2119.529052734375
-61535 2125.800048828125
-61525 2133.1708984375
-61515 2141.39111328125
-61505 2149.218017578125
-61495 2156.98095703125
-61485 2168.718017578125
-61475 2176.510009765625
-61465 2185.429931640625
-61455 2193.677001953125
-61445 2202.591064453125
-61435 2208.568115234375
-61425 2213.739013671875
-61415 2218.6298828125
-61405 2222.8759765625
-61395 2227.820068359375
-61385 2233.281982421875
-61375 2240.531005859375
-61365 2248.178955078125
-61355 2256.23291015625
-61345 2264.00390625
-61335 2271.611083984375
-61325 2278.385986328125
-61315 2283.89111328125
-61305 2289.930908203125
-61295 2293.531982421875
-61285 2290.02197265625
-61275 2285.83203125
-61265 2281.662109375
-61255 2278.089111328125
-61245 2276
-61235 2274.760009765625
-61225 2273.02197265625
-61215 2270.741943359375
-61205 2267.94189453125
-61195 2265.117919921875
-61185 2262.5009765625
-61175 2260.39892578125
-61165 2260.736083984375
-61155 2261.527099609375
-61145 2262.7109375
-61135 2263.93798828125
-61125 2263.93798828125
-61115 2263.39501953125
-61105 2263.072998046875
-61095 2262.72607421875
-61085 2263.93408203125
-61075 2264.362060546875
-61065 2265.22412109375
-61055 2265.31494140625
-61045 2265.301025390625
-61035 2266.029052734375
-61025 2266.656005859375
-61015 2267.52490234375
-61005 2268.908935546875
-60995 2270.51708984375
-60985 2272.4580078125
-60975 2273.863037109375
-60965 2275.032958984375
-60955 2277.73095703125
-60945 2279.819091796875
-60935 2279.861083984375
-60925 2281.458984375
-60915 2283.18603515625
-60905 2285.14501953125
-60895 2286.9599609375
-60885 2288.68994140625
-60875 2290.15087890625
-60865 2291.591064453125
-60855 2294.0400390625
-60845 2296.4541015625
-60835 2298.843994140625
-60825 2301.197998046875
-60815 2303.279052734375
-60805 2305.14990234375
-60795 2307.43408203125
-60785 2309.509033203125
-60775 2311.35107421875
-60765 2313.152099609375
-60755 2314.883056640625
-60745 2324.909912109375
-60735 2353.541015625
-60725 2367.3310546875
-60715 2370.330078125
-60705 2353.197998046875
-60695 2348.041015625
-60685 2337.697998046875
-60675 2321.97412109375
-60665 2306.947021484375
-60655 2296.875
-60645 2293.714111328125
-60635 2293.280029296875
-60625 2291.72412109375
-60615 2289.321044921875
-60605 2285.971923828125
-60595 2281.89990234375
-60585 2276.47998046875
-60575 2270.219970703125
-60565 2264.052978515625
-60555 2257.9189453125
-60545 2252.718994140625
-60535 2246.875
-60525 2239.825927734375
-60515 2233.056884765625
-60505 2226.470947265625
-60495 2219.43603515625
-60485 2212.701904296875
-60475 2206.360107421875
-60465 2200.27099609375
-60455 2194.7080078125
-60445 2188.2890625
-60435 2181.156005859375
-60425 2175.970947265625
-60415 2172.43896484375
-60405 2167.177001953125
-60395 2162.096923828125
-60385 2158.410888671875
-60375 2156.218017578125
-60365 2153.84912109375
-60355 2152.18798828125
-60345 2149.805908203125
-60335 2147.1220703125
-60325 2144.62109375
-60315 2142.700927734375
-60305 2140.89990234375
-60295 2138.5390625
-60285 2133.592041015625
-60275 2130.27001953125
-60265 2126.26904296875
-60255 2123.325927734375
-60245 2120.431884765625
-60235 2119.990966796875
-60225 2119.261962890625
-60215 2116.760986328125
-60205 2116.262939453125
-60195 2116.466064453125
-60185 2115.31005859375
-60175 2113.669921875
-60165 2113.068115234375
-60155 2112.156982421875
-60145 2111.2880859375
-60135 2108.169921875
-60125 2104.14111328125
-60115 2100.076904296875
-60105 2096.111083984375
-60095 2092.837890625
-60085 2092.368896484375
-60075 2091.339111328125
-60065 2087.800048828125
-60055 2085.62109375
-60045 2084.576904296875
-60035 2084.297119140625
-60025 2087.386962890625
-60015 2089.363037109375
-60005 2088.719970703125
-59995 2092.087890625
-59985 2097.6240234375
-59975 2101.423095703125
-59965 2103.9140625
-59955 2105.681884765625
-59945 2106.035888671875
-59935 2107.096923828125
-59925 2106.697021484375
-59915 2106.65087890625
-59905 2106.9130859375
-59895 2109.511962890625
-59885 2112.033935546875
-59875 2115.93994140625
-59865 2119.81494140625
-59855 2123.52099609375
-59845 2127.073974609375
-59835 2129.764892578125
-59825 2133.055908203125
-59815 2135.009033203125
-59805 2136.51611328125
-59795 2139.623046875
-59785 2143.389892578125
-59775 2147.4970703125
-59765 2152.787109375
-59755 2159.22998046875
-59745 2165.22802734375
-59735 2170.580078125
-59725 2172.701904296875
-59715 2177.5
-59705 2184.297119140625
-59695 2193.77099609375
-59685 2201.782958984375
-59675 2209.134033203125
-59665 2204.58203125
-59655 2198.81494140625
-59645 2211.4560546875
-59635 2221.052001953125
-59625 2232.5859375
-59615 2238.5830078125
-59605 2245.10400390625
-59595 2254.56201171875
-59585 2261.590087890625
-59575 2261.26708984375
-59565 2267.263916015625
-59555 2267.87890625
-59545 2271.908935546875
-59535 2268.294921875
-59525 2277.06005859375
-59515 2284.64208984375
-59505 2292.485107421875
-59495 2305.47998046875
-59485 2318.9208984375
-59475 2317.22900390625
-59465 2313.60009765625
-59455 2307.01806640625
-59445 2302.7119140625
-59435 2298.590087890625
-59425 2293.80810546875
-59415 2288.73291015625
-59405 2284.118896484375
-59395 2278.93701171875
-59385 2275.39990234375
-59375 2273.631103515625
-59365 2271.35498046875
-59355 2261.48193359375
-59345 2256.653076171875
-59335 2251.762939453125
-59325 2247.117919921875
-59315 2242.135986328125
-59305 2237.552978515625
-59295 2234.4619140625
-59285 2229.970947265625
-59275 2225.388916015625
-59265 2225.112060546875
-59255 2223.26611328125
-59245 2224.297119140625
-59235 2222.450927734375
-59225 2218.97607421875
-59215 2215.31591796875
-59205 2213.208984375
-59195 2210.548095703125
-59185 2209.364013671875
-59175 2205.04296875
-59165 2201.321044921875
-59155 2200.367919921875
-59145 2199.59912109375
-59135 2200.782958984375
-59125 2199.6298828125
-59115 2200.075927734375
-59105 2198.137939453125
-59095 2196.739013671875
-59085 2195.155029296875
-59075 2191.787109375
-59065 2187.85009765625
-59055 2180.221923828125
-59045 2171.2099609375
-59035 2165.797119140625
-59025 2160.27587890625
-59015 2157.907958984375
-59005 2156.093017578125
-58995 2154.846923828125
-58985 2156.5849609375
-58975 2156.5849609375
-58965 2154.554931640625
-58955 2150.35693359375
-58945 2146.174072265625
-58935 2138.930908203125
-58925 2131.794921875
-58915 2125.64404296875
-58905 2120.830078125
-58895 2116.492919921875
-58885 2110.14208984375
-58875 2103.697998046875
-58865 2098.27001953125
-58855 2093.532958984375
-58845 2088.47412109375
-58835 2084.4599609375
-58825 2077.37109375
-58815 2071.757080078125
-58805 2067.0048828125
-58795 2061.300048828125
-58785 2055.886962890625
-58775 2051.135009765625
-58765 2047.81298828125
-58755 2046.3370361328125
-58745 2044.35302734375
-58735 2042.5999755859375
-58725 2039.615966796875
-58715 2036.5250244140625
-58705 2033.4649658203125
-58695 2029.9739990234375
-58685 2026.31396484375
-58675 2023.008056640625
-58665 2018.501953125
-58655 2013.68798828125
-58645 2008.720947265625
-58635 2003.81494140625
-58625 2000.8780517578125
-58615 1996.31103515625
-58605 1994.2960205078125
-58595 1993.2659912109375
-58585 1993.4649658203125
-58575 1990.8199462890625
-58565 1989.052001953125
-58555 1986.822021484375
-58545 1984.531005859375
-58535 1981.885009765625
-58525 1976.780029296875
-58515 1972.5810546875
-58505 1970.3360595703125
-58495 1967.93701171875
-58485 1965.6300048828125
-58475 1963.031005859375
-58465 1960.032958984375
-58455 1956.741943359375
-58445 1953.343017578125
-58435 1950.697998046875
-58425 1948.1910400390625
-58415 1945.26904296875
-58405 1943.97705078125
-58395 1943.14697265625
-58385 1941.8709716796875
-58375 1939.4560546875
-58365 1936.22705078125
-58355 1932.9820556640625
-58345 1929.4599609375
-58335 1926.137939453125
-58325 1922.248046875
-58315 1920.4019775390625
-58305 1920.032958984375
-58295 1918.387939453125
-58285 1915.051025390625
-58275 1910.282958984375
-58265 1903.43994140625
-58255 1896.842041015625
-58245 1891.6910400390625
-58235 1887.614990234375
-58225 1882.032958984375
-58215 1878.18798828125
-58205 1874.759033203125
-58195 1872.636962890625
-58185 1869.72998046875
-58175 1866.761962890625
-58165 1864.762939453125
-58155 1863.7020263671875
-58145 1861.7490234375
-58135 1858.364990234375
-58125 1854.781982421875
-58115 1851.030029296875
-58105 1847.3389892578125
-58095 1843.60205078125
-58085 1839.342041015625
-58075 1836.3280029296875
-58065 1833.697998046875
-58055 1831.083984375
-58045 1828.9620361328125
-58035 1826.363037109375
-58025 1823.302001953125
-58015 1819.1500244140625
-58005 1812.9219970703125
-57995 1802.9110107421875
-57985 1795.6829833984375
-57975 1787.4549560546875
-57965 1781.1500244140625
-57955 1774.490966796875
-57945 1772.1839599609375
-57935 1768.0009765625
-57925 1765.89404296875
-57915 1758.4510498046875
-57905 1759.0660400390625
-57895 1757.9439697265625
-57885 1761.5880126953125
-57875 1762.156982421875
-57865 1761.4959716796875
-57855 1757.72802734375
-57845 1753.6219482421875
-57835 1752.5770263671875
-57825 1751.008056640625
-57815 1748.6400146484375
-57805 1744.97998046875
-57795 1741.7039794921875
-57785 1738.489990234375
-57775 1736.4749755859375
-57765 1734.260986328125
-57755 1731.447021484375
-57745 1729.262939453125
-57735 1726.5250244140625
-57725 1723.696044921875
-57715 1720.0050048828125
-57705 1717.0830078125
-57695 1713.699951171875
-57685 1708.6710205078125
-57675 1702.04296875
-57665 1701.012939453125
-57655 1697.030029296875
-57645 1691.862060546875
-57635 1688.06396484375
-57625 1686.3260498046875
-57615 1681.5279541015625
-57605 1677.052978515625
-57595 1677.052978515625
-57585 1676.990966796875
-57575 1676.530029296875
-57565 1676.56103515625
-57555 1676.6219482421875
-57545 1676.56103515625
-57535 1676.5150146484375
-57525 1676.4990234375
-57515 1676.530029296875
-57505 1676.6190185546875
-57495 1676.7239990234375
-57485 1676.85498046875
-57475 1676.9739990234375
-57465 1676.75
-57455 1677.35400390625
-57445 1683.8370361328125
-57435 1685.2149658203125
-57425 1691.6839599609375
-57415 1695.18798828125
-57405 1698.428955078125
-57395 1701.906005859375
-57385 1705.947998046875
-57375 1710.947998046875
-57365 1715.0159912109375
-57355 1718.781982421875
-57345 1721.06494140625
-57335 1722.4820556640625
-57325 1723.427001953125
-57315 1725.5789794921875
-57305 1726.6689453125
-57295 1727.9940185546875
-57285 1728.6500244140625
-57275 1730.041015625
-57265 1731.864990234375
-57255 1732.573974609375
-57245 1732.678955078125
-57235 1732.0360107421875
-57225 1731.510986328125
-57215 1731.7340087890625
-57205 1729.6739501953125
-57195 1727.927978515625
-57185 1730.3819580078125
-57175 1734.5550537109375
-57165 1737.7049560546875
-57155 1739.5419921875
-57145 1741.260986328125
-57135 1742.2449951171875
-57125 1742.4549560546875
-57115 1743.373046875
-57105 1744.593994140625
-57095 1747.822021484375
-57085 1750.0400390625
-57075 1754.0810546875
-57065 1757.4539794921875
-57055 1761.7449951171875
-57045 1769.1070556640625
-57035 1772.491943359375
-57025 1774.9720458984375
-57015 1777.26904296875
-57005 1779.25
-56995 1782.4649658203125
-56985 1786.4150390625
-56975 1791.2049560546875
-56965 1794.7349853515625
-56955 1797.884033203125
-56945 1800.52197265625
-56935 1802.6219482421875
-56925 1805.074951171875
-56915 1807.6739501953125
-56905 1809.6949462890625
-56895 1812.8570556640625
-56885 1813.958984375
-56875 1815.074951171875
-56865 1815.323974609375
-56855 1817.529052734375
-56845 1819.9959716796875
-56835 1823.906005859375
-56825 1825.7960205078125
-56815 1826.0450439453125
-56805 1827.5150146484375
-56795 1828.81396484375
-56785 1831.5040283203125
-56775 1833.1309814453125
-56765 1832.6719970703125
-56755 1833
-56745 1832.2919921875
-56735 1834.45703125
-56725 1838.10498046875
-56715 1838.197021484375
-56705 1834.1419677734375
-56695 1831.490966796875
-56685 1831.7540283203125
-56675 1832.8819580078125
-56665 1833.4990234375
-56655 1831.6219482421875
-56645 1830.2840576171875
-56635 1826.5439453125
-56625 1824.31298828125
-56615 1821.386962890625
-56605 1818.2640380859375
-56595 1815.468994140625
-56585 1814.10400390625
-56575 1813.6839599609375
-56565 1811.8599853515625
-56555 1809.7340087890625
-56545 1807.6209716796875
-56535 1804.969970703125
-56525 1803.2650146484375
-56515 1800.52197265625
-56505 1797.5169677734375
-56495 1796.02099609375
-56485 1794.9189453125
-56475 1794.9449462890625
-56465 1794.31494140625
-56455 1792.72705078125
-56445 1790.10302734375
-56435 1786.3499755859375
-56425 1783.4759521484375
-56415 1780.864990234375
-56405 1777.7540283203125
-56395 1775.9169921875
-56385 1774.3160400390625
-56375 1777.1639404296875
-56365 1778.489013671875
-56355 1777.0980224609375
-56345 1777.531005859375
-56335 1775.655029296875
-56325 1776.0350341796875
-56315 1775.864990234375
-56305 1773.594970703125
-56295 1768.699951171875
-56285 1761.81103515625
-56275 1755.511962890625
-56265 1751.7060546875
-56255 1750.7750244140625
-56245 1752.0469970703125
-56235 1752.572021484375
-56225 1753.68798828125
-56215 1752.23095703125
-56205 1750.052978515625
-56195 1749.6719970703125
-56185 1750.7220458984375
-56175 1750.9449462890625
-56165 1750.10498046875
-56155 1743.4649658203125
-56145 1742.2840576171875
-56135 1742.5989990234375
-56125 1743.5970458984375
-56115 1741.365966796875
-56105 1740.3160400390625
-56095 1746.8380126953125
-56085 1747.0999755859375
-56075 1746.7459716796875
-56065 1743.321044921875
-56055 1742.72998046875
-56045 1743.5439453125
-56035 1743.0579833984375
-56025 1742.9139404296875
-56015 1749.6719970703125
-56005 1753.22900390625
-55995 1758.844970703125
-55985 1762.833984375
-55975 1767.9649658203125
-55965 1773.9229736328125
-55955 1777.9119873046875
-55945 1783.9739990234375
-55935 1787.2939453125
-55925 1789.6300048828125
-55915 1793.7640380859375
-55905 1800.9940185546875
-55895 1808.802001953125
-55885 1813.9990234375
-55875 1818.5260009765625
-55865 1821.8719482421875
-55855 1825.7559814453125
-55845 1828.7750244140625
-55835 1830.4019775390625
-55825 1833.052978515625
-55815 1837.2259521484375
-55805 1842.2650146484375
-55795 1848.0250244140625
-55785 1854.6650390625
-55775 1862.3289794921875
-55765 1868.9949951171875
-55755 1877.6689453125
-55745 1886.2769775390625
-55735 1894.427001953125
-55725 1899.5439453125
-55715 1908.9530029296875
-55705 1914.2550048828125
-55695 1919.345947265625
-55685 1925.8809814453125
-55675 1934.385009765625
-55665 1938.7020263671875
-55655 1943.0450439453125
-55645 1948.01904296875
-55635 1951.81103515625
-55625 1955.31494140625
-55615 1959.0810546875
-55605 1962.7159423828125
-55595 1966.2850341796875
-55585 1972.3740234375
-55575 1979.407958984375
-55565 1985.9429931640625
-55555 1990.574951171875
-55545 1994.2230224609375
-55535 1999.2099609375
-55525 2005.5870361328125
-55515 2012.385009765625
-55505 2017.698974609375
-55495 2023.4730224609375
-55485 2030.52001953125
-55475 2036.949951171875
-55465 2042.383056640625
-55455 2048.4189453125
-55445 2053.904052734375
-55435 2058.837890625
-55425 2063.837890625
-55415 2068.85107421875
-55405 2072.236083984375
-55395 2077.576904296875
-55385 2083.049072265625
-55375 2087.73388671875
-55365 2091.85400390625
-55355 2097.537109375
-55345 2104.294921875
-55335 2111.696044921875
-55325 2118.794921875
-55315 2125.014892578125
-55305 2131.4189453125
-55295 2139.214111328125
-55285 2147.887939453125
-55275 2156.27294921875
-55265 2165.14404296875
-55255 2172.93798828125
-55245 2180.85107421875
-55235 2189.052978515625
-55225 2194.89208984375
-55215 2201.6640625
-55205 2207.555908203125
-55195 2214.221923828125
-55185 2220.743896484375
-55175 2226.925048828125
-55165 2233.7880859375
-55155 2240.47998046875
-55145 2248.73388671875
-55135 2257.18505859375
-55125 2264.455078125
-55115 2271.64599609375
-55105 2279.2958984375
-55095 2286.8291015625
-55085 2293.364013671875
-55075 2300.384033203125
-55065 2307.968994140625
-55055 2313.65087890625
-55045 2319.714111328125
-55035 2326.406005859375
-55025 2333.781005859375
-55015 2341.655029296875
-55005 2351.416015625
-54995 2359.60595703125
-54985 2366.592041015625
-54975 2373.136962890625
-54965 2373.717041015625
-54955 2374.43701171875
-54945 2369.5048828125
-54935 2361.532958984375
-54925 2354.048095703125
-54915 2343.87109375
-54905 2335.51611328125
-54895 2327.2529296875
-54885 2316.7509765625
-54875 2307.839111328125
-54865 2299.3330078125
-54855 2289.028076171875
-54845 2279.550048828125
-54835 2269.883056640625
-54825 2266.0048828125
-54815 2259.9150390625
-54805 2261.39794921875
-54795 2250.446044921875
-54785 2240.26904296875
-54775 2235.3720703125
-54765 2228.303955078125
-54755 2216.304931640625
-54745 2209.5048828125
-54735 2200.4541015625
-54725 2193.1201171875
-54715 2190.6708984375
-54705 2188.721923828125
-54695 2180.052978515625
-54685 2171.720947265625
-54675 2164.409912109375
-54665 2156.27587890625
-54655 2152.748046875
-54645 2150.93798828125
-54635 2150.89111328125
-54625 2145.031005859375
-54615 2142.1650390625
-54605 2146.923095703125
-54595 2150.60107421875
-54585 2147.64208984375
-54575 2145.623046875
-54565 2143.174072265625
-54555 2135.22509765625
-54545 2126.7890625
-54535 2108.012939453125
-54525 2100.283935546875
-54515 2091.9990234375
-54505 2084.513916015625
-54495 2076.7041015625
-54485 2069.080078125
-54475 2062.361083984375
-54465 2056.68701171875
-54455 2051.778076171875
-54445 2047.344970703125
-54435 2042.470947265625
-54425 2037.8759765625
-54415 2034.10400390625
-54405 2030.6949462890625
-54395 2027.4429931640625
-54385 2024.5770263671875
-54375 2021.489990234375
-54365 2018.9630126953125
-54355 2013.625
-54345 2014.0660400390625
-54335 2011.1529541015625
-54325 2008.6209716796875
-54315 2005.76904296875
-54305 2003.14599609375
-54295 2002.322021484375
-54285 2001.3590087890625
-54275 1998.4580078125
-54265 2000.904052734375
-54255 2000.8809814453125
-54245 1999.8160400390625
-54235 1999.52294921875
-54225 1998.594970703125
-54215 1998.8060302734375
-54205 1999.6070556640625
-54195 1999.197998046875
-54185 1999.384033203125
-54175 1999.375
-54165 2000.2540283203125
-54155 2001.487060546875
-54145 2003.18994140625
-54135 2005.7779541015625
-54125 2007.93603515625
-54115 2009.0760498046875
-54105 2009.56103515625
-54095 2011.8380126953125
-54085 2025.4010009765625
-54075 2041.72900390625
-54065 2041.333984375
-54055 2046.114990234375
-54045 2047.6240234375
-54035 2046.18505859375
-54025 2048.156982421875
-54015 2051.243896484375
-54005 2056.281005859375
-53995 2061.908935546875
-53985 2067.27197265625
-53975 2074.778076171875
-53965 2084.4208984375
-53955 2093.472900390625
-53945 2115.625
-53935 2127.54296875
-53925 2134.924072265625
-53915 2145.784912109375
-53905 2149.010986328125
-53895 2154.4541015625
-53885 2158.72412109375
-53875 2162.947998046875
-53865 2166.569091796875
-53855 2167.659912109375
-53845 2171.02490234375
-53835 2174.530029296875
-53825 2179.2060546875
-53815 2184.68310546875
-53805 2190.39306640625
-53795 2193.364013671875
-53785 2194.60498046875
-53775 2193.2939453125
-53765 2188.697998046875
-53755 2182.013916015625
-53745 2178.927978515625
-53735 2191.587890625
-53725 2198.6669921875
-53715 2204.282958984375
-53705 2214.367919921875
-53695 2217.76806640625
-53685 2224.18505859375
-53675 2233.3759765625
-53665 2239.885986328125
-53655 2241.333984375
-53645 2249.819091796875
-53635 2249.075927734375
-53625 2247.800048828125
-53615 2245.235107421875
-53605 2245.281982421875
-53595 2243.470947265625
-53585 2247.72802734375
-53575 2258.429931640625
-53565 2265.27392578125
-53555 2270.263916015625
-53545 2280.464111328125
-53535 2291.490966796875
-53525 2294.031982421875
-53515 2298.291015625
-53505 2298.697021484375
-53495 2295.863037109375
-53485 2288.54296875
-53475 2282.416015625
-53465 2276.530029296875
-53455 2269.927001953125
-53445 2262.802001953125
-53435 2257.837890625
-53425 2253.31201171875
-53415 2252.718017578125
-53405 2249.634033203125
-53395 2245.967041015625
-53385 2241.948974609375
-53375 2240.988037109375
-53365 2235.174072265625
-53355 2228.73388671875
-53345 2220.216064453125
-53335 2211.989013671875
-53325 2203.6220703125
-53315 2196.54296875
-53305 2189.846923828125
-53295 2184.068115234375
-53285 2179.427001953125
-53275 2174.262939453125
-53265 2169.573974609375
-53255 2164.212890625
-53245 2159.31591796875
-53235 2155.64892578125
-53225 2150.89111328125
-53215 2142.721923828125
-53205 2134.64501953125
-53195 2127.613037109375
-53185 2119.52490234375
-53175 2112.945068359375
-53165 2106.748046875
-53155 2099.51904296875
-53145 2092.614013671875
-53135 2085.697998046875
-53125 2081.449951171875
-53115 2075.25390625
-53105 2068.778076171875
-53095 2062.570068359375
-53085 2057.219970703125
-53075 2051.76611328125
-53065 2046.614013671875
-53055 2040.2080078125
-53045 2033.385009765625
-53035 2027.072021484375
-53025 2020.990966796875
-53015 2015.6300048828125
-53005 2011.614990234375
-52995 2008.1800537109375
-52985 2003.43603515625
-52975 1999.4329833984375
-52965 1994.3499755859375
-52955 1988.97705078125
-52945 1984.3699951171875
-52935 1980.0760498046875
-52925 1975.177001953125
-52915 1970.259033203125
-52905 1966.0350341796875
-52895 1961.1729736328125
-52885 1957.0880126953125
-52875 1952.6199951171875
-52865 1948.1180419921875
-52855 1943.592041015625
-52845 1937.987060546875
-52835 1933.2760009765625
-52825 1927.9959716796875
-52815 1922.5770263671875
-52805 1916.7740478515625
-52795 1911.9580078125
-52785 1906.5860595703125
-52775 1901.0389404296875
-52765 1894.85400390625
-52755 1889.0159912109375
-52745 1882.425048828125
-52735 1877.6209716796875
-52725 1873.1300048828125
-52715 1868.697021484375
-52705 1865.052978515625
-52695 1860.1099853515625
-52685 1854.5860595703125
-52675 1848.3079833984375
-52665 1839.6739501953125
-52655 1832.2130126953125
-52645 1824.7860107421875
-52635 1817.0460205078125
-52625 1810.9530029296875
-52615 1805.0699462890625
-52605 1799.406982421875
-52595 1793.280029296875
-52585 1788.1390380859375
-52575 1783.1839599609375
-52565 1777.7760009765625
-52555 1772.553955078125
-52545 1767.343994140625
-52535 1761.843994140625
-52525 1757.27099609375
-52515 1753.0379638671875
-52505 1748.759033203125
-52495 1744.248046875
-52485 1741.7650146484375
-52475 1738.4439697265625
-52465 1736.1629638671875
-52455 1733.9759521484375
-52445 1730.9189453125
-52435 1728.467041015625
-52425 1722.10595703125
-52415 1713.5870361328125
-52405 1706.2640380859375
-52395 1702.35302734375
-52385 1698.3189697265625
-52375 1694.5179443359375
-52365 1688.5279541015625
-52355 1690.1729736328125
-52345 1691.864013671875
-52335 1690.9329833984375
-52325 1689.365966796875
-52315 1691.10400390625
-52305 1693.10595703125
-52295 1693.8809814453125
-52285 1694.9990234375
-52275 1695.2159423828125
-52265 1695.8060302734375
-52255 1698.1949462890625
-52245 1698.1639404296875
-52235 1697.97802734375
-52225 1698.27294921875
-52215 1698.862060546875
-52205 1699.2039794921875
-52195 1698.76904296875
-52185 1700.197021484375
-52175 1700.197021484375
-52165 1701.251953125
-52155 1703.4239501953125
-52145 1703.6719970703125
-52135 1705.6429443359375
-52125 1703.9520263671875
-52115 1704.883056640625
-52105 1705.1929931640625
-52095 1704.9449462890625
-52085 1703.1290283203125
-52075 1702.7259521484375
-52065 1701.406982421875
-52055 1700.677978515625
-52045 1700.708984375
-52035 1699.97900390625
-52025 1700.197021484375
-52015 1702.1209716796875
-52005 1705.2860107421875
-51995 1708.8079833984375
-51985 1713.2919921875
-51975 1717.2030029296875
-51965 1720.7869873046875
-51955 1723.7969970703125
-51945 1727.39697265625
-51935 1729.39794921875
-51925 1732.905029296875
-51915 1746.373046875
-51905 1751.865966796875
-51895 1757.654052734375
-51885 1762.696044921875
-51875 1768.5
-51865 1773.0150146484375
-51855 1779.8260498046875
-51845 1784.31103515625
-51835 1784.48095703125
-51825 1786.9949951171875
-51815 1789.833984375
-51805 1794.008056640625
-51795 1797.717041015625
-51785 1800.136962890625
-51775 1805.7850341796875
-51765 1810.6729736328125
-51755 1815.2659912109375
-51745 1819.532958984375
-51735 1823.2879638671875
-51725 1825.614990234375
-51715 1832.2559814453125
-51705 1840.0450439453125
-51695 1846.68603515625
-51685 1851.3719482421875
-51675 1856.5389404296875
-51665 1864.7010498046875
-51655 1872.4119873046875
-51645 1877.1600341796875
-51635 1884.157958984375
-51625 1892.739013671875
-51615 1900.7449951171875
-51605 1908.426025390625
-51595 1915.531982421875
-51585 1916.866943359375
-51575 1920.467041015625
-51565 1922.886962890625
-51555 1929.4189453125
-51545 1938.449951171875
-51535 1949.125
-51525 1957.5970458984375
-51515 1965.154052734375
-51505 1974.4010009765625
-51495 1982.7340087890625
-51485 1990.5849609375
-51475 1995.968994140625
-51465 1997.0550537109375
-51455 1996.8070068359375
-51445 2003.5250244140625
-51435 2009.2659912109375
-51425 2010.864990234375
-51415 2014.991943359375
-51405 2020.3919677734375
-51395 2027.43603515625
-51385 2036.56005859375
-51375 2043.35595703125
-51365 2050.77294921875
-51355 2061.29296875
-51345 2066.134033203125
-51335 2081.572998046875
-51325 2086.64599609375
-51315 2081.47900390625
-51305 2086.926025390625
-51295 2094.326904296875
-51285 2105.375
-51275 2118.176025390625
-51265 2123.74609375
-51255 2129.719970703125
-51245 2137.927978515625
-51235 2151.907958984375
-51225 2164.569091796875
-51215 2173.39794921875
-51205 2182.382080078125
-51195 2189.534912109375
-51185 2194.361083984375
-51175 2190.85400390625
-51165 2196.68798828125
-51155 2201.68505859375
-51145 2206.945068359375
-51135 2213.27490234375
-51125 2219.373046875
-51115 2223.73291015625
-51105 2228.139892578125
-51095 2231.693115234375
-51085 2232.6240234375
-51075 2232.779052734375
-51065 2230.591064453125
-51055 2233.306884765625
-51045 2236.705078125
-51035 2240.537109375
-51025 2245.7041015625
-51015 2251.570068359375
-51005 2250.824951171875
-50995 2251.553955078125
-50985 2253.571044921875
-50975 2259.297119140625
-50965 2265.37890625
-50955 2269.987060546875
-50945 2273.882080078125
-50935 2279.716064453125
-50925 2280.89501953125
-50915 2278.134033203125
-50905 2274.487060546875
-50895 2264.866943359375
-50885 2266.0458984375
-50875 2280.989013671875
-50865 2281.949951171875
-50855 2278.055908203125
-50845 2260.366943359375
-50835 2265.5810546875
-50825 2254.0830078125
-50815 2241.91796875
-50805 2225.68798828125
-50795 2224.4619140625
-50785 2236.612060546875
-50775 2241.39111328125
-50765 2237.138916015625
-50755 2229.986083984375
-50745 2224.337890625
-50735 2217.18505859375
-50725 2206.06005859375
-50715 2205.718994140625
-50705 2203.468994140625
-50695 2206.4951171875
-50685 2213.60107421875
-50675 2219.450927734375
-50665 2214.73388671875
-50655 2201.327880859375
-50645 2185.4541015625
-50635 2175.616943359375
-50625 2175.35302734375
-50615 2166.1669921875
-50605 2161.962890625
-50595 2151.256103515625
-50585 2145.85693359375
-50575 2142.8779296875
-50565 2142.89306640625
-50555 2134.761962890625
-50545 2131.68994140625
-50535 2118.283935546875
-50525 2110.385986328125
-50515 2102.22509765625
-50505 2094.80810546875
-50495 2086.321044921875
-50485 2082.488037109375
-50475 2078.034912109375
-50465 2078.68701171875
-50455 2074.885009765625
-50445 2079.85009765625
-50435 2073.8759765625
-50425 2071.02099609375
-50415 2063.805908203125
-50405 2056.172119140625
-50395 2049.4541015625
-50385 2041.8819580078125
-50375 2032.137939453125
-50365 2022.3310546875
-50355 2015.2559814453125
-50345 2007.9320068359375
-50335 1989.4830322265625
-50325 1994.123046875
-50315 1985.41796875
-50305 1983.4940185546875
-50295 1978.2340087890625
-50285 1972.5240478515625
-50275 1965.7430419921875
-50265 1958.2950439453125
-50255 1948.5050048828125
-50245 1939.39599609375
-50235 1929.6829833984375
-50225 1926.2080078125
-50215 1921.8470458984375
-50205 1916.198974609375
-50195 1911.4830322265625
-50185 1904.4539794921875
-50175 1899.6280517578125
-50165 1893.85595703125
-50155 1889.248046875
-50145 1885.4310302734375
-50135 1880.7449951171875
-50125 1873.5140380859375
-50115 1865.384033203125
-50105 1857.2060546875
-50095 1853.6689453125
-50085 1850.595947265625
-50075 1850.488037109375
-50065 1848.7969970703125
-50055 1842.031005859375
-50045 1838.4940185546875
-50035 1834.1650390625
-50025 1836.8800048828125
-50015 1841.0999755859375
-50005 1846.7330322265625
-49995 1850.5140380859375
-49985 1853.31298828125
-49975 1851.532958984375
-49965 1851.1700439453125
-49955 1852.4300537109375
-49945 1855.7550048828125
-49935 1859.7110595703125
-49925 1861.6529541015625
-49915 1860.470947265625
-49905 1859.5679931640625
-49895 1856.06005859375
-49885 1858.5030517578125
-49875 1857.4110107421875
-49865 1856.1319580078125
-49855 1856.6710205078125
-49845 1856.9959716796875
-49835 1857.8919677734375
-49825 1861.7889404296875
-49815 1863.990966796875
-49805 1868.635009765625
-49795 1874.3699951171875
-49785 1879.3260498046875
-49775 1883.6710205078125
-49765 1885.781982421875
-49755 1889.0169677734375
-49745 1899.5909423828125
-49735 1905.5400390625
-49725 1917.0760498046875
-49715 1926.176025390625
-49705 1933.9110107421875
-49695 1948.2530517578125
-49685 1945.9730224609375
-49675 1932.8590087890625
-49665 1918.531005859375
-49655 1932.8590087890625
-49645 1944.251953125
-49635 1960.113037109375
-49625 1969.154052734375
-49615 1964.8349609375
-49605 1973.3299560546875
-49595 1975.8179931640625
-49585 1970.10205078125
-49575 1986.1259765625
-49565 1975.3310546875
-49555 2003.0780029296875
-49545 2012.35302734375
-49535 2018.1009521484375
-49525 2017.23095703125
-49515 2015.322021484375
-49505 2013.76904296875
-49495 2018.322021484375
-49485 2021.5889892578125
-49475 2022.89501953125
-49465 2025.551025390625
-49455 2028.383056640625
-49445 2031.8909912109375
-49435 2036.9239501953125
-49425 2042.426025390625
-49415 2051.615966796875
-49405 2057.929931640625
-49395 2064.873046875
-49385 2071.93994140625
-49375 2079.324951171875
-49365 2086.68994140625
-49355 2094.56201171875
-49345 2102.506103515625
-49335 2109.805908203125
-49325 2117.197998046875
-49315 2123.6279296875
-49305 2129.123046875
-49295 2136.0009765625
-49285 2142.1201171875
-49275 2151.174072265625
-49265 2156.760009765625
-49255 2166.281982421875
-49245 2171.238037109375
-49235 2178.85009765625
-49225 2185.72802734375
-49215 2192.509033203125
-49205 2198.965087890625
-49195 2203.6220703125
-49185 2208.577880859375
-49175 2212.708984375
-49165 2217.989990234375
-49155 2222.7958984375
-49145 2231.700927734375
-49135 2241.677001953125
-49125 2249.861083984375
-49115 2258.195068359375
-49105 2263.06591796875
-49095 2273.054931640625
-49085 2277.47900390625
-49075 2281.967041015625
-49065 2287.636962890625
-49055 2293.821044921875
-49045 2300.04296875
-49035 2306.93408203125
-49025 2314.909912109375
-49015 2323.8798828125
-49005 2332.259033203125
-48995 2340.409912109375
-48985 2341.156982421875
-48975 2345.30810546875
-48965 2347.672119140625
-48955 2342.8779296875
-48945 2333.967041015625
-48935 2327.614990234375
-48925 2319.014892578125
-48915 2310.922119140625
-48905 2303.2509765625
-48895 2296.48291015625
-48885 2289.637939453125
-48875 2282.7919921875
-48865 2275.8349609375
-48855 2269.529052734375
-48845 2263.31298828125
-48835 2257.804931640625
-48825 2251.635009765625
-48815 2243.85302734375
-48805 2234.318115234375
-48795 2227.751953125
-48785 2222.31494140625
-48775 2216.385009765625
-48765 2210.7080078125
-48755 2206.044921875
-48745 2202.051025390625
-48735 2197.3349609375
-48725 2192.76904296875
-48715 2188.033935546875
-48705 2183.111083984375
-48695 2177.011962890625
-48685 2170.549072265625
-48675 2162.9560546875
-48665 2154.818115234375
-48655 2148.43310546875
-48645 2143.360107421875
-48635 2139.072998046875
-48625 2133.33203125
-48615 2127.64208984375
