-61775 2119.219970703125
-61765 2116.47998046875
-61755 2116.81689453125
-61745 2118.6669921875
-61735 2120.64990234375
-61725 2120.299072265625
-61715 2120.60693359375
-61705 2122.051025390625
-61695 2122.94091796875
-61685 2124.0830078125
-61675 2125.638916015625
-61665 2127.887939453125
-61655 2130.572021484375
-61645 2133.408935546875
-61635 2135.3359375
-61625 2138.3291015625
-61615 2142.799072265625
-61605 2147.718017578125
-61595 2152.5458984375
-61585 2157.037109375
-61575 2161.6689453125
-61565 2165.257080078125
-61555 2169.552001953125
-61545 2175.277099609375
-61535 2180.93896484375
-61525 2187.406005859375
-61515 2193.41796875
-61505 2200.60791015625
-61495 2207.761962890625
-61485 2216.66796875
-61475 2225.843994140625
-61465 2235.60400390625
-61455 2246.931884765625
-61445 2253.988037109375
-61435 2255.23095703125
-61425 2257.25
-61415 2262.85888671875
-61405 2269.989013671875
-61395 2276.199951171875
-61385 2282.31005859375
-61375 2288.302001953125
-61365 2292.781982421875
-61355 2290.75
-61345 2289.572998046875
-61335 2292.10595703125
-61325 2297.949951171875
-61315 2304.611083984375
-61305 2311.9609375
-61295 2319.594970703125
-61285 2328.160888671875
-61275 2337.362060546875
-61265 2346.72998046875
-61255 2355.363037109375
-61245 2356.568115234375
-61235 2351.922119140625
-61225 2346.779052734375
-61215 2341.468017578125
-61205 2336.89208984375
-61195 2332.680908203125
-61185 2328.75
-61175 2324.573974609375
-61165 2320.131103515625
-61155 2318.5859375
-61145 2319.282958984375
-61135 2319.85107421875
-61125 2319.10107421875
-61115 2319.052001953125
-61105 2317.174072265625
-61095 2315.93408203125
-61085 2315.14208984375
-61075 2314.889892578125
-61065 2314.112060546875
-61055 2314.44091796875
-61045 2315.612060546875
-61035 2314.610107421875
-61025 2314.30810546875
-61015 2315.051025390625
-61005 2316.214111328125
-60995 2316.7890625
-60985 2318.4208984375
-60975 2320.08203125
-60965 2322.260986328125
-60955 2326.388916015625
-60945 2329.549072265625
-60935 2334.01904296875
-60925 2337.073974609375
-60915 2339.7509765625
-60905 2342.35791015625
-60895 2347.89306640625
-60885 2352.97998046875
-60875 2358.011962890625
-60865 2361.81005859375
-60855 2366.4619140625
-60845 2370.9609375
-60835 2378.240966796875
-60825 2388.87109375
-60815 2391.0009765625
-60805 2391.79296875
-60795 2366
-60785 2351.922119140625
-60775 2345.888916015625
-60765 2334.719970703125
-60755 2328.049072265625
-60745 2321.070068359375
-60735 2314.868896484375
-60725 2307.50390625
-60715 2300.489990234375
-60705 2294.158935546875
-60695 2287.780029296875
-60685 2281.9150390625
-60675 2276.092041015625
-60665 2270.198974609375
-60655 2265.06298828125
-60645 2260.240966796875
-60635 2257.214111328125
-60625 2256.81201171875
-60615 2252.7958984375
-60605 2247.43310546875
-60595 2244.2060546875
-60585 2243.02099609375
-60575 2238.18701171875
-60565 2235.069091796875
-60555 2232.3291015625
-60545 2230.780029296875
-60535 2231.326904296875
-60525 2225.60888671875
-60515 2219.2890625
-60505 2212.968017578125
-60495 2206.97705078125
-60485 2200.447021484375
-60475 2193.93701171875
-60465 2186.537109375
-60455 2180.826904296875
-60445 2174.470947265625
-60435 2165.865966796875
-60425 2159.049072265625
-60415 2151.949951171875
-60405 2146.1689453125
-60395 2140.550048828125
-60385 2132.659912109375
-60375 2126.7109375
-60365 2122.3798828125
-60355 2117.279052734375
-60345 2112.7529296875
-60335 2109.087890625
-60325 2105.990966796875
-60315 2101.2470703125
-60305 2095.199951171875
-60295 2091.423095703125
-60285 2085.467041015625
-60275 2081.291015625
-60265 2076.89697265625
-60255 2073.18408203125
-60245 2068.656982421875
-60235 2065.041015625
-60225 2062.18896484375
-60215 2059.37890625
-60205 2057.943115234375
-60195 2055.51904296875
-60185 2055.75
-60175 2057.31298828125
-60165 2056.10009765625
-60155 2056.169921875
-60145 2056.87109375
-60135 2055.910888671875
-60125 2052.162109375
-60115 2047.866943359375
-60105 2044.5379638671875
-60095 2043.823974609375
-60085 2044.4329833984375
-60075 2044.72802734375
-60065 2045.0009765625
-60055 2043.3680419921875
-60045 2040.9510498046875
-60035 2040.698974609375
-60025 2039.990966796875
-60015 2044.1319580078125
-60005 2045.7679443359375
-59995 2043.6300048828125
-59985 2042.76904296875
-59975 2043.322998046875
-59965 2043.8609619140625
-59955 2045.7220458984375
-59945 2046.321044921875
-59935 2046.8289794921875
-59925 2047.074951171875
-59915 2047.58203125
-59905 2049.197021484375
-59895 2051.0419921875
-59885 2053.02587890625
-59875 2054.22607421875
-59865 2056.02490234375
-59855 2057.655029296875
-59845 2059.51611328125
-59835 2061.19189453125
-59825 2064.007080078125
-59815 2065.6669921875
-59805 2068.297119140625
-59795 2072.18798828125
-59785 2075.77099609375
-59775 2078.1240234375
-59765 2081.215087890625
-59755 2083.136962890625
-59745 2086.259033203125
-59735 2089.949951171875
-59725 2093.34912109375
-59715 2096.071044921875
-59705 2097.79296875
-59695 2099.10009765625
-59685 2099.56201171875
-59675 2097.239990234375
-59665 2105.89794921875
-59655 2112.2490234375
-59645 2122.69091796875
-59635 2126.39697265625
-59625 2128.258056640625
-59615 2130.027099609375
-59605 2131.549072265625
-59595 2134.302001953125
-59585 2135.547119140625
-59575 2137.930908203125
-59565 2140.89892578125
-59555 2143.14501953125
-59545 2144.804931640625
-59535 2146.77392578125
-59525 2149.14208984375
-59515 2162.506103515625
-59505 2165.6279296875
-59495 2178.114990234375
-59485 2176.25390625
-59475 2180.114013671875
-59465 2183.97412109375
-59455 2185.06591796875
-59445 2195.047119140625
-59435 2198.306884765625
-59425 2204.011962890625
-59415 2213.885009765625
-59405 2212.60888671875
-59395 2207.718994140625
-59385 2210.041015625
-59375 2210.9169921875
-59365 2217.9609375
-59355 2225.881103515625
-59345 2232.81591796875
-59335 2229.14111328125
-59325 2232.048095703125
-59315 2236.70703125
-59305 2237.014892578125
-59295 2237.906982421875
-59285 2237.738037109375
-59275 2236.906982421875
-59265 2232.01708984375
-59255 2228.280029296875
-59245 2225.7119140625
-59235 2221.298095703125
-59225 2216.89990234375
-59215 2209.45703125
-59205 2199.89111328125
-59195 2190.464111328125
-59185 2183.298095703125
-59175 2176.6240234375
-59165 2170.2880859375
-59155 2164.950927734375
-59145 2161.445068359375
-59135 2160.198974609375
-59125 2158.569091796875
-59115 2156.75390625
-59105 2154.462890625
-59095 2152.324951171875
-59085 2149.634033203125
-59075 2147.3740234375
-59065 2146.55810546875
-59055 2145.89697265625
-59045 2145.9130859375
-59035 2144.14404296875
-59025 2142.867919921875
-59015 2144.052001953125
-59005 2144.77490234375
-58995 2144.498046875
-58985 2144.759033203125
-58975 2142.09912109375
-58965 2137.301025390625
-58955 2132.7490234375
-58945 2131.44091796875
-58935 2132.178955078125
-58925 2135.31689453125
-58915 2136.655029296875
-58905 2136.239990234375
-58895 2133.87109375
-58885 2130.56494140625
-58875 2125.3359375
-58865 2119.0458984375
-58855 2107.236083984375
-58845 2099.51611328125
-58835 2091.134033203125
-58825 2085.614013671875
-58815 2077.801025390625
-58805 2070.26611328125
-58795 2064.007080078125
-58785 2059.070068359375
-58775 2053.45703125
-58765 2047.3060302734375
-58755 2037.7249755859375
-58745 2031.0660400390625
-58735 2023.9300537109375
-58725 2017.8709716796875
-58715 2013.196044921875
-58705 2008.5670166015625
-58695 2005.2149658203125
-58685 2003.092041015625
-58675 1998.5560302734375
-58665 1996.9560546875
-58655 1995.864990234375
-58645 1993.758056640625
-58635 1991.60498046875
-58625 1989.31298828125
-58615 1986.5909423828125
-58605 1983.8079833984375
-58595 1980.7010498046875
-58585 1977.5030517578125
-58575 1975.0880126953125
-58565 1972.4580078125
-58555 1969.998046875
-58545 1967.4449462890625
-58535 1965.1080322265625
-58525 1962.83203125
-58515 1959.5560302734375
-58505 1957.510009765625
-58495 1955.1419677734375
-58485 1953.3580322265625
-58475 1952.89697265625
-58465 1950.89794921875
-58455 1944.9310302734375
-58445 1944.4539794921875
-58435 1944.43896484375
-58425 1946.114990234375
-58415 1944.97705078125
-58405 1943.68505859375
-58395 1942.9930419921875
-58385 1942.177978515625
-58375 1940.947998046875
-58365 1940.0870361328125
-58355 1937.7950439453125
-58345 1934.81201171875
-58335 1933.2130126953125
-58325 1930.675048828125
-58315 1927.7530517578125
-58305 1925.5689697265625
-58295 1923.7860107421875
-58285 1922.571044921875
-58275 1920.06396484375
-58265 1916.06494140625
-58255 1911.3900146484375
-58245 1908.530029296875
-58235 1906.8079833984375
-58225 1903.177978515625
-58215 1900.6719970703125
-58205 1898.8260498046875
-58195 1894.2430419921875
-58185 1890.3370361328125
-58175 1886.4310302734375
-58165 1881.7099609375
-58155 1878.4959716796875
-58145 1875.3890380859375
-58135 1872.406005859375
-58125 1869.5760498046875
-58115 1866.761962890625
-58105 1864.6240234375
-58095 1862.5789794921875
-58085 1861.3179931640625
-58075 1858.550048828125
-58065 1857.3199462890625
-58055 1856.1510009765625
-58045 1854.8280029296875
-58035 1854.8740234375
-58025 1854.489990234375
-58015 1852.93701171875
-58005 1852.029052734375
-57995 1850.3690185546875
-57985 1848.6309814453125
-57975 1846.2010498046875
-57965 1843.510009765625
-57955 1838.9730224609375
-57945 1835.3280029296875
-57935 1833.883056640625
-57925 1832.56005859375
-57915 1830.238037109375
-57905 1827.654052734375
-57895 1823.302001953125
-57885 1819.904052734375
-57875 1817.719970703125
-57865 1816.0589599609375
-57855 1813.3060302734375
-57845 1810.446044921875
-57835 1807.7550048828125
-57825 1804.8330078125
-57815 1801.7110595703125
-57805 1798.54296875
-57795 1795.2669677734375
-57785 1791.43798828125
-57775 1785.532958984375
-57765 1782.0260009765625
-57755 1781.5799560546875
-57745 1779.68896484375
-57735 1774.5989990234375
-57725 1772.93798828125
-57715 1771.491943359375
-57705 1769.6009521484375
-57695 1767.06298828125
-57685 1765.5250244140625
-57675 1761.25
-57665 1756.7750244140625
-57655 1752.43798828125
-57645 1749.5159912109375
-57635 1745.8719482421875
-57625 1741.135009765625
-57615 1738.5360107421875
-57605 1735.5059814453125
-57595 1733.1839599609375
-57585 1731.47705078125
-57575 1729.9549560546875
-57565 1729.2469482421875
-57555 1727.7860107421875
-57545 1725.3409423828125
-57535 1722.8809814453125
-57525 1719.4210205078125
-57515 1715.20703125
-57505 1710.904052734375
-57495 1706.4859619140625
-57485 1702.1820068359375
-57475 1699.2950439453125
-57465 1698.0350341796875
-57455 1695.634033203125
-57445 1694.9119873046875
-57435 1693.6650390625
-57425 1690.5419921875
-57415 1688.73095703125
-57405 1686.0150146484375
-57395 1683.8759765625
-57385 1680.5560302734375
-57375 1680.739990234375
-57365 1682.9439697265625
-57355 1683.1810302734375
-57345 1682.551025390625
-57335 1680.7659912109375
-57325 1678.56103515625
-57315 1674.362060546875
-57305 1673.0889892578125
-57295 1670.93701171875
-57285 1668.876953125
-57275 1665.426025390625
-57265 1663.3260498046875
-57255 1660.9639892578125
-57245 1657.4339599609375
-57235 1654.3370361328125
-57225 1657.4210205078125
-57215 1664.3759765625
-57205 1670.0450439453125
-57195 1674.6639404296875
-57185 1675.5040283203125
-57175 1675.1500244140625
-57165 1675.739990234375
-57155 1677.10498046875
-57145 1678.155029296875
-57135 1679.9000244140625
-57125 1683.823974609375
-57115 1685.0050048828125
-57105 1683.2860107421875
-57095 1682.406005859375
-57085 1684.677001953125
-57075 1689.386962890625
-57065 1690.344970703125
-57055 1695.18798828125
-57045 1699.26904296875
-57035 1703.126953125
-57025 1708.27099609375
-57015 1712.1810302734375
-57005 1711.511962890625
-56995 1712.10302734375
-56985 1713.362060546875
-56975 1714.64794921875
-56965 1714.8060302734375
-56955 1715.5140380859375
-56945 1719.0570068359375
-56935 1724.0830078125
-56925 1730.2249755859375
-56915 1734.344970703125
-56905 1737.9539794921875
-56895 1732.323974609375
-56885 1727.219970703125
-56875 1726.81298828125
-56865 1730.43505859375
-56855 1734.89599609375
-56845 1740.18505859375
-56835 1743.8199462890625
-56825 1748.72705078125
-56815 1753.2679443359375
-56805 1755.0260009765625
-56795 1757.375
-56785 1758.5560302734375
-56775 1762.2440185546875
-56765 1769.43505859375
-56755 1771.2459716796875
-56745 1770.3800048828125
-56735 1772.5450439453125
-56725 1774.5389404296875
-56715 1773.7259521484375
-56705 1770.4580078125
-56695 1765.4849853515625
-56685 1761.4429931640625
-56675 1757.5589599609375
-56665 1752.7039794921875
-56655 1748.5040283203125
-56645 1746.7850341796875
-56635 1744.3050537109375
-56625 1741.70703125
-56615 1738.3480224609375
-56605 1735.552001953125
-56595 1736.208984375
-56585 1736.9169921875
-56575 1736.969970703125
-56565 1738.4129638671875
-56555 1739.593994140625
-56545 1740.7490234375
-56535 1742.2060546875
-56525 1744.791015625
-56515 1747.4150390625
-56505 1748.885009765625
-56495 1749.489013671875
-56485 1748.031982421875
-56475 1746.4439697265625
-56465 1743.5970458984375
-56455 1739.634033203125
-56445 1736.6939697265625
-56435 1733.5450439453125
-56425 1731.31396484375
-56415 1729.64697265625
-56405 1728.322021484375
-56395 1724.0830078125
-56385 1723.9649658203125
-56375 1721.5379638671875
-56365 1720.0419921875
-56355 1714.281005859375
-56345 1709.5570068359375
-56335 1706.262939453125
-56325 1702.3790283203125
-56315 1697.6280517578125
-56305 1695.93603515625
-56295 1697.52294921875
-56285 1698.0880126953125
-56275 1698.468017578125
-56265 1698.6259765625
-56255 1700.4759521484375
-56245 1701.56494140625
-56235 1702.4439697265625
-56225 1701.552001953125
-56215 1702.3919677734375
-56205 1703.4019775390625
-56195 1702.9429931640625
-56185 1702.719970703125
-56175 1702.41796875
-56165 1698.9539794921875
-56155 1701.958984375
-56145 1702.405029296875
-56135 1701.512939453125
-56125 1702.4580078125
-56115 1711.4990234375
-56105 1720.4749755859375
-56095 1729.8050537109375
-56085 1738.4659423828125
-56075 1744.2919921875
-56065 1748.635986328125
-56055 1752.375
-56045 1757.362060546875
-56035 1760.56396484375
-56025 1767.2559814453125
-56015 1772.02001953125
-56005 1776.416015625
-55995 1779.14501953125
-55985 1784.1710205078125
-55975 1788.8690185546875
-55965 1794.5250244140625
-55955 1799.092041015625
-55945 1801.6639404296875
-55935 1805.7969970703125
-55925 1809.2349853515625
-55915 1811.47900390625
-55905 1814.06396484375
-55895 1817.1219482421875
-55885 1824.1689453125
-55875 1825.2840576171875
-55865 1822.1219482421875
-55855 1824.31298828125
-55845 1828.56494140625
-55835 1833.446044921875
-55825 1840.833984375
-55815 1844.4949951171875
-55805 1847.238037109375
-55795 1850.1910400390625
-55785 1851.89599609375
-55775 1853.7860107421875
-55765 1857.35498046875
-55755 1861.384033203125
-55745 1866.343994140625
-55735 1869.625
-55725 1873.574951171875
-55715 1877.3409423828125
-55705 1881.9859619140625
-55695 1886.64501953125
-55685 1890.7130126953125
-55675 1894.9649658203125
-55665 1900.1219482421875
-55655 1905.6590576171875
-55645 1911.708984375
-55635 1918.2960205078125
-55625 1924.635009765625
-55615 1931.2750244140625
-55605 1937.9539794921875
-55595 1944.9090576171875
-55585 1952.073974609375
-55575 1958.7919921875
-55565 1966.7049560546875
-55555 1974.39501953125
-55545 1982.925048828125
-55535 1990.4439697265625
-55525 1998.251953125
-55515 2006.5059814453125
-55505 2015.613037109375
-55495 2029.7459716796875
-55485 2038.052001953125
-55475 2046.8580322265625
-55465 2055.386962890625
-55455 2063.31298828125
-55445 2069.10009765625
-55435 2072.945068359375
-55425 2076.541015625
-55415 2081.85498046875
-55405 2087.052001953125
-55395 2094.68896484375
-55385 2101.56494140625
-55375 2107.4970703125
-55365 2113.677001953125
-55355 2126.261962890625
-55345 2138.964111328125
-55335 2146.430908203125
-55325 2156.39111328125
-55315 2165.14404296875
-55305 2172.0458984375
-55295 2176.27099609375
-55285 2181.7958984375
-55275 2185.784912109375
-55265 2190.98193359375
-55255 2197.096923828125
-55245 2202.93701171875
-55235 2209.1298828125
-55225 2216.112060546875
-55215 2222.89599609375
-55205 2231.2548828125
-55195 2239.337890625
-55185 2246.305908203125
-55175 2251.239990234375
-55165 2256.778076171875
-55155 2263.248046875
-55145 2270.64892578125
-55135 2278.614013671875
-55125 2287.969970703125
-55115 2292.02490234375
-55105 2291.31689453125
-55095 2296.22412109375
-55085 2295.97509765625
-55075 2290.214111328125
-55065 2284.282958984375
-55055 2280.123046875
-55045 2277.197021484375
-55035 2275.1630859375
-55025 2272.5380859375
-55015 2268.889892578125
-55005 2264.944091796875
-54995 2261.97802734375
-54985 2258.034912109375
-54975 2251.778076171875
-54965 2247.986083984375
-54955 2242.300048828125
-54945 2237.376953125
-54935 2238.551025390625
-54925 2227.922119140625
-54915 2222.093994140625
-54905 2211.443115234375
-54895 2203.10009765625
-54885 2202.299072265625
-54875 2201.9619140625
-54865 2198.51611328125
-54855 2193.572998046875
-54845 2187.9560546875
-54835 2187.7470703125
-54825 2180.180908203125
-54815 2173.345947265625
-54805 2168.39111328125
-54795 2161.044921875
-54785 2150.658935546875
-54775 2142.9189453125
-54765 2131.824951171875
-54755 2126.73095703125
-54745 2121.9609375
-54735 2118.212890625
-54725 2114.02392578125
-54715 2109.18505859375
-54705 2102.385009765625
-54695 2094.134033203125
-54685 2088.35498046875
-54675 2081.844970703125
-54665 2075.462890625
-54655 2075.345947265625
-54645 2079.675048828125
-54635 2072.364013671875
-54625 2073.593994140625
-54615 2071.365966796875
-54605 2066.133056640625
-54595 2057.905029296875
-54585 2045.31396484375
-54575 2041.9139404296875
-54565 2053.843994140625
-54555 2050.47802734375
-54545 2047.6240234375
-54535 2044.0150146484375
-54525 2040.2659912109375
-54515 2038.9200439453125
-54505 2037.0169677734375
-54495 2032.156982421875
-54485 2028.7779541015625
-54475 2031.64404296875
-54465 2026.470947265625
-54455 2020.4830322265625
-54445 2013.0679931640625
-54435 2007.4139404296875
-54425 2003.073974609375
-54415 1996.4620361328125
-54405 1988.8380126953125
-54395 1981.4320068359375
-54385 1975.0379638671875
-54375 1971.988037109375
-54365 1966.9169921875
-54355 1962.2869873046875
-54345 1959.7110595703125
-54335 1956.4029541015625
-54325 1954.384033203125
-54315 1948.89501953125
-54305 1943.8709716796875
-54295 1942.6409912109375
-54285 1950.3809814453125
-54275 1959.154052734375
-54265 1967.2769775390625
-54255 1969.1219482421875
-54245 1969.5860595703125
-54235 1970.0040283203125
-54225 1971.012939453125
-54215 1972.8909912109375
-54205 1974.5880126953125
-54195 1976.883056640625
-54185 1977.697998046875
-54175 1978.3709716796875
-54165 1977.8809814453125
-54155 1975.14501953125
-54145 1974.156005859375
-54135 1973.64794921875
-54125 1973.635986328125
-54115 1974.22802734375
-54105 1974.1810302734375
-54095 1974.6689453125
-54085 1975.4930419921875
-54075 1976.5489501953125
-54065 1979.81005859375
-54055 1985.447021484375
-54045 1990.135009765625
-54035 1996.0560302734375
-54025 2002.009033203125
-54015 2007.7879638671875
-54005 2013.416015625
-53995 2018.637939453125
-53985 2026.248046875
-53975 2040.0340576171875
-53965 2042.635986328125
-53955 2055.81591796875
-53945 2055.422119140625
-53935 2051.115966796875
-53925 2047.925048828125
-53915 2047.7650146484375
-53905 2062.60498046875
-53895 2080.882080078125
-53885 2089.178955078125
-53875 2091.429931640625
-53865 2089.10888671875
-53855 2079.885986328125
-53845 2067.467041015625
-53835 2073.825927734375
-53825 2075.718017578125
-53815 2075.799072265625
-53805 2075.3349609375
-53795 2075.47412109375
-53785 2074.279052734375
-53775 2075.137939453125
-53765 2076.5419921875
-53755 2080.324951171875
-53745 2085.093994140625
-53735 2090.339111328125
-53725 2096.013916015625
-53715 2102.385009765625
-53705 2108.12890625
-53695 2112.423095703125
-53685 2117.77197265625
-53675 2121.18408203125
-53665 2124.236083984375
-53655 2130.931884765625
-53645 2137.34912109375
-53635 2143.85888671875
-53625 2149.950927734375
-53615 2156.717041015625
-53605 2169.6669921875
-53595 2180.111083984375
-53585 2193.583984375
-53575 2204.909912109375
-53565 2216.3291015625
-53555 2223.7900390625
-53545 2219.2880859375
-53535 2209.656005859375
-53525 2208.623046875
-53515 2217.1640625
-53505 2222.64208984375
-53495 2228.2470703125
-53485 2232.447021484375
-53475 2236.695068359375
-53465 2238.388916015625
-53455 2238.760009765625
-53445 2233.073974609375
-53435 2225.576904296875
-53425 2219.2880859375
-53415 2213.60205078125
-53405 2212.87109375
-53395 2207.949951171875
-53385 2200.18701171875
-53375 2194.988037109375
-53365 2188.6640625
-53355 2186.93505859375
-53345 2181.945068359375
-53335 2180.43603515625
-53325 2175.760009765625
-53315 2176.304931640625
-53305 2175.4580078125
-53295 2179.22900390625
-53285 2182.52490234375
-53275 2183.534912109375
-53265 2181.72412109375
-53255 2176.862060546875
-53245 2170.967041015625
-53235 2164.595947265625
-53225 2158.6201171875
-53215 2153.095947265625
-53205 2146.5859375
-53195 2139.947998046875
-53185 2132.741943359375
-53175 2126.47607421875
-53165 2118.468994140625
-53155 2108.198974609375
-53145 2101.2939453125
-53135 2093.716064453125
-53125 2085.929931640625
-53115 2079.7451171875
-53105 2073.1650390625
-53095 2066.759033203125
-53085 2061.839111328125
-53075 2056.001953125
-53065 2050.468994140625
-53055 2046.0360107421875
-53045 2041.1390380859375
-53035 2036.447998046875
-53025 2030.9940185546875
-53015 2024.126953125
-53005 2017.2340087890625
-52995 2011.2550048828125
-52985 2006.4420166015625
-52975 2000.614013671875
-52965 1994.5589599609375
-52955 1987.550048828125
-52945 1980.8310546875
-52935 1971.302978515625
-52925 1963.469970703125
-52915 1957.06494140625
-52905 1950.9150390625
-52895 1943.905029296875
-52885 1936.2349853515625
-52875 1931.68603515625
-52865 1927.7750244140625
-52855 1924.89697265625
-52845 1921.3349609375
-52835 1917.447021484375
-52825 1913.083984375
-52815 1908.3609619140625
-52805 1904.0439453125
-52795 1899.85498046875
-52785 1896.3160400390625
-52775 1892.4510498046875
-52765 1887.7860107421875
-52755 1883.029052734375
-52745 1878.0970458984375
-52735 1872.8280029296875
-52725 1868.3489990234375
-52715 1864.009033203125
-52705 1858.717041015625
-52695 1853.239990234375
-52685 1849.550048828125
-52675 1845.39501953125
-52665 1839.5579833984375
-52655 1833.58203125
-52645 1827.5360107421875
-52635 1820.4339599609375
-52625 1814.074951171875
-52615 1809.490966796875
-52605 1805.928955078125
-52595 1801.3909912109375
-52585 1794.2550048828125
-52575 1788.4410400390625
-52565 1783.904052734375
-52555 1778.6240234375
-52545 1774.366943359375
-52535 1770.720947265625
-52525 1766.3599853515625
-52515 1762.8299560546875
-52505 1759.751953125
-52495 1756.9239501953125
-52485 1754.3800048828125
-52475 1751.10595703125
-52465 1748.5460205078125
-52455 1746.2650146484375
-52445 1745.7840576171875
-52435 1744.0770263671875
-52425 1742.2149658203125
-52415 1739.095947265625
-52405 1735.4959716796875
-52395 1732.967041015625
-52385 1728.5450439453125
-52375 1724.4019775390625
-52365 1719.9329833984375
-52355 1716.1629638671875
-52345 1711.7099609375
-52335 1706.6669921875
-52325 1699.7469482421875
-52315 1692.0350341796875
-52305 1686.31005859375
-52295 1679.636962890625
-52285 1674.14501953125
-52275 1670.0169677734375
-52265 1665.5489501953125
-52255 1660.3349609375
-52245 1656.2850341796875
-52235 1657.4959716796875
-52225 1664.0589599609375
-52215 1664.6949462890625
-52205 1665.7969970703125
-52195 1666.0140380859375
-52185 1666.60400390625
-52175 1666.9449462890625
-52165 1668.3570556640625
-52155 1667.550048828125
-52145 1669.9239501953125
-52135 1669.2110595703125
-52125 1669.4739990234375
-52115 1668.697998046875
-52105 1668.4189453125
-52095 1669.133056640625
-52085 1669.071044921875
-52075 1667.8919677734375
-52065 1667.8919677734375
-52055 1667.5970458984375
-52045 1667.7359619140625
-52035 1668
-52025 1669.0400390625
-52015 1670.85498046875
-52005 1671.1500244140625
-51995 1673.5240478515625
-51985 1674.7030029296875
-51975 1676.906982421875
-51965 1677.6510009765625
-51955 1681.375
-51945 1688.43505859375
-51935 1694.43994140625
-51925 1700.5069580078125
-51915 1706.6510009765625
-51905 1712.2679443359375
-51895 1716.7060546875
-51885 1720.6319580078125
-51875 1724.5570068359375
-51865 1725.0849609375
-51855 1727.3189697265625
-51845 1727.0400390625
-51835 1734.3170166015625
-51825 1744.47998046875
-51815 1752.2540283203125
-51805 1754.2869873046875
-51795 1761.4239501953125
-51785 1767.7860107421875
-51775 1767.1190185546875
-51765 1772.052978515625
-51755 1779.2060546875
-51745 1785.970947265625
-51735 1793.1240234375
-51725 1801.843994140625
-51715 1812.782958984375
-51705 1829.4630126953125
-51695 1850.426025390625
-51685 1848.8590087890625
-51675 1855.4840087890625
-51665 1865.10400390625
-51655 1875.0040283203125
-51645 1875.5
-51635 1879.4100341796875
-51625 1885.6939697265625
-51615 1892.258056640625
-51605 1897.93701171875
-51595 1904.406982421875
-51585 1910.133056640625
-51575 1915.4239501953125
-51565 1919.0389404296875
-51555 1922.9649658203125
-51545 1930.0870361328125
-51535 1941.196044921875
-51525 1954.4940185546875
-51515 1961.52294921875
-51505 1969.97900390625
-51495 1978.2340087890625
-51485 1986.7679443359375
-51475 1992.9739990234375
-51465 1999.010009765625
-51455 2006.27197265625
-51445 2016.4969482421875
-51435 2025.511962890625
-51425 2038.406005859375
-51415 2050.18310546875
-51405 2059.912109375
-51395 2070.277099609375
-51385 2073.613037109375
-51375 2063.77490234375
-51365 2057.677001953125
-51355 2057.552978515625
-51345 2069.826904296875
-51335 2078.096923828125
-51325 2086.3359375
-51315 2095.552978515625
-51305 2103.31103515625
-51295 2109.76611328125
-51285 2115.864013671875
-51275 2125.468017578125
-51265 2136.330078125
-51255 2140.6279296875
-51245 2163.80908203125
-51235 2175.7880859375
-51225 2191.987060546875
-51215 2198.9541015625
-51205 2218.318115234375
-51195 2220.133056640625
-51185 2207.083984375
-51175 2202.552978515625
-51165 2203.6708984375
-51155 2204.72607421875
-51145 2199.077880859375
-51135 2193.6630859375
-51125 2188.23193359375
-51115 2184.4150390625
-51105 2187.177001953125
-51095 2180.333984375
-51085 2177.990966796875
-51075 2180.381103515625
-51065 2189.906982421875
-51055 2194.949951171875
-51045 2200.597900390625
-51035 2205.51708984375
-51025 2210.653076171875
-51015 2218.596923828125
-51005 2219.18701171875
-50995 2217.97705078125
-50985 2218.50390625
-50975 2223.68701171875
-50965 2225.532958984375
-50955 2230.451904296875
-50945 2235.8359375
-50935 2233.152099609375
-50925 2227.302001953125
-50915 2220.739013671875
-50905 2216.284912109375
-50895 2209.738037109375
-50885 2204.5400390625
-50875 2192.530029296875
-50865 2172.172119140625
-50855 2164.4609375
-50845 2157.72705078125
-50835 2152.48193359375
-50825 2148.618896484375
-50815 2145.26708984375
-50805 2141.01611328125
-50795 2143.156982421875
-50785 2143.513916015625
-50775 2137.72607421875
-50765 2130.97705078125
-50755 2125.68603515625
-50745 2120.56494140625
-50735 2115.583984375
-50725 2111.208984375
-50715 2106.367919921875
-50705 2101.7900390625
-50695 2096.762939453125
-50685 2091.426025390625
-50675 2085.48291015625
-50665 2079.04296875
-50655 2073.658935546875
-50645 2068.694091796875
-50635 2063.55810546875
-50625 2058.60791015625
-50615 2055.333984375
-50605 2052.52587890625
-50595 2050.695068359375
-50585 2049.220947265625
-50575 2047.4990234375
-50565 2046.5830078125
-50555 2045.4659423828125
-50545 2038.4840087890625
-50535 2030.508056640625
-50525 2022.0360107421875
-50515 2013.906005859375
-50505 2007.0789794921875
-50495 1996.4959716796875
-50485 1988.39697265625
-50475 1980.5460205078125
-50465 1973.20703125
-50455 1965.9449462890625
-50445 1956.123046875
-50435 1948.6600341796875
-50425 1944.593994140625
-50415 1943.011962890625
-50405 1940.6070556640625
-50395 1946.7359619140625
-50385 1956.666015625
-50375 1960.3900146484375
-50365 1944.6099853515625
-50355 1943.9739990234375
-50345 1956.635009765625
-50335 1952.508056640625
-50325 1948.7530517578125
-50315 1945.29296875
-50305 1933.5469970703125
-50295 1927.572998046875
-50285 1924.5159912109375
-50275 1920.18701171875
-50265 1915.5169677734375
-50255 1908.4410400390625
-50245 1901.614013671875
-50235 1891.31103515625
-50225 1885.5699462890625
-50215 1876.77197265625
-50205 1871.947021484375
-50195 1866.02001953125
-50185 1850.7359619140625
-50175 1837.8270263671875
-50165 1828.56298828125
-50155 1817.2669677734375
-50145 1806.530029296875
-50135 1799.625
-50125 1792.39501953125
-50115 1785.9859619140625
-50105 1777.824951171875
-50095 1771.447998046875
-50085 1776.27294921875
-50075 1771.72705078125
-50065 1764.60498046875
-50055 1758.8790283203125
-50045 1754.1619873046875
-50035 1750.113037109375
-50025 1753.7130126953125
-50015 1759.3759765625
-50005 1766.8299560546875
-49995 1773.220947265625
-49985 1778.677001953125
-49975 1785.77001953125
-49965 1787.6729736328125
-49955 1786.970947265625
-49945 1785.4520263671875
-49935 1780.0279541015625
-49925 1773.616943359375
-49915 1770.1300048828125
-49905 1768.779052734375
-49895 1770.720947265625
-49885 1774.572021484375
-49875 1776.1180419921875
-49865 1777.800048828125
-49855 1778.7879638671875
-49845 1780.4310302734375
-49835 1782.3990478515625
-49825 1785.9320068359375
-49815 1786.8289794921875
-49805 1789.4329833984375
-49795 1792.823974609375
-49785 1796.2010498046875
-49775 1804.7939453125
-49765 1813.498046875
-49755 1820.115966796875
-49745 1826.708984375
-49735 1831.3270263671875
-49725 1832.8470458984375
-49715 1840.887939453125
-49705 1845.779052734375
-49695 1850.9420166015625
-49685 1855.7359619140625
-49675 1862.9189453125
-49665 1869.3299560546875
-49655 1873.3310546875
-49645 1878.3780517578125
-49635 1894.4210205078125
-49625 1907.501953125
-49615 1911.06103515625
-49605 1915.9329833984375
-49595 1921.7650146484375
-49585 1928.5460205078125
-49575 1939.237060546875
-49565 1952.5589599609375
-49555 1960.449951171875
-49545 1968.2320556640625
-49535 1975.6619873046875
-49525 1982.7349853515625
-49515 1990.8609619140625
-49505 1999.35595703125
-49495 2008.4429931640625
-49485 2016.77001953125
-49475 2024.0250244140625
-49465 2033.3260498046875
-49455 2038.93798828125
-49445 2046.739013671875
-49435 2054.85693359375
-49425 2061.632080078125
-49415 2069.738037109375
-49405 2076.590087890625
-49395 2084.409912109375
-49385 2092.14599609375
-49375 2099.35595703125
-49365 2105.8701171875
-49355 2113.801025390625
-49345 2121.971923828125
-49335 2129.922119140625
-49325 2138.2099609375
-49315 2147.18603515625
-49305 2155.616943359375
-49295 2165.028076171875
-49285 2173.458984375
-49275 2180.5390625
-49265 2188.52099609375
-49255 2195.931884765625
-49245 2205.779052734375
-49235 2212.56591796875
-49225 2220.60107421875
-49215 2228.5380859375
-49205 2235.572021484375
-49195 2243.048095703125
-49185 2249.198974609375
-49175 2254.251953125
-49165 2258.323974609375
-49155 2262.131103515625
-49145 2265.625
-49135 2270.89892578125
-49125 2276.718994140625
-49115 2282.908935546875
-49105 2287.488037109375
-49095 2294.02197265625
-49085 2304.010986328125
-49075 2309.408935546875
-49065 2315.8330078125
-49055 2323.27587890625
-49045 2330.68701171875
-49035 2338.988037109375
-49025 2346.2490234375
-49015 2360.55810546875
-49005 2379.238037109375
-48995 2386.467041015625
-48985 2380.93994140625
-48975 2373.333984375
-48965 2364.111083984375
-48955 2358.090087890625
-48945 2352.56298828125
-48935 2345.826904296875
-48925 2339.708984375
-48915 2334.090087890625
-48905 2327.64697265625
-48895 2320.912109375
-48885 2314.072021484375
-48875 2309.123046875
-48865 2303.822998046875
-48855 2297.678955078125
-48845 2292.528076171875
-48835 2288.092041015625
-48825 2282.506103515625
-48815 2275.758056640625
-48805 2269.326904296875
-48795 2263.825927734375
-48785 2258.123046875
-48775 2252.699951171875
-48765 2246.931884765625
-48755 2239.669921875
-48745 2233.760009765625
-48735 2225.958984375
-48725 2219.360107421875
-48715 2213.300048828125
-48705 2208.39599609375
-48695 2203.791015625
-48685 2196.093994140625
-48675 2187.85888671875
-48665 2180.12890625
-48655 2172.60205078125
-48645 2165.35888671875
