-61995 2223.5400390625
-61985 2218.597900390625
-61975 2214.842041015625
-61965 2211.285888671875
-61955 2209.85400390625
-61945 2206.7451171875
-61935 2206.237060546875
-61925 2207.0830078125
-61915 2207.77587890625
-61905 2206.97607421875
-61895 2207.20703125
-61885 2204.512939453125
-61875 2204.6669921875
-61865 2204.54296875
-61855 2204.388916015625
-61845 2203.511962890625
-61835 2203.77392578125
-61825 2204.31298828125
-61815 2205.205078125
-61805 2207.159912109375
-61795 2211.194091796875
-61785 2215.93505859375
-61775 2219.552978515625
-61765 2222.924072265625
-61755 2227.387939453125
-61745 2231.006103515625
-61735 2236.02490234375
-61725 2241.47412109375
-61715 2247.693115234375
-61705 2254.89794921875
-61695 2260.39404296875
-61685 2264.35009765625
-61675 2270.677001953125
-61665 2277.881103515625
-61655 2282.48388671875
-61645 2289.64306640625
-61635 2296.18505859375
-61625 2302.97412109375
-61615 2309.284912109375
-61605 2315.197021484375
-61595 2320.416015625
-61585 2328.343994140625
-61575 2334.02392578125
-61565 2337.10302734375
-61555 2341.212890625
-61545 2346.447021484375
-61535 2350.72705078125
-61525 2351.758056640625
-61515 2356.20703125
-61505 2362.533935546875
-61495 2366.843994140625
-61485 2373.093994140625
-61475 2380.31396484375
-61465 2389.412109375
-61455 2395.908935546875
-61445 2399.342041015625
-61435 2401.882080078125
-61425 2404.513916015625
-61415 2405.221923828125
-61405 2403.944091796875
-61395 2401.466064453125
-61385 2399.587890625
-61375 2398.8330078125
-61365 2399.3720703125
-61355 2401.050048828125
-61345 2402.882080078125
-61335 2405.422119140625
-61325 2409.33203125
-61315 2414.8740234375
-61305 2419.569091796875
-61295 2423.833984375
-61285 2430.406982421875
-61275 2429.0830078125
-61265 2427.62109375
-61255 2426.174072265625
-61245 2422.756103515625
-61235 2418.2919921875
-61225 2414.8740234375
-61215 2411.533935546875
-61205 2408.346923828125
-61195 2406.760986328125
-61185 2404.0830078125
-61175 2400.404052734375
-61165 2398.64892578125
-61155 2397.385986328125
-61145 2395.01611328125
-61135 2395.01611328125
-61125 2393.030029296875
-61115 2390.321044921875
-61105 2386.2099609375
-61095 2384.2548828125
-61085 2383.39306640625
-61075 2380.68408203125
-61065 2379.9599609375
-61055 2381.069091796875
-61045 2379.56005859375
-61035 2381.3759765625
-61025 2381.5
-61015 2383.43896484375
-61005 2385.287109375
-60995 2383.346923828125
-60985 2377.1279296875
-60975 2367.93701171875
-60965 2357.39208984375
-60955 2338.50390625
-60945 2328.712890625
-60935 2323.324951171875
-60925 2320.5849609375
-60915 2317.074951171875
-60905 2314.489013671875
-60895 2310.43994140625
-60885 2306.31396484375
-60875 2301.85009765625
-60865 2297.60107421875
-60855 2293.3369140625
-60845 2289.781005859375
-60835 2286.73291015625
-60825 2284.79296875
-60815 2284.0390625
-60805 2280.805908203125
-60795 2278.26611328125
-60785 2276.2958984375
-60775 2273.431884765625
-60765 2271.447021484375
-60755 2270.47705078125
-60745 2271.076904296875
-60735 2270.1689453125
-60725 2269.69189453125
-60715 2269.47607421875
-60705 2270.18408203125
-60695 2272.200927734375
-60685 2271.277099609375
-60675 2270.1689453125
-60665 2269.583984375
-60655 2267.10498046875
-60645 2264.22705078125
-60635 2262.763916015625
-60625 2258.160888671875
-60615 2256.176025390625
-60605 2254.866943359375
-60595 2250.802978515625
-60585 2250.757080078125
-60575 2250.23291015625
-60565 2248.554931640625
-60555 2244.06005859375
-60545 2239.010986328125
-60535 2239.533935546875
-60525 2239.22705078125
-60515 2237.0869140625
-60505 2232.89990234375
-60495 2227.49609375
-60485 2220.9541015625
-60475 2215.781005859375
-60465 2211.748046875
-60455 2208.991943359375
-60445 2204.866943359375
-60435 2201.156982421875
-60425 2196.800048828125
-60415 2194.260009765625
-60405 2190.8740234375
-60395 2185.7470703125
-60385 2181.237060546875
-60375 2178.095947265625
-60365 2168.56689453125
-60355 2161.363037109375
-60345 2152.14208984375
-60335 2147.014892578125
-60325 2131.343994140625
-60315 2125.52490234375
-60305 2120.721923828125
-60295 2117.47412109375
-60285 2112.470947265625
-60275 2108.3759765625
-60265 2103.696044921875
-60255 2099.739990234375
-60245 2095.721923828125
-60235 2093.843994140625
-60225 2095.7529296875
-60215 2093.85888671875
-60205 2091.35009765625
-60195 2089.45703125
-60185 2088.0859375
-60175 2086.0849609375
-60165 2083.31396484375
-60155 2080.820068359375
-60145 2079.742919921875
-60135 2077.988037109375
-60125 2075.785888671875
-60115 2073.677001953125
-60105 2070.952880859375
-60095 2069.3359375
-60085 2068.073974609375
-60075 2067.303955078125
-60065 2066.44189453125
-60055 2065.549072265625
-60045 2064.27197265625
-60035 2062.73193359375
-60025 2061.39306640625
-60015 2059.946044921875
-60005 2058.85107421875
-59995 2057.676025390625
-59985 2055.925048828125
-59975 2053.825927734375
-59965 2051.337890625
-59955 2048.761962890625
-59945 2046.56298828125
-59935 2044.4649658203125
-59925 2042.01904296875
-59915 2039.906982421875
-59905 2037.93896484375
-59895 2035.9849853515625
-59885 2033.698974609375
-59875 2031.1669921875
-59865 2028.6199951171875
-59855 2025.6400146484375
-59845 2022.4849853515625
-59835 2018.968994140625
-59825 2016.262939453125
-59815 2013.4420166015625
-59805 2010.8800048828125
-59795 2007.77001953125
-59785 2004.1669921875
-59775 1999.7679443359375
-59765 1996.0350341796875
-59755 1993.907958984375
-59745 1990.85400390625
-59735 1987.2659912109375
-59725 1983.0260009765625
-59715 1979.4090576171875
-59705 1977.2960205078125
-59695 1976.2110595703125
-59685 1975.5460205078125
-59675 1975.7049560546875
-59665 1974.5469970703125
-59655 1974.0260009765625
-59645 1974.344970703125
-59635 1972.9840087890625
-59625 1971.3349609375
-59615 1970.5389404296875
-59605 1970.553955078125
-59595 1971.176025390625
-59585 1972.1739501953125
-59575 1973.89599609375
-59565 1976.239990234375
-59555 1977.8170166015625
-59545 1979.5970458984375
-59535 1981.969970703125
-59525 1984.864013671875
-59515 1987.7149658203125
-59505 1989.85595703125
-59495 1992.156982421875
-59485 1994.35595703125
-59475 1996.1500244140625
-59465 1997.2939453125
-59455 1998.85595703125
-59445 2001.7650146484375
-59435 2003.7039794921875
-59425 2007.7550048828125
-59415 2012.1829833984375
-59405 2016.0899658203125
-59395 2022.8470458984375
-59385 2029.0260009765625
-59375 2035.970947265625
-59365 2041.383056640625
-59355 2043.407958984375
-59345 2045.1739501953125
-59335 2047.9229736328125
-59325 2049.196044921875
-59315 2049.514892578125
-59305 2050.339111328125
-59295 2052.799072265625
-59285 2055.909912109375
-59275 2057.197998046875
-59265 2059.64306640625
-59255 2062.320068359375
-59245 2064.76611328125
-59235 2067.25390625
-59225 2072.27490234375
-59215 2077.64404296875
-59205 2079.596923828125
-59195 2084.73388671875
-59185 2089.18994140625
-59175 2093.617919921875
-59165 2098.7548828125
-59155 2103.7470703125
-59145 2107.52294921875
-59135 2110.51904296875
-59125 2114.931884765625
-59115 2119.736083984375
-59105 2125.552978515625
-59095 2134.43701171875
-59085 2145.04296875
-59075 2150.166015625
-59065 2153.797119140625
-59055 2157.7041015625
-59045 2164.114013671875
-59035 2169.873046875
-59025 2176.326904296875
-59015 2180.509033203125
-59005 2181.174072265625
-58995 2182.6640625
-58985 2182.47607421875
-58975 2180.073974609375
-58965 2177.990966796875
-58955 2172.419921875
-58945 2168.10791015625
-58935 2160.6708984375
-58925 2156.445068359375
-58915 2154.695068359375
-58905 2154.0869140625
-58895 2153.044921875
-58885 2153.073974609375
-58875 2152.031982421875
-58865 2151.64111328125
-58855 2153.333984375
-58845 2156.806884765625
-58835 2154.10107421875
-58825 2148.863037109375
-58815 2143.9150390625
-58805 2140.68798828125
-58795 2138.257080078125
-58785 2132.35400390625
-58775 2129.97998046875
-58765 2124.52490234375
-58755 2118.85302734375
-58745 2114.860107421875
-58735 2110.98193359375
-58725 2108.363037109375
-58715 2107.56689453125
-58705 2105.85888671875
-58695 2102.805908203125
-58685 2100.635986328125
-58675 2098.7548828125
-58665 2097.553955078125
-58655 2098.01708984375
-58645 2100.216064453125
-58635 2101.302001953125
-58625 2103.39990234375
-58615 2105.366943359375
-58605 2103.919921875
-58595 2102.257080078125
-58585 2100.490966796875
-58575 2098.14697265625
-58565 2095.123046875
-58555 2091.490966796875
-58545 2088.972900390625
-58535 2088.655029296875
-58525 2088.134033203125
-58515 2085.326904296875
-58505 2084.8349609375
-58495 2083.56201171875
-58485 2078.0048828125
-58475 2076.037109375
-58465 2075.718994140625
-58455 2075.718994140625
-58445 2072.868896484375
-58435 2071.01611328125
-58425 2068.469970703125
-58415 2064.9541015625
-58405 2061.58203125
-58395 2059.888916015625
-58385 2057.993896484375
-58375 2056.4599609375
-58365 2054.593994140625
-58355 2052.784912109375
-58345 2051.10595703125
-58335 2049.094970703125
-58325 2047.0260009765625
-58315 2044.7969970703125
-58305 2041.8890380859375
-58295 2039.675048828125
-58285 2036.85400390625
-58275 2034.987060546875
-58265 2032.35400390625
-58255 2029.300048828125
-58245 2027.1300048828125
-58235 2025.3360595703125
-58225 2020.5169677734375
-58215 2016.625
-58205 2013.470947265625
-58195 2009.8819580078125
-58185 2005.323974609375
-58175 2000.2740478515625
-58165 1993.8929443359375
-58155 1987.946044921875
-58145 1982.4329833984375
-58135 1979.0179443359375
-58125 1978.4969482421875
-58115 1977.4560546875
-58105 1976.197021484375
-58095 1975.155029296875
-58085 1975.2559814453125
-58075 1974.89501953125
-58065 1973.259033203125
-58055 1973.0419921875
-58045 1967.5579833984375
-58035 1966.31396484375
-58025 1960.35205078125
-58015 1955.22998046875
-58005 1954.0870361328125
-57995 1954.115966796875
-57985 1954.3759765625
-57975 1955.60595703125
-57965 1955.490966796875
-57955 1953.782958984375
-57945 1952.5970458984375
-57935 1952.48095703125
-57925 1952.6109619140625
-57915 1960.583984375
-57905 1948.8780517578125
-57895 1943.7850341796875
-57885 1942.9449462890625
-57875 1945
-57865 1941.2669677734375
-57855 1937.447021484375
-57845 1932.6290283203125
-57835 1928.2440185546875
-57825 1924.5260009765625
-57815 1920.9659423828125
-57805 1917.2039794921875
-57795 1911.31494140625
-57785 1909.3759765625
-57775 1904.5860595703125
-57765 1901.0560302734375
-57755 1894.342041015625
-57745 1889.10400390625
-57735 1884.7049560546875
-57725 1880.85595703125
-57715 1876.1099853515625
-57705 1872.0439453125
-57695 1868.4119873046875
-57685 1864.22998046875
-57675 1858.615966796875
-57665 1853.9139404296875
-57655 1849.6739501953125
-57645 1843.885986328125
-57635 1836.824951171875
-57625 1831.1090087890625
-57615 1826.3780517578125
-57605 1821.4439697265625
-57595 1818.0140380859375
-57585 1816.0179443359375
-57575 1815.0479736328125
-57565 1815.6700439453125
-57555 1812.93603515625
-57545 1808.7099609375
-57535 1804.64404296875
-57525 1801.60595703125
-57515 1799.85498046875
-57505 1796.1650390625
-57495 1790.4969482421875
-57485 1785.4539794921875
-57475 1781.5
-57465 1778.5570068359375
-57455 1774.4029541015625
-57445 1770.4639892578125
-57435 1768.426025390625
-57425 1765.865966796875
-57415 1763.8890380859375
-57405 1762.0799560546875
-57395 1758.509033203125
-57385 1757.635009765625
-57375 1755.7650146484375
-57365 1753.2060546875
-57355 1748.8680419921875
-57345 1745.5880126953125
-57335 1743.012939453125
-57325 1739.426025390625
-57315 1733.3570556640625
-57305 1729.156982421875
-57295 1725.509033203125
-57285 1721.1259765625
-57275 1716.572998046875
-57265 1712.634033203125
-57255 1709.70703125
-57245 1704.6949462890625
-57235 1699.2530517578125
-57225 1695.865966796875
-57215 1693.1839599609375
-57205 1689.136962890625
-57195 1686.5469970703125
-57185 1682.1639404296875
-57175 1676.2010498046875
-57165 1671.7869873046875
-57155 1666.866943359375
-57145 1660.9200439453125
-57135 1655.677978515625
-57125 1651.615966796875
-57115 1647.968017578125
-57105 1643.217041015625
-57095 1639.261962890625
-57085 1635.0169677734375
-57075 1633.115966796875
-57065 1627.614013671875
-57055 1621.8199462890625
-57045 1616.5009765625
-57035 1610.8609619140625
-57025 1605.8330078125
-57015 1602.5069580078125
-57005 1598.155029296875
-56995 1592.866943359375
-56985 1587.885009765625
-56975 1583.655029296875
-56965 1578.9649658203125
-56955 1574.550048828125
-56945 1568.802978515625
-56935 1565.9520263671875
-56925 1564.25
-56915 1561.6910400390625
-56905 1560.1729736328125
-56895 1559.468017578125
-56885 1560.31103515625
-56875 1559.72900390625
-56865 1562.4110107421875
-56855 1565.2159423828125
-56845 1566.10498046875
-56835 1567.009033203125
-56825 1568.3580322265625
-56815 1569.6300048828125
-56805 1570.365966796875
-56795 1569.7530517578125
-56785 1571.0250244140625
-56775 1574.9339599609375
-56765 1577.906982421875
-56755 1580.0379638671875
-56745 1581.0340576171875
-56735 1581.7540283203125
-56725 1582.5050048828125
-56715 1583.885009765625
-56705 1586.137939453125
-56695 1585.77001953125
-56685 1588.1610107421875
-56675 1592.60595703125
-56665 1597.4029541015625
-56655 1600.0860595703125
-56645 1606.29296875
-56635 1612.5009765625
-56625 1616.2559814453125
-56615 1617.512939453125
-56605 1620.7320556640625
-56595 1623.68994140625
-56585 1625.60595703125
-56575 1627.154052734375
-56565 1629.0240478515625
-56555 1631.1240234375
-56545 1633.2080078125
-56535 1637.0250244140625
-56525 1638.2349853515625
-56515 1638.0050048828125
-56505 1638.8790283203125
-56495 1639.998046875
-56485 1639.70703125
-56475 1639.446044921875
-56465 1638.1280517578125
-56455 1635.322998046875
-56445 1631.199951171875
-56435 1627.322021484375
-56425 1623.198974609375
-56415 1618.677978515625
-56405 1614.509033203125
-56395 1614.2939453125
-56385 1615.0150146484375
-56375 1615.5360107421875
-56365 1615.887939453125
-56355 1617.89599609375
-56345 1618.8160400390625
-56335 1620.2869873046875
-56325 1622.0340576171875
-56315 1623.613037109375
-56305 1624.2879638671875
-56295 1624.9310302734375
-56285 1626.3570556640625
-56275 1628.68701171875
-56265 1627.5369873046875
-56255 1626.3260498046875
-56245 1629.636962890625
-56235 1631.5679931640625
-56225 1632.135009765625
-56215 1633.9129638671875
-56205 1635.4150390625
-56195 1637.9749755859375
-56185 1641.0560302734375
-56175 1644.4580078125
-56165 1648.5660400390625
-56155 1653.5469970703125
-56145 1659.01904296875
-56135 1663.3260498046875
-56125 1669.2120361328125
-56115 1673.9630126953125
-56105 1679.7569580078125
-56095 1687.2979736328125
-56085 1695.8050537109375
-56075 1702.5489501953125
-56065 1707.5760498046875
-56055 1710.6719970703125
-56045 1713.1090087890625
-56035 1718.7039794921875
-56025 1725.06494140625
-56015 1730.7659912109375
-56005 1736.2230224609375
-55995 1741.5570068359375
-55985 1747.0439453125
-55975 1753.114013671875
-55965 1758.5240478515625
-55955 1767.490966796875
-55945 1777.0240478515625
-55935 1784.595947265625
-55925 1791.0179443359375
-55915 1797.0570068359375
-55905 1803.9849853515625
-55895 1811.2659912109375
-55885 1818.0860595703125
-55875 1824.262939453125
-55865 1828.2939453125
-55855 1833.1070556640625
-55845 1836.2640380859375
-55835 1840.41796875
-55825 1844.7559814453125
-55815 1846.9169921875
-55805 1849.5989990234375
-55795 1852.6800537109375
-55785 1856.2359619140625
-55775 1860.1600341796875
-55765 1864.89599609375
-55755 1869.739013671875
-55745 1873.9239501953125
-55735 1878.5059814453125
-55725 1884.115966796875
-55715 1889.5570068359375
-55705 1897.511962890625
-55695 1904.6240234375
-55685 1911.4599609375
-55675 1917.5150146484375
-55665 1922.404052734375
-55655 1928.3050537109375
-55645 1935.4630126953125
-55635 1942.3599853515625
-55625 1949.45703125
-55615 1957.85595703125
-55605 1964.447021484375
-55595 1971.72705078125
-55585 1978.916015625
-55575 1984.633056640625
-55565 1992.7259521484375
-55555 1999.9449462890625
-55545 2007.531982421875
-55535 2013.5550537109375
-55525 2020.927978515625
-55515 2027.10498046875
-55505 2032.6689453125
-55495 2041.6810302734375
-55485 2055.720947265625
-55475 2065.575927734375
-55465 2075.340087890625
-55455 2078.758056640625
-55445 2091.6630859375
-55435 2100.322998046875
-55425 2104.81396484375
-55415 2109.85693359375
-55405 2120.386962890625
-55395 2125.47607421875
-55385 2132.35693359375
-55375 2140.174072265625
-55365 2144.527099609375
-55355 2156.574951171875
-55345 2164.636962890625
-55335 2174.01708984375
-55325 2180.363037109375
-55315 2188.547119140625
-55305 2198.541015625
-55295 2205.054931640625
-55285 2218.60400390625
-55275 2228.22998046875
-55265 2235.785888671875
-55255 2242.97509765625
-55245 2249.626953125
-55235 2258.547119140625
-55225 2265.198974609375
-55215 2269.337890625
-55205 2266.3798828125
-55195 2266.3330078125
-55185 2264.5400390625
-55175 2262.1650390625
-55165 2258.60888671875
-55155 2255.833984375
-55145 2247.89501953125
-55135 2239.572021484375
-55125 2230.865966796875
-55115 2218.60400390625
-55105 2209.485107421875
-55095 2200.27294921875
-55085 2184.041015625
-55075 2174.906005859375
-55065 2162.614013671875
-55055 2151.9609375
-55045 2143.9140625
-55035 2135.02392578125
-55025 2127.943115234375
-55015 2120.60107421875
-55005 2113.612060546875
-54995 2107.15087890625
-54985 2101.85107421875
-54975 2095.708984375
-54965 2088.638916015625
-54955 2082.62890625
-54945 2076.3701171875
-54935 2071.361083984375
-54925 2065.469970703125
-54915 2060.51904296875
-54905 2055.14794921875
-54895 2049.820068359375
-54885 2044.9720458984375
-54875 2039.83203125
-54865 2035.8699951171875
-54855 2030.970947265625
-54845 2027.178955078125
-54835 2022.718017578125
-54825 2013.6610107421875
-54815 2006.883056640625
-54805 2001.91796875
-54795 1997.699951171875
-54785 1994.4189453125
-54775 1991.041015625
-54765 1986.6309814453125
-54755 1982.3819580078125
-54745 1978.468994140625
-54735 1974.3609619140625
-54725 1970.0589599609375
-54715 1967.76904296875
-54705 1964.83203125
-54695 1962.009033203125
-54685 1959.8310546875
-54675 1956.802001953125
-54665 1954.699951171875
-54655 1953.241943359375
-54645 1952.43994140625
-54635 1949.43701171875
-54625 1941.8609619140625
-54615 1935.06005859375
-54605 1931.3299560546875
-54595 1927.9610595703125
-54585 1925.02099609375
-54575 1922.2010498046875
-54565 1919.27001953125
-54555 1915.0989990234375
-54545 1910.3909912109375
-54535 1907.178955078125
-54525 1902.9610595703125
-54515 1899.509033203125
-54505 1896.8790283203125
-54495 1894.1800537109375
-54485 1891.571044921875
-54475 1889.3680419921875
-54465 1886.4090576171875
-54455 1884.3790283203125
-54445 1883.8800048828125
-54435 1881.1290283203125
-54425 1880.1180419921875
-54415 1878.5400390625
-54405 1876.4010009765625
-54395 1874.9720458984375
-54385 1874.18896484375
-54375 1873.739990234375
-54365 1871.8790283203125
-54355 1869.7490234375
-54345 1866.39794921875
-54335 1862.491943359375
-54325 1853.3380126953125
-54315 1844.031982421875
-54305 1835.0419921875
-54295 1833.470947265625
-54285 1842.77099609375
-54275 1848.6500244140625
-54265 1851.8680419921875
-54255 1859.2330322265625
-54245 1865.4610595703125
-54235 1865.43994140625
-54225 1864.759033203125
-54215 1870.0389404296875
-54205 1875.0279541015625
-54195 1879.8909912109375
-54185 1883.3990478515625
-54175 1883.1300048828125
-54165 1884.0999755859375
-54155 1886.6490478515625
-54145 1887.6199951171875
-54135 1887.8289794921875
-54125 1887.1710205078125
-54115 1884.68896484375
-54105 1884.491943359375
-54095 1883.33203125
-54085 1869.551025390625
-54075 1854.5179443359375
-54065 1854.300048828125
-54055 1858.5699462890625
-54045 1863.1300048828125
-54035 1866.0400390625
-54025 1870.259033203125
-54015 1874.427978515625
-54005 1879.1199951171875
-53995 1883.8199462890625
-53985 1891.6109619140625
-53975 1892.698974609375
-53965 1896.0810546875
-53955 1901.1719970703125
-53945 1902.300048828125
-53935 1903.47998046875
-53925 1898.050048828125
-53915 1893.5400390625
-53905 1889.3680419921875
-53895 1893.4410400390625
-53885 1894.7889404296875
-53875 1896.050048828125
-53865 1899.137939453125
-53855 1893.3399658203125
-53845 1882.6510009765625
-53835 1897.699951171875
-53825 1912.2490234375
-53815 1926.9200439453125
-53805 1932.498046875
-53795 1936.5009765625
-53785 1947.1199951171875
-53775 1966.9110107421875
-53765 1973.5789794921875
-53755 1985.16796875
-53745 1988
-53735 1989.571044921875
-53725 1992.449951171875
-53715 1987.009033203125
-53705 1990.698974609375
-53695 1988.25
-53685 1983.43798828125
-53675 1985.5279541015625
-53665 1983.373046875
-53655 1986.27197265625
-53645 1991.10205078125
-53635 1994.68798828125
-53625 1999.7469482421875
-53615 2005.3819580078125
-53605 2008.718994140625
-53595 2011.342041015625
-53585 2013.3189697265625
-53575 2015.469970703125
-53565 2018.1199951171875
-53555 2021.928955078125
-53545 2026.490966796875
-53535 2030.0810546875
-53525 2037.3690185546875
-53515 2045.948974609375
-53505 2054.781982421875
-53495 2063.010009765625
-53485 2069.541015625
-53475 2076.531982421875
-53465 2086.031982421875
-53455 2093.139892578125
-53445 2098.298095703125
-53435 2104.85791015625
-53425 2111.06103515625
-53415 2116.69091796875
-53405 2121.7919921875
-53395 2124.909912109375
-53385 2129.1298828125
-53375 2135.14208984375
-53365 2143.430908203125
-53355 2151.279052734375
-53345 2156.612060546875
-53335 2162.010009765625
-53325 2168.9990234375
-53315 2177.580078125
-53305 2190.10888671875
-53295 2190.429931640625
-53285 2193.65087890625
-53275 2191.51806640625
-53265 2185.77197265625
-53255 2177.072021484375
-53245 2171.6201171875
-53235 2167.33203125
-53225 2163.69091796875
-53215 2161.302001953125
-53205 2156.281005859375
-53195 2152.98193359375
-53185 2144.112060546875
-53175 2137.873046875
-53165 2133.177978515625
-53155 2129.48095703125
-53145 2118.98095703125
-53135 2113.98095703125
-53125 2110.589111328125
-53115 2107.669921875
-53105 2104.299072265625
-53095 2100.85107421875
-53085 2095.06005859375
-53075 2090.85888671875
-53065 2086.3779296875
-53055 2083.458984375
-53045 2079.75
-53035 2076.43994140625
-53025 2071.55908203125
-53015 2066.56005859375
-53005 2061.510009765625
-52995 2057.4990234375
-52985 2053.759033203125
-52975 2050.158935546875
-52965 2047.1810302734375
-52955 2044.72900390625
-52945 2042.0789794921875
-52935 2039.0389404296875
-52925 2035.73095703125
-52915 2031.4000244140625
-52905 2027.468994140625
-52895 2022.35205078125
-52885 2015.489990234375
-52875 2007.510009765625
-52865 1999.989990234375
-52855 1991.7020263671875
-52845 1985.1529541015625
-52835 1979.2020263671875
-52825 1969.9720458984375
-52815 1959.3590087890625
-52805 1951.3699951171875
-52795 1947.72900390625
-52785 1941.8609619140625
-52775 1936.791015625
-52765 1929.051025390625
-52755 1921.041015625
-52745 1913.7889404296875
-52735 1909.3389892578125
-52725 1903.4300537109375
-52715 1896.81005859375
-52705 1890.4310302734375
-52695 1885.112060546875
-52685 1880.708984375
-52675 1876.5899658203125
-52665 1872.739990234375
-52655 1867.3189697265625
-52645 1861.759033203125
-52635 1856.4310302734375
-52625 1853.1920166015625
-52615 1850.4100341796875
-52605 1847.3330078125
-52595 1843.8699951171875
-52585 1841.02001953125
-52575 1836.489013671875
-52565 1829.7879638671875
-52555 1822.968994140625
-52545 1815.4599609375
-52535 1809.8370361328125
-52525 1805.8389892578125
-52515 1802.3509521484375
-52505 1799.7139892578125
-52495 1792.93505859375
-52485 1787.625
-52475 1781.7569580078125
-52465 1774.364990234375
-52455 1765.6009521484375
-52445 1757.635986328125
-52435 1750.5159912109375
-52425 1743.8489990234375
-52415 1739.5350341796875
-52405 1734.4959716796875
-52395 1727.2860107421875
-52385 1720.1209716796875
-52375 1713.7550048828125
-52365 1707.404052734375
-52355 1702.531982421875
-52345 1693.134033203125
-52335 1683.0579833984375
-52325 1675.93798828125
-52315 1662.5570068359375
-52305 1655.208984375
-52295 1645.3160400390625
-52285 1637.801025390625
-52275 1630.862060546875
-52265 1624.10400390625
-52255 1618.7969970703125
-52245 1616.9539794921875
-52235 1616.7130126953125
-52225 1615.9129638671875
-52215 1615.85302734375
-52205 1613.833984375
-52195 1612.821044921875
-52185 1611.7950439453125
-52175 1609.969970703125
-52165 1609.9849853515625
-52155 1610.875
-52145 1611.583984375
-52135 1612.3079833984375
-52125 1613.802001953125
-52115 1613.833984375
-52105 1613.833984375
-52095 1614.04296875
-52085 1613.5450439453125
-52075 1613.740966796875
-52065 1613.333984375
-52055 1612.7779541015625
-52045 1611.9610595703125
-52035 1611.4029541015625
-52025 1611.75
-52015 1611.7349853515625
-52005 1612.58203125
-51995 1615.41796875
-51985 1618.220947265625
-51975 1619.490966796875
-51965 1624.468994140625
-51955 1630.137939453125
-51945 1634.1080322265625
-51935 1637.321044921875
-51925 1639.5989990234375
-51915 1641.574951171875
-51905 1643.6240234375
-51895 1645.614990234375
-51885 1651.364990234375
-51875 1658.303955078125
-51865 1664.802978515625
-51855 1667.822021484375
-51845 1672.0909423828125
-51835 1677.958984375
-51825 1682.7860107421875
-51815 1688.9100341796875
-51805 1695.89501953125
-51795 1703.1810302734375
-51785 1710.1800537109375
-51775 1718.884033203125
-51765 1726.89404296875
-51755 1734.782958984375
-51745 1742.8380126953125
-51735 1750.56201171875
-51725 1762.0260009765625
-51715 1772.97802734375
-51705 1784.18505859375
-51695 1793.552978515625
-51685 1801.654052734375
-51675 1807.989013671875
-51665 1816.7230224609375
-51655 1828.5340576171875
-51645 1835.654052734375
-51635 1845.18798828125
-51625 1849.5780029296875
-51615 1854.011962890625
-51605 1858.5250244140625
-51595 1864.197021484375
-51585 1867.6639404296875
-51575 1872.8079833984375
-51565 1878.9949951171875
-51555 1890.125
-51545 1896.1920166015625
-51535 1900.883056640625
-51525 1905.5140380859375
-51515 1910.657958984375
-51505 1917.7779541015625
-51495 1920.6739501953125
-51485 1924.113037109375
-51475 1928.06494140625
-51465 1931.594970703125
-51455 1935.9849853515625
-51445 1940.405029296875
-51435 1945.89599609375
-51425 1950.64697265625
-51415 1953.4830322265625
-51405 1957.7669677734375
-51395 1962.821044921875
-51385 1968.2060546875
-51375 1972.2030029296875
-51365 1975.4620361328125
-51355 1978.7049560546875
-51345 1981.375
-51335 1986.3680419921875
-51325 1990.2139892578125
-51315 1994.98095703125
-51305 1999.053955078125
-51295 1999.175048828125
-51285 1999.31103515625
-51275 2000.155029296875
-51265 2002.583984375
-51255 2009.2659912109375
-51245 2017.125
-51235 2024.833984375
-51225 2032.8740234375
-51215 2043.3580322265625
-51205 2053.52490234375
-51195 2063.028076171875
-51185 2072.426025390625
-51175 2079.68408203125
-51165 2084.02587890625
-51155 2086.18310546875
-51145 2086.45703125
-51135 2090.60302734375
-51125 2095.885009765625
-51115 2101.87109375
-51105 2113.44091796875
-51095 2125.798095703125
-51085 2128.452880859375
-51075 2132.737060546875
-51065 2137.699951171875
-51055 2143.070068359375
-51045 2139.781005859375
-51035 2140.5048828125
-51025 2141.7099609375
-51015 2145.284912109375
-51005 2149.90087890625
-50995 2152.783935546875
-50985 2154.169921875
-50975 2160.326904296875
-50965 2165.197021484375
-50955 2171.805908203125
-50945 2180.35888671875
-50935 2182.60693359375
-50925 2177.071044921875
-50915 2168.68408203125
-50905 2160.885009765625
-50895 2152.844970703125
-50885 2145.257080078125
-50875 2136.64404296875
-50865 2123.489990234375
-50855 2095.324951171875
-50845 2084.387939453125
-50835 2072.033935546875
-50825 2064.083984375
-50815 2054.943115234375
-50805 2046.43505859375
-50795 2039.3599853515625
-50785 2031.5159912109375
-50775 2024.3509521484375
-50765 2016.447021484375
-50755 2008.467041015625
-50745 2000.487060546875
-50735 1997.77197265625
-50725 1995.5240478515625
-50715 1993.8050537109375
-50705 1996.927001953125
-50695 1995.0260009765625
-50685 1990.2900390625
-50675 1979.248046875
-50665 1965.7469482421875
-50655 1955.89697265625
-50645 1943.5269775390625
-50635 1927.2659912109375
-50625 1917.2349853515625
-50615 1906.3590087890625
-50605 1899.2080078125
-50595 1904.427978515625
-50585 1911.427001953125
-50575 1902.511962890625
-50565 1897.0660400390625
-50555 1891.0780029296875
-50545 1876.2320556640625
-50535 1862.7010498046875
-50525 1850.4219970703125
-50515 1842.0350341796875
-50505 1833.93701171875
-50495 1827.177001953125
-50485 1819.739990234375
-50475 1809
-50465 1801.5030517578125
-50455 1793.4019775390625
-50445 1783.416015625
-50435 1776.4169921875
-50425 1775.9189453125
-50415 1777.2159423828125
-50405 1769.2669677734375
-50395 1760.925048828125
-50385 1756.0830078125
-50375 1758.81298828125
-50365 1768.8590087890625
-50355 1770.156982421875
-50345 1768.4520263671875
-50335 1764.3189697265625
-50325 1756.4300537109375
-50315 1748.072998046875
-50305 1738.373046875
-50295 1734.1949462890625
-50285 1724.64599609375
-50275 1718.656982421875
-50265 1713.241943359375
-50255 1708.7919921875
-50245 1705.3070068359375
-50235 1700.81201171875
-50225 1694.958984375
-50215 1689.9659423828125
-50205 1685.426025390625
-50195 1681.4429931640625
-50185 1678.22998046875
-50175 1676.178955078125
-50165 1671.0050048828125
-50155 1669.072021484375
-50145 1664.051025390625
-50135 1659.5260009765625
-50125 1654.6810302734375
-50115 1650.427001953125
-50105 1647.1710205078125
-50095 1643.8349609375
-50085 1641.4820556640625
-50075 1638.81201171875
-50065 1636.446044921875
-50055 1634.2740478515625
-50045 1633.3509521484375
-50035 1632.1319580078125
-50025 1632.14697265625
-50015 1631.135986328125
-50005 1633.7650146484375
-49995 1637.112060546875
-49985 1639.5830078125
-49975 1642.3289794921875
-49965 1644.9210205078125
-49955 1647.8990478515625
-49945 1651.47705078125
-49935 1654.93603515625
-49925 1659.123046875
-49915 1663.697021484375
-49905 1668.9320068359375
-49895 1672.9659423828125
-49885 1677.342041015625
-49875 1682.791015625
-49865 1689.22802734375
-49855 1696.239013671875
-49845 1702.949951171875
-49835 1715.3409423828125
-49825 1734.6500244140625
-49815 1734.5980224609375
-49805 1741.0689697265625
-49795 1750.946044921875
-49785 1757.237060546875
-49775 1776.7430419921875
-49765 1794.738037109375
-49755 1801.1400146484375
-49745 1808.717041015625
-49735 1819.238037109375
-49725 1831.7080078125
-49715 1837.7919921875
-49705 1840.0660400390625
-49695 1843.14697265625
-49685 1845.3780517578125
-49675 1848.9990234375
-49665 1852.8179931640625
-49655 1857.427001953125
-49645 1862.4210205078125
-49635 1867.218017578125
-49625 1872.2469482421875
-49615 1877.4300537109375
-49605 1882.8189697265625
-49595 1888.989990234375
-49585 1895.2879638671875
-49575 1901.1500244140625
-49565 1906.916015625
-49555 1913.6190185546875
-49545 1920.9300537109375
-49535 1926.9539794921875
-49525 1931.9229736328125
-49515 1939.448974609375
-49505 1946.657958984375
-49495 1951.3260498046875
-49485 1957.2039794921875
-49475 1964.5159912109375
-49465 1971.68994140625
-49455 1983.18896484375
-49445 2010.7359619140625
-49435 2019.0860595703125
-49425 2021.300048828125
-49415 2030.8260498046875
-49405 2036.64404296875
-49395 2048.85595703125
-49385 2058.22705078125
-49375 2084.657958984375
-49365 2094.964111328125
-49355 2102.791015625
-49345 2101.572021484375
-49335 2118.02294921875
-49325 2120.597900390625
-49315 2125.257080078125
-49305 2131.402099609375
-49295 2139.116943359375
-49285 2147.235107421875
-49275 2156.27099609375
-49265 2173.708984375
-49255 2185.9208984375
-49245 2191.0869140625
-49235 2200.68896484375
-49225 2206.988037109375
-49215 2210.2060546875
-49205 2221.1650390625
-49195 2238.430908203125
-49185 2258.10888671875
-49175 2274.028076171875
-49165 2277.443115234375
-49155 2287.77490234375
-49145 2297.97900390625
-49135 2311.68408203125
-49125 2310.362060546875
-49115 2323.2509765625
-49105 2329.10400390625
-49095 2340.388916015625
-49085 2342.782958984375
-49075 2349.948974609375
-49065 2358.160888671875
-49055 2369.660888671875
-49045 2384.112060546875
-49035 2389.81005859375
-49025 2405.093994140625
-49015 2395.217041015625
-49005 2394.512939453125
-48995 2403.222900390625
-48985 2409.64208984375
-48975 2419.501953125
-48965 2430.0830078125
-48955 2441.951904296875
-48945 2442.467041015625
-48935 2440.047119140625
-48925 2433.20703125
-48915 2428.64208984375
-48905 2416.39599609375
-48895 2417.751953125
-48885 2413.006103515625
-48875 2404.613037109375
-48865 2397.4560546875
-48855 2389.02099609375
-48845 2381.751953125
-48835 2374.260009765625
-48825 2364.4169921875
-48815 2356.10205078125
-48805 2348.009033203125
-48795 2339.65087890625
-48785 2329.97900390625
-48775 2321.972900390625
-48765 2314.574951171875
-48755 2306.971923828125
-48745 2299.179931640625
-48735 2291.1220703125
-48725 2283.00390625
-48715 2276.4130859375
-48705 2269.22998046875
-48695 2263.85791015625
