-62005 2236.302001953125
-61995 2231.02099609375
-61985 2225.464111328125
-61975 2219.260009765625
-61965 2214.887939453125
-61955 2211.2548828125
-61945 2209.27001953125
-61935 2210.115966796875
-61925 2211.22509765625
-61915 2211.501953125
-61905 2210.39306640625
-61895 2209.19189453125
-61885 2209.407958984375
-61875 2210.778076171875
-61865 2210.68603515625
-61855 2210.947998046875
-61845 2209.9619140625
-61835 2211.054931640625
-61825 2211.60888671875
-61815 2213.302978515625
-61805 2216.736083984375
-61795 2220.81494140625
-61785 2224.093994140625
-61775 2228.405029296875
-61765 2231.806884765625
-61755 2237.51806640625
-61745 2242.68994140625
-61735 2248.785888671875
-61725 2255.035888671875
-61715 2260.993896484375
-61705 2267.47509765625
-61695 2276.94189453125
-61685 2281.97607421875
-61675 2285.33203125
-61665 2291.304931640625
-61655 2298.89501953125
-61645 2308.0849609375
-61635 2316.181884765625
-61625 2319.98388671875
-61615 2322.9560546875
-61605 2331.544921875
-61595 2337.99609375
-61585 2340.98193359375
-61575 2346.77001953125
-61565 2351.373046875
-61555 2356.221923828125
-61545 2359.7939453125
-61535 2365.4130859375
-61525 2371.694091796875
-61515 2374.7880859375
-61505 2378.8359375
-61495 2383.761962890625
-61485 2388.966064453125
-61475 2392.305908203125
-61465 2398.757080078125
-61455 2404.60595703125
-61445 2409.60888671875
-61435 2410.256103515625
-61425 2409.548095703125
-61415 2408.054931640625
-61405 2406.330078125
-61395 2406.361083984375
-61385 2407.839111328125
-61375 2408.593017578125
-61365 2410.470947265625
-61355 2413.843017578125
-61345 2416.212890625
-61335 2419.553955078125
-61325 2422.787109375
-61315 2423.72607421875
-61305 2422.8330078125
-61295 2421.554931640625
-61285 2420.323974609375
-61275 2417.98388671875
-61265 2414.551025390625
-61255 2412.134033203125
-61245 2409.208984375
-61235 2406.31494140625
-61225 2402.43603515625
-61215 2397.555908203125
-61205 2395.30810546875
-61195 2393.1220703125
-61185 2390.212890625
-61175 2386.965087890625
-61165 2386.81103515625
-61155 2386.532958984375
-61145 2386.133056640625
-61135 2384.885986328125
-61125 2383.10107421875
-61115 2380.60693359375
-61105 2377.944091796875
-61095 2375.64990234375
-61085 2375.587890625
-61075 2374.06396484375
-61065 2372.72509765625
-61055 2374.35693359375
-61045 2378.096923828125
-61035 2378.5439453125
-61025 2381.68408203125
-61015 2385.68701171875
-61005 2386.794921875
-60995 2371.6630859375
-60985 2361.0869140625
-60975 2348.23291015625
-60965 2332.7919921875
-60955 2322.89404296875
-60945 2316.843994140625
-60935 2312.842041015625
-60925 2310.593994140625
-60915 2309.02392578125
-60905 2306.31396484375
-60895 2303.219970703125
-60885 2300.587890625
-60875 2297.863037109375
-60865 2295.014892578125
-60855 2291.242919921875
-60845 2287.44091796875
-60835 2284.992919921875
-60825 2283.5458984375
-60815 2281.3759765625
-60805 2278.89697265625
-60795 2277.14208984375
-60785 2274.87890625
-60775 2272.970947265625
-60765 2271.693115234375
-60755 2270.569091796875
-60745 2269.7529296875
-60735 2269.429931640625
-60725 2268.537109375
-60715 2269.660888671875
-60705 2267.93701171875
-60695 2267.05908203125
-60685 2267.444091796875
-60675 2268.10595703125
-60665 2266.5048828125
-60655 2265.10400390625
-60645 2263.364990234375
-60635 2260.885986328125
-60625 2257.777099609375
-60615 2255.883056640625
-60605 2254.06689453125
-60595 2253.742919921875
-60585 2253.466064453125
-60575 2251.448974609375
-60565 2250.47998046875
-60555 2246.4619140625
-60545 2246.985107421875
-60535 2244.3369140625
-60525 2240.735107421875
-60515 2236.5791015625
-60505 2231.653076171875
-60495 2224.279052734375
-60485 2219.153076171875
-60475 2214.196044921875
-60465 2211.993896484375
-60455 2208.576904296875
-60445 2204.821044921875
-60435 2201.218017578125
-60425 2197.47802734375
-60415 2190.39599609375
-60405 2185.407958984375
-60395 2178.466064453125
-60385 2173.570068359375
-60375 2169.799072265625
-60365 2166.381103515625
-60355 2161.408935546875
-60345 2155.06689453125
-60335 2140.241943359375
-60325 2133.19091796875
-60315 2125.324951171875
-60305 2118.12109375
-60295 2113.625
-60285 2109.514892578125
-60275 2105.9130859375
-60265 2102.833984375
-60255 2102.049072265625
-60245 2100.402099609375
-60235 2099.83203125
-60225 2097.8310546875
-60215 2096.044921875
-60205 2094.05908203125
-60195 2092.412109375
-60185 2090.887939453125
-60175 2088.81005859375
-60165 2086.455078125
-60155 2085.02294921875
-60145 2083.575927734375
-60135 2080.97412109375
-60125 2077.84912109375
-60115 2075.5859375
-60105 2073.385009765625
-60095 2071.583984375
-60085 2070.214111328125
-60075 2068.56689453125
-60065 2066.56494140625
-60055 2065.041015625
-60045 2064.072021484375
-60035 2062.7939453125
-60025 2061.638916015625
-60015 2060.14599609375
-60005 2058.052001953125
-59995 2056.156005859375
-59985 2054.81103515625
-59975 2053.47900390625
-59965 2051.714111328125
-59955 2049.5869140625
-59945 2047.301025390625
-59935 2045.448974609375
-59925 2043.77001953125
-59915 2041.5999755859375
-59905 2038.7640380859375
-59895 2036.115966796875
-59885 2034.06103515625
-59875 2032.0059814453125
-59865 2029.4019775390625
-59855 2027.303955078125
-59845 2024.886962890625
-59835 2022.2540283203125
-59825 2019.6490478515625
-59815 2016.8709716796875
-59805 2013.196044921875
-59795 2009.4189453125
-59785 2005.251953125
-59775 2001.5770263671875
-59765 1998.0460205078125
-59755 1993.762939453125
-59745 1989.5670166015625
-59735 1986.4119873046875
-59725 1983.532958984375
-59715 1981.0150146484375
-59705 1977.4560546875
-59695 1974.156005859375
-59685 1971.4940185546875
-59675 1971.2769775390625
-59665 1970.39404296875
-59655 1969.656005859375
-59645 1968.91796875
-59635 1968.5419921875
-59625 1966.906982421875
-59615 1965.5760498046875
-59605 1963.8690185546875
-59595 1963.56494140625
-59585 1964.2010498046875
-59575 1965.8070068359375
-59565 1966.7049560546875
-59555 1968.31103515625
-59545 1969.758056640625
-59535 1971.85595703125
-59525 1974.7640380859375
-59515 1977.4410400390625
-59505 1979.1920166015625
-59495 1981.2030029296875
-59485 1982.6500244140625
-59475 1984.2850341796875
-59465 1985.3699951171875
-59455 1987.946044921875
-59445 1989.407958984375
-59435 1992.865966796875
-59425 1996.7149658203125
-59415 1998.364013671875
-59405 2002.8349609375
-59395 2005.7869873046875
-59385 2010.5770263671875
-59375 2017.85498046875
-59365 2028.3310546875
-59355 2032.35400390625
-59345 2035.406982421875
-59335 2037.822998046875
-59325 2038.373046875
-59315 2038.9949951171875
-59305 2040.8759765625
-59295 2044.6669921875
-59285 2046.60595703125
-59275 2048.777099609375
-59265 2049.64501953125
-59255 2051.236083984375
-59245 2053.739990234375
-59235 2057.632080078125
-59225 2061.596923828125
-59215 2065.64794921875
-59205 2069.511962890625
-59195 2074.214111328125
-59185 2079.77099609375
-59175 2084.7919921875
-59165 2089.493896484375
-59155 2093.93701171875
-59145 2096.8740234375
-59135 2100.56298828125
-59125 2104.875
-59115 2109.635986328125
-59105 2114.294921875
-59095 2120.300048828125
-59085 2127.1298828125
-59075 2135.030029296875
-59065 2139.718994140625
-59055 2147.113037109375
-59045 2153.72509765625
-59035 2163.3330078125
-59025 2173.012939453125
-59015 2178.554931640625
-59005 2182.345947265625
-58995 2183.011962890625
-58985 2182.7080078125
-58975 2183.7060546875
-58965 2183.735107421875
-58955 2180.75390625
-58945 2174.083984375
-58935 2169.4541015625
-58925 2166.327880859375
-58915 2164.7509765625
-58905 2164.592041015625
-58895 2164.0849609375
-58885 2164.9970703125
-58875 2167.8759765625
-58865 2169.52587890625
-58855 2169.1640625
-58845 2166.2119140625
-58835 2162.175048828125
-58825 2158.06591796875
-58815 2154.666015625
-58805 2149.529052734375
-58795 2145.04296875
-58785 2142.236083984375
-58775 2139.55908203125
-58765 2135.85498046875
-58755 2133.553955078125
-58745 2129.966064453125
-58735 2125.35009765625
-58725 2119.822998046875
-58715 2117.492919921875
-58705 2115.510986328125
-58695 2113.4560546875
-58685 2111.762939453125
-58675 2111.257080078125
-58665 2111.60400390625
-58655 2111.805908203125
-58645 2112.052001953125
-58635 2112.4140625
-58625 2112.154052734375
-58615 2111.5458984375
-58605 2111.488037109375
-58595 2110.27294921875
-58585 2108.623046875
-58575 2108.0439453125
-58565 2107.176025390625
-58555 2106.075927734375
-58545 2103.2548828125
-58535 2101.79296875
-58525 2099.507080078125
-58515 2096.85888671875
-58505 2094.154052734375
-58495 2091.447998046875
-58485 2088.091064453125
-58475 2086.281982421875
-58465 2085.97802734375
-58455 2085.659912109375
-58445 2082.823974609375
-58435 2080.364013671875
-58425 2077.5419921875
-58415 2073.056884765625
-58405 2070.81396484375
-58395 2069.9169921875
-58385 2069.10595703125
-58375 2067.197021484375
-58365 2065.214111328125
-58355 2062.72509765625
-58345 2061.0029296875
-58335 2058.486083984375
-58325 2056.14208984375
-58315 2053.3779296875
-58305 2050.324951171875
-58295 2047.64794921875
-58285 2045.5350341796875
-58275 2042.39599609375
-58265 2038.7060546875
-58255 2035.333984375
-58245 2034.2060546875
-58235 2030.5159912109375
-58225 2027.2459716796875
-58215 2023.4110107421875
-58205 2018.781005859375
-58195 2015.7860107421875
-58185 2011.22802734375
-58175 2006.279052734375
-58165 2001.114013671875
-58155 1995.35498046875
-58145 1990.4930419921875
-58135 1988.7559814453125
-58125 1988.553955078125
-58115 1988.279052734375
-58105 1988.48095703125
-58095 1988.0179443359375
-58085 1987.2080078125
-58075 1985.125
-58065 1982.8819580078125
-58055 1982.52001953125
-58045 1982.56298828125
-58035 1981.56494140625
-58025 1975.2130126953125
-58015 1971.8990478515625
-58005 1969.6419677734375
-57995 1969.323974609375
-57985 1972.927001953125
-57975 1973.8089599609375
-57965 1973.7659912109375
-57955 1971.14697265625
-57945 1970.4959716796875
-57935 1970.134033203125
-57925 1969.2659912109375
-57915 1971.594970703125
-57905 1969.1070556640625
-57895 1963.636962890625
-57885 1957.791015625
-57875 1952.1190185546875
-57865 1947.373046875
-57855 1942.1500244140625
-57845 1937.3170166015625
-57835 1931.905029296875
-57825 1927.593017578125
-57815 1923.9320068359375
-57805 1918.823974609375
-57795 1914.2669677734375
-57785 1909.2459716796875
-57775 1906.5830078125
-57765 1901.865966796875
-57755 1897.35205078125
-57745 1893.386962890625
-57735 1889.3060302734375
-57725 1886.0360107421875
-57715 1882.5350341796875
-57705 1878.7149658203125
-57695 1874.113037109375
-57685 1869.135986328125
-57675 1862.95703125
-57665 1856.2869873046875
-57655 1850.5860595703125
-57645 1846.404052734375
-57635 1841.35400390625
-57625 1836.56396484375
-57615 1833.5550537109375
-57605 1830.125
-57595 1826.2330322265625
-57585 1824.43896484375
-57575 1823.39697265625
-57565 1822.7750244140625
-57555 1819.0560302734375
-57545 1816.5240478515625
-57535 1814.1080322265625
-57525 1810.5479736328125
-57515 1809.8389892578125
-57505 1806.759033203125
-57495 1804.4300537109375
-57485 1798.6669921875
-57475 1793.946044921875
-57465 1788.1209716796875
-57455 1783.4310302734375
-57445 1779.35400390625
-57435 1776.56396484375
-57425 1774.126953125
-57415 1771.8900146484375
-57405 1767.4749755859375
-57395 1764.1949462890625
-57385 1761.375
-57375 1759.427978515625
-57365 1756.6390380859375
-57355 1754.2939453125
-57345 1751.22802734375
-57335 1748.6070556640625
-57325 1744.9599609375
-57315 1740.2080078125
-57305 1734.905029296875
-57295 1730.383056640625
-57285 1726.06103515625
-57275 1722.887939453125
-57265 1720.0369873046875
-57255 1716.833984375
-57245 1713.7530517578125
-57235 1708.2349853515625
-57225 1702.947021484375
-57215 1698.625
-57205 1694.7320556640625
-57195 1690.73095703125
-57185 1686.6700439453125
-57175 1683.2669677734375
-57165 1679.54296875
-57155 1674.698974609375
-57145 1668.737060546875
-57135 1663.2650146484375
-57125 1659.1109619140625
-57115 1655.616943359375
-57105 1652.1219482421875
-57095 1647.93798828125
-57085 1644.0140380859375
-57075 1639.998046875
-57065 1636.073974609375
-57055 1631.8289794921875
-57045 1625.865966796875
-57035 1618.876953125
-57025 1615.5360107421875
-57015 1612.5469970703125
-57005 1608.3929443359375
-56995 1603.56494140625
-56985 1598.93603515625
-56975 1594.3990478515625
-56965 1588.14599609375
-56955 1581.968994140625
-56945 1575.9300537109375
-56935 1570.1669921875
-56925 1565.1700439453125
-56915 1562.197021484375
-56905 1560.2650146484375
-56895 1558.2879638671875
-56885 1556.2650146484375
-56875 1556.31103515625
-56865 1556.8929443359375
-56855 1556.112060546875
-56845 1555.60595703125
-56835 1556.0040283203125
-56825 1555.574951171875
-56815 1558.5030517578125
-56805 1560.0810546875
-56795 1559.85205078125
-56785 1560.7249755859375
-56775 1564.0970458984375
-56765 1566.779052734375
-56755 1568.5269775390625
-56745 1570.1669921875
-56735 1571.883056640625
-56725 1573.2779541015625
-56715 1575.8690185546875
-56705 1574.842041015625
-56695 1577.4630126953125
-56685 1581.845947265625
-56675 1585.4019775390625
-56665 1588.2679443359375
-56655 1593.3260498046875
-56645 1596.3310546875
-56635 1602.844970703125
-56625 1607.5040283203125
-56615 1609.5579833984375
-56605 1611.4129638671875
-56595 1612.8070068359375
-56585 1613.5279541015625
-56575 1615.0760498046875
-56565 1617.498046875
-56555 1619.198974609375
-56545 1620.425048828125
-56535 1623.5670166015625
-56525 1626.095947265625
-56515 1628.011962890625
-56505 1628.532958984375
-56495 1629.115966796875
-56485 1629.4219970703125
-56475 1629.2080078125
-56465 1627.4759521484375
-56455 1625.4520263671875
-56445 1622.3260498046875
-56435 1618.386962890625
-56425 1612.9300537109375
-56415 1607.656982421875
-56405 1609.926025390625
-56395 1609.72705078125
-56385 1610.1409912109375
-56375 1611.2130126953125
-56365 1613.5579833984375
-56355 1614.5240478515625
-56345 1615.321044921875
-56335 1617.14501953125
-56325 1619.1839599609375
-56315 1619.9959716796875
-56305 1619.781005859375
-56295 1621.8199462890625
-56285 1622.876953125
-56275 1623.8280029296875
-56265 1619.9649658203125
-56255 1622.8310546875
-56245 1626.2030029296875
-56235 1626.9849853515625
-56225 1628.717041015625
-56215 1630.8780517578125
-56205 1633.300048828125
-56195 1636.1199951171875
-56185 1640.4429931640625
-56175 1646.3740234375
-56165 1652.6280517578125
-56155 1656.8280029296875
-56145 1661.1800537109375
-56135 1664.4139404296875
-56125 1669.594970703125
-56115 1674.66796875
-56105 1680.4930419921875
-56095 1685.5360107421875
-56085 1690.5169677734375
-56075 1694.4560546875
-56065 1698.6400146484375
-56055 1703.3759765625
-56045 1707.6070556640625
-56035 1712.864013671875
-56025 1717.7840576171875
-56015 1723.0870361328125
-56005 1727.916015625
-55995 1734.5830078125
-55985 1738.7979736328125
-55975 1745.634033203125
-55965 1753.4200439453125
-55955 1760.822998046875
-55945 1768.8699951171875
-55935 1776.27294921875
-55925 1783.8759765625
-55915 1790.9720458984375
-55905 1797.655029296875
-55895 1803.77099609375
-55885 1810.5909423828125
-55875 1817.3809814453125
-55865 1825.1829833984375
-55855 1833.0150146484375
-55845 1839.2530517578125
-55835 1841.905029296875
-55825 1844.8480224609375
-55815 1847.2080078125
-55805 1849.2010498046875
-55795 1853.508056640625
-55785 1856.511962890625
-55775 1859.9449462890625
-55765 1863.7159423828125
-55755 1867.885009765625
-55745 1872.8509521484375
-55735 1878.154052734375
-55725 1885.0050048828125
-55715 1893.3740234375
-55705 1901.0379638671875
-55695 1908.3179931640625
-55685 1915.0770263671875
-55675 1920.947998046875
-55665 1927.385009765625
-55655 1933.072021484375
-55645 1940.613037109375
-55635 1946.43701171875
-55625 1953.4420166015625
-55615 1961.427001953125
-55605 1969.5810546875
-55595 1976.218017578125
-55585 1982.79296875
-55575 1991.530029296875
-55565 1997.7989501953125
-55555 2004.833984375
-55545 2013.0040283203125
-55535 2021.2960205078125
-55525 2028.592041015625
-55515 2035.948974609375
-55505 2043.3819580078125
-55495 2051.4140625
-55485 2063.339111328125
-55475 2070.219970703125
-55465 2076.826904296875
-55455 2086.221923828125
-55445 2094.68310546875
-55435 2101.073974609375
-55425 2106.884033203125
-55415 2115.159912109375
-55405 2123.912109375
-55395 2129.5830078125
-55385 2135.791015625
-55375 2138.51904296875
-55365 2147.89892578125
-55355 2156.912109375
-55345 2163.22705078125
-55335 2170.031982421875
-55325 2179.91796875
-55315 2186.447998046875
-55305 2196.364013671875
-55295 2203.4150390625
-55285 2213.424072265625
-55275 2221.68505859375
-55265 2230.468017578125
-55255 2233.823974609375
-55245 2240.507080078125
-55235 2247.113037109375
-55225 2255.19091796875
-55215 2261.735107421875
-55205 2267.39111328125
-55195 2266.501953125
-55185 2257.99609375
-55175 2251.450927734375
-55165 2244.614990234375
-55155 2237.56396484375
-55145 2230.2529296875
-55135 2224.044921875
-55125 2218.114013671875
-55115 2207.261962890625
-55105 2197.68310546875
-55095 2187.781005859375
-55085 2177.43505859375
-55075 2166.62890625
-55065 2158.64404296875
-55055 2150.18310546875
-55045 2141.998046875
-55035 2134.073974609375
-55025 2126.85498046875
-55015 2119.48193359375
-55005 2112.237060546875
-54995 2105.301025390625
-54985 2097.779052734375
-54975 2091.7490234375
-54965 2085.488037109375
-54955 2079.1708984375
-54945 2073.10888671875
-54935 2067.089111328125
-54925 2061.010986328125
-54915 2055.178955078125
-54905 2050.10888671875
-54895 2044.6209716796875
-54885 2039.6590576171875
-54875 2034.1820068359375
-54865 2028.8509521484375
-54855 2024.5699462890625
-54845 2019.458984375
-54835 2013.7220458984375
-54825 2008.2110595703125
-54815 2002.7120361328125
-54805 1997.781005859375
-54795 1992.8499755859375
-54785 1989.0699462890625
-54775 1986.0670166015625
-54765 1982.6719970703125
-54755 1976.5269775390625
-54745 1971.468017578125
-54735 1968.050048828125
-54725 1964.8809814453125
-54715 1963.041015625
-54705 1962.43994140625
-54695 1960.5479736328125
-54685 1958.68994140625
-54675 1956.8399658203125
-54665 1955.3699951171875
-54655 1953.949951171875
-54645 1952.498046875
-54635 1948.0389404296875
-54625 1943
-54615 1938.199951171875
-54605 1933.051025390625
-54595 1929.720947265625
-54585 1927.3609619140625
-54575 1925.2099609375
-54565 1922.5
-54555 1919.468017578125
-54545 1916.56005859375
-54535 1912.2900390625
-54525 1908.0980224609375
-54515 1905.0980224609375
-54505 1902.27099609375
-54495 1896.27001953125
-54485 1890.8590087890625
-54475 1886.31201171875
-54465 1883.0889892578125
-54455 1880.280029296875
-54445 1878.261962890625
-54435 1876.3289794921875
-54425 1874.76904296875
-54415 1873.050048828125
-54405 1871.6209716796875
-54395 1870.4410400390625
-54385 1869.9010009765625
-54375 1870.85205078125
-54365 1868.22900390625
-54355 1865.51904296875
-54345 1862.7010498046875
-54335 1860.43798828125
-54325 1851.98095703125
-54315 1843.1419677734375
-54305 1833.718017578125
-54295 1827.0699462890625
-54285 1829.47705078125
-54275 1833.552001953125
-54265 1842.199951171875
-54255 1849.6700439453125
-54245 1856.241943359375
-54235 1859.3389892578125
-54225 1855.968017578125
-54215 1853.5989990234375
-54205 1856.0889892578125
-54195 1860.949951171875
-54185 1867.0989990234375
-54175 1870.800048828125
-54165 1869.4990234375
-54155 1871.27001953125
-54145 1873.7110595703125
-54135 1875.3489990234375
-54125 1871.529052734375
-54115 1869.3310546875
-54105 1871.8990478515625
-54095 1871.009033203125
-54085 1847.989013671875
-54075 1838.949951171875
-54065 1838.448974609375
-54055 1849.25
-54045 1847.031982421875
-54035 1853.91796875
-54025 1858.9119873046875
-54015 1863.428955078125
-54005 1868.009033203125
-53995 1870.449951171875
-53985 1871.8089599609375
-53975 1861.010986328125
-53965 1862.8399658203125
-53955 1875.928955078125
-53945 1877.3199462890625
-53935 1876.529052734375
-53925 1873.6409912109375
-53915 1878.9990234375
-53905 1873.3489990234375
-53895 1872.322021484375
-53885 1876.5489501953125
-53875 1879.6190185546875
-53865 1868.218017578125
-53855 1870.251953125
-53845 1886.759033203125
-53835 1893.8179931640625
-53825 1902.6910400390625
-53815 1908.9520263671875
-53805 1908.6400146484375
-53795 1911.530029296875
-53785 1922.3990478515625
-53775 1935.1519775390625
-53765 1944.3709716796875
-53755 1956.448974609375
-53745 1970.4100341796875
-53735 1966.449951171875
-53725 1969.739990234375
-53715 1965.678955078125
-53705 1972.9429931640625
-53695 1972.47998046875
-53685 1968.6409912109375
-53675 1965.989013671875
-53665 1970.2010498046875
-53655 1973.781005859375
-53645 1978.3270263671875
-53635 1982.969970703125
-53625 1988.5400390625
-53615 1994.447998046875
-53605 1996.762939453125
-53595 2000.241943359375
-53585 2003.47998046875
-53575 2007.3389892578125
-53565 2010.8590087890625
-53555 2016.5889892578125
-53545 2022.81005859375
-53535 2030.8289794921875
-53525 2038.469970703125
-53515 2048.160888671875
-53505 2057.070068359375
-53495 2066.10205078125
-53485 2074.361083984375
-53475 2083.1279296875
-53465 2090.5380859375
-53455 2098.720947265625
-53445 2104.5390625
-53435 2110.259033203125
-53425 2117.048095703125
-53415 2121.781005859375
-53405 2126.64892578125
-53395 2130.700927734375
-53385 2137.30908203125
-53375 2139.60107421875
-53365 2145.387939453125
-53355 2151.14990234375
-53345 2159.907958984375
-53335 2168.68896484375
-53325 2174.929931640625
-53315 2182.1708984375
-53305 2190.080078125
-53295 2198.97998046875
-53285 2194.9609375
-53275 2189.260009765625
-53265 2184.882080078125
-53255 2176.580078125
-53245 2171.60009765625
-53235 2166.198974609375
-53225 2162.719970703125
-53215 2156.0390625
-53205 2150.387939453125
-53195 2140.4619140625
-53185 2135.93994140625
-53175 2132.48095703125
-53165 2120.5
-53155 2117.028076171875
-53145 2114.302001953125
-53135 2110.819091796875
-53125 2107.279052734375
-53115 2103.6220703125
-53105 2099.989990234375
-53095 2095.7900390625
-53085 2092.0009765625
-53075 2088.3798828125
-53065 2083.51904296875
-53055 2079.162109375
-53045 2074.430908203125
-53035 2070.429931640625
-53025 2065.590087890625
-53015 2061.362060546875
-53005 2058.1279296875
-52995 2054.740966796875
-52985 2051.760986328125
-52975 2048.989990234375
-52965 2046.4010009765625
-52955 2044.1090087890625
-52945 2041.8499755859375
-52935 2038.8299560546875
-52925 2035.468017578125
-52915 2030.3699951171875
-52905 2023.928955078125
-52895 2017.510986328125
-52885 2010.6719970703125
-52875 2004.1500244140625
-52865 1996.259033203125
-52855 1988.6519775390625
-52845 1981.6400146484375
-52835 1976.3179931640625
-52825 1972.239013671875
-52815 1969.08203125
-52805 1965.4210205078125
-52795 1955.98095703125
-52785 1945.3399658203125
-52775 1938.260986328125
-52765 1933.1390380859375
-52755 1927.6710205078125
-52745 1922.469970703125
-52735 1917.6590576171875
-52725 1913.1800537109375
-52715 1907.530029296875
-52705 1900.9110107421875
-52695 1895.8790283203125
-52685 1893.5999755859375
-52675 1889.001953125
-52665 1883.3590087890625
-52655 1878.01904296875
-52645 1872.1510009765625
-52635 1867.52099609375
-52625 1863.3909912109375
-52615 1860.06005859375
-52605 1855.75
-52595 1850.821044921875
-52585 1845.251953125
-52575 1840.958984375
-52565 1834.5
-52555 1828.3900146484375
-52545 1822.612060546875
-52535 1816.3299560546875
-52525 1813.5899658203125
-52515 1808.72900390625
-52505 1806.1080322265625
-52495 1800.281005859375
-52485 1794.2020263671875
-52475 1788.574951171875
-52465 1782.0579833984375
-52455 1770.68505859375
-52445 1764.001953125
-52435 1758.7679443359375
-52425 1750.592041015625
-52415 1741.9329833984375
-52405 1733.7569580078125
-52395 1726.2900390625
-52385 1717.616943359375
-52375 1709.9229736328125
-52365 1704.2669677734375
-52355 1694.3409423828125
-52345 1686.43701171875
-52335 1677.14404296875
-52325 1668.636962890625
-52315 1660.926025390625
-52305 1652.48095703125
-52295 1644.1669921875
-52285 1636.489013671875
-52275 1628.239990234375
-52265 1620.9840087890625
-52255 1615.822998046875
-52245 1613.8919677734375
-52235 1613.7110595703125
-52225 1613.291015625
-52215 1613.487060546875
-52205 1612.4439697265625
-52195 1611.9010009765625
-52185 1609.4420166015625
-52175 1607.31494140625
-52165 1606.3800048828125
-52155 1607.4959716796875
-52145 1607.27197265625
-52135 1608.762939453125
-52125 1610.135986328125
-52115 1610.376953125
-52105 1610.1209716796875
-52095 1610.54296875
-52085 1610.33203125
-52075 1609.9119873046875
-52065 1609.73095703125
-52055 1609.501953125
-52045 1608.7030029296875
-52035 1608.5970458984375
-52025 1608.7030029296875
-52015 1607.800048828125
-52005 1608.5369873046875
-51995 1610.0460205078125
-51985 1612.5670166015625
-51975 1615.3399658203125
-51965 1622.7919921875
-51955 1628.782958984375
-51945 1632.053955078125
-51935 1633.66796875
-51925 1635.1639404296875
-51915 1635.8399658203125
-51905 1638.06005859375
-51895 1640.9840087890625
-51885 1645.0419921875
-51875 1650.988037109375
-51865 1657.8360595703125
-51855 1663.5660400390625
-51845 1670.4169921875
-51835 1675.5909423828125
-51825 1679.81396484375
-51815 1685.3499755859375
-51805 1691.927001953125
-51795 1698.4739990234375
-51785 1705.654052734375
-51775 1718.2650146484375
-51765 1726.636962890625
-51755 1733.154052734375
-51745 1740.333984375
-51735 1749.595947265625
-51725 1764.574951171875
-51715 1780.08203125
-51705 1788.9219970703125
-51695 1799.1490478515625
-51685 1809.135009765625
-51675 1810.8699951171875
-51665 1816.782958984375
-51655 1831.083984375
-51645 1834.5679931640625
-51635 1839.0479736328125
-51625 1844.2550048828125
-51615 1852.0360107421875
-51605 1856.3680419921875
-51595 1861.5999755859375
-51585 1865.7960205078125
-51575 1870.2459716796875
-51565 1875.1610107421875
-51555 1882.2080078125
-51545 1890.18798828125
-51535 1897.5340576171875
-51525 1902.3310546875
-51515 1907.7760009765625
-51505 1913.387939453125
-51495 1918.9539794921875
-51485 1922.1669921875
-51475 1926.3160400390625
-51465 1930.0570068359375
-51455 1934.0389404296875
-51445 1938.458984375
-51435 1942.758056640625
-51425 1947.947021484375
-51415 1951.35595703125
-51405 1955.29296875
-51395 1961.387939453125
-51385 1968.4620361328125
-51375 1973.6209716796875
-51365 1976.094970703125
-51355 1978.343017578125
-51345 1981.677001953125
-51335 1987.0469970703125
-51325 1990.9539794921875
-51315 1994.0760498046875
-51305 1997.1839599609375
-51295 2000.56298828125
-51285 2004.1829833984375
-51275 2008.93505859375
-51265 2010.7449951171875
-51255 2012.676025390625
-51245 2017.125
-51235 2024.3509521484375
-51225 2032.029052734375
-51215 2040.175048828125
-51205 2048.0791015625
-51195 2058.277099609375
-51185 2067.916015625
-51175 2078.068115234375
-51165 2086.303955078125
-51155 2088.446044921875
-51145 2089.60693359375
-51135 2094.2080078125
-51125 2097.179931640625
-51115 2104.52587890625
-51105 2111.54296875
-51095 2117.845947265625
-51085 2123.89501953125
-51075 2123.23095703125
-51065 2126.884033203125
-51055 2131.044921875
-51045 2136.26708984375
-51035 2143.070068359375
-51025 2145.197021484375
-51015 2145.5439453125
-51005 2146.19189453125
-50995 2151.60791015625
-50985 2157.14404296875
-50975 2163.64599609375
-50965 2170.177001953125
-50955 2182.7119140625
-50945 2179.635009765625
-50935 2171.987060546875
-50925 2167.945068359375
-50915 2158.06396484375
-50905 2156.70703125
-50895 2143.323974609375
-50885 2129.64501953125
-50875 2118.76611328125
-50865 2105.58203125
-50855 2088.055908203125
-50845 2078.385009765625
-50835 2067.281982421875
-50825 2058.050048828125
-50815 2050.054931640625
-50805 2041.56298828125
-50795 2034.2469482421875
-50785 2024.833984375
-50775 2016.613037109375
-50765 2007.77294921875
-50755 2000.3060302734375
-50745 1994.8759765625
-50735 1985.4329833984375
-50725 1977.406982421875
-50715 1966.758056640625
-50705 1964.6009521484375
-50695 1970.363037109375
-50685 1976.125
-50675 1970.2569580078125
-50665 1960.7540283203125
-50655 1950.2550048828125
-50645 1938.39794921875
-50635 1928.5030517578125
-50625 1920.7490234375
-50615 1913.64501953125
-50605 1891.6939697265625
-50595 1880.093994140625
-50585 1875.1939697265625
-50575 1871.1939697265625
-50565 1875.718994140625
-50555 1872.989013671875
-50545 1864.48095703125
-50535 1856.426025390625
-50525 1849.3509521484375
-50515 1841.7030029296875
-50505 1833.77099609375
-50495 1822.968017578125
-50485 1811.0360107421875
-50475 1798.22900390625
-50465 1792.240966796875
-50455 1787.262939453125
-50445 1776.0999755859375
-50435 1767.7130126953125
-50425 1760.2760009765625
-50415 1752.989990234375
-50405 1751.8890380859375
-50395 1752.386962890625
-50385 1740.6209716796875
-50375 1740.4549560546875
-50365 1744.302001953125
-50355 1744.2860107421875
-50345 1742.9739990234375
-50335 1740.093017578125
-50325 1739.4739990234375
-50315 1734.1949462890625
-50305 1728.14599609375
-50295 1719.2760009765625
-50285 1706.5899658203125
-50275 1709.3199462890625
-50265 1696.1209716796875
-50255 1695.0799560546875
-50245 1692.3349609375
-50235 1689.0009765625
-50225 1685.199951171875
-50215 1681.3380126953125
-50205 1676.8580322265625
-50195 1672.407958984375
-50185 1668.425048828125
-50175 1666.8719482421875
-50165 1664.593994140625
-50155 1662.47998046875
-50145 1659.5560302734375
-50135 1656.177001953125
-50125 1651.364990234375
-50115 1646.5369873046875
-50105 1642.9449462890625
-50095 1639.2669677734375
-50085 1635.0579833984375
-50075 1632.0389404296875
-50065 1628.9639892578125
-50055 1626.6259765625
-50045 1625.3590087890625
-50035 1626.2939453125
-50025 1625.989990234375
-50015 1627.39501953125
-50005 1629.9549560546875
-49995 1631.3709716796875
-49985 1634.322998046875
-49975 1635.9530029296875
-49965 1639.282958984375
-49955 1642.321044921875
-49945 1645.487060546875
-49935 1649.708984375
-49925 1653.6309814453125
-49915 1657.406982421875
-49905 1661.3800048828125
-49895 1665.6280517578125
-49885 1671.1199951171875
-49875 1676.6300048828125
-49865 1681.7869873046875
-49855 1691.3470458984375
-49845 1704.0479736328125
-49835 1724.8409423828125
-49825 1760.6009521484375
-49815 1767.2259521484375
-49805 1775.884033203125
-49795 1782.208984375
-49785 1787.5379638671875
-49775 1793.02197265625
-49765 1799.5269775390625
-49755 1803.9119873046875
-49745 1820.2769775390625
-49735 1830.5570068359375
-49725 1833.467041015625
-49715 1830.635009765625
-49705 1831.2010498046875
-49695 1832.9949951171875
-49685 1836.3590087890625
-49675 1840.177001953125
-49665 1844.3480224609375
-49655 1849.2650146484375
-49645 1853.5899658203125
-49635 1858.508056640625
-49625 1864.9010009765625
-49615 1870.572998046875
-49605 1876.0400390625
-49595 1880.47705078125
-49585 1888.071044921875
-49575 1894.8590087890625
-49565 1899.905029296875
-49555 1904.9339599609375
-49545 1912.666015625
-49535 1919.178955078125
-49525 1924.655029296875
-49515 1929.760009765625
-49505 1936.6429443359375
-49495 1943.2080078125
-49485 1953.5830078125
-49475 1965.219970703125
-49465 1974.9000244140625
-49455 1988.1070556640625
-49445 2007.0550537109375
-49435 2007.8360595703125
-49425 2021.446044921875
-49415 2036.8070068359375
-49405 2052.76904296875
-49395 2064.26806640625
-49385 2065.916015625
-49375 2072.68701171875
-49365 2072.8330078125
-49355 2079.612060546875
-49345 2089.361083984375
-49335 2102.81689453125
-49325 2110.205078125
-49315 2120.8720703125
-49305 2136.593994140625
-49295 2146.65087890625
-49285 2159.446044921875
-49275 2165.761962890625
-49265 2177.201904296875
-49255 2191.070068359375
-49245 2200.8349609375
-49235 2209.98291015625
-49225 2215.5009765625
-49215 2221.284912109375
-49205 2229.6259765625
-49195 2244.945068359375
-49185 2260.924072265625
-49175 2271.68505859375
-49165 2280.069091796875
-49155 2304.51806640625
-49145 2308.284912109375
-49135 2292.10009765625
-49125 2294.24609375
-49115 2305.64208984375
-49105 2313.717041015625
-49095 2326.1689453125
-49085 2334.18408203125
-49075 2343.35009765625
-49065 2350.841064453125
-49055 2369.30908203125
-49045 2375.452880859375
-49035 2382.35302734375
-49025 2376.096923828125
-49015 2380.508056640625
-49005 2377.083984375
-48995 2377.049072265625
-48985 2386.1630859375
-48975 2399.507080078125
-48965 2415.10888671875
-48955 2424.84912109375
-48945 2425.972900390625
-48935 2425.60400390625
-48925 2425.552001953125
-48915 2422.68603515625
-48905 2420.89306640625
-48895 2417.468994140625
-48885 2410.48291015625
-48875 2405.549072265625
-48865 2398.924072265625
-48855 2388.0419921875
-48845 2381.22900390625
-48835 2374.697998046875
-48825 2367.197998046875
-48815 2357.697998046875
-48805 2350.720947265625
-48795 2344.962890625
-48785 2337.72900390625
-48775 2332.09912109375
-48765 2319.510009765625
-48755 2313.10791015625
-48745 2301.72900390625
-48735 2292.881103515625
-48725 2284.968994140625
-48715 2277.81201171875
-48705 2271.169921875
