-62055 2289.118896484375
-62045 2288.873046875
-62035 2288.56494140625
-62025 2287.010009765625
-62015 2286.39404296875
-62005 2286.302001953125
-61995 2286.964111328125
-61985 2287.7490234375
-61975 2288.333984375
-61965 2289.1650390625
-61955 2288.702880859375
-61945 2288.887939453125
-61935 2287.9951171875
-61925 2287.64111328125
-61915 2287.903076171875
-61905 2287.10302734375
-61895 2286.9951171875
-61885 2286.656005859375
-61875 2285.68603515625
-61865 2285.779052734375
-61855 2284.655029296875
-61845 2287.965087890625
-61835 2287.426025390625
-61825 2288.580078125
-61815 2289.22705078125
-61805 2288.45703125
-61795 2290.258056640625
-61785 2292.2900390625
-61775 2296.261962890625
-61765 2302.034912109375
-61755 2306.344970703125
-61745 2311.425048828125
-61735 2312.117919921875
-61725 2316.012939453125
-61715 2317.06005859375
-61705 2321.031005859375
-61695 2325.60302734375
-61685 2330.2060546875
-61675 2334.51708984375
-61665 2338.196044921875
-61655 2342.27490234375
-61645 2346.83203125
-61635 2350.033935546875
-61625 2354.451904296875
-61615 2360.363037109375
-61605 2367.52197265625
-61595 2386.287109375
-61585 2399.864990234375
-61575 2413.797119140625
-61565 2425.527099609375
-61555 2438.135009765625
-61545 2444.24609375
-61535 2445.447021484375
-61525 2446.4169921875
-61515 2445.81591796875
-61505 2445.447021484375
-61495 2445.570068359375
-61485 2446.6630859375
-61475 2448.31005859375
-61465 2447.87890625
-61455 2445.35498046875
-61445 2440.98291015625
-61435 2437.550048828125
-61425 2432.0390625
-61415 2426.112060546875
-61405 2420.430908203125
-61395 2414.9970703125
-61385 2409.639892578125
-61375 2405.85302734375
-61365 2402.051025390625
-61355 2398.52587890625
-61345 2395.553955078125
-61335 2392.98388671875
-61325 2390.967041015625
-61315 2389.612060546875
-61305 2389.27392578125
-61295 2388.966064453125
-61285 2388.966064453125
-61275 2389.35107421875
-61265 2391.12109375
-61255 2391.64404296875
-61245 2391.52099609375
-61235 2390.9208984375
-61225 2388.489013671875
-61215 2387.85693359375
-61205 2386.594970703125
-61195 2383.992919921875
-61185 2380.7451171875
-61175 2375.618896484375
-61165 2370.7080078125
-61155 2366.782958984375
-61145 2363.472900390625
-61135 2359.424072265625
-61125 2354.945068359375
-61115 2353.4208984375
-61105 2353.528076171875
-61095 2357.716064453125
-61085 2359.27099609375
-61075 2356.406982421875
-61065 2351.758056640625
-61055 2346.7548828125
-61045 2339.4580078125
-61035 2333.407958984375
-61025 2327.804931640625
-61015 2321.89306640625
-61005 2315.81298828125
-60995 2308.885009765625
-60985 2304.1279296875
-60975 2301.912109375
-60965 2298.9560546875
-60955 2296.862060546875
-60945 2294.507080078125
-60935 2292.305908203125
-60925 2290.04296875
-60915 2288.904052734375
-60905 2288.5029296875
-60895 2287.9951171875
-60885 2284.90087890625
-60875 2279.8359375
-60865 2282.02197265625
-60855 2282.452880859375
-60845 2280.7451171875
-60835 2278.343017578125
-60825 2275.4951171875
-60815 2274.324951171875
-60805 2274.31005859375
-60795 2273.89404296875
-60785 2274.510009765625
-60775 2274.06298828125
-60765 2271.35400390625
-60755 2269.4609375
-60745 2266.382080078125
-60735 2264.5810546875
-60725 2261.6708984375
-60715 2257.623046875
-60705 2255.529052734375
-60695 2253.297119140625
-60685 2250.556884765625
-60675 2247.863037109375
-60665 2244.7529296875
-60655 2241.8740234375
-60645 2241.135009765625
-60635 2241.10498046875
-60625 2240.22705078125
-60615 2239.7958984375
-60605 2237.964111328125
-60595 2236.93310546875
-60585 2235.132080078125
-60575 2236.85595703125
-60565 2236.22509765625
-60555 2234.27001953125
-60545 2232.85302734375
-60535 2231.89892578125
-60525 2230.451904296875
-60515 2225.06396484375
-60505 2222.416015625
-60495 2218.012939453125
-60485 2218.52099609375
-60475 2218.751953125
-60465 2215.719970703125
-60455 2216.073974609375
-60445 2218.489990234375
-60435 2217.382080078125
-60425 2217.47509765625
-60415 2214.75
-60405 2212.27099609375
-60395 2212.824951171875
-60385 2208.4541015625
-60375 2206.251953125
-60365 2202.156982421875
-60355 2196.614990234375
-60345 2191.56591796875
-60335 2185.90087890625
-60325 2172.18505859375
-60315 2166.072998046875
-60305 2153.85009765625
-60295 2141.85791015625
-60285 2126.617919921875
-60275 2121.446044921875
-60265 2115.93505859375
-60255 2110.4541015625
-60245 2103.342041015625
-60235 2098.5390625
-60225 2089.9951171875
-60215 2086.39306640625
-60205 2084.452880859375
-60195 2082.805908203125
-60185 2080.958984375
-60175 2079.281005859375
-60165 2076.77197265625
-60155 2074.323974609375
-60145 2071.968994140625
-60135 2069.64404296875
-60125 2066.904052734375
-60115 2065.93408203125
-60105 2064.580078125
-60095 2062.9169921875
-60085 2060.73095703125
-60075 2058.3759765625
-60065 2056.31298828125
-60055 2053.156982421875
-60045 2050.431884765625
-60035 2048.862060546875
-60025 2047.81494140625
-60015 2045.8289794921875
-60005 2042.696044921875
-59995 2041.383056640625
-59985 2038.010986328125
-59975 2035.406982421875
-59965 2030.9639892578125
-59955 2027.260009765625
-59945 2025.0460205078125
-59935 2022.1669921875
-59925 2019.2149658203125
-59915 2017.884033203125
-59905 2016.0030517578125
-59895 2015.1639404296875
-59885 2012.8050537109375
-59875 2011.2569580078125
-59865 2010.344970703125
-59855 2008.175048828125
-59845 2007.85595703125
-59835 2007.06103515625
-59825 2006.032958984375
-59815 2004.6729736328125
-59805 2003.154052734375
-59795 2001.634033203125
-59785 1999.7530517578125
-59775 1998.9429931640625
-59765 1997.9449462890625
-59755 1996.7149658203125
-59745 1995.093994140625
-59735 1992.8370361328125
-59725 1990.376953125
-59715 1988.4239501953125
-59705 1986.3690185546875
-59695 1984.241943359375
-59685 1982.2159423828125
-59675 1978.583984375
-59665 1974.6629638671875
-59655 1973.375
-59645 1970.5830078125
-59635 1967.45703125
-59625 1960.178955078125
-59615 1954.260986328125
-59605 1954.9840087890625
-59595 1958.02294921875
-59585 1960.322998046875
-59575 1959.6429443359375
-59565 1957.573974609375
-59555 1955.925048828125
-59545 1953.176025390625
-59535 1948.2850341796875
-59525 1945.9990234375
-59515 1944.1610107421875
-59505 1941.904052734375
-59495 1940.8759765625
-59485 1938.8360595703125
-59475 1936.85400390625
-59465 1934.2779541015625
-59455 1934.0760498046875
-59445 1933.4969482421875
-59435 1933.2650146484375
-59425 1932.947021484375
-59415 1932.9610595703125
-59405 1932.9029541015625
-59395 1932.9029541015625
-59385 1934.552978515625
-59375 1936.0870361328125
-59365 1936.6219482421875
-59355 1938.9520263671875
-59345 1941.72998046875
-59335 1944.81201171875
-59325 1947.387939453125
-59315 1951.7860107421875
-59305 1956.7349853515625
-59295 1961.510009765625
-59285 1966.762939453125
-59275 1968.990966796875
-59265 1978.8740234375
-59255 1985.4429931640625
-59245 1992.083984375
-59235 1997.741943359375
-59225 2004.9329833984375
-59215 2012.095947265625
-59205 2018.8819580078125
-59195 2032.6719970703125
-59185 2038.0689697265625
-59175 2042.20703125
-59165 2046.9969482421875
-59155 2049.54296875
-59145 2053.248046875
-59135 2057.51611328125
-59125 2060.468017578125
-59115 2063.260986328125
-59105 2066.544921875
-59095 2070.177001953125
-59085 2074.113037109375
-59075 2080.176025390625
-59065 2085.22607421875
-59055 2089.5380859375
-59045 2095.64404296875
-59035 2101.14208984375
-59025 2105.511962890625
-59015 2111.155029296875
-59005 2115.929931640625
-58995 2120.778076171875
-58985 2127.60693359375
-58975 2134.364990234375
-58965 2139.97900390625
-58955 2143.3359375
-58945 2145.751953125
-58935 2145.7958984375
-58925 2145.10107421875
-58915 2145.3759765625
-58905 2147.02587890625
-58895 2151.409912109375
-58885 2156.214111328125
-58875 2161.9150390625
-58865 2167.1669921875
-58855 2172.029052734375
-58845 2177.195068359375
-58835 2181.927001953125
-58825 2186.716064453125
-58815 2192.50390625
-58805 2199.14501953125
-58795 2205.527099609375
-58785 2211.27099609375
-58775 2215.712890625
-58765 2218.85302734375
-58755 2222.5
-58745 2225.10400390625
-58735 2225.306884765625
-58725 2225.68310546875
-58715 2225.37890625
-58705 2222.54296875
-58695 2218.722900390625
-58685 2216.739990234375
-58675 2216.466064453125
-58665 2214.034912109375
-58655 2210.4609375
-58645 2210.80810546875
-58635 2211.386962890625
-58625 2209.0859375
-58615 2205.48291015625
-58605 2202.662109375
-58595 2199.406005859375
-58585 2196.033935546875
-58575 2192.02587890625
-58565 2187.2509765625
-58555 2183.430908203125
-58545 2180.176025390625
-58535 2177.340087890625
-58525 2173.822998046875
-58515 2170.43798828125
-58505 2167.196044921875
-58495 2165.634033203125
-58485 2165.735107421875
-58475 2165.7060546875
-58465 2165.47412109375
-58455 2165.31494140625
-58445 2166.052978515625
-58435 2166.660888671875
-58425 2166.949951171875
-58415 2165.60498046875
-58405 2163.52099609375
-58395 2159.1220703125
-58385 2154.346923828125
-58375 2151.626953125
-58365 2148.748046875
-58355 2146.31689453125
-58345 2141.715087890625
-58335 2138.677001953125
-58325 2132.715087890625
-58315 2128.60595703125
-58305 2129.9951171875
-58295 2128.6640625
-58285 2129.14111328125
-58275 2134.118896484375
-58265 2133.626953125
-58255 2143.552978515625
-58245 2141.26708984375
-58235 2132.903076171875
-58225 2125.090087890625
-58215 2118.823974609375
-58205 2111.69091796875
-58195 2107.074951171875
-58185 2103.02294921875
-58175 2099.535888671875
-58165 2096.237060546875
-58155 2093.472900390625
-58145 2090.824951171875
-58135 2088.3369140625
-58125 2084.64697265625
-58115 2082.27392578125
-58105 2079.944091796875
-58095 2077.5859375
-58085 2075.31396484375
-58075 2073.592041015625
-58065 2073.12890625
-58055 2071.3349609375
-58045 2069.72900390625
-58035 2067.26904296875
-58025 2063.695068359375
-58015 2059.4990234375
-58005 2057.676025390625
-57995 2055.5048828125
-57985 2053.95703125
-57975 2050.166015625
-57965 2044.2039794921875
-57955 2038.3289794921875
-57945 2033.7139892578125
-57935 2027.6939697265625
-57925 2021.906005859375
-57915 2020.053955078125
-57905 2015.5830078125
-57895 2011.0830078125
-57885 2008.14599609375
-57875 2004.123046875
-57865 1999.637939453125
-57855 1999.116943359375
-57845 1998.3790283203125
-57835 1995.4560546875
-57825 1990.1739501953125
-57815 1988.2349853515625
-57805 1984.4439697265625
-57795 1978.2950439453125
-57785 1973.5489501953125
-57775 1969.2659912109375
-57765 1963.7960205078125
-57755 1959.426025390625
-57745 1954.781982421875
-57735 1951.06298828125
-57725 1947.8070068359375
-57715 1942.35205078125
-57705 1936.8389892578125
-57695 1932.9029541015625
-57685 1929.0980224609375
-57675 1925.39404296875
-57665 1922.3260498046875
-57655 1918.738037109375
-57645 1913.7750244140625
-57635 1908.623046875
-57625 1906.1929931640625
-57615 1900.23095703125
-57605 1894.7039794921875
-57595 1888.365966796875
-57585 1881.9410400390625
-57575 1874.967041015625
-57565 1868.6290283203125
-57555 1862.782958984375
-57545 1858.529052734375
-57535 1853.3780517578125
-57525 1848.5159912109375
-57515 1846.0279541015625
-57505 1843.7659912109375
-57495 1842.011962890625
-57485 1841.2459716796875
-57475 1840.0660400390625
-57465 1838.762939453125
-57455 1836.41796875
-57445 1834.946044921875
-57435 1832.5250244140625
-57425 1829.030029296875
-57415 1826.10205078125
-57405 1823.405029296875
-57395 1818.7449951171875
-57385 1815.08203125
-57375 1811.2960205078125
-57365 1806.7750244140625
-57355 1802.6209716796875
-57345 1798.635986328125
-57335 1795.0030517578125
-57325 1792.16796875
-57315 1789.1180419921875
-57305 1783.1400146484375
-57295 1777.14697265625
-57285 1771.0159912109375
-57275 1766.2650146484375
-57265 1762.7239990234375
-57255 1759.427978515625
-57245 1756.3170166015625
-57235 1753.18994140625
-57225 1749.2049560546875
-57215 1744.7760009765625
-57205 1739.426025390625
-57195 1735.135009765625
-57185 1730.7969970703125
-57175 1727.302001953125
-57165 1723.4549560546875
-57155 1718.9339599609375
-57145 1713.844970703125
-57135 1709.64501953125
-57125 1706.824951171875
-57115 1704.1280517578125
-57105 1698.8399658203125
-57095 1693.4749755859375
-57085 1687.988037109375
-57075 1684.5849609375
-57065 1679.14404296875
-57055 1674.883056640625
-57045 1669.5179443359375
-57035 1664.64404296875
-57025 1659.5400390625
-57015 1655.0340576171875
-57005 1651.4940185546875
-56995 1648.0760498046875
-56985 1644.595947265625
-56975 1640.7030029296875
-56965 1636.1510009765625
-56955 1630.342041015625
-56945 1625.3599853515625
-56935 1621.6510009765625
-56925 1618.0030517578125
-56915 1615.1070556640625
-56905 1611.9639892578125
-56895 1609.60400390625
-56885 1606.93701171875
-56875 1601.18896484375
-56865 1596.8060302734375
-56855 1592.114990234375
-56845 1587.470947265625
-56835 1582.9959716796875
-56825 1578.3060302734375
-56815 1573.47802734375
-56805 1570.5040283203125
-56795 1567.9139404296875
-56785 1564.0970458984375
-56775 1560.633056640625
-56765 1557.35302734375
-56755 1552.0810546875
-56745 1546.5469970703125
-56735 1543.14501953125
-56725 1542.5780029296875
-56715 1542.946044921875
-56705 1542.39404296875
-56695 1542.9610595703125
-56685 1545.39794921875
-56675 1547.14501953125
-56665 1548.4940185546875
-56655 1550.2110595703125
-56645 1551.7430419921875
-56635 1553.4449462890625
-56625 1554.56396484375
-56615 1556.0810546875
-56605 1556.8170166015625
-56595 1557.552001953125
-56585 1559.2080078125
-56575 1560.6490478515625
-56565 1562.885986328125
-56555 1564.2969970703125
-56545 1566.0279541015625
-56535 1567.8370361328125
-56525 1569.35400390625
-56515 1570.2740478515625
-56505 1572.2969970703125
-56495 1573.738037109375
-56485 1575.178955078125
-56475 1575.990966796875
-56465 1576.741943359375
-56455 1577.7850341796875
-56445 1578.2900390625
-56435 1579.7769775390625
-56425 1580.89599609375
-56415 1581.845947265625
-56405 1583.364013671875
-56395 1585.18798828125
-56385 1585.2030029296875
-56375 1585.677978515625
-56365 1586.137939453125
-56355 1586.5980224609375
-56345 1585.8160400390625
-56335 1590.9510498046875
-56325 1597.9090576171875
-56315 1603.56494140625
-56305 1609.7569580078125
-56295 1615.3360595703125
-56285 1620.85400390625
-56275 1627.64404296875
-56265 1632.5489501953125
-56255 1636.0899658203125
-56245 1640.9639892578125
-56235 1645.2249755859375
-56225 1648.366943359375
-56215 1652.4129638671875
-56205 1657.6090087890625
-56195 1663.5870361328125
-56185 1669.22705078125
-56175 1674.3470458984375
-56165 1679.343017578125
-56155 1684.3399658203125
-56145 1688.968994140625
-56135 1694.1650390625
-56125 1699.3759765625
-56115 1704.6180419921875
-56105 1709.552978515625
-56095 1716.3740234375
-56085 1721.447021484375
-56075 1726.6280517578125
-56065 1731.0880126953125
-56055 1736.3299560546875
-56045 1741.31201171875
-56035 1746.64599609375
-56025 1750.968017578125
-56015 1756.1180419921875
-56005 1763.7349853515625
-55995 1770.126953125
-55985 1777.883056640625
-55975 1786.405029296875
-55965 1795.35595703125
-55955 1804
-55945 1821.427001953125
-55935 1831.8189697265625
-55925 1838.0419921875
-55915 1844.373046875
-55905 1851.928955078125
-55895 1860.8489990234375
-55885 1875.717041015625
-55875 1881.7559814453125
-55865 1891.489013671875
-55855 1895.887939453125
-55845 1899.7650146484375
-55835 1904.593994140625
-55825 1908.0269775390625
-55815 1910.93896484375
-55805 1915.0009765625
-55795 1920.6259765625
-55785 1925.4229736328125
-55775 1929.4239501953125
-55765 1933.5469970703125
-55755 1937.363037109375
-55745 1940.719970703125
-55735 1943.18798828125
-55725 1947.5560302734375
-55715 1952.1080322265625
-55705 1955.510986328125
-55695 1958.2550048828125
-55685 1963.2659912109375
-55675 1968.324951171875
-55665 1972.9840087890625
-55655 1977.7049560546875
-55645 1982.4560546875
-55635 1986.625
-55625 1991.56103515625
-55615 1996.9410400390625
-55605 2002.8570556640625
-55595 2008.4969482421875
-55585 2014.137939453125
-55575 2019.656005859375
-55565 2025.5260009765625
-55555 2031.6109619140625
-55545 2037.511962890625
-55535 2044.3790283203125
-55525 2051.56689453125
-55515 2058.18798828125
-55505 2065.071044921875
-55495 2071.783935546875
-55485 2079.094970703125
-55475 2086.468017578125
-55465 2096.737060546875
-55455 2105.903076171875
-55445 2112.98388671875
-55435 2119.14501953125
-55425 2124.4951171875
-55415 2130.488037109375
-55405 2136.60302734375
-55395 2142.73388671875
-55385 2148.8798828125
-55375 2155.134033203125
-55365 2161.14208984375
-55355 2167.364990234375
-55345 2173.864013671875
-55335 2180.39306640625
-55325 2187.153076171875
-55315 2193.282958984375
-55305 2199.905029296875
-55295 2206.5419921875
-55285 2213.74609375
-55275 2221.3330078125
-55265 2230.238037109375
-55255 2234.406982421875
-55245 2239.326904296875
-55235 2244.47705078125
-55225 2249.181884765625
-55215 2253.534912109375
-55205 2258.7919921875
-55195 2263.72802734375
-55185 2267.451904296875
-55175 2270.333984375
-55165 2268.694091796875
-55155 2254.285888671875
-55145 2242.72900390625
-55135 2229.240966796875
-55125 2219.952880859375
-55115 2212.35107421875
-55105 2204.656005859375
-55095 2198.050048828125
-55085 2192.0419921875
-55075 2186.279052734375
-55065 2179.9951171875
-55055 2175.304931640625
-55045 2167.426025390625
-55035 2158.076904296875
-55025 2150.612060546875
-55015 2141.06298828125
-55005 2132.09912109375
-54995 2124.5390625
-54985 2116.447998046875
-54975 2107.60888671875
-54965 2099.76806640625
-54955 2093.5
-54945 2086.739990234375
-54935 2079.659912109375
-54925 2074.47802734375
-54915 2068.361083984375
-54905 2061.580078125
-54895 2056.179931640625
-54885 2050.35205078125
-54875 2044.6009521484375
-54865 2038.8790283203125
-54855 2033.72802734375
-54845 2028.2509765625
-54835 2023.220947265625
-54825 2018.259033203125
-54815 2012.7509765625
-54805 2007.6610107421875
-54795 2002.3809814453125
-54785 1997.3790283203125
-54775 1992.1800537109375
-54765 1987.4000244140625
-54755 1983.510009765625
-54745 1978.9029541015625
-54735 1974.8189697265625
-54725 1969.97802734375
-54715 1965.6209716796875
-54705 1961.6429443359375
-54695 1957.958984375
-54685 1954.5589599609375
-54675 1951.3289794921875
-54665 1948.3599853515625
-54655 1945.93994140625
-54645 1943.3399658203125
-54635 1941.1800537109375
-54625 1939.18896484375
-54615 1935.8900146484375
-54605 1933.77001953125
-54595 1932.4620361328125
-54585 1930.1500244140625
-54575 1928.4100341796875
-54565 1926.781005859375
-54555 1924.489013671875
-54545 1919.8089599609375
-54535 1914.3690185546875
-54525 1909.4000244140625
-54515 1905.137939453125
-54505 1900.9580078125
-54495 1896.6300048828125
-54485 1892.637939453125
-54475 1888.6920166015625
-54465 1885.280029296875
-54455 1882.1209716796875
-54445 1879.6390380859375
-54435 1876.81201171875
-54425 1872.5419921875
-54415 1866.6409912109375
-54405 1860.9320068359375
-54395 1855.3399658203125
-54385 1850.93798828125
-54375 1845.5009765625
-54365 1839.448974609375
-54355 1834.699951171875
-54345 1829.198974609375
-54335 1821.7889404296875
-54325 1819.342041015625
-54315 1819.1710205078125
-54305 1821.5279541015625
-54295 1819.04296875
-54285 1812.6600341796875
-54275 1807.35205078125
-54265 1803.3089599609375
-54255 1798.0699462890625
-54245 1789.802001953125
-54235 1784.708984375
-54225 1778.7110595703125
-54215 1773.4610595703125
-54205 1763.218994140625
-54195 1754.3800048828125
-54185 1746.22900390625
-54175 1736.47998046875
-54165 1725.1710205078125
-54155 1717.2779541015625
-54145 1730.719970703125
-54135 1732.3719482421875
-54125 1733.22998046875
-54115 1732.98095703125
-54105 1732.8299560546875
-54095 1730.490966796875
-54085 1727.0880126953125
-54075 1726.3709716796875
-54065 1727.5400390625
-54055 1728.8609619140625
-54045 1729.3709716796875
-54035 1730.1689453125
-54025 1730.5400390625
-54015 1730.291015625
-54005 1733.010009765625
-53995 1735.25
-53985 1739.93896484375
-53975 1743.8289794921875
-53965 1748.6500244140625
-53955 1753.1920166015625
-53945 1757.4100341796875
-53935 1761.43994140625
-53925 1764.886962890625
-53915 1767.781982421875
-53905 1769.6309814453125
-53895 1772.0989990234375
-53885 1776.1109619140625
-53875 1779.6009521484375
-53865 1781.2120361328125
-53855 1785.498046875
-53845 1791.428955078125
-53835 1796.990966796875
-53825 1801.6910400390625
-53815 1806.5789794921875
-53805 1816.759033203125
-53795 1826.9310302734375
-53785 1836.75
-53775 1850.699951171875
-53765 1859.8690185546875
-53755 1870.240966796875
-53745 1881.510986328125
-53735 1888.16796875
-53725 1886.8719482421875
-53715 1887.740966796875
-53705 1889.52099609375
-53695 1890.8179931640625
-53685 1895.2120361328125
-53675 1896.4320068359375
-53665 1900.1600341796875
-53655 1907.7879638671875
-53645 1915.6810302734375
-53635 1924.010009765625
-53625 1934.6199951171875
-53615 1944.240966796875
-53605 1951.8800048828125
-53595 1961.698974609375
-53585 1973.5579833984375
-53575 1982.4310302734375
-53565 1987.279052734375
-53555 1996.291015625
-53545 2006.1390380859375
-53535 2018.529052734375
-53525 2036.469970703125
-53515 2049.321044921875
-53505 2069.33203125
-53495 2079.700927734375
-53485 2092.261962890625
-53475 2097.912109375
-53465 2105.76904296875
-53455 2115.409912109375
-53445 2123.531982421875
-53435 2128.9208984375
-53425 2136.549072265625
-53415 2146.239990234375
-53405 2154.5009765625
-53395 2158.801025390625
-53385 2158.5
-53375 2161.910888671875
-53365 2169.138916015625
-53355 2170.419921875
-53345 2177.990966796875
-53335 2190.4189453125
-53325 2199.382080078125
-53315 2192.450927734375
-53305 2191.198974609375
-53295 2186.31103515625
-53285 2190.77197265625
-53275 2198.2509765625
-53265 2210.248046875
-53255 2210.7109375
-53245 2204.843017578125
-53235 2198.23095703125
-53225 2191.509033203125
-53215 2184.8701171875
-53205 2177.10107421875
-53195 2170.639892578125
-53185 2164.0419921875
-53175 2157.56005859375
-53165 2150.820068359375
-53155 2144.56103515625
-53145 2136.35107421875
-53135 2127.929931640625
-53125 2120.43994140625
-53115 2112.638916015625
-53105 2107.197998046875
-53095 2100.468994140625
-53085 2094.799072265625
-53075 2088.6298828125
-53065 2082.3798828125
-53055 2076.10107421875
-53045 2070.948974609375
-53035 2067.2099609375
-53025 2062.658935546875
-53015 2058.41796875
-53005 2054.0810546875
-52995 2049.530029296875
-52985 2043.7509765625
-52975 2038.9510498046875
-52965 2035.1710205078125
-52955 2028.510009765625
-52945 2022.56103515625
-52935 2015.6209716796875
-52925 2010.8179931640625
-52915 2005.550048828125
-52905 2001.531982421875
-52895 1998.3089599609375
-52885 1993.678955078125
-52875 1991.1490478515625
-52865 1987.780029296875
-52855 1985.009033203125
-52845 1982.1209716796875
-52835 1978.8800048828125
-52825 1975.407958984375
-52815 1971.291015625
-52805 1970.1490478515625
-52795 1968.4320068359375
-52785 1966.9310302734375
-52775 1963.31005859375
-52765 1957.3699951171875
-52755 1949.0419921875
-52745 1942.698974609375
-52735 1934.7099609375
-52725 1926.010009765625
-52715 1919.6719970703125
-52705 1914.0379638671875
-52695 1909.0400390625
-52685 1904.719970703125
-52675 1900.8709716796875
-52665 1897.3580322265625
-52655 1892.050048828125
-52645 1885.4580078125
-52635 1877.8299560546875
-52625 1872.1199951171875
-52615 1865.6920166015625
-52605 1858.8189697265625
-52595 1850.719970703125
-52585 1844.9010009765625
-52575 1836.541015625
-52565 1828.261962890625
-52555 1820.5689697265625
-52545 1812.1810302734375
-52535 1811.8599853515625
-52525 1812.3699951171875
-52515 1805.9110107421875
-52505 1799.884033203125
-52495 1791.9539794921875
-52485 1783.718017578125
-52475 1775.3160400390625
-52465 1769.824951171875
-52455 1766.79296875
-52445 1761.6190185546875
-52435 1750.1240234375
-52425 1741.43505859375
-52415 1732.595947265625
-52405 1724.7669677734375
-52395 1716.06298828125
-52385 1707.343994140625
-52375 1697.4329833984375
-52365 1688.8050537109375
-52355 1680.387939453125
-52345 1671.8349609375
-52335 1664.0059814453125
-52325 1655.8599853515625
-52315 1646.3089599609375
-52305 1637.4239501953125
-52295 1629.052001953125
-52285 1621.9320068359375
-52275 1613.8189697265625
-52265 1607.9940185546875
-52255 1602.8349609375
-52245 1597.510009765625
-52235 1592.7130126953125
-52225 1591.0689697265625
-52215 1591.1590576171875
-52205 1590.751953125
-52195 1590.2850341796875
-52185 1589.333984375
-52175 1588.35400390625
-52165 1587.2979736328125
-52155 1586.2120361328125
-52145 1586.363037109375
-52135 1585.925048828125
-52125 1585.6839599609375
-52115 1581.385009765625
-52105 1582.06298828125
-52095 1581.8070068359375
-52085 1581.052978515625
-52075 1582.7569580078125
-52065 1583.2249755859375
-52055 1581.3699951171875
-52045 1581.5660400390625
-52035 1580.133056640625
-52025 1582.39501953125
-52015 1582.2750244140625
-52005 1581.6259765625
-51995 1581.323974609375
-51985 1581.7010498046875
-51975 1584.281005859375
-51965 1588.0369873046875
-51955 1594.4930419921875
-51945 1600.6650390625
-51935 1606.06298828125
-51925 1610.498046875
-51915 1614.5279541015625
-51905 1617.8740234375
-51895 1621.1500244140625
-51885 1625.5550537109375
-51875 1630.137939453125
-51865 1635.0279541015625
-51855 1640.77294921875
-51845 1646.9150390625
-51835 1653.3709716796875
-51825 1659.375
-51815 1665.27294921875
-51805 1672.06103515625
-51795 1678.155029296875
-51785 1685.06396484375
-51775 1691.0369873046875
-51765 1696.634033203125
-51755 1702.0340576171875
-51745 1706.574951171875
-51735 1711.613037109375
-51725 1716.2740478515625
-51715 1722.218017578125
-51705 1727.2259521484375
-51695 1731.3740234375
-51685 1737.407958984375
-51675 1743.593017578125
-51665 1749.0980224609375
-51655 1755.7960205078125
-51645 1763.927001953125
-51635 1773.4599609375
-51625 1782.2550048828125
-51615 1789.8719482421875
-51605 1796.2230224609375
-51595 1803.5389404296875
-51585 1809.27099609375
-51575 1816.2860107421875
-51565 1824.552001953125
-51555 1839.8780517578125
-51545 1853.0040283203125
-51535 1860.7550048828125
-51525 1865.238037109375
-51515 1874.5880126953125
-51505 1881.2430419921875
-51495 1887.77197265625
-51485 1894.7259521484375
-51475 1903.7769775390625
-51465 1913.75
-51455 1917.7779541015625
-51445 1924.822021484375
-51435 1929.93603515625
-51425 1935.0040283203125
-51415 1938.248046875
-51405 1941.717041015625
-51395 1946.9210205078125
-51385 1954.237060546875
-51375 1957.873046875
-51365 1960.376953125
-51355 1965.883056640625
-51345 1971.9019775390625
-51335 1978.916015625
-51325 1985.1610107421875
-51315 1990.907958984375
-51305 1994.8909912109375
-51295 1998.887939453125
-51285 2000.2459716796875
-51275 2001.875
-51265 2005.8270263671875
-51255 2008.5570068359375
-51245 2013.4449462890625
-51235 2019.7650146484375
-51225 2025.76904296875
-51215 2031.6820068359375
-51205 2038.4100341796875
-51195 2045.4549560546875
-51185 2053.072021484375
-51175 2057.431884765625
-51165 2064.041015625
-51155 2072.35107421875
-51145 2079.4560546875
-51135 2087.196044921875
-51125 2095.052978515625
-51115 2101.85595703125
-51105 2115.02490234375
-51095 2119.47509765625
-51085 2126.384033203125
-51075 2125.0439453125
-51065 2128.39208984375
-51055 2134.27490234375
-51045 2138.93701171875
-51035 2145.1669921875
-51025 2153.822998046875
-51015 2159.888916015625
-51005 2163.282958984375
-50995 2166.5869140625
-50985 2166.93408203125
-50975 2166.10400390625
-50965 2165.214111328125
-50955 2166.97900390625
-50945 2166.2529296875
-50935 2153.885009765625
-50925 2143.597900390625
-50915 2135.528076171875
-50905 2129.447998046875
-50895 2121.318115234375
-50885 2113.337890625
-50875 2105.083984375
-50865 2096.986083984375
-50855 2088.718017578125
-50845 2077.97705078125
-50835 2068.51904296875
-50825 2056.60205078125
-50815 2048.35107421875
-50805 2041.7139892578125
-50795 2036.448974609375
-50785 2028.22802734375
-50775 2023.1590576171875
-50765 2016.2049560546875
-50755 2009.7039794921875
-50745 2002.9759521484375
-50735 1994.197021484375
-50725 1980.4849853515625
-50715 1974.48095703125
-50705 1967.2550048828125
-50695 1961.6739501953125
-50685 1953.407958984375
-50675 1947.5550537109375
-50665 1939.4239501953125
-50655 1927.5679931640625
-50645 1917.6719970703125
-50635 1909.1939697265625
-50625 1900.56396484375
-50615 1891.166015625
-50605 1883.0679931640625
-50595 1876.114013671875
-50585 1870.427001953125
-50575 1864.31494140625
-50565 1854.60302734375
-50555 1845.9720458984375
-50545 1836.3330078125
-50535 1820.948974609375
-50525 1811.261962890625
-50515 1803.0260009765625
-50505 1794.051025390625
-50495 1786.6290283203125
-50485 1779.31298828125
-50475 1773.4599609375
-50465 1768.06005859375
-50455 1761.77001953125
-50445 1757.093017578125
-50435 1749.4000244140625
-50425 1741.751953125
-50415 1730.9520263671875
-50405 1722.0360107421875
-50395 1715.2939453125
-50385 1701.385009765625
-50375 1689.4229736328125
-50365 1680.916015625
-50355 1674.35400390625
-50345 1668.197021484375
-50335 1663.385009765625
-50325 1658.27294921875
-50315 1653.4439697265625
-50305 1648.844970703125
-50295 1643.68701171875
-50285 1638.842041015625
-50275 1635.677001953125
-50265 1634.093017578125
-50255 1632.0389404296875
-50245 1629.56494140625
-50235 1626.0050048828125
-50225 1623.760009765625
-50215 1620.93896484375
-50205 1617.7860107421875
-50195 1613.9849853515625
-50185 1610.1810302734375
-50175 1607.5889892578125
-50165 1605.35400390625
-50155 1603.8780517578125
-50145 1602.9410400390625
-50135 1603.8160400390625
-50125 1603.1820068359375
-50115 1602.488037109375
-50105 1602.56298828125
-50095 1600.8310546875
-50085 1599.760009765625
-50075 1597.9949951171875
-50065 1596.0489501953125
-50055 1594.10302734375
-50045 1593.8599853515625
-50035 1593.6629638671875
-50025 1593.135009765625
-50015 1593.197998046875
-50005 1593.9029541015625
-49995 1597.68798828125
-49985 1599.9110107421875
-49975 1601.6529541015625
-49965 1603.68701171875
-49955 1606.1319580078125
-49945 1609.5389404296875
-49935 1612.6109619140625
-49925 1616.31005859375
-49915 1621.6820068359375
-49905 1628.676025390625
-49895 1636.2020263671875
-49885 1643.968017578125
-49875 1651.18603515625
-49865 1658.7459716796875
-49855 1667.01904296875
-49845 1673.7030029296875
-49835 1681.1009521484375
-49825 1690.738037109375
-49815 1699.636962890625
-49805 1707.93505859375
-49795 1714.89501953125
-49785 1725.501953125
-49775 1733.697021484375
-49765 1731.655029296875
-49755 1734.8299560546875
-49745 1740.656982421875
-49735 1744.030029296875
-49725 1749.27294921875
-49715 1752.8690185546875
-49705 1756.9189453125
-49695 1762.0679931640625
-49685 1765.4320068359375
-49675 1768.18701171875
-49665 1771.14697265625
-49655 1774.93994140625
-49645 1786.0360107421875
-49635 1792.35205078125
-49625 1797.5269775390625
-49615 1804.6500244140625
-49605 1806.614990234375
-49595 1812.3819580078125
-49585 1818.89501953125
-49575 1828.6090087890625
-49565 1834.470947265625
-49555 1841.0439453125
-49545 1847.592041015625
-49535 1857.468994140625
-49525 1865.95703125
-49515 1873.4139404296875
-49505 1881.2750244140625
-49495 1888.5260009765625
-49485 1895.9840087890625
-49475 1904.0159912109375
-49465 1912.0400390625
-49455 1925.7530517578125
-49445 1942.633056640625
-49435 1947.25
-49425 1968.498046875
-49415 1969.89697265625
-49405 1978.2889404296875
-49395 1979.35400390625
-49385 1997.02294921875
-49375 2005.7330322265625
-49365 2018.4510498046875
-49355 2023.43701171875
-49345 2027.050048828125
-49335 2037.501953125
-49325 2042.248046875
-49315 2053.56689453125
-49305 2064.26806640625
-49295 2063.10107421875
-49285 2064.31103515625
-49275 2068.39599609375
-49265 2074.1630859375
-49255 2081.010986328125
-49245 2088.14208984375
-49235 2093.60009765625
-49225 2102.593994140625
-49215 2116.35009765625
-49205 2127.01708984375
-49195 2132.62890625
-49185 2142.90087890625
-49175 2148.52197265625
-49165 2157.06103515625
-49155 2163.986083984375
-49145 2161.74609375
-49135 2168.010986328125
-49125 2174.4208984375
-49115 2186.160888671875
-49105 2196.218994140625
-49095 2197.05908203125
-49085 2203.77001953125
-49075 2210.386962890625
-49065 2217.93798828125
-49055 2225.970947265625
-49045 2234.175048828125
-49035 2241.98388671875
-49025 2252.81396484375
-49015 2263.464111328125
-49005 2272.509033203125
-48995 2282.7041015625
-48985 2290.743896484375
-48975 2301.0419921875
-48965 2308.782958984375
-48955 2317.468017578125
-48945 2329.094970703125
-48935 2335.068115234375
-48925 2350.069091796875
-48915 2369.01708984375
-48905 2383.596923828125
-48895 2400.537109375
-48885 2396.427001953125
-48875 2401.318115234375
-48865 2421.947998046875
-48855 2430.487060546875
-48845 2436.553955078125
-48835 2431.241943359375
-48825 2424.719970703125
-48815 2409.58203125
-48805 2399.197998046875
-48795 2392.4189453125
-48785 2383.22802734375
-48775 2361.47412109375
-48765 2345.751953125
-48755 2330.237060546875
-48745 2319.8701171875
-48735 2312.447021484375
-48725 2305.323974609375
