-65605 2333.30810546875
-65595 2330.839111328125
-65585 2331.4189453125
-65575 2335.23291015625
-65565 2339.112060546875
-65555 2341.280029296875
-65545 2342.31103515625
-65535 2342.9189453125
-65525 2344.093017578125
-65515 2343.970947265625
-65505 2344.29296875
-65495 2344.4580078125
-65485 2345.259033203125
-65475 2346.489990234375
-65465 2347.741943359375
-65455 2348.8369140625
-65445 2352.35107421875
-65435 2355.550048828125
-65425 2359.7080078125
-65415 2363.693115234375
-65405 2367.52197265625
-65395 2368.302001953125
-65385 2365.81201171875
-65375 2356.60888671875
-65365 2352.55810546875
-65355 2351.742919921875
-65345 2352.780029296875
-65335 2352.3291015625
-65325 2353.7890625
-65315 2354.597900390625
-65305 2355.1630859375
-65295 2355.02001953125
-65285 2354.090087890625
-65275 2352.830078125
-65265 2352.178955078125
-65255 2351.85693359375
-65245 2352.80908203125
-65235 2354.090087890625
-65225 2354.14697265625
-65215 2354.43310546875
-65205 2354.919921875
-65195 2354.260986328125
-65185 2352.908935546875
-65175 2351.3779296875
-65165 2349.31005859375
-65155 2347.592041015625
-65145 2347.949951171875
-65135 2348.242919921875
-65125 2348.193115234375
-65115 2348.27197265625
-65105 2347.7919921875
-65095 2346.410888671875
-65085 2345.430908203125
-65075 2342.73291015625
-65065 2341.6669921875
-65055 2340.779052734375
-65045 2340.801025390625
-65035 2340.242919921875
-65025 2340.779052734375
-65015 2341.56689453125
-65005 2343.05810546875
-64995 2343.096923828125
-64985 2342.805908203125
-64975 2342.093994140625
-64965 2340.756103515625
-64955 2339.02490234375
-64945 2337.06201171875
-64935 2333.949951171875
-64925 2332.06005859375
-64915 2329.777099609375
-64905 2327.174072265625
-64895 2326.31591796875
-64885 2326.60595703125
-64875 2326.447021484375
-64865 2326.214111328125
-64855 2327.406005859375
-64845 2328.381103515625
-64835 2329.864013671875
-64825 2334.094970703125
-64815 2335.986083984375
-64805 2338.864990234375
-64795 2344.173095703125
-64785 2341.81689453125
-64775 2334.89501953125
-64765 2333.556884765625
-64755 2338.60400390625
-64745 2340.319091796875
-64735 2341.64306640625
-64725 2343.257080078125
-64715 2343.285888671875
-64705 2342.572998046875
-64695 2341.875
-64685 2339.113037109375
-64675 2336.364013671875
-64665 2333.993896484375
-64655 2331.43408203125
-64645 2329.8349609375
-64635 2330.89599609375
-64625 2332.758056640625
-64615 2333.251953125
-64605 2329.486083984375
-64595 2328.06103515625
-64585 2334.7060546875
-64575 2334.720947265625
-64565 2328.68603515625
-64555 2324.7451171875
-64545 2323.27587890625
-64535 2321.574951171875
-64525 2320.383056640625
-64515 2320.26611328125
-64505 2319.6259765625
-64495 2313.576904296875
-64485 2308.735107421875
-64475 2303.965087890625
-64465 2301.56494140625
-64455 2302.68505859375
-64445 2301.826904296875
-64435 2301.696044921875
-64425 2301.52197265625
-64415 2301.406005859375
-64405 2300.910888671875
-64395 2301.318115234375
-64385 2302.43798828125
-64375 2303.804931640625
-64365 2306.52392578125
-64355 2313.51904296875
-64345 2314.9580078125
-64335 2315.947021484375
-64325 2314.944091796875
-64315 2313.969970703125
-64305 2313.27197265625
-64295 2312.705078125
-64285 2313.4169921875
-64275 2315.715087890625
-64265 2319.262939453125
-64255 2323.756103515625
-64245 2326.156005859375
-64235 2327.04296875
-64225 2328.93310546875
-64215 2330.98388671875
-64205 2334.909912109375
-64195 2342.384033203125
-64185 2343.926025390625
-64175 2353.493896484375
-64165 2355.4140625
-64155 2363.876953125
-64145 2363.14990234375
-64135 2357.885986328125
-64125 2355.60302734375
-64115 2355.007080078125
-64105 2360.60498046875
-64095 2362.364990234375
-64085 2362.5830078125
-64075 2363.964111328125
-64065 2362.9609375
-64055 2363.06298828125
-64045 2364.80810546875
-64035 2366.946044921875
-64025 2369.722900390625
-64015 2374.696044921875
-64005 2375.931884765625
-63995 2379.37890625
-63985 2377.9541015625
-63975 2376.7470703125
-63965 2377.154052734375
-63955 2380.31005859375
-63945 2382.02490234375
-63935 2385.1669921875
-63925 2385.9951171875
-63915 2385.341064453125
-63905 2386.301025390625
-63895 2388.177001953125
-63885 2388.06005859375
-63875 2387.24609375
-63865 2385.25390625
-63855 2382.214111328125
-63845 2379.85888671875
-63835 2378.02587890625
-63825 2376.702880859375
-63815 2375.72900390625
-63805 2374.362060546875
-63795 2373.60595703125
-63785 2371.93310546875
-63775 2370.43603515625
-63765 2368.705078125
-63755 2366.072998046875
-63745 2363.339111328125
-63735 2361.971923828125
-63725 2363.339111328125
-63715 2363.048095703125
-63705 2358.3369140625
-63695 2358.888916015625
-63685 2355.777099609375
-63675 2352.9560546875
-63665 2351.677001953125
-63655 2346.949951171875
-63645 2342.45703125
-63635 2340.18798828125
-63625 2335.5791015625
-63615 2334.416015625
-63605 2335.18603515625
-63595 2333.033935546875
-63585 2330.866943359375
-63575 2328.279052734375
-63565 2327.77001953125
-63555 2329.922119140625
-63545 2332.467041015625
-63535 2334.634033203125
-63525 2336.81494140625
-63515 2338.283935546875
-63505 2338.31298828125
-63495 2337.366943359375
-63485 2337.74609375
-63475 2338.908935546875
-63465 2338.617919921875
-63455 2336.175048828125
-63445 2335.404052734375
-63435 2334.80810546875
-63425 2331.6240234375
-63415 2330.4169921875
-63405 2332.2490234375
-63395 2334.865966796875
-63385 2336.785888671875
-63375 2340.218017578125
-63365 2343.27099609375
-63355 2347.052001953125
-63345 2351.735107421875
-63335 2356.926025390625
-63325 2362.68505859375
-63315 2369.010009765625
-63305 2375.888916015625
-63295 2382.56298828125
-63285 2389.135986328125
-63275 2392.35009765625
-63265 2393.93505859375
-63255 2395.113037109375
-63245 2393.77490234375
-63235 2392.262939453125
-63225 2390.197998046875
-63215 2386.969970703125
-63205 2383.131103515625
-63195 2378.47705078125
-63185 2372.616943359375
-63175 2366.946044921875
-63165 2361.76904296875
-63155 2355.676025390625
-63145 2348.623046875
-63135 2341.81689453125
-63125 2336.68408203125
-63115 2331.0419921875
-63105 2327.23193359375
-63095 2322.708984375
-63085 2317.634033203125
-63075 2314.81298828125
-63065 2312.5439453125
-63055 2309.18505859375
-63045 2306.0439453125
-63035 2303.55810546875
-63025 2302.06005859375
-63015 2301.24609375
-63005 2299.93701171875
-62995 2298.875
-62985 2298.263916015625
-62975 2298.134033203125
-62965 2298.511962890625
-62955 2298.10400390625
-62945 2297.827880859375
-62935 2298.583984375
-62925 2298.68603515625
-62915 2299.35498046875
-62905 2299.35498046875
-62895 2299.5439453125
-62885 2299.470947265625
-62875 2299.281982421875
-62865 2298.990966796875
-62855 2298.424072265625
-62845 2296.912109375
-62835 2295.762939453125
-62825 2295.428955078125
-62815 2296.126953125
-62805 2297.013916015625
-62795 2297.202880859375
-62785 2297.333984375
-62775 2297.18798828125
-62765 2296.751953125
-62755 2296.156005859375
-62745 2296.02490234375
-62735 2294.846923828125
-62725 2291.472900390625
-62715 2292.986083984375
-62705 2293.785888671875
-62695 2294.06201171875
-62685 2294.905029296875
-62675 2294.62890625
-62665 2294.323974609375
-62655 2296.52001953125
-62645 2297.929931640625
-62635 2300.300048828125
-62625 2303.485107421875
-62615 2306.2041015625
-62605 2308.239990234375
-62595 2310.72705078125
-62585 2313.010009765625
-62575 2315.424072265625
-62565 2316.84912109375
-62555 2316.572998046875
-62545 2314.72607421875
-62535 2311.425048828125
-62525 2303.819091796875
-62515 2301.303955078125
-62505 2306.385986328125
-62495 2313.611083984375
-62485 2319.014892578125
-62475 2321.72412109375
-62465 2323.9560546875
-62455 2328.450927734375
-62445 2331.514892578125
-62435 2335.2548828125
-62425 2337.656982421875
-62415 2340.4130859375
-62405 2343.721923828125
-62395 2345.47705078125
-62385 2346.52392578125
-62375 2346.785888671875
-62365 2346.5390625
-62355 2346.955078125
-62345 2347.031982421875
-62335 2348.386962890625
-62325 2349.263916015625
-62315 2350.033935546875
-62305 2354.298095703125
-62295 2357.992919921875
-62285 2361.964111328125
-62275 2367.12109375
-62265 2372.35498046875
-62255 2375.43408203125
-62245 2376.989013671875
-62235 2378.467041015625
-62225 2380.822021484375
-62215 2384.425048828125
-62205 2388.735107421875
-62195 2392.6298828125
-62185 2397.125
-62175 2400.635009765625
-62165 2404.574951171875
-62155 2408.947998046875
-62145 2413.22705078125
-62135 2417.47607421875
-62125 2420.986083984375
-62115 2425.06494140625
-62105 2429.530029296875
-62095 2435.287109375
-62085 2442.39892578125
-62075 2448.72607421875
-62065 2454.85302734375
-62055 2458.132080078125
-62045 2463.966064453125
-62035 2470.64697265625
-62025 2476.989990234375
-62015 2482.14697265625
-62005 2487.51904296875
-61995 2496.262939453125
-61985 2506.053955078125
-61975 2516.27587890625
-61965 2532.14697265625
-61955 2540.8291015625
-61945 2544.93994140625
-61935 2551.096923828125
-61925 2558.285888671875
-61915 2563.827880859375
-61905 2567.583984375
-61895 2569.570068359375
-61885 2570.2939453125
-61875 2570.555908203125
-61865 2571.678955078125
-61855 2571.95703125
-61845 2574.281005859375
-61835 2576.158935546875
-61825 2582.993896484375
-61815 2585.64208984375
-61805 2597.7880859375
-61795 2591.552978515625
-61785 2650.928955078125
-61775 2642.277099609375
-61765 2637.382080078125
-61755 2620.402099609375
-61745 2632.51708984375
-61735 2650.375
-61725 2674.157958984375
-61715 2675.8359375
-61705 2667.47705078125
-61695 2661.027099609375
-61685 2652.406005859375
-61675 2654.85400390625
-61665 2651.867919921875
-61655 2645.43310546875
-61645 2645.89501953125
-61635 2648.388916015625
-61625 2646.6650390625
-61615 2642.631103515625
-61605 2641.06103515625
-61595 2635.10400390625
-61585 2619.493896484375
-61575 2606.0390625
-61565 2587.612060546875
-61555 2581.053955078125
-61545 2572.988037109375
-61535 2562.888916015625
-61525 2544.416015625
-61515 2516.844970703125
-61505 2507.56298828125
-61495 2496.493896484375
-61485 2485.9951171875
-61475 2471.5859375
-61465 2452.944091796875
-61455 2442.075927734375
-61445 2432.053955078125
-61435 2427.389892578125
-61425 2419.430908203125
-61415 2409.962890625
-61405 2388.135009765625
-61395 2362.873046875
-61385 2360.6708984375
-61375 2341.243896484375
-61365 2332.19189453125
-61355 2329.06689453125
-61345 2326.111083984375
-61335 2323.740966796875
-61325 2322.093994140625
-61315 2319.89208984375
-61305 2316.798095703125
-61295 2315.073974609375
-61285 2314.843017578125
-61275 2320.430908203125
-61265 2327.3740234375
-61255 2332.85400390625
-61245 2336.903076171875
-61235 2340.011962890625
-61225 2344.368896484375
-61215 2348.156005859375
-61205 2351.666015625
-61195 2356.822998046875
-61185 2363.7958984375
-61175 2371.323974609375
-61165 2381.423095703125
-61155 2393.614990234375
-61145 2405.2529296875
-61135 2420.863037109375
-61125 2425.803955078125
-61115 2431.89990234375
-61105 2453.7451171875
-61095 2466.552001953125
-61085 2474.696044921875
-61075 2475.7890625
-61065 2466.721923828125
-61055 2468.784912109375
-61045 2462.7958984375
-61035 2456.68505859375
-61025 2450.511962890625
-61015 2443.89208984375
-61005 2438.365966796875
-60995 2433.115966796875
-60985 2427.512939453125
-60975 2422.340087890625
-60965 2420.4619140625
-60955 2420.447021484375
-60945 2418.552978515625
-60935 2414.950927734375
-60925 2409.85595703125
-60915 2407.177001953125
-60905 2406.916015625
-60895 2404.574951171875
-60885 2400.758056640625
-60875 2395.693115234375
-60865 2386.51806640625
-60855 2376.4970703125
-60845 2367.18310546875
-60835 2360.7939453125
-60825 2355.653076171875
-60815 2349.60302734375
-60805 2343.384033203125
-60795 2337.656982421875
-60785 2330.867919921875
-60775 2326.972900390625
-60765 2325.49609375
-60755 2324.72607421875
-60745 2324.31005859375
-60735 2323.87890625
-60725 2321.955078125
-60715 2320.076904296875
-60705 2319.876953125
-60695 2319.384033203125
-60685 2317.568115234375
-60675 2315.613037109375
-60665 2311.178955078125
-60655 2305.77587890625
-60645 2298.64794921875
-60635 2293.013916015625
-60625 2287.9951171875
-60615 2282.300048828125
-60605 2278.205078125
-60595 2271.52294921875
-60585 2266.98193359375
-60575 2264.595947265625
-60565 2261.3330078125
-60555 2260.639892578125
-60545 2259.9619140625
-60535 2258.485107421875
-60525 2259.885009765625
-60515 2260.469970703125
-60505 2257.760986328125
-60495 2254.389892578125
-60485 2250.971923828125
-60475 2247.72412109375
-60465 2244.81494140625
-60455 2243.4140625
-60445 2241.365966796875
-60435 2238.1640625
-60425 2235.27001953125
-60415 2234.485107421875
-60405 2233.300048828125
-60395 2232.806884765625
-60385 2231.513916015625
-60375 2229.5439453125
-60365 2228.3740234375
-60355 2227.373046875
-60345 2225.8798828125
-60335 2224.493896484375
-60325 2223.785888671875
-60315 2221.845947265625
-60305 2219.70703125
-60295 2216.736083984375
-60285 2214.10302734375
-60275 2211.347900390625
-60265 2209.177001953125
-60255 2206.77587890625
-60245 2204.205078125
-60235 2201.89599609375
-60225 2199.555908203125
-60215 2197.430908203125
-60205 2195.27587890625
-60195 2193.243896484375
-60185 2191.04296875
-60175 2189.257080078125
-60165 2187.287109375
-60155 2187.302001953125
-60145 2186.85498046875
-60135 2186.408935546875
-60125 2183.837890625
-60115 2181.282958984375
-60105 2178.927001953125
-60095 2176.094970703125
-60085 2174.125
-60075 2171.968994140625
-60065 2170.2451171875
-60055 2169.0439453125
-60045 2168.12109375
-60035 2167.56689453125
-60025 2165.718994140625
-60015 2166.135009765625
-60005 2165.341064453125
-59995 2163.94091796875
-59985 2163.014892578125
-59975 2162.39208984375
-59965 2161.81396484375
-59955 2161.134033203125
-59945 2161.177001953125
-59935 2161.9580078125
-59925 2162.5810546875
-59915 2162.5810546875
-59905 2162.406982421875
-59895 2161.4951171875
-59885 2161.1630859375
-59875 2159.97607421875
-59865 2158.514892578125
-59855 2157.2119140625
-59845 2156.618896484375
-59835 2156.113037109375
-59825 2156.85107421875
-59815 2157.35693359375
-59805 2156.156005859375
-59795 2153.9130859375
-59785 2151.873046875
-59775 2150.179931640625
-59765 2147.169921875
-59755 2141.844970703125
-59745 2138.126953125
-59735 2134.77001953125
-59725 2131.384033203125
-59715 2127.98388671875
-59705 2124.8291015625
-59695 2122.44189453125
-59685 2119.865966796875
-59675 2117.01611328125
-59665 2114.946044921875
-59655 2112.659912109375
-59645 2109.6650390625
-59635 2105.743896484375
-59625 2100.76611328125
-59615 2094.964111328125
-59605 2090.7529296875
-59595 2087.656005859375
-59585 2087.43896484375
-59575 2085.342041015625
-59565 2081.115966796875
-59555 2077.2529296875
-59545 2071.7109375
-59535 2068.136962890625
-59525 2065.779052734375
-59515 2057.472900390625
-59505 2052.263916015625
-59495 2047.60400390625
-59485 2040.384033203125
-59475 2035.696044921875
-59465 2030.7760009765625
-59455 2025.9580078125
-59445 2022.282958984375
-59435 2017.291015625
-59425 2014.0350341796875
-59415 2011.7779541015625
-59405 2007.509033203125
-59395 2003.1390380859375
-59385 2000.4329833984375
-59375 1997.4959716796875
-59365 1994.427978515625
-59355 1993.0830078125
-59345 1992.011962890625
-59335 1990.9410400390625
-59325 1986.4560546875
-59315 1983.2440185546875
-59305 1975.60400390625
-59295 1971.001953125
-59285 1967.16796875
-59275 1964.925048828125
-59265 1961.6109619140625
-59255 1958.385009765625
-59245 1954.9840087890625
-59235 1950.3389892578125
-59225 1946.22998046875
-59215 1942.4969482421875
-59205 1939.9649658203125
-59195 1936.3330078125
-59185 1930.7039794921875
-59175 1924.510986328125
-59165 1920.010986328125
-59155 1919.3599853515625
-59145 1922.6300048828125
-59135 1925.14794921875
-59125 1927.47705078125
-59115 1930.531005859375
-59105 1933.9019775390625
-59095 1935.696044921875
-59085 1938.5760498046875
-59075 1940.6009521484375
-59065 1942.7860107421875
-59055 1945.6080322265625
-59045 1949.3409423828125
-59035 1952.9439697265625
-59025 1956.60498046875
-59015 1960.0489501953125
-59005 1965.7349853515625
-58995 1984.5889892578125
-58985 1995.06494140625
-58975 2004.2239990234375
-58965 2026.5369873046875
-58955 2037.3599853515625
-58945 2041.0059814453125
-58935 2042.7139892578125
-58925 2042.9739990234375
-58915 2043.3360595703125
-58905 2046.071044921875
-58895 2051.68505859375
-58885 2058.153076171875
-58875 2065.590087890625
-58865 2073.2451171875
-58855 2080.43603515625
-58845 2085.530029296875
-58835 2091.18701171875
-58825 2099.927001953125
-58815 2105.6279296875
-58805 2112.154052734375
-58795 2128.8369140625
-58785 2127.89697265625
-58775 2128.302001953125
-58765 2131.760009765625
-58755 2134.89990234375
-58745 2160.409912109375
-58735 2169.178955078125
-58725 2175.284912109375
-58715 2182.635009765625
-58705 2188.568115234375
-58695 2195.035888671875
-58685 2201.31591796875
-58675 2206.510009765625
-58665 2212.39990234375
-58655 2218.23095703125
-58645 2224.81396484375
-58635 2231.06494140625
-58625 2237.18603515625
-58615 2243.5380859375
-58605 2249.470947265625
-58595 2255.80908203125
-58585 2261.39404296875
-58575 2267.325927734375
-58565 2273.27294921875
-58555 2279.552978515625
-58545 2286.81689453125
-58535 2293.777099609375
-58525 2300.345947265625
-58515 2305.9169921875
-58505 2313.5859375
-58495 2320.574951171875
-58485 2329.096923828125
-58475 2335.85498046875
-58465 2343.987060546875
-58455 2351.656005859375
-58445 2359.64306640625
-58435 2367.470947265625
-58425 2374.89404296875
-58415 2381.839111328125
-58405 2387.2080078125
-58395 2395.672119140625
-58385 2394.674072265625
-58375 2384.256103515625
-58365 2375.632080078125
-58355 2367.35498046875
-58345 2361.81298828125
-58335 2354.173095703125
-58325 2352.219970703125
-58315 2358.1669921875
-58305 2365.416015625
-58295 2366.906982421875
-58285 2359.135986328125
-58275 2351.468017578125
-58265 2345.4189453125
-58255 2337.56201171875
-58245 2332.9609375
-58235 2328.31591796875
-58225 2323.802001953125
-58215 2319.47509765625
-58205 2313.5419921875
-58195 2307.7109375
-58185 2301.951904296875
-58175 2296.946044921875
-58165 2293.155029296875
-58155 2291.822998046875
-58145 2292.7060546875
-58135 2280.34912109375
-58125 2276.39892578125
-58115 2274.083984375
-58105 2269.9169921875
-58095 2261.87109375
-58085 2257.37109375
-58075 2247.02490234375
-58065 2241.571044921875
-58055 2227.47705078125
-58045 2220.93701171875
-58035 2216.68310546875
-58025 2211.87890625
-58015 2209.028076171875
-58005 2205.178955078125
-57995 2198.986083984375
-57985 2192.47509765625
-57975 2181.72412109375
-57965 2175.155029296875
-57955 2168.845947265625
-57945 2165.330078125
-57935 2161.68310546875
-57925 2158.25390625
-57915 2153.95703125
-57905 2150.62890625
-57895 2145.174072265625
-57885 2143.133056640625
-57875 2139.863037109375
-57865 2136.029052734375
-57855 2132.743896484375
-57845 2130.22607421875
-57835 2125.85595703125
-57825 2125.364990234375
-57815 2125.0458984375
-57805 2124.886962890625
-57795 2121.125
-57785 2117.0009765625
-57775 2113.528076171875
-57765 2108.116943359375
-57755 2095.239013671875
-57745 2080.14697265625
-57735 2072.5791015625
-57725 2067.470947265625
-57715 2062.6669921875
-57705 2057.993896484375
-57695 2048.73291015625
-57685 2043.6829833984375
-57675 2037.9100341796875
-57665 2031.8759765625
-57655 2025.885986328125
-57645 2018.635986328125
-57635 2014.2230224609375
-57625 2007.81298828125
-57615 1998.031005859375
-57605 1988.10498046875
-57595 1980.176025390625
-57585 1970.655029296875
-57575 1964.3170166015625
-57565 1958.3270263671875
-57555 1953.5369873046875
-57545 1950.281982421875
-57535 1945.4200439453125
-57525 1941.136962890625
-57515 1937.114013671875
-57505 1933.4849853515625
-57495 1929.654052734375
-57485 1925.14697265625
-57475 1922.3270263671875
-57465 1919.2919921875
-57455 1915.490966796875
-57445 1912.0889892578125
-57435 1908.85400390625
-57425 1905.60498046875
-57415 1900.68505859375
-57405 1894.032958984375
-57395 1886.1090087890625
-57385 1879.625
-57375 1873.2650146484375
-57365 1868.2979736328125
-57355 1863.1939697265625
-57345 1858.0439453125
-57335 1852.77197265625
-57325 1846.56396484375
-57315 1841.7969970703125
-57305 1836.7860107421875
-57295 1831.72705078125
-57285 1826.56201171875
-57275 1821.68798828125
-57265 1815.449951171875
-57255 1808.81298828125
-57245 1801.470947265625
-57235 1794.282958984375
-57225 1787.5689697265625
-57215 1781.637939453125
-57205 1777.43798828125
-57195 1774.2650146484375
-57185 1772.824951171875
-57175 1770.157958984375
-57165 1766.677978515625
-57155 1763.1219482421875
-57145 1759.7349853515625
-57135 1756.1939697265625
-57125 1753.2669677734375
-57115 1749.696044921875
-57105 1745.4189453125
-57095 1742.7220458984375
-57085 1737.0970458984375
-57075 1732.177001953125
-57065 1725.7540283203125
-57055 1722.16796875
-57045 1718.2750244140625
-57035 1714.06005859375
-57025 1709.2320556640625
-57015 1704.8480224609375
-57005 1700.2650146484375
-56995 1695.927001953125
-56985 1692.2490234375
-56975 1689.6590576171875
-56965 1686.7459716796875
-56955 1682.68505859375
-56945 1680.64599609375
-56935 1677.7030029296875
-56925 1675.0980224609375
-56915 1673.0279541015625
-56905 1669.427001953125
-56895 1666.2840576171875
-56885 1663.6939697265625
-56875 1660.5670166015625
-56865 1656.6590576171875
-56855 1652.427978515625
-56845 1648.2440185546875
-56835 1644.0899658203125
-56825 1639.614990234375
-56815 1635.155029296875
-56805 1632.166015625
-56795 1628.5489501953125
-56785 1624.3330078125
-56775 1619.904052734375
-56765 1615.39794921875
-56755 1610.217041015625
-56745 1604.7149658203125
-56735 1598.8590087890625
-56725 1594.5369873046875
-56715 1590.2760009765625
-56705 1585.4639892578125
-56695 1580.988037109375
-56685 1577.06396484375
-56675 1572.113037109375
-56665 1564.9560546875
-56655 1558.762939453125
-56645 1552.4940185546875
-56635 1547.9110107421875
-56625 1542.2559814453125
-56615 1535.175048828125
-56605 1527.0050048828125
-56595 1523.25
-56585 1518.02294921875
-56575 1516.719970703125
-56565 1515.64794921875
-56555 1513.761962890625
-56545 1514.574951171875
-56535 1513.5479736328125
-56525 1511.7850341796875
-56515 1513.1949462890625
-56505 1512.93505859375
-56495 1512.1070556640625
-56485 1512.0150146484375
-56475 1513.3330078125
-56465 1515.2340087890625
-56455 1520.2919921875
-56445 1525.258056640625
-56435 1531.9560546875
-56425 1537.259033203125
-56415 1543.31298828125
-56405 1549.0150146484375
-56395 1555.31494140625
-56385 1561.64501953125
-56375 1568.6490478515625
-56365 1575.43896484375
-56355 1583.1180419921875
-56345 1590.5980224609375
-56335 1595.8709716796875
-56325 1601.373046875
-56315 1608.5460205078125
-56305 1616.1180419921875
-56295 1624.4720458984375
-56285 1633.927978515625
-56275 1643.0479736328125
-56265 1650.60498046875
-56255 1658.60498046875
-56245 1664.8900146484375
-56235 1672.7679443359375
-56225 1677.947998046875
-56215 1685.0140380859375
-56205 1698.1650390625
-56195 1703.43798828125
-56185 1708.43505859375
-56175 1713.2469482421875
-56165 1719.8380126953125
-56155 1724.7889404296875
-56145 1730.81201171875
-56135 1735.426025390625
-56125 1736.7900390625
-56115 1739.5179443359375
-56105 1741.9859619140625
-56095 1746.1090087890625
-56085 1750.64599609375
-56075 1758.0489501953125
-56065 1765.635986328125
-56055 1770.6629638671875
-56045 1776.9630126953125
-56035 1782.9560546875
-56025 1788.136962890625
-56015 1792.35205078125
-56005 1797.0260009765625
-55995 1801.487060546875
-55985 1803.9239501953125
-55975 1805.9010009765625
-55965 1811.2960205078125
-55955 1817.9019775390625
-55945 1823.0980224609375
-55935 1830.7469482421875
-55925 1838.134033203125
-55915 1846.258056640625
-55905 1854.5810546875
-55895 1862.3509521484375
-55885 1868.7120361328125
-55875 1872.8509521484375
-55865 1872.1610107421875
-55855 1871.68603515625
-55845 1878.781982421875
-55835 1882.261962890625
-55825 1884.6829833984375
-55815 1889.9410400390625
-55805 1891.5810546875
-55795 1893.8800048828125
-55785 1896.469970703125
-55775 1901.2669677734375
-55765 1905.803955078125
-55755 1909.5899658203125
-55745 1916.04296875
-55735 1921.7760009765625
-55725 1928.259033203125
-55715 1934.8189697265625
-55705 1941.0570068359375
-55695 1948.781982421875
-55685 1955.8170166015625
-55675 1961.2889404296875
-55665 1967.6199951171875
-55655 1969.9029541015625
-55645 1977.9959716796875
-55635 1986.6099853515625
-55625 1992.2349853515625
-55615 2000.2359619140625
-55605 2008.176025390625
-55595 2007.041015625
-55585 2011.2559814453125
-55575 2018.137939453125
-55565 2023.717041015625
-55555 2028.2080078125
-55545 2031.85595703125
-55535 2033.3280029296875
-55525 2036.699951171875
-55515 2042.615966796875
-55505 2047.52099609375
-55495 2050.784912109375
-55485 2055.4140625
-55475 2061.193115234375
-55465 2068.718994140625
-55455 2071.156005859375
-55445 2076.304931640625
-55435 2080.214111328125
-55425 2083.35595703125
-55415 2087.325927734375
-55405 2091.616943359375
-55395 2096.368896484375
-55385 2101.794921875
-55375 2107.802978515625
-55365 2113.47412109375
-55355 2127.9130859375
-55345 2138.702880859375
-55335 2145.60009765625
-55325 2149.462890625
-55315 2153.571044921875
-55305 2157.23388671875
-55295 2160.804931640625
-55285 2166.1240234375
-55275 2172.68408203125
-55265 2180.02490234375
-55255 2185.0830078125
-55245 2188.593994140625
-55235 2191.428955078125
-55225 2205.22412109375
-55215 2233.625
-55205 2251.43505859375
-55195 2258.868896484375
-55185 2265.3369140625
-55175 2263.55908203125
-55165 2258.10302734375
-55155 2300.2529296875
-55145 2309.06591796875
-55135 2310.59912109375
-55125 2303.56396484375
-55115 2293.845947265625
-55105 2285.569091796875
-55095 2278.6259765625
-55085 2271.238037109375
-55075 2264.23388671875
-55065 2255.696044921875
-55055 2249.029052734375
-55045 2242.714111328125
-55035 2235.218994140625
-55025 2227.280029296875
-55015 2221.22509765625
-55005 2215.33203125
-54995 2209.35791015625
-54985 2205.22998046875
-54975 2200.4580078125
-54965 2194.9208984375
-54955 2189.862060546875
-54945 2184.760009765625
-54935 2178.2900390625
-54925 2172.43994140625
-54915 2165.200927734375
-54905 2159.3291015625
-54895 2152.60009765625
-54885 2146.4599609375
-54875 2141.447998046875
-54865 2135.52001953125
-54855 2122.468994140625
-54845 2114.612060546875
-54835 2105.909912109375
-54825 2095.85107421875
-54815 2081.510009765625
-54805 2072.387939453125
-54795 2065.85888671875
-54785 2057.43994140625
-54775 2050.958984375
-54765 2038.7490234375
-54755 2031.81103515625
-54745 2023.18994140625
-54735 2014.9110107421875
-54725 2005.949951171875
-54715 1996.7110595703125
-54705 2000.9000244140625
-54695 1982.258056640625
-54685 1969.612060546875
-54675 1961.4090576171875
-54665 1953.5
-54655 1945.3800048828125
-54645 1938.4580078125
-54635 1930.407958984375
-54625 1921.741943359375
-54615 1913.7679443359375
-54605 1905.8909912109375
-54595 1898.2879638671875
-54585 1891.301025390625
-54575 1886.8310546875
-54565 1883.1090087890625
-54555 1878.291015625
-54545 1874.447998046875
-54535 1869.9530029296875
-54525 1862.791015625
-54515 1856.4510498046875
-54505 1846.9310302734375
-54495 1838.5909423828125
-54485 1832.498046875
-54475 1824.218994140625
-54465 1816.72802734375
-54455 1808.56103515625
-54445 1796.551025390625
-54435 1787.740966796875
-54425 1778.3289794921875
-54415 1769.56201171875
-54405 1763.75
-54395 1756.928955078125
-54385 1748.1419677734375
-54375 1742.0579833984375
-54365 1737.1519775390625
-54355 1731.4210205078125
-54345 1724.031005859375
-54335 1716.321044921875
-54325 1712.3289794921875
-54315 1704.4410400390625
-54305 1698.8699951171875
-54295 1695.2110595703125
-54285 1692.43994140625
-54275 1688.52001953125
-54265 1683.6009521484375
-54255 1680.3330078125
-54245 1677.1080322265625
-54235 1672.2919921875
-54225 1666.343017578125
-54215 1660.08203125
-54205 1655.571044921875
-54195 1650.97998046875
-54185 1645.9300537109375
-54175 1640.489013671875
-54165 1635.0009765625
-54155 1631.279052734375
-54145 1627.571044921875
-54135 1623.75
-54125 1620.1519775390625
-54115 1617.9610595703125
-54105 1615.06201171875
-54095 1612.77197265625
-54085 1610.6209716796875
-54075 1608.81201171875
-54065 1607.240966796875
-54055 1604.9189453125
-54045 1603.4090576171875
-54035 1602.6669921875
-54025 1601.5799560546875
-54015 1599.697998046875
-54005 1601.3499755859375
-53995 1601.029052734375
-53985 1601.1009521484375
-53975 1600.6810302734375
-53965 1600.52099609375
-53955 1600.3790283203125
-53945 1602.1280517578125
-53935 1604.2900390625
-53925 1607.113037109375
-53915 1609.678955078125
-53905 1612.3199462890625
-53895 1615.6009521484375
-53885 1619.68896484375
-53875 1624.8599853515625
-53865 1630.47900390625
-53855 1641.470947265625
-53845 1646.3699951171875
-53835 1655.3370361328125
-53825 1672.3389892578125
-53815 1681.050048828125
-53805 1688.6300048828125
-53795 1693.0419921875
-53785 1697.56201171875
-53775 1704.208984375
-53765 1709.1199951171875
-53755 1714.6190185546875
-53745 1720.2989501953125
-53735 1726.1619873046875
-53725 1733.302001953125
-53715 1740.3299560546875
-53705 1744.95703125
-53695 1749.6810302734375
-53685 1755.8909912109375
-53675 1761.1610107421875
-53665 1767.4720458984375
-53655 1773.009033203125
-53645 1778.1109619140625
-53635 1783.842041015625
-53625 1791.2919921875
-53615 1799.41796875
-53605 1807.98095703125
-53595 1816.489990234375
-53585 1825.302001953125
-53575 1833.031005859375
-53565 1841.47900390625
-53555 1850.821044921875
-53545 1856.3699951171875
-53535 1864.1910400390625
-53525 1871.25
-53515 1878.6280517578125
-53505 1886.8919677734375
-53495 1898.490966796875
-53485 1904.6400146484375
-53475 1912.5009765625
-53465 1918.1710205078125
-53455 1924.8499755859375
-53445 1930.9210205078125
-53435 1941.8499755859375
-53425 1948.5780029296875
-53415 1952.9000244140625
-53405 1954.760986328125
-53395 1962
-53385 1968.6300048828125
-53375 1972.72900390625
-53365 1980.489013671875
-53355 1988.8089599609375
-53345 1995.4300537109375
-53335 2000.18994140625
-53325 2008.27197265625
-53315 2015.2120361328125
-53305 2017.25
-53295 2022.550048828125
-53285 2028.800048828125
-53275 2032.4520263671875
-53265 2033.31005859375
-53255 2035.97998046875
-53245 2039.97802734375
-53235 2043.1810302734375
-53225 2047.3790283203125
-53215 2054.258056640625
-53205 2061.362060546875
-53195 2059.009033203125
-53185 2056.05810546875
-53175 2055.970947265625
-53165 2062.01806640625
-53155 2069.87109375
-53145 2077.22900390625
-53135 2083.718994140625
-53125 2094.860107421875
-53115 2102.62890625
-53105 2097.949951171875
-53095 2092.89111328125
-53085 2086.76904296875
-53075 2080.219970703125
-53065 2074.26904296875
-53055 2068.200927734375
-53045 2063.5
-53035 2057.970947265625
-53025 2054.39111328125
-53015 2049.59912109375
-53005 2043.6710205078125
-52995 2035.571044921875
-52985 2029.781982421875
-52975 2021.6710205078125
-52965 2014.3599853515625
-52955 2007.4310302734375
-52945 2001.0999755859375
-52935 1996.3719482421875
-52925 1991.3800048828125
-52915 1987.2989501953125
-52905 1982.8900146484375
-52895 1976.5989990234375
-52885 1967.968994140625
-52875 1960.1099853515625
-52865 1952.509033203125
-52855 1945.8409423828125
-52845 1941.3909912109375
-52835 1937.0699462890625
-52825 1932.949951171875
-52815 1929.1610107421875
-52805 1924.6619873046875
-52795 1920.739990234375
-52785 1917.199951171875
-52775 1914.48095703125
-52765 1912.5999755859375
-52755 1909.89794921875
-52745 1906.0999755859375
-52735 1899.6610107421875
-52725 1892.780029296875
-52715 1886.6290283203125
-52705 1879.6390380859375
-52695 1873.4010009765625
-52685 1867.199951171875
-52675 1859.3089599609375
-52665 1853.1490478515625
-52655 1847.510009765625
-52645 1842.1390380859375
-52635 1836.988037109375
-52625 1832.468994140625
-52615 1828.2010498046875
-52605 1824.3509521484375
-52595 1819.219970703125
-52585 1813.52099609375
-52575 1808.31103515625
-52565 1801.4930419921875
-52555 1795.43994140625
-52545 1788.31201171875
-52535 1780.699951171875
-52525 1773.9310302734375
-52515 1768.1009521484375
-52505 1761.8900146484375
-52495 1755.2230224609375
-52485 1748.7969970703125
-52475 1742.9139404296875
-52465 1736.5030517578125
-52455 1730.197021484375
-52445 1723.43896484375
-52435 1717.9329833984375
-52425 1712.8050537109375
-52415 1706.967041015625
-52405 1700.751953125
-52395 1694.9739990234375
-52385 1688.532958984375
-52375 1683.0419921875
-52365 1676.2850341796875
-52355 1668.7569580078125
-52345 1662.06005859375
-52335 1657.155029296875
-52325 1651.0780029296875
-52315 1645.6929931640625
-52305 1640.02099609375
-52295 1635.251953125
-52285 1630.9549560546875
-52275 1626.2939453125
-52265 1621.27099609375
-52255 1615.614013671875
-52245 1609.094970703125
-52235 1602.4129638671875
-52225 1595.970947265625
-52215 1589.9530029296875
-52205 1585.2760009765625
-52195 1578.89599609375
-52185 1572.4539794921875
-52175 1566.1190185546875
-52165 1561.1259765625
-52155 1555.93701171875
-52145 1552.2259521484375
-52135 1548.8470458984375
-52125 1545.6639404296875
-52115 1541.56103515625
-52105 1536.0849609375
-52095 1530.8809814453125
-52085 1528.5579833984375
-52075 1526.989013671875
-52065 1522.8260498046875
-52055 1514.9969482421875
-52045 1509.2039794921875
-52035 1505.553955078125
-52025 1505.9759521484375
-52015 1507.0469970703125
-52005 1508.375
-51995 1507.801025390625
-51985 1507.5
-51975 1506.7760009765625
-51965 1506.927001953125
-51955 1506.6400146484375
-51945 1507.258056640625
-51935 1506.18701171875
-51925 1506.18701171875
-51915 1507.7559814453125
-51905 1509.822998046875
-51895 1512.7340087890625
-51885 1515.614990234375
-51875 1519.5679931640625
-51865 1523.866943359375
-51855 1529.373046875
-51845 1534.364990234375
-51835 1540.02197265625
-51825 1546.2220458984375
-51815 1550.68701171875
-51805 1557.1280517578125
-51795 1563.1319580078125
-51785 1569.166015625
-51775 1575.8489990234375
-51765 1585.2159423828125
-51755 1600.136962890625
-51745 1608.35595703125
-51735 1615.447998046875
-51725 1624.572021484375
-51715 1633.1700439453125
-51705 1642.0550537109375
-51695 1651.5
-51685 1678.9849853515625
-51675 1692.7869873046875
-51665 1701.008056640625
-51655 1708.7469482421875
-51645 1724.5250244140625
-51635 1732.113037109375
-51625 1741.5860595703125
-51615 1753.095947265625
-51605 1764.123046875
-51595 1778.634033203125
-51585 1802.33203125
-51575 1803.97705078125
-51565 1811.68505859375
-51555 1818.7449951171875
-51545 1843.27197265625
-51535 1862.656005859375
-51525 1871.781982421875
-51515 1877.9539794921875
-51505 1880.0360107421875
-51495 1895.615966796875
-51485 1904.3349609375
-51475 1913.2669677734375
-51465 1922.136962890625
-51455 1921.68505859375
-51445 1919.376953125
-51435 1942.1090087890625
-51425 1956.2740478515625
-51415 1975.657958984375
-51405 1984.10498046875
-51395 1992.7939453125
-51385 2018.27197265625
-51375 2024.2449951171875
-51365 2031.3199462890625
-51355 2038.5760498046875
-51345 2045.16796875
-51335 2048.60693359375
-51325 2057.325927734375
-51315 2061.113037109375
-51305 2064.18994140625
-51295 2066.72607421875
-51285 2069.801025390625
-51275 2074.64404296875
-51265 2073.965087890625
-51255 2073.030029296875
-51245 2078.113037109375
-51235 2082.35400390625
-51225 2089.68505859375
-51215 2094.467041015625
-51205 2099.445068359375
-51195 2106.094970703125
-51185 2107.694091796875
-51175 2106.637939453125
-51165 2102.716064453125
-51155 2104.031005859375
-51145 2102.613037109375
-51135 2096.1240234375
-51125 2090.843994140625
-51115 2082.5029296875
-51105 2074.7060546875
-51095 2063.873046875
-51085 2051.549072265625
-51075 2042.81494140625
-51065 2033.3719482421875
-51055 2022.7669677734375
-51045 2015.31494140625
-51035 2006.280029296875
-51025 1997.9830322265625
-51015 1989.656005859375
-51005 1980.93701171875
-50995 1973.303955078125
-50985 1965.5810546875
-50975 1957.31494140625
-50965 1951.0849609375
-50955 1947.2979736328125
-50945 1943.10498046875
-50935 1938.625
-50925 1933.2850341796875
-50915 1926.7509765625
-50905 1919.5269775390625
-50895 1913.447998046875
-50885 1908.8480224609375
-50875 1903.885009765625
-50865 1898.301025390625
-50855 1892.2540283203125
-50845 1886.928955078125
-50835 1881.4239501953125
-50825 1876.4759521484375
-50815 1872.719970703125
-50805 1866.85205078125
-50795 1863.3370361328125
-50785 1857.7230224609375
-50775 1851.7669677734375
-50765 1843.56103515625
-50755 1836.1820068359375
-50745 1828.8060302734375
-50735 1821.4300537109375
-50725 1814.324951171875
-50715 1807.748046875
-50705 1800.884033203125
-50695 1793.7340087890625
-50685 1786.9759521484375
-50675 1780.384033203125
-50665 1772.886962890625
-50655 1766.083984375
-50645 1759.928955078125
-50635 1753.56298828125
-50625 1747.1070556640625
-50615 1740.8470458984375
-50605 1734.9339599609375
-50595 1729.9560546875
-50585 1724.04296875
-50575 1718.4310302734375
-50565 1711.5980224609375
-50555 1705.8050537109375
-50545 1699.8170166015625
-50535 1693.5870361328125
-50525 1688.0660400390625
-50515 1682.4090576171875
-50505 1676.012939453125
-50495 1669.300048828125
-50485 1663.31201171875
-50475 1657.1400146484375
-50465 1651.5159912109375
-50455 1646.0250244140625
-50445 1640.6219482421875
-50435 1635.824951171875
-50425 1631.1639404296875
-50415 1626.113037109375
-50405 1620.906005859375
-50395 1615.883056640625
-50385 1610.166015625
-50375 1605.0679931640625
-50365 1599.1689453125
-50355 1593.6629638671875
-50345 1589.60595703125
-50335 1585.3819580078125
-50325 1579.302978515625
-50315 1574.6719970703125
-50305 1569.7540283203125
-50295 1562.9659423828125
-50285 1555.845947265625
-50275 1547.0059814453125
-50265 1538.4530029296875
-50255 1531.302978515625
-50245 1523.9720458984375
-50235 1515.8719482421875
-50225 1508.2840576171875
-50215 1502.656982421875
-50205 1501.0279541015625
-50195 1499.2030029296875
-50185 1496.864990234375
-50175 1497.3179931640625
-50165 1499.8070068359375
-50155 1500.2740478515625
-50145 1500.303955078125
-50135 1501.10400390625
-50125 1501.737060546875
-50115 1502.31103515625
-50105 1502.6419677734375
-50095 1502.626953125
-50085 1502.79296875
-50075 1503.1700439453125
-50065 1503.7440185546875
-50055 1504.406982421875
-50045 1505.1009521484375
-50035 1505.31201171875
-50025 1505.115966796875
-50015 1508.6610107421875
-50005 1514.927001953125
-49995 1521.31201171875
-49985 1527.10400390625
-49975 1534.0379638671875
-49965 1558.864990234375
-49955 1585.510986328125
-49945 1599.137939453125
-49935 1617.948974609375
-49925 1634.4429931640625
-49915 1648.35400390625
-49905 1660.2559814453125
-49895 1668.751953125
-49885 1695.8699951171875
-49875 1711.9520263671875
-49865 1724.18896484375
-49855 1746.4410400390625
-49845 1759.8280029296875
-49835 1767.9720458984375
-49825 1775.5150146484375
-49815 1779.343017578125
-49805 1779.0679931640625
-49795 1798.8399658203125
-49785 1806.529052734375
-49775 1813.197021484375
-49765 1819.0670166015625
-49755 1827.93994140625
-49745 1832.5140380859375
-49735 1832.573974609375
-49725 1836.7879638671875
-49715 1840.3489990234375
-49705 1843.197998046875
-49695 1841.678955078125
-49685 1831.81005859375
-49675 1826.64404296875
-49665 1818.9549560546875
-49655 1820.35400390625
-49645 1818.448974609375
-49635 1817.2220458984375
-49625 1820.010986328125
-49615 1823.8900146484375
-49605 1829.5279541015625
-49595 1833.9300537109375
-49585 1837.8690185546875
-49575 1842.8289794921875
-49565 1849.9090576171875
-49555 1855.7449951171875
-49545 1864.0260009765625
-49535 1880.553955078125
-49525 1902.531005859375
-49515 1917.2659912109375
-49505 1930.64404296875
-49495 1961.2459716796875
-49485 1977.5860595703125
-49475 1995.0489501953125
-49465 2003.60498046875
-49455 2009.8780517578125
-49445 2016.845947265625
-49435 2022.656005859375
-49425 2026.758056640625
-49415 2035.9830322265625
-49405 2046.8990478515625
-49395 2058.406982421875
-49385 2066.791015625
-49375 2076.35107421875
-49365 2089.172119140625
-49355 2100.2509765625
-49345 2110.27392578125
-49335 2118.365966796875
-49325 2127.093994140625
-49315 2134.2509765625
-49305 2140.112060546875
-49295 2143.012939453125
-49285 2148.615966796875
-49275 2153.113037109375
-49265 2156.863037109375
-49255 2158.031005859375
-49245 2159.404052734375
-49235 2160.717041015625
-49225 2165.658935546875
-49215 2172.85888671875
-49205 2173.666015625
-49195 2165.402099609375
-49185 2158.27099609375
-49175 2155.85107421875
-49165 2154.94091796875
-49155 2152.924072265625
-49145 2152.882080078125
-49135 2152.830078125
-49125 2153.60205078125
-49115 2155.97900390625
-49105 2160.339111328125
-49095 2165.49609375
-49085 2169.85595703125
-49075 2172.551025390625
-49065 2173.468994140625
-49055 2171.751953125
-49045 2172.97900390625
-49035 2176.68701171875
-49025 2182.075927734375
-49015 2201.212890625
-49005 2200.010986328125
-48995 2197.573974609375
-48985 2201.5390625
-48975 2200.9130859375
-48965 2202.174072265625
-48955 2205.68408203125
-48945 2210.412109375
-48935 2212.47998046875
-48925 2216.178955078125
-48915 2221.68798828125
-48905 2228.236083984375
-48895 2242.764892578125
-48885 2254.05810546875
-48875 2276.48193359375
-48865 2281.2099609375
-48855 2276.824951171875
-48845 2264.60498046875
-48835 2250.385009765625
-48825 2241.43505859375
-48815 2233.68603515625
-48805 2227.48095703125
-48795 2221.217041015625
-48785 2215.740966796875
-48775 2211.87109375
-48765 2210.412109375
-48755 2209.931884765625
-48745 2210.85009765625
-48735 2210.55810546875
-48725 2206.635986328125
-48715 2202.54296875
