-68475 2356.320068359375
-68465 2356.9169921875
-68455 2357.2890625
-68445 2357.757080078125
-68435 2357.218994140625
-68425 2356.9169921875
-68415 2357.58203125
-68405 2358.887939453125
-68395 2358.31201171875
-68385 2357.531005859375
-68375 2355.9970703125
-68365 2354.12890625
-68355 2351.929931640625
-68345 2349.58203125
-68335 2348.10205078125
-68325 2346.14794921875
-68315 2344.618896484375
-68305 2343.41796875
-68295 2342.48095703125
-68285 2342.029052734375
-68275 2341.93798828125
-68265 2342.089111328125
-68255 2341.60888671875
-68245 2340.549072265625
-68235 2339.41796875
-68225 2337.501953125
-68215 2335.490966796875
-68205 2333.587890625
-68195 2331.81689453125
-68185 2329.55810546875
-68175 2330.220947265625
-68165 2331.1201171875
-68155 2329.009033203125
-68145 2327.1630859375
-68135 2325.407958984375
-68125 2323.587890625
-68115 2322.318115234375
-68105 2321.090087890625
-68095 2320.077880859375
-68085 2318.77001953125
-68075 2318.26904296875
-68065 2317.827880859375
-68055 2317.428955078125
-68045 2316.406005859375
-68035 2315.739013671875
-68025 2314.968994140625
-68015 2314.10791015625
-68005 2314.0380859375
-67995 2313.548095703125
-67985 2313.39697265625
-67975 2312.60302734375
-67965 2311.5400390625
-67955 2309.820068359375
-67945 2307.719970703125
-67935 2305.447998046875
-67925 2303.613037109375
-67915 2301.72900390625
-67905 2299.617919921875
-67895 2296.990966796875
-67885 2295.031005859375
-67875 2293.10107421875
-67865 2291.138916015625
-67855 2289.087890625
-67845 2286.60888671875
-67835 2285.069091796875
-67825 2283.9599609375
-67815 2282.0380859375
-67805 2279.948974609375
-67795 2277.4619140625
-67785 2276.10009765625
-67775 2275.01806640625
-67765 2275.56689453125
-67755 2275.912109375
-67745 2276.779052734375
-67735 2277.091064453125
-67725 2278.259033203125
-67715 2278.3291015625
-67705 2278.028076171875
-67695 2278.447998046875
-67685 2278.931884765625
-67675 2278.39892578125
-67665 2277.60791015625
-67655 2277.68798828125
-67645 2276.471923828125
-67635 2278.0009765625
-67625 2281.613037109375
-67615 2287.45703125
-67605 2290.9990234375
-67595 2293.200927734375
-67585 2295.95703125
-67575 2298.8701171875
-67565 2302.27197265625
-67555 2306.5791015625
-67545 2310.387939453125
-67535 2313.62890625
-67525 2322.876953125
-67515 2329.751953125
-67505 2332.885986328125
-67495 2334.409912109375
-67485 2337.3369140625
-67475 2341.030029296875
-67465 2346.068115234375
-67455 2350.2900390625
-67445 2354.847900390625
-67435 2359.672119140625
-67425 2364.708984375
-67415 2368.888916015625
-67405 2373.06103515625
-67395 2376.7099609375
-67385 2380.239013671875
-67375 2384.782958984375
-67365 2389.948974609375
-67355 2395.717041015625
-67345 2401.77099609375
-67335 2407.8330078125
-67325 2414.10107421875
-67315 2420.592041015625
-67305 2427.863037109375
-67295 2435.970947265625
-67285 2443.3701171875
-67275 2452.2509765625
-67265 2462.44091796875
-67255 2474.070068359375
-67245 2481.44091796875
-67235 2491.02294921875
-67225 2498.787109375
-67215 2507.639892578125
-67205 2517.258056640625
-67195 2526.739990234375
-67185 2536.29296875
-67175 2531.842041015625
-67165 2525.85205078125
-67155 2521.14990234375
-67145 2518.31689453125
-67135 2515.4970703125
-67125 2514.510009765625
-67115 2509.8291015625
-67105 2506.35205078125
-67095 2503.638916015625
-67085 2494.530029296875
-67075 2491.866943359375
-67065 2482.25
-67055 2479.330078125
-67045 2478.049072265625
-67035 2476.760986328125
-67025 2477.44091796875
-67015 2473.18994140625
-67005 2470.097900390625
-66995 2466.85693359375
-66985 2463.1279296875
-66975 2461.819091796875
-66965 2460.930908203125
-66955 2461.531982421875
-66945 2463.471923828125
-66935 2466.027099609375
-66925 2469.031982421875
-66915 2472.56689453125
-66905 2475.68701171875
-66895 2476.5029296875
-66885 2479.77294921875
-66875 2482.27099609375
-66865 2486.428955078125
-66855 2490.672119140625
-66845 2493.571044921875
-66835 2496.117919921875
-66825 2499.718017578125
-66815 2501.550048828125
-66805 2502.386962890625
-66795 2502.02197265625
-66785 2502.85888671875
-66775 2503.468017578125
-66765 2502
-66755 2499.137939453125
-66745 2497.64306640625
-66735 2494.279052734375
-66725 2493.363037109375
-66715 2493.14794921875
-66705 2493.6279296875
-66695 2493.843017578125
-66685 2493.906982421875
-66675 2495.381103515625
-66665 2497.212890625
-66655 2499.217041015625
-66645 2501.60693359375
-66635 2504.842041015625
-66625 2507.9189453125
-66615 2510.881103515625
-66605 2514.616943359375
-66595 2515.569091796875
-66585 2516.95703125
-66575 2518.452880859375
-66565 2520.31298828125
-66555 2521.093017578125
-66545 2526.239013671875
-66535 2525.1220703125
-66525 2532.19189453125
-66515 2538.841064453125
-66505 2537.35888671875
-66495 2532.922119140625
-66485 2532.928955078125
-66475 2531.626953125
-66465 2533.98095703125
-66455 2534.2890625
-66445 2536.55810546875
-66435 2539.949951171875
-66425 2540.050048828125
-66415 2538.218017578125
-66405 2541.137939453125
-66395 2539.89306640625
-66385 2539.291015625
-66375 2540.923095703125
-66365 2540.39306640625
-66355 2536.54296875
-66345 2533.802001953125
-66335 2531.23388671875
-66325 2527.548095703125
-66315 2525.2080078125
-66305 2523.068115234375
-66295 2521.35791015625
-66285 2520.126953125
-66275 2518.0380859375
-66265 2515.782958984375
-66255 2512.827880859375
-66245 2510.81689453125
-66235 2508.091064453125
-66225 2505.87890625
-66215 2504.799072265625
-66205 2503.159912109375
-66195 2502.530029296875
-66185 2501.72900390625
-66175 2502.12890625
-66165 2499.83203125
-66155 2499.366943359375
-66145 2498.551025390625
-66135 2497.677978515625
-66125 2495.51708984375
-66115 2494.193115234375
-66105 2495.91796875
-66095 2503.180908203125
-66085 2520.212890625
-66075 2524.012939453125
-66065 2526.8330078125
-66055 2530.1669921875
-66045 2536.1708984375
-66035 2538.927001953125
-66025 2542.010986328125
-66015 2544.77294921875
-66005 2545.552978515625
-65995 2544.7080078125
-65985 2544.22900390625
-65975 2545.337890625
-65965 2546.18310546875
-65955 2547.4208984375
-65945 2549.617919921875
-65935 2552.81591796875
-65925 2552.200927734375
-65915 2548.3369140625
-65905 2546.56201171875
-65895 2544.830078125
-65885 2541.76708984375
-65875 2537.9599609375
-65865 2535.341064453125
-65855 2535.469970703125
-65845 2535.712890625
-65835 2536.85107421875
-65825 2537.052001953125
-65815 2537.83203125
-65805 2538.739990234375
-65795 2538.618896484375
-65785 2539.22705078125
-65775 2538.68994140625
-65765 2537.83203125
-65755 2538.8330078125
-65745 2541.35888671875
-65735 2543.3701171875
-65725 2544.636962890625
-65715 2543.169921875
-65705 2542.26806640625
-65695 2542.97705078125
-65685 2544.673095703125
-65675 2545.98193359375
-65665 2547.949951171875
-65655 2550.18310546875
-65645 2551.87890625
-65635 2555.114013671875
-65625 2559.572021484375
-65615 2564.903076171875
-65605 2572.839111328125
-65595 2580.7109375
-65585 2583.280029296875
-65575 2589.048095703125
-65565 2594.14306640625
-65555 2598.200927734375
-65545 2601.699951171875
-65535 2600.52001953125
-65525 2593.60693359375
-65515 2585.197998046875
-65505 2580.447021484375
-65495 2574.779052734375
-65485 2573.612060546875
-65475 2571.322021484375
-65465 2566.806884765625
-65455 2562.9208984375
-65445 2558.89208984375
-65435 2554.368896484375
-65425 2548.908935546875
-65415 2542.969970703125
-65405 2537.27294921875
-65395 2531.89892578125
-65385 2527.162109375
-65375 2522.610107421875
-65365 2519.139892578125
-65355 2515.569091796875
-65345 2511.218017578125
-65335 2505.35693359375
-65325 2500.340087890625
-65315 2494.8369140625
-65305 2489.126953125
-65295 2483.98095703125
-65285 2478.822021484375
-65275 2473.876953125
-65265 2468.781982421875
-65255 2462.821044921875
-65245 2455.028076171875
-65235 2450.18994140625
-65225 2445.632080078125
-65215 2442.662109375
-65205 2440.593994140625
-65195 2437.652099609375
-65185 2435.964111328125
-65175 2432.1279296875
-65165 2427.8701171875
-65155 2423.362060546875
-65145 2416.698974609375
-65135 2412.7919921875
-65125 2409.492919921875
-65115 2407.31689453125
-65105 2402.15087890625
-65095 2399.48095703125
-65085 2396.068115234375
-65075 2391.302001953125
-65065 2386.90087890625
-65055 2383.708984375
-65045 2381.291015625
-65035 2378.89306640625
-65025 2375.958984375
-65015 2373.218017578125
-65005 2370.35302734375
-64995 2366.116943359375
-64985 2363.2080078125
-64975 2359.93603515625
-64965 2355.385009765625
-64955 2352.81103515625
-64945 2348.259033203125
-64935 2342.60302734375
-64925 2338.573974609375
-64915 2336.131103515625
-64905 2335.070068359375
-64895 2334.2119140625
-64885 2332.205078125
-64875 2329.805908203125
-64865 2324.031982421875
-64855 2318.157958984375
-64845 2310.843017578125
-64835 2309.635986328125
-64825 2308.8359375
-64815 2307.77490234375
-64805 2306.68408203125
-64795 2305.345947265625
-64785 2304.0810546875
-64775 2302.844970703125
-64765 2302.553955078125
-64755 2302.49609375
-64745 2302.451904296875
-64735 2302.97607421875
-64725 2304.343017578125
-64715 2305.405029296875
-64705 2306.116943359375
-64695 2305.986083984375
-64685 2306.843994140625
-64675 2306.873046875
-64665 2308.8359375
-64655 2310.0869140625
-64645 2312.821044921875
-64635 2317.531982421875
-64625 2321.385986328125
-64615 2320.819091796875
-64605 2319.248046875
-64595 2317.677978515625
-64585 2314.580078125
-64575 2315.844970703125
-64565 2317.009033203125
-64555 2316.674072265625
-64545 2318.4189453125
-64535 2321.444091796875
-64525 2318.535888671875
-64515 2316.54296875
-64505 2314.303955078125
-64495 2312.2099609375
-64485 2312.8349609375
-64475 2307.818115234375
-64465 2303.702880859375
-64455 2301.696044921875
-64445 2299.0791015625
-64435 2296.053955078125
-64425 2295.26904296875
-64415 2292.27294921875
-64405 2287.095947265625
-64395 2282.87890625
-64385 2281.83203125
-64375 2286.238037109375
-64365 2294.7451171875
-64355 2307.426025390625
-64345 2313.0830078125
-64335 2318.302978515625
-64325 2311.555908203125
-64315 2306.18994140625
-64305 2305.47705078125
-64295 2304.634033203125
-64285 2309.43310546875
-64275 2311.20703125
-64265 2307.948974609375
-64255 2304.009033203125
-64245 2299.2099609375
-64235 2294.48388671875
-64225 2290.4560546875
-64215 2282.93701171875
-64205 2277.1640625
-64195 2271.56591796875
-64185 2264.701904296875
-64175 2261.094970703125
-64165 2262.27294921875
-64155 2265.428955078125
-64145 2268.35205078125
-64135 2270.343994140625
-64125 2280
-64115 2299.9951171875
-64105 2323.175048828125
-64095 2331.12890625
-64085 2318.739013671875
-64075 2340.784912109375
-64065 2373.6201171875
-64055 2384.264892578125
-64045 2393.717041015625
-64035 2406.615966796875
-64025 2413.52294921875
-64015 2416.76611328125
-64005 2423.178955078125
-63995 2432.55810546875
-63985 2439.712890625
-63975 2449.033935546875
-63965 2459.18408203125
-63955 2466.323974609375
-63945 2467.22607421875
-63935 2468.738037109375
-63925 2475.8779296875
-63915 2489.402099609375
-63905 2493.31396484375
-63895 2507.200927734375
-63885 2514.25390625
-63875 2530.047119140625
-63865 2540.037109375
-63855 2539.949951171875
-63845 2544.85009765625
-63835 2546.464111328125
-63825 2546.654052734375
-63815 2545.985107421875
-63805 2543.221923828125
-63795 2541.666015625
-63785 2542.784912109375
-63775 2545.533935546875
-63765 2546.610107421875
-63755 2544.806884765625
-63745 2540.79296875
-63735 2538.97509765625
-63725 2537.361083984375
-63715 2534.2060546875
-63705 2534.074951171875
-63695 2532.446044921875
-63685 2527.864990234375
-63675 2522.89208984375
-63665 2520.987060546875
-63655 2507.8701171875
-63645 2495.407958984375
-63635 2482.596923828125
-63625 2479.10693359375
-63615 2482.39306640625
-63605 2487.1630859375
-63595 2491.597900390625
-63585 2495.43701171875
-63575 2497.342041015625
-63565 2501.487060546875
-63555 2506.256103515625
-63545 2512.23291015625
-63535 2520.303955078125
-63525 2516.202880859375
-63515 2507.114013671875
-63505 2501.55908203125
-63495 2493.31396484375
-63485 2484.967041015625
-63475 2477.362060546875
-63465 2472.985107421875
-63455 2466.426025390625
-63445 2459.98388671875
-63435 2454.98193359375
-63425 2452.132080078125
-63415 2453.135009765625
-63405 2450.822998046875
-63395 2445.35498046875
-63385 2447.12890625
-63375 2447.055908203125
-63365 2441.487060546875
-63355 2438.43310546875
-63345 2433.052978515625
-63335 2429.6650390625
-63325 2423.8330078125
-63315 2416.678955078125
-63305 2407.327880859375
-63295 2397.962890625
-63285 2389.15087890625
-63275 2381.4150390625
-63265 2376.179931640625
-63255 2371.10400390625
-63245 2365.76806640625
-63235 2360.7939453125
-63225 2354.075927734375
-63215 2349.073974609375
-63205 2343.576904296875
-63195 2336.261962890625
-63185 2332.467041015625
-63175 2326.592041015625
-63165 2319.6259765625
-63155 2312.385009765625
-63145 2295.7490234375
-63135 2286.73291015625
-63125 2277.803955078125
-63115 2268.381103515625
-63105 2249.549072265625
-63095 2240.446044921875
-63085 2231.7939453125
-63075 2222.89404296875
-63065 2213.9951171875
-63055 2205.79296875
-63045 2198.114990234375
-63035 2190.466064453125
-63025 2183.06396484375
-63015 2175.37109375
-63005 2168.217041015625
-62995 2160.946044921875
-62985 2154.197998046875
-62975 2147.595947265625
-62965 2140.73291015625
-62955 2133.31591796875
-62945 2126.35107421875
-62935 2118.846923828125
-62925 2111.6201171875
-62915 2104.97412109375
-62905 2098.4599609375
-62895 2092.614013671875
-62885 2087.43701171875
-62875 2082.18701171875
-62865 2076.99609375
-62855 2069.739990234375
-62845 2064.214111328125
-62835 2062.280029296875
-62825 2062.657958984375
-62815 2066.72900390625
-62805 2072.0810546875
-62795 2069.885009765625
-62785 2061.989013671875
-62775 2060.840087890625
-62765 2056.52099609375
-62755 2049.7451171875
-62745 2038.1259765625
-62735 2032.948974609375
-62725 2015.68798828125
-62715 2007.136962890625
-62705 2001.4949951171875
-62695 1998.8330078125
-62685 1991.2430419921875
-62675 1987.0550537109375
-62665 1983.9720458984375
-62655 1977.136962890625
-62645 1968.35400390625
-62635 1961.51904296875
-62625 1954.3499755859375
-62615 1946.5849609375
-62605 1940.4189453125
-62595 1936.9139404296875
-62585 1934.7330322265625
-62575 1930.35595703125
-62565 1926.458984375
-62555 1923.2010498046875
-62545 1920.7440185546875
-62535 1917.2969970703125
-62525 1913.1240234375
-62515 1908.324951171875
-62505 1904.18798828125
-62495 1902.385986328125
-62485 1904.387939453125
-62475 1905.095947265625
-62465 1907.4659423828125
-62455 1907.0350341796875
-62445 1906.697021484375
-62435 1908.467041015625
-62425 1908.14404296875
-62415 1907.4659423828125
-62405 1908.635986328125
-62395 1909.4219970703125
-62385 1911.0989990234375
-62375 1911.5770263671875
-62365 1910.3299560546875
-62355 1908.281982421875
-62345 1903.4949951171875
-62335 1899.52294921875
-62325 1894.5660400390625
-62315 1892.5340576171875
-62305 1895.012939453125
-62295 1895.489990234375
-62285 1905.989013671875
-62275 1909.791015625
-62265 1914.4859619140625
-62255 1918.0419921875
-62245 1924.0460205078125
-62235 1930.18798828125
-62225 1936.2230224609375
-62215 1942.9189453125
-62205 1947.2139892578125
-62195 1949.8160400390625
-62185 1952.093994140625
-62175 1953.77197265625
-62165 1954.5880126953125
-62155 1956.5579833984375
-62145 1961.407958984375
-62135 1967.6729736328125
-62125 1977.218017578125
-62115 1988.6090087890625
-62105 1994.5360107421875
-62095 1998.0770263671875
-62085 2000.06298828125
-62075 2001.7249755859375
-62065 2002.324951171875
-62055 2000.5240478515625
-62045 2000.0780029296875
-62035 1998.446044921875
-62025 2000.6629638671875
-62015 2002.3409423828125
-62005 2005.865966796875
-61995 2009.43798828125
-61985 2011.823974609375
-61975 2012.0849609375
-61965 2011.2540283203125
-61955 2008.0830078125
-61945 2006.89697265625
-61935 2006.4659423828125
-61925 2009.4530029296875
-61915 2013.3170166015625
-61905 2017.98095703125
-61895 2023.8470458984375
-61885 2030.9119873046875
-61875 2036.5780029296875
-61865 2037.8709716796875
-61855 2037.1619873046875
-61845 2040.0570068359375
-61835 2043.2740478515625
-61825 2046.7840576171875
-61815 2050.908935546875
-61805 2055.43505859375
-61795 2060.008056640625
-61785 2065.56494140625
-61775 2071.153076171875
-61765 2076.756103515625
-61755 2082.56005859375
-61745 2088.593994140625
-61735 2094.675048828125
-61725 2101.447998046875
-61715 2108.114013671875
-61705 2114.409912109375
-61695 2121.18408203125
-61685 2127.8798828125
-61675 2134.485107421875
-61665 2140.51904296875
-61655 2146.384033203125
-61645 2153.7119140625
-61635 2161.885986328125
-61625 2169.906005859375
-61615 2176.294921875
-61605 2183.715087890625
-61595 2190.196044921875
-61585 2195.89208984375
-61575 2201.06396484375
-61565 2207.48388671875
-61555 2213.364013671875
-61545 2218.537109375
-61535 2224.493896484375
-61525 2231.114013671875
-61515 2238.041015625
-61505 2245.0458984375
-61495 2254.635986328125
-61485 2262.580078125
-61475 2273.139892578125
-61465 2289.76611328125
-61455 2300.2490234375
-61445 2313.427001953125
-61435 2320.693115234375
-61425 2327.865966796875
-61415 2336.318115234375
-61405 2344.030029296875
-61395 2353.327880859375
-61385 2368.98388671875
-61375 2374.1259765625
-61365 2369.876953125
-61355 2381.654052734375
-61345 2388.904052734375
-61335 2381.48388671875
-61325 2365.58203125
-61315 2364.242919921875
-61305 2352.943115234375
-61295 2344.722900390625
-61285 2329.97509765625
-61275 2317.212890625
-61265 2307.052978515625
-61255 2296.29296875
-61245 2288.673095703125
-61235 2282.5
-61225 2276.404052734375
-61215 2270.368896484375
-61205 2265.166015625
-61195 2261.10205078125
-61185 2259.27001953125
-61175 2258.14599609375
-61165 2257.760986328125
-61155 2258.97705078125
-61145 2260.455078125
-61135 2260.39404296875
-61125 2257.929931640625
-61115 2254.928955078125
-61105 2254.158935546875
-61095 2251.64990234375
-61085 2250.294921875
-61075 2249.18701171875
-61065 2246.677001953125
-61055 2239.50390625
-61045 2233.160888671875
-61035 2229.681884765625
-61025 2231.375
-61015 2233.485107421875
-61005 2234.7470703125
-60995 2234.346923828125
-60985 2231.006103515625
-60975 2223.632080078125
-60965 2219.721923828125
-60955 2217.135986328125
-60945 2209.699951171875
-60935 2202.173095703125
-60925 2195.923095703125
-60915 2193.7060546875
-60905 2183.007080078125
-60895 2179.89697265625
-60885 2176.864990234375
-60875 2172.615966796875
-60865 2168.243896484375
-60855 2163.672119140625
-60845 2160.02294921875
-60835 2153.49609375
-60825 2147.261962890625
-60815 2141.365966796875
-60805 2135.284912109375
-60795 2129.26611328125
-60785 2123.969970703125
-60775 2112.7939453125
-60765 2099.77099609375
-60755 2090.257080078125
-60745 2088.91796875
-60735 2086.73193359375
-60725 2085.51611328125
-60715 2088.56396484375
-60705 2089.1640625
-60695 2090.319091796875
-60685 2091.673095703125
-60675 2090.702880859375
-60665 2083.822021484375
-60655 2076.31005859375
-60645 2068.81298828125
-60635 2061.593017578125
-60625 2055.00390625
-60615 2050.23193359375
-60605 2046.1829833984375
-60595 2035.376953125
-60585 2027.541015625
-60575 2019.5050048828125
-60565 2013.0400390625
-60555 2002.6180419921875
-60545 1994.52099609375
-60535 1986.9010009765625
-60525 1981.31201171875
-60515 1977.5560302734375
-60505 1974.7239990234375
-60495 1971.3990478515625
-60485 1967.4420166015625
-60475 1963.3470458984375
-60465 1961.7769775390625
-60455 1966.488037109375
-60445 1965.7640380859375
-60435 1967.81201171875
-60425 1969.365966796875
-60415 1971.291015625
-60405 1969.781982421875
-60395 1964.85595703125
-60385 1961.2230224609375
-60375 1958.60595703125
-60365 1956.7430419921875
-60355 1957.1739501953125
-60345 1954.634033203125
-60335 1954.4959716796875
-60325 1955.373046875
-60315 1955.8809814453125
-60305 1957.60498046875
-60295 1956.865966796875
-60285 1958.7750244140625
-60275 1961.592041015625
-60265 1968.657958984375
-60255 1971.1519775390625
-60245 1971.4449462890625
-60235 1972.5069580078125
-60225 1974.4930419921875
-60215 1976.509033203125
-60205 1976.8790283203125
-60195 1980.2039794921875
-60185 1985.0689697265625
-60175 1999.385009765625
-60165 2002.5870361328125
-60155 2004.06494140625
-60145 2008.0059814453125
-60135 2010.654052734375
-60125 2011.593017578125
-60115 2017.5660400390625
-60105 2022.64599609375
-60095 2023.0770263671875
-60085 2020.1519775390625
-60075 2021.10595703125
-60065 2021.81396484375
-60055 2026.9560546875
-60045 2026.031982421875
-60035 2024.6009521484375
-60025 2022.1529541015625
-60015 2021.676025390625
-60005 2023.6280517578125
-59995 2029.156005859375
-59985 2034.364990234375
-59975 2040.8759765625
-59965 2047.79296875
-59955 2055.7939453125
-59945 2064.404052734375
-59935 2074.489013671875
-59925 2083.50390625
-59915 2090.883056640625
-59905 2096.281005859375
-59895 2092.75
-59885 2092.301025390625
-59875 2087.946044921875
-59865 2081.202880859375
-59855 2076.876953125
-59845 2070.552978515625
-59835 2050.22412109375
-59825 2041.4110107421875
-59815 2031.615966796875
-59805 2023.468994140625
-59795 2015.886962890625
-59785 2008.3480224609375
-59775 2000.751953125
-59765 1993.8060302734375
-59755 1987.1209716796875
-59745 1980.927978515625
-59735 1975.8060302734375
-59725 1970.81396484375
-59715 1965.967041015625
-59705 1960.9169921875
-59695 1956.2430419921875
-59685 1950.990966796875
-59675 1946.6500244140625
-59665 1942.5260009765625
-59655 1941.77294921875
-59645 1935.0159912109375
-59635 1929.98095703125
-59625 1924.873046875
-59615 1920.864990234375
-59605 1917.2330322265625
-59595 1914.9610595703125
-59585 1909.85302734375
-59575 1904.802978515625
-59565 1899.47900390625
-59555 1894.9930419921875
-59545 1890.175048828125
-59535 1883.93798828125
-59525 1879.6409912109375
-59515 1875.416015625
-59505 1870.322021484375
-59495 1865.9229736328125
-59485 1860.4830322265625
-59475 1856.373046875
-59465 1852.885986328125
-59455 1847.634033203125
-59445 1843.885986328125
-59435 1839.0970458984375
-59425 1835.884033203125
-59415 1833.178955078125
-59405 1827.9549560546875
-59395 1824.2220458984375
-59385 1820.60400390625
-59375 1816.7840576171875
-59365 1812.2550048828125
-59355 1804.4129638671875
-59345 1797.4959716796875
-59335 1790.9129638671875
-59325 1784.416015625
-59315 1778.281005859375
-59305 1772.376953125
-59295 1764.404052734375
-59285 1754.115966796875
-59275 1745.824951171875
-59265 1738.822021484375
-59255 1733.9019775390625
-59245 1727.405029296875
-59235 1720.89404296875
-59225 1713.97705078125
-59215 1706.1929931640625
-59205 1699.6669921875
-59195 1690.8260498046875
-59185 1681.5360107421875
-59175 1670.134033203125
-59165 1659.3690185546875
-59155 1650.845947265625
-59145 1643.14794921875
-59135 1635.1319580078125
-59125 1627.7960205078125
-59115 1621.7330322265625
-59105 1613.9630126953125
-59095 1612.64599609375
-59085 1613.2249755859375
-59075 1614.4549560546875
-59065 1615.9449462890625
-59055 1617.4940185546875
-59045 1617.884033203125
-59035 1619.592041015625
-59025 1620.31494140625
-59015 1623.31103515625
-59005 1625.5240478515625
-58995 1628.7950439453125
-58985 1628.52001953125
-58975 1630.8060302734375
-58965 1631.9630126953125
-58955 1634.81396484375
-58945 1636.2459716796875
-58935 1639.5159912109375
-58925 1641.571044921875
-58915 1644.7110595703125
-58905 1647.0989990234375
-58895 1647.60498046875
-58885 1650.4840087890625
-58875 1652.43798828125
-58865 1654.218017578125
-58855 1655.9539794921875
-58845 1656.8509521484375
-58835 1658.3699951171875
-58825 1660.3089599609375
-58815 1662.6390380859375
-58805 1665.27294921875
-58795 1669.9749755859375
-58785 1674.0699462890625
-58775 1679.655029296875
-58765 1703.791015625
-58755 1718.14501953125
-58745 1718.7960205078125
-58735 1731.2540283203125
-58725 1743.843017578125
-58715 1755.9539794921875
-58705 1760.39599609375
-58695 1766.3289794921875
-58685 1771.81298828125
-58675 1776.64599609375
-58665 1788.365966796875
-58655 1796.238037109375
-58645 1803.616943359375
-58635 1810.6490478515625
-58625 1824.5550537109375
-58615 1833.656005859375
-58605 1837.822998046875
-58595 1845.824951171875
-58585 1874.22900390625
-58575 1878.06298828125
-58565 1874.4320068359375
-58555 1879.20703125
-58545 1884.5169677734375
-58535 1887.02001953125
-58525 1886.1669921875
-58515 1883.6199951171875
-58505 1883.7650146484375
-58495 1888.06201171875
-58485 1889.7259521484375
-58475 1892.634033203125
-58465 1895.239013671875
-58455 1899.0159912109375
-58445 1904.54296875
-58435 1912.0240478515625
-58425 1916.5240478515625
-58415 1919.114013671875
-58405 1919.3170166015625
-58395 1921.8919677734375
-58385 1924.9739990234375
-58375 1926.5369873046875
-58365 1927.968994140625
-58355 1929.198974609375
-58345 1932.324951171875
-58335 1935.696044921875
-58325 1938.9659423828125
-58315 1942.1929931640625
-58305 1947.8800048828125
-58295 1951.2509765625
-58285 1956.3590087890625
-58275 1961.6689453125
-58265 1967.1240234375
-58255 1973.071044921875
-58245 1980.001953125
-58235 1988.5970458984375
-58225 1997.43798828125
-58215 2005.7440185546875
-58205 2015.4820556640625
-58195 2024.741943359375
-58185 2037.677978515625
-58175 2045.3330078125
-58165 2049.22509765625
-58155 2051.033935546875
-58145 2054.24609375
-58135 2052.596923828125
-58125 2058.717041015625
-58115 2065.214111328125
-58105 2069.4970703125
-58095 2072.652099609375
-58085 2076.22607421875
-58075 2081.27490234375
-58065 2084.472900390625
-58055 2088.075927734375
-58045 2091.823974609375
-58035 2096.4541015625
-58025 2102.8349609375
-58015 2108.492919921875
-58005 2113.4560546875
-57995 2117.159912109375
-57985 2119.924072265625
-57975 2123.8310546875
-57965 2126.27587890625
-57955 2129.212890625
-57945 2132.208984375
-57935 2135.985107421875
-57925 2142.1201171875
-57915 2148.27001953125
-57905 2153.970947265625
-57895 2158.196044921875
-57885 2161.423095703125
-57875 2163.72412109375
-57865 2168.989990234375
-57855 2174.575927734375
-57845 2180.594970703125
-57835 2186.340087890625
-57825 2192.6201171875
-57815 2199.303955078125
-57805 2206.1201171875
-57795 2213.4560546875
-57785 2221.31298828125
-57775 2230.487060546875
-57765 2240.10888671875
-57755 2248.573974609375
-57745 2259.222900390625
-57735 2264.447021484375
-57725 2265.677001953125
-57715 2268.512939453125
-57705 2273.533935546875
-57695 2281.550048828125
-57685 2290.05810546875
-57675 2296.583984375
-57665 2303.471923828125
-57655 2313.297119140625
-57645 2320.64697265625
-57635 2319.287109375
-57625 2313.904052734375
-57615 2307.783935546875
-57605 2300.76611328125
-57595 2293.632080078125
-57585 2286.93310546875
-57575 2279.639892578125
-57565 2271.782958984375
-57555 2264.012939453125
-57545 2257.7041015625
-57535 2250.455078125
-57525 2240.97705078125
-57515 2230.964111328125
-57505 2220.3759765625
-57495 2211.5380859375
-57485 2204.22705078125
-57475 2197.452880859375
-57465 2190.43310546875
-57455 2183.136962890625
-57445 2175.947998046875
-57435 2169.787109375
-57425 2161.678955078125
-57415 2154.444091796875
-57405 2147.133056640625
-57395 2140.327880859375
-57385 2132.787109375
-57375 2126.10400390625
-57365 2119.2529296875
-57355 2113.305908203125
-57345 2103.695068359375
-57335 2094.743896484375
-57325 2086.820068359375
-57315 2081.669921875
-57305 2075.631103515625
-57295 2063.64501953125
-57285 2053.8359375
-57275 2043.16796875
-57265 2033.052001953125
-57255 2025.0050048828125
-57245 2016.697998046875
-57235 2007.7159423828125
-57225 1998.9329833984375
-57215 1995.2850341796875
-57205 1987.66796875
-57195 1979.9429931640625
-57185 1973.842041015625
-57175 1968.1710205078125
-57165 1962.071044921875
-57155 1956.4150390625
-57145 1949.0579833984375
-57135 1942.467041015625
-57125 1938.8809814453125
-57115 1934.0830078125
-57105 1927.6920166015625
-57095 1923.967041015625
-57085 1918.60302734375
-57075 1915.2149658203125
-57065 1910.6939697265625
-57055 1904.5479736328125
-57045 1897.8800048828125
-57035 1891.4119873046875
-57025 1885.25
-57015 1879.196044921875
-57005 1873.01904296875
-56995 1867.1490478515625
-56985 1863.7459716796875
-56975 1858.3050537109375
-56965 1852.89501953125
-56955 1845.905029296875
-56945 1841.4599609375
-56935 1835.5439453125
-56925 1830.3480224609375
-56915 1826.68505859375
-56905 1820.032958984375
-56895 1815.5419921875
-56885 1809.779052734375
-56875 1804.905029296875
-56865 1799.64697265625
-56855 1795.385986328125
-56845 1792.35205078125
-56835 1788.9339599609375
-56825 1785.3470458984375
-56815 1783.8759765625
-56805 1781.883056640625
-56795 1781.14697265625
-56785 1779.0469970703125
-56775 1777.345947265625
-56765 1774.0970458984375
-56755 1769.406982421875
-56745 1763.383056640625
-56735 1758.0030517578125
-56725 1751.4580078125
-56715 1744.116943359375
-56705 1738.199951171875
-56695 1733.112060546875
-56685 1728.375
-56675 1725.3409423828125
-56665 1720.2060546875
-56655 1715.2550048828125
-56645 1710.303955078125
-56635 1703.2230224609375
-56625 1697.52099609375
-56615 1693.8580322265625
-56605 1690.3330078125
-56595 1690.302001953125
-56585 1688.800048828125
-56575 1685.657958984375
-56565 1683.72705078125
-56555 1679.77197265625
-56545 1684.5550537109375
-56535 1683.2669677734375
-56525 1674.5460205078125
-56515 1656.3370361328125
-56505 1648.551025390625
-56495 1643.81494140625
-56485 1642.113037109375
-56475 1658.7740478515625
-56465 1665.532958984375
-56455 1664.4449462890625
-56445 1660.1529541015625
-56435 1646.6500244140625
-56425 1636.718017578125
-56415 1626.93896484375
-56405 1618.2490234375
-56395 1607.3050537109375
-56385 1598.7679443359375
-56375 1589.83203125
-56365 1580.666015625
-56355 1571.760986328125
-56345 1563.8370361328125
-56335 1555.7900390625
-56325 1545.136962890625
-56315 1536.508056640625
-56305 1529.166015625
-56295 1522.345947265625
-56285 1515.616943359375
-56275 1509.7769775390625
-56265 1504.39697265625
-56255 1499.81396484375
-56245 1494.8790283203125
-56235 1488.656005859375
-56225 1483.81298828125
-56215 1478.7239990234375
-56205 1473.3590087890625
-56195 1467.842041015625
-56185 1461.8179931640625
-56175 1455.947998046875
-56165 1450.4759521484375
-56155 1444.512939453125
-56145 1438.0760498046875
-56135 1434.0140380859375
-56125 1434.197998046875
-56115 1433.156005859375
-56105 1432.4659423828125
-56095 1431.5469970703125
-56085 1429.52294921875
-56075 1425.738037109375
-56065 1423.637939453125
-56055 1423.0550537109375
-56045 1425.64599609375
-56035 1425.614990234375
-56025 1425.093994140625
-56015 1424.8489990234375
-56005 1425.508056640625
-55995 1433.8299560546875
-55985 1441.324951171875
-55975 1447.2259521484375
-55965 1452.0550537109375
-55955 1456.177978515625
-55945 1457.572021484375
-55935 1463.074951171875
-55925 1468.623046875
-55915 1475.887939453125
-55905 1483.905029296875
-55895 1491.446044921875
-55885 1498.3740234375
-55875 1504.5660400390625
-55865 1508.6429443359375
-55855 1513.1650390625
-55845 1521.594970703125
-55835 1531.925048828125
-55825 1539.9410400390625
-55815 1541.7349853515625
-55805 1545.9339599609375
-55795 1554.2569580078125
-55785 1558.1810302734375
-55775 1563.2540283203125
-55765 1566.2430419921875
-55755 1569.906005859375
-55745 1575.9610595703125
-55735 1581.739013671875
-55725 1586.6280517578125
-55715 1591.5179443359375
-55705 1593.095947265625
-55695 1595.488037109375
-55685 1597.8170166015625
-55675 1601.1429443359375
-55665 1604.5
-55655 1608.7919921875
-55645 1612.2249755859375
-55635 1616.885009765625
-55625 1621.989013671875
-55615 1627.5830078125
-55605 1632.135009765625
-55595 1637.0550537109375
-55585 1642.2969970703125
-55575 1649.3170166015625
-55565 1656.322021484375
-55555 1663.7860107421875
-55545 1673.3499755859375
-55535 1681.657958984375
-55525 1689.9649658203125
-55515 1696.8929443359375
-55505 1707.637939453125
-55495 1722.948974609375
-55485 1731.10400390625
-55475 1738.7979736328125
-55465 1745.9859619140625
-55455 1755.7349853515625
-55445 1766.3719482421875
-55435 1789.760986328125
-55425 1798.31396484375
-55415 1802.865966796875
-55405 1806.6829833984375
-55395 1810.927978515625
-55385 1819.31201171875
-55375 1822.9449462890625
-55365 1831.3900146484375
-55355 1833.843017578125
-55345 1835.176025390625
-55335 1836.2340087890625
-55325 1841.260986328125
-55315 1845.4610595703125
-55305 1847.9739990234375
-55295 1849.676025390625
-55285 1851.9599609375
-55275 1850.10498046875
-55265 1846.656005859375
-55255 1846.04296875
-55245 1850.012939453125
-55235 1854.595947265625
-55225 1853.35400390625
-55215 1857.06298828125
-55205 1861.845947265625
-55195 1864.77294921875
-55185 1867.8690185546875
-55175 1872.2220458984375
-55165 1877.9549560546875
-55155 1881.0660400390625
-55145 1883.3189697265625
-55135 1885.8330078125
-55125 1890.8599853515625
-55115 1891.029052734375
-55105 1894.35498046875
-55095 1897.2669677734375
-55085 1900.884033203125
-55075 1904.1490478515625
-55065 1908.1650390625
-55055 1912.0889892578125
-55045 1916.303955078125
-55035 1920.5340576171875
-55025 1924.39599609375
-55015 1927.614990234375
-55005 1930.8060302734375
-54995 1933.387939453125
-54985 1935.199951171875
-54975 1938.2900390625
-54965 1939.998046875
-54955 1940.9189453125
-54945 1942.1199951171875
-54935 1943.77099609375
-54925 1944.93994140625
-54915 1947.529052734375
-54905 1947.66796875
-54895 1949.050048828125
-54885 1948.6500244140625
-54875 1948.781005859375
-54865 1947.572021484375
-54855 1945.1309814453125
-54845 1945.469970703125
-54835 1946.3399658203125
-54825 1948.248046875
-54815 1949.5379638671875
-54805 1949.7989501953125
-54795 1947.760009765625
-54785 1947.06201171875
-54775 1944.6500244140625
-54765 1943.6300048828125
-54755 1942.3890380859375
-54745 1940.9510498046875
-54735 1940.5889892578125
-54725 1939.48095703125
-54715 1938.6519775390625
-54705 1936.5009765625
-54695 1934.1910400390625
-54685 1931.0400390625
-54675 1927.260009765625
-54665 1921.6300048828125
-54655 1916.998046875
-54645 1910.8690185546875
-54635 1904.1409912109375
-54625 1900.699951171875
-54615 1898.9090576171875
-54605 1895.6700439453125
-54595 1891.092041015625
-54585 1885.9100341796875
-54575 1879.9000244140625
-54565 1874.5400390625
-54555 1868.1209716796875
-54545 1862.6309814453125
-54535 1856.719970703125
-54525 1849.177978515625
-54515 1842.0379638671875
-54505 1833.958984375
-54495 1829.1610107421875
-54485 1826.010009765625
-54475 1818.1209716796875
-54465 1811.677978515625
-54455 1804.9110107421875
-54445 1800.780029296875
-54435 1794.4610595703125
-54425 1787.9410400390625
-54415 1780.5
-54405 1772.739990234375
-54395 1764.6400146484375
-54385 1753.3890380859375
-54375 1746.8900146484375
-54365 1737.4620361328125
-54355 1724.22900390625
-54345 1714.3179931640625
-54335 1706.6590576171875
-54325 1701.5689697265625
-54315 1697.4090576171875
-54305 1691.6689453125
-54295 1686.302001953125
-54285 1680.6319580078125
-54275 1676.029052734375
-54265 1671.5589599609375
-54255 1664.470947265625
-54245 1658.678955078125
-54235 1652.551025390625
-54225 1646.3609619140625
-54215 1641.2509765625
-54205 1639.3900146484375
-54195 1628.43994140625
-54185 1618.8800048828125
-54175 1607.739990234375
-54165 1597.8310546875
-54155 1585.5400390625
-54145 1579.1099853515625
-54135 1568.1700439453125
-54125 1556.802001953125
-54115 1547.8819580078125
-54105 1539.5980224609375
-54095 1531.5999755859375
-54085 1523.9300537109375
-54075 1516.760009765625
-54065 1511.531005859375
-54055 1506.6400146484375
-54045 1502.387939453125
-54035 1497.9000244140625
-54025 1492.22802734375
-54015 1487.02001953125
-54005 1481.491943359375
-53995 1475.5880126953125
-53985 1470.8280029296875
-53975 1466.302001953125
-53965 1461.6090087890625
-53955 1457.7679443359375
-53945 1453.969970703125
-53935 1448.758056640625
-53925 1445.3599853515625
-53915 1446.1490478515625
-53905 1446.6099853515625
-53895 1445.8680419921875
-53885 1445.3599853515625
-53875 1445.52001953125
-53865 1447.0909423828125
-53855 1449.052978515625
-53845 1451.137939453125
-53835 1453.8890380859375
-53825 1456.79296875
-53815 1460.0670166015625
-53805 1464.3890380859375
-53795 1467.2989501953125
-53785 1472.4100341796875
-53775 1477.9229736328125
-53765 1483.1190185546875
-53755 1488.8089599609375
-53745 1493.1290283203125
-53735 1498.9200439453125
-53725 1505.637939453125
-53715 1513.6590576171875
-53705 1520.1109619140625
-53695 1523.9410400390625
-53685 1530.677978515625
-53675 1537.3709716796875
-53665 1546.6009521484375
-53655 1557.5799560546875
-53645 1566.240966796875
-53635 1576.8089599609375
-53625 1586.5400390625
-53615 1594.22998046875
-53605 1601.281005859375
-53595 1608.66796875
-53585 1614.93798828125
-53575 1619.9000244140625
-53565 1624.739013671875
-53555 1627.760009765625
-53545 1629.8499755859375
-53535 1636.0389404296875
-53525 1648.781982421875
-53515 1654.6610107421875
-53505 1661.1490478515625
-53495 1664.1090087890625
-53485 1667.5
-53475 1671.6219482421875
-53465 1673.238037109375
-53455 1674.47900390625
-53445 1682.8790283203125
-53435 1691.291015625
-53425 1699.342041015625
-53415 1707.758056640625
-53405 1717.1610107421875
-53395 1726.27001953125
-53385 1731.887939453125
-53375 1739.8509521484375
-53365 1745.949951171875
-53355 1752.302001953125
-53345 1760.43896484375
-53335 1768.9300537109375
-53325 1773.7099609375
-53315 1778.6910400390625
-53305 1783.300048828125
-53295 1787.89794921875
-53285 1793.72998046875
-53275 1799.10205078125
-53265 1804.030029296875
-53255 1808.8909912109375
-53245 1811.291015625
-53235 1815.720947265625
-53225 1816.2919921875
-53215 1816.260009765625
-53205 1818.8380126953125
-53195 1823.968994140625
-53185 1829.4730224609375
-53175 1834.9090576171875
-53165 1839.6199951171875
-53155 1842.791015625
-53145 1849.458984375
-53135 1853.490966796875
-53125 1857.3199462890625
-53115 1861.8800048828125
-53105 1865.1820068359375
-53095 1868.761962890625
-53085 1873.8680419921875
-53075 1880.4189453125
-53065 1886.27099609375
-53055 1890.1619873046875
-53045 1893.970947265625
-53035 1897.011962890625
-53025 1900.0009765625
-53015 1903.64794921875
-53005 1907.071044921875
-52995 1907.6710205078125
-52985 1908.3409423828125
-52975 1908.60205078125
-52965 1909.8310546875
-52955 1911.7099609375
-52945 1913.199951171875
-52935 1914.4200439453125
-52925 1915.8790283203125
-52915 1916.3709716796875
-52905 1916.9820556640625
-52895 1917.3489990234375
-52885 1916.8199462890625
-52875 1916.072021484375
-52865 1915.041015625
-52855 1913.510009765625
-52845 1913.219970703125
-52835 1912.8489990234375
-52825 1911.780029296875
-52815 1909.89794921875
-52805 1911.3800048828125
-52795 1912
-52785 1911.8310546875
-52775 1911.4599609375
-52765 1910.47802734375
-52755 1908.97900390625
-52745 1905.43994140625
-52735 1901.010009765625
-52725 1898.801025390625
-52715 1896.279052734375
-52705 1893.4520263671875
-52695 1890.5999755859375
-52685 1887.3499755859375
-52675 1884.1500244140625
-52665 1881.3790283203125
-52655 1879.489013671875
-52645 1876.501953125
-52635 1874.6099853515625
-52625 1871.458984375
-52615 1868.25
-52605 1864.3800048828125
-52595 1859.26904296875
-52585 1853.989990234375
-52575 1848.4320068359375
-52565 1843.8590087890625
-52555 1839.0989990234375
-52545 1833.708984375
-52535 1828.76904296875
-52525 1823.9200439453125
-52515 1818.93896484375
-52505 1813.6180419921875
-52495 1807.053955078125
-52485 1800.281005859375
-52475 1793.7490234375
-52465 1788.197998046875
-52455 1782.9639892578125
-52445 1778.6800537109375
-52435 1773.18896484375
-52425 1766.9739990234375
-52415 1761.0150146484375
-52405 1755.7509765625
-52395 1749.7769775390625
-52385 1744.06005859375
-52375 1738.97705078125
-52365 1735.0550537109375
-52355 1730.9820556640625
-52345 1725.612060546875
-52335 1721.553955078125
-52325 1715.8370361328125
-52315 1709.093994140625
-52305 1705.156982421875
-52295 1700.31396484375
-52285 1693.6920166015625
-52275 1688.4429931640625
-52265 1682.16796875
-52255 1675.9830322265625
-52245 1671.803955078125
-52235 1666.1629638671875
-52225 1660.656982421875
-52215 1654.303955078125
-52205 1648.3780517578125
-52195 1643.2769775390625
-52185 1637.637939453125
-52175 1633.125
-52165 1626.7440185546875
-52155 1614.4649658203125
-52145 1605.823974609375
-52135 1597.64794921875
-52125 1590.875
-52115 1579.2430419921875
-52105 1570.237060546875
-52095 1562.2569580078125
-52085 1554.322998046875
-52075 1546.7950439453125
-52065 1540.5350341796875
-52055 1534.0789794921875
-52045 1528.8900146484375
-52035 1522.5389404296875
-52025 1518.345947265625
-52015 1514.5439453125
-52005 1510.093994140625
-51995 1506.1719970703125
-51985 1500.741943359375
-51975 1495.657958984375
-51965 1489.865966796875
-51955 1479.156005859375
-51945 1470.7530517578125
-51935 1461.8079833984375
-51925 1455.925048828125
-51915 1450.0870361328125
-51905 1440.6590576171875
-51895 1434.323974609375
-51885 1427.9580078125
-51875 1421.031982421875
-51865 1413.9739990234375
-51855 1406.822021484375
-51845 1403.56396484375
-51835 1399.6290283203125
-51825 1393.260986328125
-51815 1385.9749755859375
-51805 1378.0579833984375
-51795 1371.7979736328125
-51785 1371.373046875
-51775 1370.875
-51765 1369.7440185546875
-51755 1372.8360595703125
-51745 1380.56201171875
-51735 1383.593994140625
-51725 1386.5810546875
-51715 1391.31494140625
-51705 1396.262939453125
-51695 1402.7669677734375
-51685 1407.4429931640625
-51675 1412.4639892578125
-51665 1418
-51655 1422.875
-51645 1426.842041015625
-51635 1432.3480224609375
-51625 1440.0560302734375
-51615 1447.68896484375
-51605 1453.1500244140625
-51595 1461.18994140625
-51585 1467.405029296875
-51575 1473.0760498046875
-51565 1478.219970703125
-51555 1483.123046875
-51545 1489.18701171875
-51535 1492.8370361328125
-51525 1497.7249755859375
-51515 1502.626953125
-51505 1508.2239990234375
-51495 1513.89599609375
-51485 1520.593017578125
-51475 1529.176025390625
-51465 1535.782958984375
-51455 1542.3909912109375
-51445 1549.1639404296875
-51435 1559.5570068359375
-51425 1569.572998046875
-51415 1580.343994140625
-51405 1589.031982421875
-51395 1594.1910400390625
-51385 1598.490966796875
-51375 1603.6500244140625
-51365 1608.35595703125
-51355 1614.905029296875
-51345 1624.468994140625
-51335 1635.5560302734375
-51325 1641.3160400390625
-51315 1645.5999755859375
-51305 1650.593017578125
-51295 1658.7540283203125
-51285 1666.8570556640625
-51275 1677.4439697265625
-51265 1687.052978515625
-51255 1694.14501953125
-51245 1700.1939697265625
-51235 1708.052978515625
-51225 1716.4849853515625
-51215 1726.18505859375
-51205 1734.8740234375
-51195 1738.916015625
-51185 1745.387939453125
-51175 1752.9449462890625
-51165 1758.8580322265625
-51155 1763.489013671875
-51145 1768.376953125
-51135 1773.3699951171875
-51125 1778.2569580078125
-51115 1783.114013671875
-51105 1787.89599609375
-51095 1791.802978515625
-51085 1795.2430419921875
-51075 1799.073974609375
-51065 1803.41796875
-51055 1806.7969970703125
-51045 1808.56201171875
-51035 1809.60302734375
-51025 1810.20703125
-51015 1811.821044921875
-51005 1813.26904296875
-50995 1814.68701171875
-50985 1815.8929443359375
-50975 1817.9150390625
-50965 1820.47900390625
-50955 1821.35400390625
-50945 1821.052001953125
-50935 1819.9959716796875
-50925 1818.156005859375
-50915 1815.7120361328125
-50905 1812.0469970703125
-50895 1806.072998046875
-50885 1799.4659423828125
-50875 1792.10498046875
-50865 1784.66796875
-50855 1779.1920166015625
-50845 1773.717041015625
-50835 1765.9029541015625
-50825 1757.425048828125
-50815 1748.343994140625
-50805 1739.7459716796875
-50795 1733.0030517578125
-50785 1725.595947265625
-50775 1719.321044921875
-50765 1711.85400390625
-50755 1704.2669677734375
-50745 1696.1209716796875
-50735 1684.9129638671875
-50725 1675.39501953125
-50715 1665.7550048828125
-50705 1656.5689697265625
-50695 1647.8349609375
-50685 1638.3919677734375
-50675 1629.4139404296875
-50665 1621.404052734375
-50655 1613.574951171875
-50645 1606.77197265625
-50635 1598.927978515625
-50625 1590.4659423828125
-50615 1583.0460205078125
-50605 1573.9029541015625
-50595 1566.1939697265625
-50585 1559.43603515625
-50575 1556.3289794921875
-50565 1553.1009521484375
-50555 1548.9219970703125
-50545 1540.988037109375
-50535 1531.6800537109375
-50525 1526.385986328125
-50515 1515.7659912109375
-50505 1507.137939453125
-50495 1490.5140380859375
-50485 1480.634033203125
-50475 1473.407958984375
-50465 1466.845947265625
-50455 1461.114013671875
-50445 1455.637939453125
-50435 1451.0069580078125
-50425 1445.4560546875
-50415 1439.949951171875
-50405 1434.7010498046875
-50395 1429.3759765625
-50385 1424.655029296875
-50375 1420.0240478515625
-50365 1415.0760498046875
-50355 1410.822021484375
-50345 1406.4599609375
-50335 1401.60302734375
-50325 1397.740966796875
-50315 1393.623046875
-50305 1390.5479736328125
-50295 1387.9659423828125
-50285 1385.114990234375
-50275 1382.342041015625
-50265 1377.2110595703125
-50255 1374.1510009765625
-50245 1373.06494140625
-50235 1372.0369873046875
-50225 1372.68798828125
-50215 1375.41796875
-50205 1378.2540283203125
-50195 1381.1199951171875
-50185 1382.718994140625
-50175 1384.9339599609375
-50165 1387.6669921875
-50155 1390.18603515625
-50145 1393.4720458984375
-50135 1396.29296875
-50125 1399.885009765625
-50115 1402.85498046875
-50105 1404.6650390625
-50095 1406.761962890625
-50085 1410.532958984375
-50075 1414.427001953125
-50065 1418.259033203125
-50055 1424.0059814453125
-50045 1431.0350341796875
-50035 1438.45703125
-50025 1444.8079833984375
-50015 1450.8570556640625
-50005 1456.9930419921875
-49995 1463.282958984375
-49985 1469.281982421875
-49975 1473.4530029296875
-49965 1476.06103515625
-49955 1481.072998046875
-49945 1489.93798828125
-49935 1498.7080078125
-49925 1507.4010009765625
-49915 1517.613037109375
-49905 1529.9019775390625
-49895 1540.0970458984375
-49885 1549.7430419921875
-49875 1558.5469970703125
-49865 1568.468017578125
-49855 1577.14404296875
-49845 1585.802001953125
-49835 1595.052978515625
-49825 1603.9439697265625
-49815 1612.85205078125
-49805 1621.22705078125
-49795 1629.5679931640625
-49785 1639.7979736328125
-49775 1658.136962890625
-49765 1668.8719482421875
-49755 1677.1529541015625
-49745 1681.81298828125
-49735 1690.051025390625
-49725 1698.3929443359375
-49715 1704.219970703125
-49705 1710.6820068359375
-49695 1718.1820068359375
-49685 1724.97802734375
-49675 1731.7320556640625
-49665 1739.35302734375
-49655 1745.5059814453125
-49645 1751.1009521484375
-49635 1757.425048828125
-49625 1763.552978515625
-49615 1770.1689453125
-49605 1776.947998046875
-49595 1784.594970703125
-49585 1788.3699951171875
-49575 1797.2099609375
-49565 1806.3580322265625
-49555 1813.8580322265625
-49545 1820.3709716796875
-49535 1829.1669921875
-49525 1837.0279541015625
-49515 1842.8380126953125
-49505 1848.467041015625
-49495 1852.217041015625
-49485 1857.031982421875
-49475 1861.237060546875
-49465 1865.322021484375
-49455 1872.761962890625
-49445 1880.4510498046875
-49435 1886.0030517578125
-49425 1890.114013671875
-49415 1893.219970703125
-49405 1895.3399658203125
-49395 1897.699951171875
-49385 1899.06396484375
-49375 1901.595947265625
-49365 1904.1190185546875
-49355 1906.68505859375
-49345 1909.3709716796875
-49335 1911.2669677734375
-49325 1912.656982421875
-49315 1914.22802734375
-49305 1915.155029296875
-49295 1915.738037109375
-49285 1915.583984375
-49275 1914.3909912109375
-49265 1912.5460205078125
-49255 1908.7530517578125
-49245 1901.0889892578125
-49235 1886.9300537109375
-49225 1874.3580322265625
-49215 1862.43798828125
-49205 1854.31103515625
-49195 1843.97900390625
-49185 1836.5389404296875
-49175 1839.93701171875
-49165 1837.8349609375
-49155 1831.1500244140625
-49145 1822.73095703125
-49135 1819.5989990234375
-49125 1828.6949462890625
-49115 1826.009033203125
-49105 1818.208984375
-49095 1811.4210205078125
-49085 1805.1219482421875
-49075 1798.3170166015625
-49065 1790.8509521484375
-49055 1778.4849853515625
-49045 1775.696044921875
-49035 1767.02001953125
-49025 1753.8470458984375
-49015 1744.3900146484375
-49005 1747.488037109375
-48995 1756.4560546875
-48985 1760.4549560546875
-48975 1754.73095703125
-48965 1745.5999755859375
-48955 1737.0009765625
-48945 1738.5369873046875
-48935 1748.208984375
-48925 1755.237060546875
-48915 1756.25
-48905 1765.5009765625
-48895 1773.3270263671875
-48885 1778.322021484375
-48875 1786.0880126953125
-48865 1793.5799560546875
-48855 1795.990966796875
-48845 1801.8179931640625
-48835 1807.06103515625
-48825 1810.6650390625
-48815 1813.7120361328125
-48805 1817.43603515625
-48795 1821.4100341796875
-48785 1825.9580078125
-48775 1830.0260009765625
-48765 1831.656005859375
-48755 1832.4200439453125
-48745 1836.135986328125
-48735 1840.219970703125
-48725 1844.22802734375
-48715 1849.865966796875
-48705 1852.4150390625
-48695 1858.593994140625
-48685 1863.1669921875
-48675 1868.39404296875
-48665 1873.7740478515625
-48655 1878.52001953125
-48645 1884.0810546875
-48635 1889.135009765625
-48625 1892.946044921875
-48615 1897.9659423828125
-48605 1901.5870361328125
-48595 1904.9859619140625
-48585 1908.5899658203125
-48575 1911.29296875
