-68735 2243.43798828125
-68725 2247.489990234375
-68715 2251.510986328125
-68705 2255.39794921875
-68695 2257.927978515625
-68685 2260.85205078125
-68675 2262.76806640625
-68665 2264.60888671875
-68655 2267.669921875
-68645 2268.3291015625
-68635 2268.114013671875
-68625 2269.527099609375
-68615 2271.069091796875
-68605 2268.23193359375
-68595 2270.118896484375
-68585 2273.876953125
-68575 2277.279052734375
-68565 2282.092041015625
-68555 2287.842041015625
-68545 2294.089111328125
-68535 2299.10107421875
-68525 2304.162109375
-68515 2307.929931640625
-68505 2310.12109375
-68495 2310.1669921875
-68485 2309.64208984375
-68475 2310.260986328125
-68465 2311.552978515625
-68455 2314.923095703125
-68445 2318.05908203125
-68435 2322.58203125
-68425 2325.6279296875
-68415 2328.072998046875
-68405 2330.89404296875
-68395 2333.490966796875
-68385 2337.156982421875
-68375 2342.577880859375
-68365 2345.35107421875
-68355 2346.1689453125
-68345 2347.552978515625
-68335 2348.989990234375
-68325 2350.89892578125
-68315 2353.2919921875
-68305 2355.507080078125
-68295 2357.881103515625
-68285 2362.138916015625
-68275 2365.368896484375
-68265 2369.133056640625
-68255 2372.589111328125
-68245 2377.7890625
-68235 2381.699951171875
-68225 2385.89892578125
-68215 2390.388916015625
-68205 2398.489013671875
-68195 2405.83203125
-68185 2411.408935546875
-68175 2416.2919921875
-68165 2419.89892578125
-68155 2421.656982421875
-68145 2422.798095703125
-68135 2424.84912109375
-68125 2425.73193359375
-68115 2426.760009765625
-68105 2426.097900390625
-68095 2424.907958984375
-68085 2424.2080078125
-68075 2423.718994140625
-68065 2423.427978515625
-68055 2422.89990234375
-68045 2421.327880859375
-68035 2419.618896484375
-68025 2418.10107421875
-68015 2417.530029296875
-68005 2415.468017578125
-67995 2413.702880859375
-67985 2412.10888671875
-67975 2411.049072265625
-67965 2411.139892578125
-67955 2410.591064453125
-67945 2410.860107421875
-67935 2409.008056640625
-67925 2407.720947265625
-67915 2403.049072265625
-67905 2403.7109375
-67895 2402.89794921875
-67885 2402.929931640625
-67875 2401.592041015625
-67865 2398.617919921875
-67855 2394.1201171875
-67845 2390.760986328125
-67835 2387.800048828125
-67825 2383.72998046875
-67815 2385.177978515625
-67805 2382.69091796875
-67795 2379.3798828125
-67785 2375.950927734375
-67775 2373.958984375
-67765 2372.820068359375
-67755 2369.779052734375
-67745 2361.89208984375
-67735 2361.4609375
-67725 2362.6669921875
-67715 2363.387939453125
-67705 2364.4970703125
-67695 2364.85302734375
-67685 2363.631103515625
-67675 2363.30810546875
-67665 2362.698974609375
-67655 2361.881103515625
-67645 2362.549072265625
-67635 2363.8779296875
-67625 2365.681884765625
-67615 2365.9189453125
-67605 2367.52294921875
-67595 2369.6708984375
-67585 2371.35107421875
-67575 2374.112060546875
-67565 2377.509033203125
-67555 2379.488037109375
-67545 2382.200927734375
-67535 2385.302001953125
-67525 2390.80908203125
-67515 2394.72900390625
-67505 2398.375
-67495 2400.97705078125
-67485 2403.43896484375
-67475 2406.572998046875
-67465 2412.341064453125
-67455 2419.160888671875
-67445 2424.4560546875
-67435 2428.800048828125
-67425 2432.198974609375
-67415 2436.678955078125
-67405 2440.25
-67395 2442.48291015625
-67385 2445.681884765625
-67375 2449.632080078125
-67365 2453.153076171875
-67355 2453.1669921875
-67345 2454.597900390625
-67335 2458.56298828125
-67325 2463.47900390625
-67315 2469.26806640625
-67305 2475.472900390625
-67295 2481.826904296875
-67285 2488.410888671875
-67275 2498.35791015625
-67265 2513.492919921875
-67255 2522.739013671875
-67245 2536.14306640625
-67235 2546.718994140625
-67225 2560.322998046875
-67215 2570.177001953125
-67205 2579.330078125
-67195 2585.669921875
-67185 2592.962890625
-67175 2599.7900390625
-67165 2596.282958984375
-67155 2590.636962890625
-67145 2584.611083984375
-67135 2578.9580078125
-67125 2573.662109375
-67115 2568.201904296875
-67105 2562.94189453125
-67095 2557.617919921875
-67085 2553.452880859375
-67075 2549.33203125
-67065 2545.02294921875
-67055 2540.199951171875
-67045 2535.011962890625
-67035 2530.260009765625
-67025 2526.239013671875
-67015 2520.87890625
-67005 2516.5419921875
-66995 2512.39794921875
-66985 2509.10693359375
-66975 2507.010009765625
-66965 2507.281982421875
-66955 2510.472900390625
-66945 2515.01806640625
-66935 2520.198974609375
-66925 2524.8291015625
-66915 2528.45703125
-66905 2532.199951171875
-66895 2536.572021484375
-66885 2541.882080078125
-66875 2546.6259765625
-66865 2551.241943359375
-66855 2557.968994140625
-66845 2565.81201171875
-66835 2572.93994140625
-66825 2578.779052734375
-66815 2584.912109375
-66805 2590.056884765625
-66795 2596.362060546875
-66785 2602.802001953125
-66775 2607.260009765625
-66765 2613.02099609375
-66755 2619.197021484375
-66745 2624.85107421875
-66735 2627.218994140625
-66725 2628.843994140625
-66715 2633.48095703125
-66705 2631.320068359375
-66695 2631.8779296875
-66685 2630.968994140625
-66675 2629.429931640625
-66665 2623.697998046875
-66655 2620.070068359375
-66645 2617.787109375
-66635 2613.636962890625
-66625 2610.0869140625
-66615 2607.06689453125
-66605 2603.116943359375
-66595 2598.18701171875
-66585 2592.597900390625
-66575 2586.700927734375
-66565 2583.5810546875
-66555 2582.406982421875
-66545 2582.8720703125
-66535 2581.89892578125
-66525 2584.611083984375
-66515 2587.467041015625
-66505 2588.68310546875
-66495 2590.10693359375
-66485 2588.748046875
-66475 2585.677978515625
-66465 2584.18896484375
-66455 2584.617919921875
-66445 2587.337890625
-66435 2590.14306640625
-66425 2587.30908203125
-66415 2585.462890625
-66405 2584.23193359375
-66395 2583.81689453125
-66385 2588.2109375
-66375 2586.65087890625
-66365 2584.93310546875
-66355 2586.801025390625
-66345 2590.471923828125
-66335 2597.720947265625
-66325 2602.658935546875
-66315 2603.697021484375
-66305 2607.43896484375
-66295 2611.111083984375
-66285 2612.970947265625
-66275 2613.902099609375
-66265 2615.00390625
-66255 2613.029052734375
-66245 2616.14111328125
-66235 2620.77099609375
-66225 2622.51806640625
-66215 2622.137939453125
-66205 2620.44189453125
-66195 2622.638916015625
-66185 2628.35009765625
-66175 2632.35693359375
-66165 2636.37890625
-66155 2638.218017578125
-66145 2641.05908203125
-66135 2643.75
-66125 2646.662109375
-66115 2652.0009765625
-66105 2652.488037109375
-66095 2654.81298828125
-66085 2658.3701171875
-66075 2657.18896484375
-66065 2657.181884765625
-66055 2656.302001953125
-66045 2651.300048828125
-66035 2650.77001953125
-66025 2645.031005859375
-66015 2641.839111328125
-66005 2637.989013671875
-65995 2632.929931640625
-65985 2628.443115234375
-65975 2623.248046875
-65965 2619.031982421875
-65955 2615.64794921875
-65945 2611.010009765625
-65935 2607.56103515625
-65925 2604.298095703125
-65915 2601.693115234375
-65905 2597.34912109375
-65895 2593.821044921875
-65885 2590.0791015625
-65875 2588.031982421875
-65865 2588.031982421875
-65855 2588.18896484375
-65845 2589.19091796875
-65835 2589.970947265625
-65825 2591.180908203125
-65815 2590.60791015625
-65805 2588.639892578125
-65795 2587.56689453125
-65785 2586.721923828125
-65775 2587.10205078125
-65765 2589.363037109375
-65755 2589.113037109375
-65745 2591.56689453125
-65735 2592.618896484375
-65725 2591.58203125
-65715 2586.830078125
-65705 2585.741943359375
-65695 2590.972900390625
-65685 2594
-65675 2596.090087890625
-65665 2599.4169921875
-65655 2600.44091796875
-65645 2595.201904296875
-65635 2590.221923828125
-65625 2584.797119140625
-65615 2579.967041015625
-65605 2574.571044921875
-65595 2569.090087890625
-65585 2563.508056640625
-65575 2557.998046875
-65565 2552.373046875
-65555 2546.139892578125
-65545 2540.257080078125
-65535 2535.669921875
-65525 2532.220947265625
-65515 2528.27099609375
-65505 2522.589111328125
-65495 2514.952880859375
-65485 2507.510986328125
-65475 2501.076904296875
-65465 2494.65087890625
-65455 2484.568115234375
-65445 2476.366943359375
-65435 2469.053955078125
-65425 2463.3720703125
-65415 2457.989990234375
-65405 2453.781982421875
-65395 2449.31689453125
-65385 2446.031982421875
-65375 2443.169921875
-65365 2439.462890625
-65355 2435.741943359375
-65345 2429.572998046875
-65335 2422.009033203125
-65325 2417.77197265625
-65315 2414.509033203125
-65305 2411.797119140625
-65295 2413.056884765625
-65285 2414.322998046875
-65275 2414.05908203125
-65265 2413.62890625
-65255 2410.98095703125
-65245 2406.902099609375
-65235 2406.679931640625
-65225 2403.260009765625
-65215 2400.969970703125
-65205 2399.238037109375
-65195 2397.77099609375
-65185 2396.389892578125
-65175 2393.64208984375
-65165 2391.35205078125
-65155 2390.077880859375
-65145 2387.587890625
-65135 2387.179931640625
-65125 2386.470947265625
-65115 2383.60888671875
-65105 2379.837890625
-65095 2375.050048828125
-65085 2371.572021484375
-65075 2366.821044921875
-65065 2362.447998046875
-65055 2357.568115234375
-65045 2351.693115234375
-65035 2344.929931640625
-65025 2338.18896484375
-65015 2332.89990234375
-65005 2326.214111328125
-64995 2320.194091796875
-64985 2313.781005859375
-64975 2308.501953125
-64965 2302.205078125
-64955 2296.0830078125
-64945 2291.633056640625
-64935 2288.6669921875
-64925 2286.718017578125
-64915 2284.72607421875
-64905 2284.944091796875
-64895 2280.68310546875
-64885 2277.339111328125
-64875 2274.256103515625
-64865 2271.14404296875
-64855 2267.333984375
-64845 2263.305908203125
-64835 2258.623046875
-64825 2253.344970703125
-64815 2249.243896484375
-64805 2245.027099609375
-64795 2240.635009765625
-64785 2236.56298828125
-64775 2233.10302734375
-64765 2228.24609375
-64755 2227.6640625
-64745 2226.659912109375
-64735 2223.489990234375
-64725 2220.3349609375
-64715 2219.041015625
-64705 2218.343017578125
-64695 2212.6279296875
-64685 2210.02490234375
-64675 2202.623046875
-64665 2197.635009765625
-64655 2194.72705078125
-64645 2191.00390625
-64635 2188.47412109375
-64625 2185.43408203125
-64615 2183.761962890625
-64605 2184.212890625
-64595 2185.14404296875
-64585 2184.925048828125
-64575 2185.14404296875
-64565 2185.114990234375
-64555 2182.554931640625
-64545 2180.533935546875
-64535 2178.193115234375
-64525 2174.048095703125
-64515 2169.29296875
-64505 2165.802978515625
-64495 2163.388916015625
-64485 2159.781982421875
-64475 2154.635009765625
-64465 2150.6650390625
-64455 2153.2529296875
-64445 2149.4140625
-64435 2145.3720703125
-64425 2143.262939453125
-64415 2142.507080078125
-64405 2141.22705078125
-64395 2142.72509765625
-64385 2159.083984375
-64375 2167.839111328125
-64365 2208.134033203125
-64355 2227.430908203125
-64345 2229.01611328125
-64335 2229.133056640625
-64325 2225.889892578125
-64315 2216.81591796875
-64305 2214.780029296875
-64295 2211.47900390625
-64285 2206.868896484375
-64275 2192.326904296875
-64265 2190.159912109375
-64255 2202.22998046875
-64245 2207.58203125
-64235 2203.741943359375
-64225 2202.447998046875
-64215 2192.25390625
-64205 2168.3330078125
-64195 2189.85498046875
-64185 2194.04296875
-64175 2193.577880859375
-64165 2194.174072265625
-64155 2195.81689453125
-64145 2194.638916015625
-64135 2192.02197265625
-64125 2188.720947265625
-64115 2184.7939453125
-64105 2180.76611328125
-64095 2181.174072265625
-64085 2180.883056640625
-64075 2185.27392578125
-64065 2184.22705078125
-64055 2185.551025390625
-64045 2188.5458984375
-64035 2190.9169921875
-64025 2194.23193359375
-64015 2198.492919921875
-64005 2202.636962890625
-63995 2205.7060546875
-63985 2208.134033203125
-63975 2210.839111328125
-63965 2212.81689453125
-63955 2215.3759765625
-63945 2219.360107421875
-63935 2224.072021484375
-63925 2229.10400390625
-63915 2235.2548828125
-63905 2240.446044921875
-63895 2246.843994140625
-63885 2251.337890625
-63875 2256.45703125
-63865 2262.60791015625
-63855 2268.700927734375
-63845 2273.513916015625
-63835 2279.970947265625
-63825 2285.554931640625
-63815 2291.64794921875
-63805 2298.52587890625
-63795 2314.056884765625
-63785 2322.593017578125
-63775 2331.43408203125
-63765 2337.906005859375
-63755 2341.4541015625
-63745 2348.652099609375
-63735 2354.236083984375
-63725 2356.694091796875
-63715 2360.866943359375
-63705 2363.383056640625
-63695 2371.134033203125
-63685 2381.298095703125
-63675 2389.864013671875
-63665 2398.99609375
-63655 2424.4150390625
-63645 2430.7548828125
-63635 2447.593994140625
-63625 2454.64697265625
-63615 2462.93603515625
-63605 2475.325927734375
-63595 2479.324951171875
-63585 2479.049072265625
-63575 2479.965087890625
-63565 2476.591064453125
-63555 2477.47802734375
-63545 2476.85302734375
-63535 2472.126953125
-63525 2458.64599609375
-63515 2446.285888671875
-63505 2422.0439453125
-63495 2415.006103515625
-63485 2406.077880859375
-63475 2401.613037109375
-63465 2395.113037109375
-63455 2389.166015625
-63445 2377.6630859375
-63435 2366.873046875
-63425 2361.580078125
-63415 2355.660888671875
-63405 2349.64111328125
-63395 2342.966064453125
-63385 2337.455078125
-63375 2332.031005859375
-63365 2327.654052734375
-63355 2324.134033203125
-63345 2320.135009765625
-63335 2316.340087890625
-63325 2312.35498046875
-63315 2308.31298828125
-63305 2304.18310546875
-63295 2300.677978515625
-63285 2297.333984375
-63275 2293.466064453125
-63265 2290.06298828125
-63255 2287.416015625
-63245 2283.62109375
-63235 2280.14501953125
-63225 2277.93505859375
-63215 2277.803955078125
-63205 2276.39404296875
-63195 2273.804931640625
-63185 2272.875
-63175 2270.6640625
-63165 2269.9951171875
-63155 2270.1259765625
-63145 2265.99609375
-63135 2263.116943359375
-63125 2261.968017578125
-63115 2263.277099609375
-63105 2273.804931640625
-63095 2272.904052734375
-63085 2273.194091796875
-63075 2274.445068359375
-63065 2274.3291015625
-63055 2276.205078125
-63045 2280.34912109375
-63035 2273.674072265625
-63025 2258.12890625
-63015 2251.991943359375
-63005 2246.073974609375
-62995 2244.095947265625
-62985 2231.488037109375
-62975 2194.66796875
-62965 2118.00390625
-62955 2109.39501953125
-62945 2101.992919921875
-62935 2094.721923828125
-62925 2087.14599609375
-62915 2079.77294921875
-62905 2072.008056640625
-62895 2057.989990234375
-62885 2049.4541015625
-62875 2041.2960205078125
-62865 2033.9959716796875
-62855 2027.116943359375
-62845 2019.6719970703125
-62835 2011.6300048828125
-62825 2004.2869873046875
-62815 1997.4229736328125
-62805 1994.572998046875
-62795 1984.655029296875
-62785 1979.52197265625
-62775 1972.2509765625
-62765 1965.5040283203125
-62755 1955.64404296875
-62745 1947.2540283203125
-62735 1936.406005859375
-62725 1925.9639892578125
-62715 1917.1519775390625
-62705 1903.279052734375
-62695 1896.7640380859375
-62685 1891.616943359375
-62675 1886.7159423828125
-62665 1882.39697265625
-62655 1876.9000244140625
-62645 1873.425048828125
-62635 1869.9200439453125
-62625 1866.7939453125
-62615 1863.6529541015625
-62605 1861.2099609375
-62595 1858.927001953125
-62585 1857.123046875
-62575 1855.029052734375
-62565 1852.6009521484375
-62555 1849.822998046875
-62545 1846.6529541015625
-62535 1843.5269775390625
-62525 1840.197021484375
-62515 1837.9429931640625
-62505 1836.8890380859375
-62495 1834.4830322265625
-62485 1832.48095703125
-62475 1830.77294921875
-62465 1830.3719482421875
-62455 1831.9730224609375
-62445 1841.718017578125
-62435 1850.3079833984375
-62425 1858.0970458984375
-62415 1865.178955078125
-62405 1871.8909912109375
-62395 1878.8330078125
-62385 1886.083984375
-62375 1890.68701171875
-62365 1895.5050048828125
-62355 1895.7669677734375
-62345 1894.3199462890625
-62335 1892.302978515625
-62325 1886.114990234375
-62315 1878.218017578125
-62305 1871.7979736328125
-62295 1860.2060546875
-62285 1851.615966796875
-62275 1835.9449462890625
-62265 1834.636962890625
-62255 1832.9429931640625
-62245 1832.6199951171875
-62235 1835.791015625
-62225 1838.362060546875
-62215 1844.8280029296875
-62205 1850.154052734375
-62195 1852.7249755859375
-62185 1853.4329833984375
-62175 1855.2030029296875
-62165 1857.8050537109375
-62155 1861.946044921875
-62145 1861.5760498046875
-62135 1863.1929931640625
-62125 1866.9029541015625
-62115 1876.7239990234375
-62105 1879.926025390625
-62095 1881.0350341796875
-62085 1887.3919677734375
-62075 1894.5050048828125
-62065 1901.708984375
-62055 1911.083984375
-62045 1917.45703125
-62035 1923.1219482421875
-62025 1928.41796875
-62015 1931.7430419921875
-62005 1934.9449462890625
-61995 1936.9620361328125
-61985 1938.469970703125
-61975 1942.7039794921875
-61965 1946.7679443359375
-61955 1950.8929443359375
-61945 1955.4659423828125
-61935 1961.26904296875
-61925 1965.3790283203125
-61915 1970.613037109375
-61905 1975.9549560546875
-61895 1981.4510498046875
-61885 1986.9930419921875
-61875 1992.93505859375
-61865 1999.1080322265625
-61855 2005.0660400390625
-61845 2010.6839599609375
-61835 2016.427001953125
-61825 2022.677001953125
-61815 2028.9730224609375
-61805 2034.6529541015625
-61795 2040.9649658203125
-61785 2046.8759765625
-61775 2053.49609375
-61765 2060.160888671875
-61755 2068.3359375
-61745 2077.679931640625
-61735 2086.700927734375
-61725 2094.4140625
-61715 2101.447998046875
-61705 2103.6650390625
-61695 2109.592041015625
-61685 2116.14990234375
-61675 2122.553955078125
-61665 2129.943115234375
-61655 2136.823974609375
-61645 2143.2900390625
-61635 2149.4169921875
-61625 2155.0048828125
-61615 2159.916015625
-61605 2164.56494140625
-61595 2171.4150390625
-61585 2176.864990234375
-61575 2184.51611328125
-61565 2197.907958984375
-61555 2207.39111328125
-61545 2208.699951171875
-61535 2216.535888671875
-61525 2216.781982421875
-61515 2217.597900390625
-61505 2220.10693359375
-61495 2221.693115234375
-61485 2224.464111328125
-61475 2226.2490234375
-61465 2226.52587890625
-61455 2224.925048828125
-61445 2225.634033203125
-61435 2225.926025390625
-61425 2228.635009765625
-61415 2232.083984375
-61405 2236.2548828125
-61395 2240.674072265625
-61385 2245.64599609375
-61375 2251.527099609375
-61365 2252.033935546875
-61355 2249.787109375
-61345 2249.06298828125
-61335 2247.7548828125
-61325 2247.6630859375
-61315 2250.64892578125
-61305 2259.02294921875
-61295 2267.535888671875
-61285 2276.404052734375
-61275 2282.48388671875
-61265 2287.02490234375
-61255 2289.241943359375
-61245 2282.623046875
-61235 2275.280029296875
-61225 2264.087890625
-61215 2257.2529296875
-61205 2250.926025390625
-61195 2245.800048828125
-61185 2242.073974609375
-61175 2238.5029296875
-61165 2235.115966796875
-61155 2232.43798828125
-61145 2228.54296875
-61135 2225.032958984375
-61125 2221.123046875
-61115 2219.47607421875
-61105 2218.260009765625
-61095 2217.427978515625
-61085 2215.673095703125
-61075 2213.903076171875
-61065 2210.070068359375
-61055 2206.282958984375
-61045 2202.111083984375
-61035 2199.01708984375
-61025 2194.4140625
-61015 2190.241943359375
-61005 2188.14892578125
-60995 2186.43994140625
-60985 2183.592041015625
-60975 2175.971923828125
-60965 2172.969970703125
-60955 2169.614013671875
-60945 2167.56689453125
-60935 2165.966064453125
-60925 2165.072998046875
-60915 2163.794921875
-60905 2161.993896484375
-60895 2160.455078125
-60885 2159.89990234375
-60875 2160.0390625
-60865 2159.362060546875
-60855 2155.573974609375
-60845 2152.972900390625
-60835 2150.510009765625
-60825 2149.863037109375
-60815 2150.633056640625
-60805 2149.4169921875
-60795 2142.674072265625
-60785 2138.501953125
-60775 2135.97802734375
-60765 2131.2060546875
-60755 2127.31103515625
-60745 2127.1259765625
-60735 2124.35498046875
-60725 2122.322998046875
-60715 2120.64501953125
-60705 2116.0419921875
-60695 2111.531982421875
-60685 2101.64892578125
-60675 2088.3330078125
-60665 2080.157958984375
-60655 2069.366943359375
-60645 2063.0400390625
-60635 2057.89794921875
-60625 2052.156005859375
-60615 2046.9990234375
-60605 2042.365966796875
-60595 2036.8699951171875
-60585 2032.529052734375
-60575 2028.77294921875
-60565 2025.6319580078125
-60555 2018.6280517578125
-60545 2012.1929931640625
-60535 2006.405029296875
-60525 2000.47802734375
-60515 1994.2740478515625
-60505 1987.1619873046875
-60495 1978.9110107421875
-60485 1971.9530029296875
-60475 1966.3800048828125
-60465 1956.0970458984375
-60455 1950.1080322265625
-60445 1938.1929931640625
-60435 1932.051025390625
-60425 1924.4150390625
-60415 1917.5799560546875
-60405 1911.345947265625
-60395 1905.1419677734375
-60385 1899.8160400390625
-60375 1894.8280029296875
-60365 1889.824951171875
-60355 1885.7919921875
-60345 1882.0050048828125
-60335 1878.5560302734375
-60325 1874.862060546875
-60315 1870.967041015625
-60305 1868.196044921875
-60295 1868.9659423828125
-60285 1868.0880126953125
-60275 1862.85400390625
-60265 1859.2060546875
-60255 1855.7110595703125
-60245 1853.6180419921875
-60235 1854.7259521484375
-60225 1858.3900146484375
-60215 1859.821044921875
-60205 1859.3900146484375
-60195 1859.5140380859375
-60185 1862.916015625
-60175 1867.718994140625
-60165 1870.7049560546875
-60155 1873.0140380859375
-60145 1876.031005859375
-60135 1879.77197265625
-60125 1884.4520263671875
-60115 1891.041015625
-60105 1899.1839599609375
-60095 1904.4029541015625
-60085 1919.7359619140625
-60075 1922.10595703125
-60065 1926.031982421875
-60055 1930.387939453125
-60045 1935.2989501953125
-60035 1942.45703125
-60025 1950.6319580078125
-60015 1961.8079833984375
-60005 1962.5260009765625
-59995 1969.0489501953125
-59985 1973.7659912109375
-59975 1976.64501953125
-59965 1983.6199951171875
-59955 1986.123046875
-59945 1988.7559814453125
-59935 1994.2259521484375
-59925 2001.0989990234375
-59915 2005.43994140625
-59905 2011.821044921875
-59895 2016.1910400390625
-59885 2023.614013671875
-59875 2026.406005859375
-59865 2033.4239501953125
-59855 2035.7540283203125
-59845 2040.9630126953125
-59835 2048.675048828125
-59825 2056.51806640625
-59815 2061.68408203125
-59805 2076.16796875
-59795 2077.093994140625
-59785 2062.927978515625
-59775 2037.5050048828125
-59765 2020.97998046875
-59755 2011.8360595703125
-59745 2003.863037109375
-59735 1996.9320068359375
-59725 1988.3370361328125
-59715 1979.2060546875
-59705 1968.83203125
-59695 1960.1929931640625
-59685 1952.8719482421875
-59675 1944.4940185546875
-59665 1936.781005859375
-59655 1931.0660400390625
-59645 1925.5670166015625
-59635 1920.010986328125
-59625 1913.9339599609375
-59615 1908.376953125
-59605 1904.06494140625
-59595 1898.321044921875
-59585 1892.446044921875
-59575 1886.875
-59565 1881.8690185546875
-59555 1877.3690185546875
-59545 1873.1290283203125
-59535 1868.324951171875
-59525 1863.260986328125
-59515 1858.5
-59505 1853.2340087890625
-59495 1847.634033203125
-59485 1841.512939453125
-59475 1836.1590576171875
-59465 1829.864990234375
-59455 1825.77001953125
-59445 1821.761962890625
-59435 1818.303955078125
-59425 1812.833984375
-59415 1806.4239501953125
-59405 1801.1429443359375
-59395 1794.9639892578125
-59385 1789.14697265625
-59375 1783.4749755859375
-59365 1778.178955078125
-59355 1773.9830322265625
-59345 1767.5439453125
-59335 1763.6949462890625
-59325 1761.3800048828125
-59315 1757.6180419921875
-59305 1754.2459716796875
-59295 1751.7139892578125
-59285 1749.1529541015625
-59275 1745.5360107421875
-59265 1741.512939453125
-59255 1737.1290283203125
-59245 1734.6259765625
-59235 1730.0970458984375
-59225 1725.9580078125
-59215 1722.4129638671875
-59205 1717.2330322265625
-59195 1713.3260498046875
-59185 1709.0140380859375
-59175 1701.6639404296875
-59165 1695.5140380859375
-59155 1689.6829833984375
-59145 1683.27294921875
-59135 1677.384033203125
-59125 1671.2049560546875
-59115 1662.7259521484375
-59105 1656.6490478515625
-59095 1651.844970703125
-59085 1644.4219970703125
-59075 1639.22705078125
-59065 1634.2640380859375
-59055 1628.85205078125
-59045 1622.2249755859375
-59035 1615.843994140625
-59025 1609.751953125
-59015 1604.051025390625
-59005 1597.4530029296875
-58995 1589.8570556640625
-58985 1586.8759765625
-58975 1585.4720458984375
-58965 1585.573974609375
-58955 1583.4029541015625
-58945 1583.7650146484375
-58935 1584.053955078125
-58925 1587.7440185546875
-58915 1591.260009765625
-58905 1593.373046875
-58895 1593.1700439453125
-58885 1594.240966796875
-58875 1594.2550048828125
-58865 1594.4580078125
-58855 1594.833984375
-58845 1594.5159912109375
-58835 1595.862060546875
-58825 1597.7139892578125
-58815 1599.116943359375
-58805 1605.512939453125
-58795 1613.803955078125
-58785 1620.5030517578125
-58775 1631.7030029296875
-58765 1640.1099853515625
-58755 1646.5340576171875
-58745 1656.344970703125
-58735 1671.3349609375
-58725 1679.365966796875
-58715 1682.81005859375
-58705 1688.612060546875
-58695 1693.93701171875
-58685 1700.4189453125
-58675 1706.39501953125
-58665 1715.81494140625
-58655 1727.9549560546875
-58645 1732.6429443359375
-58635 1739.9940185546875
-58625 1750.02099609375
-58615 1759.4990234375
-58605 1769.0059814453125
-58595 1770.5250244140625
-58585 1758.35595703125
-58575 1758.16796875
-58565 1759.3399658203125
-58555 1763.115966796875
-58545 1767.876953125
-58535 1777.1519775390625
-58525 1788.6839599609375
-58515 1801.4029541015625
-58505 1816.7840576171875
-58495 1826.6240234375
-58485 1840.427978515625
-58475 1847.2430419921875
-58465 1855.22998046875
-58455 1861.7850341796875
-58445 1868.875
-58435 1875.9940185546875
-58425 1883.5760498046875
-58415 1891.7080078125
-58405 1901.5479736328125
-58395 1913.239013671875
-58385 1919.865966796875
-58375 1926.3199462890625
-58365 1932.1219482421875
-58355 1937.6929931640625
-58345 1941.39697265625
-58335 1943.29296875
-58325 1942.5689697265625
-58315 1946.866943359375
-58305 1950.0360107421875
-58295 1954.5360107421875
-58285 1958.3270263671875
-58275 1962.95703125
-58265 1969.844970703125
-58255 1974.64794921875
-58245 1979.0469970703125
-58235 1979.7850341796875
-58225 1979.220947265625
-58215 1980.3929443359375
-58205 1981.5069580078125
-58195 1984.9649658203125
-58185 1989.2340087890625
-58175 1989.85595703125
-58165 1990.1739501953125
-58155 1990.85400390625
-58145 1991.3179931640625
-58135 1991.8819580078125
-58125 1990.333984375
-58115 1990.0589599609375
-58105 1992.822021484375
-58095 2000.072021484375
-58085 2007.5670166015625
-58075 2013.717041015625
-58065 2018.7230224609375
-58055 2025.2490234375
-58045 2033.5260009765625
-58035 2039.2989501953125
-58025 2044.2760009765625
-58015 2049.717041015625
-58005 2057.068115234375
-57995 2068.195068359375
-57985 2078.72900390625
-57975 2091.072021484375
-57965 2097.712890625
-57955 2105.006103515625
-57945 2109.346923828125
-57935 2116.219970703125
-57925 2123.339111328125
-57915 2130.68896484375
-57905 2138.574951171875
-57895 2146.592041015625
-57885 2157.4150390625
-57875 2176.572998046875
-57865 2192.7060546875
-57855 2196.931884765625
-57845 2200.76611328125
-57835 2204.22412109375
-57825 2207.39306640625
-57815 2210.446044921875
-57805 2214.39599609375
-57795 2218.056884765625
-57785 2220.053955078125
-57775 2222.368896484375
-57765 2223.844970703125
-57755 2225.43701171875
-57745 2227.447998046875
-57735 2228.736083984375
-57725 2227.1298828125
-57715 2230.68896484375
-57705 2234.06103515625
-57695 2236.593017578125
-57685 2238.907958984375
-57675 2240.22509765625
-57665 2240.180908203125
-57655 2240.5
-57645 2238.64697265625
-57635 2238.778076171875
-57625 2237.779052734375
-57615 2236.708984375
-57605 2236.24609375
-57595 2235.868896484375
-57585 2234.783935546875
-57575 2232.97509765625
-57565 2232.179931640625
-57555 2232.034912109375
-57545 2232.844970703125
-57535 2233.873046875
-57525 2235.406005859375
-57515 2231.513916015625
-57505 2226.806884765625
-57495 2221.0869140625
-57485 2215.385009765625
-57475 2208.533935546875
-57465 2201.43798828125
-57455 2195.5830078125
-57445 2190.447998046875
-57435 2184.929931640625
-57425 2180.208984375
-57415 2175.825927734375
-57405 2170.860107421875
-57395 2166.507080078125
-57385 2163.39501953125
-57375 2157.294921875
-57365 2151.195068359375
-57355 2144.281982421875
-57345 2138.135986328125
-57335 2132.112060546875
-57325 2125.506103515625
-57315 2118.655029296875
-57305 2111.95703125
-57295 2105.10498046875
-57285 2100.339111328125
-57275 2093.90087890625
-57265 2087.06494140625
-57255 2080.260009765625
-57245 2073.531005859375
-57235 2066.5419921875
-57225 2058.847900390625
-57215 2051.031005859375
-57205 2043.3360595703125
-57195 2035.9949951171875
-57185 2029.6949462890625
-57175 2021.6939697265625
-57165 2013.3409423828125
-57155 2004.89599609375
-57145 1997.2469482421875
-57135 1988.7559814453125
-57125 1982.134033203125
-57115 1975.60498046875
-57105 1968.125
-57095 1961.135986328125
-57085 1955.342041015625
-57075 1951.0350341796875
-57065 1948.3070068359375
-57055 1946.43701171875
-57045 1944.428955078125
-57035 1942.43701171875
-57025 1937.43994140625
-57015 1929.7459716796875
-57005 1934.4210205078125
-56995 1933.884033203125
-56985 1927.8599853515625
-56975 1926.6800537109375
-56965 1921.9439697265625
-56955 1917.43798828125
-56945 1913.5140380859375
-56935 1909.02294921875
-56925 1901.95703125
-56915 1894.1400146484375
-56905 1887.595947265625
-56895 1883.947998046875
-56885 1882.1240234375
-56875 1882.031982421875
-56865 1879.0279541015625
-56855 1874.93505859375
-56845 1871.7010498046875
-56835 1869.9539794921875
-56825 1866.873046875
-56815 1863.2860107421875
-56805 1860.0830078125
-56795 1856.802978515625
-56785 1855.0400390625
-56775 1853.508056640625
-56765 1852.404052734375
-56755 1852.31201171875
-56745 1853.0479736328125
-56735 1853.9210205078125
-56725 1853.385009765625
-56715 1854.8409423828125
-56705 1857.1710205078125
-56695 1860.8189697265625
-56685 1866.4129638671875
-56675 1864.7879638671875
-56665 1861.553955078125
-56655 1855.6070556640625
-56645 1850.197021484375
-56635 1845.18505859375
-56625 1839.3909912109375
-56615 1834.1650390625
-56605 1828.0340576171875
-56595 1822.071044921875
-56585 1815.3580322265625
-56575 1808.123046875
-56565 1800.4439697265625
-56555 1790.1290283203125
-56545 1781.5
-56535 1772.885986328125
-56525 1764.8699951171875
-56515 1758.094970703125
-56505 1750.906005859375
-56495 1744.5460205078125
-56485 1739.27294921875
-56475 1732.865966796875
-56465 1724.8809814453125
-56455 1715.208984375
-56445 1707.9129638671875
-56435 1701.1080322265625
-56425 1691.803955078125
-56415 1683.0830078125
-56405 1671.051025390625
-56395 1654.083984375
-56385 1642.7879638671875
-56375 1633.0550537109375
-56365 1623.6590576171875
-56355 1614.2939453125
-56345 1604.0560302734375
-56335 1594.18505859375
-56325 1585.1259765625
-56315 1575.56201171875
-56305 1568.404052734375
-56295 1557.9200439453125
-56285 1550.593994140625
-56275 1548.8310546875
-56265 1550.3179931640625
-56255 1547.251953125
-56245 1544.248046875
-56235 1536.385009765625
-56225 1528.8599853515625
-56215 1520.9510498046875
-56205 1514.375
-56195 1509.178955078125
-56185 1504.8719482421875
-56175 1500.2740478515625
-56165 1495.47705078125
-56155 1489.7900390625
-56145 1484.196044921875
-56135 1477.6820068359375
-56125 1471.3360595703125
-56115 1465.0670166015625
-56105 1458.81396484375
-56095 1452.43798828125
-56085 1445.862060546875
-56075 1439.3790283203125
-56065 1432.4200439453125
-56055 1427.3470458984375
-56045 1426.3809814453125
-56035 1425.0479736328125
-56025 1424.449951171875
-56015 1422.7330322265625
-56005 1421.583984375
-55995 1420.281005859375
-55985 1417.0159912109375
-55975 1416.373046875
-55965 1418.39599609375
-55955 1424.89501953125
-55945 1432.3280029296875
-55935 1439.1949462890625
-55925 1441.2950439453125
-55915 1444.865966796875
-55905 1450.3070068359375
-55895 1456.9749755859375
-55885 1462.64599609375
-55875 1470.262939453125
-55865 1473.8349609375
-55855 1478.31005859375
-55845 1482.9539794921875
-55835 1487.1080322265625
-55825 1491.7060546875
-55815 1496.718017578125
-55805 1501.33203125
-55795 1504.9339599609375
-55785 1506.0830078125
-55775 1508.5050048828125
-55765 1512.4129638671875
-55755 1516.322021484375
-55745 1520.5830078125
-55735 1526.89794921875
-55725 1530.8680419921875
-55715 1534.468994140625
-55705 1537.7650146484375
-55695 1542.9759521484375
-55685 1550.946044921875
-55675 1556.616943359375
-55665 1561.0159912109375
-55655 1563.2850341796875
-55645 1567.0250244140625
-55635 1573.156005859375
-55625 1578.5660400390625
-55615 1577.7540283203125
-55605 1582.39794921875
-55595 1587.2259521484375
-55585 1593.93896484375
-55575 1602.1400146484375
-55565 1613.5579833984375
-55555 1615.7039794921875
-55545 1619.1529541015625
-55535 1623.613037109375
-55525 1628.68701171875
-55515 1635.7679443359375
-55505 1641.14794921875
-55495 1646.18994140625
-55485 1652.6739501953125
-55475 1655.616943359375
-55465 1660.490966796875
-55455 1668.8289794921875
-55445 1674.3470458984375
-55435 1677.427001953125
-55425 1680.4930419921875
-55415 1682.760986328125
-55405 1684.7850341796875
-55395 1686.9759521484375
-55385 1689.7349853515625
-55375 1694.7779541015625
-55365 1700.051025390625
-55355 1708.8330078125
-55345 1716.14404296875
-55335 1721.5550537109375
-55325 1727.0570068359375
-55315 1733.41796875
-55305 1741.3270263671875
-55295 1746.81396484375
-55285 1751.3360595703125
-55275 1755.0140380859375
-55265 1759.1070556640625
-55255 1764.487060546875
-55245 1770.64794921875
-55235 1776.39599609375
-55225 1783.3079833984375
-55215 1786.833984375
-55205 1792.030029296875
-55195 1794.8809814453125
-55185 1797.885009765625
-55175 1800.98095703125
-55165 1805.0889892578125
-55155 1808.0159912109375
-55145 1811.572021484375
-55135 1815.1280517578125
-55125 1817.9329833984375
-55115 1819.696044921875
-55105 1821.7950439453125
-55095 1824.81494140625
-55085 1827.0830078125
-55075 1830.133056640625
-55065 1833.5670166015625
-55055 1838.134033203125
-55045 1842.072998046875
-55035 1845.7060546875
-55025 1848.740966796875
-55015 1851.6839599609375
-55005 1854.3310546875
-54995 1858.010009765625
-54985 1862.3699951171875
-54975 1866.7080078125
-54965 1870.1710205078125
-54955 1874.5889892578125
-54945 1877.302001953125
-54935 1880.489013671875
-54925 1885.0799560546875
-54915 1888.9300537109375
-54905 1892.8409423828125
-54895 1898.469970703125
-54885 1901.6800537109375
-54875 1903.760986328125
-54865 1904.5789794921875
-54855 1906.0780029296875
-54845 1907.4019775390625
-54835 1907.8489990234375
-54825 1909.4510498046875
-54815 1913.47900390625
-54805 1917.2969970703125
-54795 1918.1009521484375
-54785 1919.5799560546875
-54775 1920.3079833984375
-54765 1919.8590087890625
-54755 1920.780029296875
-54745 1919.0880126953125
-54735 1918.77099609375
-54725 1919.302001953125
-54715 1916.3709716796875
-54705 1912.4000244140625
-54695 1908.6219482421875
-54685 1904.071044921875
-54675 1897.52001953125
-54665 1892.3690185546875
-54655 1887.2989501953125
-54645 1880.56103515625
-54635 1873.5889892578125
-54625 1867.2320556640625
-54615 1858.7989501953125
-54605 1852.9720458984375
-54595 1846.7220458984375
-54585 1840.0400390625
-54575 1833.0889892578125
-54565 1825.989013671875
-54555 1818.6490478515625
-54545 1812.760986328125
-54535 1806.4100341796875
-54525 1802.239013671875
-54515 1795.1710205078125
-54505 1787.1929931640625
-54495 1781.470947265625
-54485 1780.4189453125
-54475 1771.551025390625
-54465 1763.988037109375
-54455 1757.02099609375
-54445 1751.7979736328125
-54435 1741.0980224609375
-54425 1731.52197265625
-54415 1722.1500244140625
-54405 1713.218994140625
-54395 1705.8809814453125
-54385 1699.9510498046875
-54375 1691.7989501953125
-54365 1684.9000244140625
-54355 1677.6199951171875
-54345 1668.9320068359375
-54335 1660.9200439453125
-54325 1652.1390380859375
-54315 1644.697998046875
-54305 1637.7989501953125
-54295 1632.3509521484375
-54285 1626.7889404296875
-54275 1621.321044921875
-54265 1616.0799560546875
-54255 1610.6500244140625
-54245 1603.1300048828125
-54235 1596.8399658203125
-54225 1589.9580078125
-54215 1583.4610595703125
-54205 1577.199951171875
-54195 1571.68896484375
-54185 1565.9110107421875
-54175 1560.449951171875
-54165 1554.748046875
-54155 1548.969970703125
-54145 1543.98095703125
-54135 1538.469970703125
-54125 1534.5999755859375
-54115 1530.698974609375
-54105 1526.1319580078125
-54095 1521.697998046875
-54085 1517.239013671875
-54075 1513.1290283203125
-54065 1509.6290283203125
-54055 1503.0799560546875
-54045 1499.4599609375
-54035 1496.43896484375
-54025 1492.9310302734375
-54015 1489.698974609375
-54005 1484.0810546875
-53995 1479.739013671875
-53985 1475.708984375
-53975 1467.5579833984375
-53965 1461.1619873046875
-53955 1456.5880126953125
-53945 1453.5989990234375
-53935 1450.740966796875
-53925 1447.72900390625
-53915 1443.7889404296875
-53905 1443.259033203125
-53895 1438.698974609375
-53885 1435.281005859375
-53875 1433.3389892578125
-53865 1433.990966796875
-53855 1435.0670166015625
-53845 1439.1619873046875
-53835 1442.489990234375
-53825 1446.3509521484375
-53815 1451.0999755859375
-53805 1456.79296875
-53795 1463.3800048828125
-53785 1471.218994140625
-53775 1477.6689453125
-53765 1482.239990234375
-53755 1485.2900390625
-53745 1491.801025390625
-53735 1496.8590087890625
-53725 1501.759033203125
-53715 1507.27001953125
-53705 1512.8179931640625
-53695 1519.572021484375
-53685 1527.510009765625
-53675 1533.6180419921875
-53665 1536.8609619140625
-53655 1542.259033203125
-53645 1549.8909912109375
-53635 1556.0699462890625
-53625 1562.279052734375
-53615 1567.8690185546875
-53605 1572.8599853515625
-53595 1578.3189697265625
-53585 1582.6109619140625
-53575 1586.050048828125
-53565 1590.27099609375
-53555 1593.02099609375
-53545 1594.6800537109375
-53535 1597.6689453125
-53525 1600.0579833984375
-53515 1603.0899658203125
-53505 1606.761962890625
-53495 1612.488037109375
-53485 1617.0799560546875
-53475 1621.9119873046875
-53465 1628.0379638671875
-53455 1633.698974609375
-53445 1638.47998046875
-53435 1647.6400146484375
-53425 1655.489990234375
-53415 1663.072998046875
-53405 1670.5679931640625
-53395 1677.0989990234375
-53385 1679.7979736328125
-53375 1682.9000244140625
-53365 1686.4300537109375
-53355 1688.9410400390625
-53345 1693.16796875
-53335 1699.1800537109375
-53325 1704.93994140625
-53315 1710.06201171875
-53305 1714.2889404296875
-53295 1718.748046875
-53285 1723
-53275 1727.8699951171875
-53265 1732.8189697265625
-53255 1736.708984375
-53245 1738.6309814453125
-53235 1742.0489501953125
-53225 1746.6920166015625
-53215 1752.052001953125
-53205 1760.8890380859375
-53195 1768.970947265625
-53185 1775.8609619140625
-53175 1781.5670166015625
-53165 1788.2110595703125
-53155 1795.6090087890625
-53145 1801.6590576171875
-53135 1807.239013671875
-53125 1812.5030517578125
-53115 1816.530029296875
-53105 1819.4990234375
-53095 1823.050048828125
-53085 1826.3310546875
-53075 1828.6800537109375
-53065 1832.498046875
-53055 1836.613037109375
-53045 1840.8089599609375
-53035 1844.8809814453125
-53025 1846.9189453125
-53015 1847.1689453125
-53005 1845.4090576171875
-52995 1844.18896484375
-52985 1842.31005859375
-52975 1840.9100341796875
-52965 1838.52099609375
-52955 1836.697998046875
-52945 1832.550048828125
-52935 1828.261962890625
-52925 1822.998046875
-52915 1818.3819580078125
-52905 1813.8690185546875
-52895 1810.178955078125
-52885 1808.407958984375
-52875 1807.4010009765625
-52865 1806.98095703125
-52855 1804.18701171875
-52845 1799.116943359375
-52835 1796.0810546875
-52825 1796.5799560546875
-52815 1797.510009765625
-52805 1799.551025390625
-52795 1801.6590576171875
-52785 1803.25
-52775 1805.9200439453125
-52765 1807.3609619140625
-52755 1807.5379638671875
-52745 1806.0279541015625
-52735 1804.300048828125
-52725 1802.220947265625
-52715 1799.427001953125
-52705 1796.3509521484375
-52695 1794.43798828125
-52685 1791.468994140625
-52675 1789.9300537109375
-52665 1790.6109619140625
-52655 1791.489990234375
-52645 1791.97705078125
-52635 1791.9010009765625
-52625 1792.1590576171875
-52615 1792.552978515625
-52605 1791.1390380859375
-52595 1789.93896484375
-52585 1788.178955078125
-52575 1784.071044921875
-52565 1781.240966796875
-52555 1778.821044921875
-52545 1776.1109619140625
-52535 1773.1510009765625
-52525 1769.718994140625
-52515 1766.47802734375
-52505 1763.8079833984375
-52495 1760.759033203125
-52485 1757.863037109375
-52475 1755.404052734375
-52465 1753.8050537109375
-52455 1752.0550537109375
-52445 1750.5009765625
-52435 1746.383056640625
-52425 1740.9219970703125
-52415 1735.9139404296875
-52405 1730.5589599609375
-52395 1725.5660400390625
-52385 1722.0059814453125
-52375 1716.7569580078125
-52365 1711.3719482421875
-52355 1706.56005859375
-52345 1701.5360107421875
-52335 1697.041015625
-52325 1692.907958984375
-52315 1687.7490234375
-52305 1683.6009521484375
-52295 1678.2760009765625
-52285 1673.0560302734375
-52275 1666.81103515625
-52265 1659.91796875
-52255 1647.7740478515625
-52245 1636.656982421875
-52235 1626.2159423828125
-52225 1618.9300537109375
-52215 1609.3370361328125
-52205 1599.802978515625
-52195 1591.14404296875
-52185 1584.7330322265625
-52175 1577.220947265625
-52165 1572.1529541015625
-52155 1567.083984375
-52145 1561.2159423828125
-52135 1556.0419921875
-52125 1550.7320556640625
-52115 1545.6639404296875
-52105 1541.4849853515625
-52095 1537.6240234375
-52085 1533.5059814453125
-52075 1527.637939453125
-52065 1521.1510009765625
-52055 1518.4959716796875
-52045 1511.4969482421875
-52035 1504.5880126953125
-52025 1498.3890380859375
-52015 1493.636962890625
-52005 1489.7750244140625
-51995 1484.2239990234375
-51985 1477.43603515625
-51975 1471.1610107421875
-51965 1466.0169677734375
-51955 1462.6080322265625
-51945 1458.18798828125
-51935 1454.5980224609375
-51925 1449.3330078125
-51915 1443.4649658203125
-51905 1438.3360595703125
-51895 1429.616943359375
-51885 1422.64599609375
-51875 1413.281005859375
-51865 1407.89501953125
-51855 1403.56396484375
-51845 1399.5059814453125
-51835 1396.552001953125
-51825 1395.553955078125
-51815 1393.68603515625
-51805 1393.384033203125
-51795 1391.197021484375
-51785 1381.31396484375
-51775 1374.10400390625
-51765 1367.197021484375
-51755 1360.3759765625
-51745 1354.64404296875
-51735 1348.656005859375
-51725 1348.384033203125
-51715 1349.72705078125
-51705 1356.155029296875
-51695 1363.4560546875
-51685 1368.4339599609375
-51675 1369.9849853515625
-51665 1372.29296875
-51655 1376.321044921875
-51645 1380.4110107421875
-51635 1383.4560546875
-51625 1388.31298828125
-51615 1393.18798828125
-51605 1398.875
-51595 1405.8590087890625
-51585 1411.0760498046875
-51575 1417.3690185546875
-51565 1423.9150390625
-51555 1430.52197265625
-51545 1436.5560302734375
-51535 1443.91796875
-51525 1452.0479736328125
-51515 1459.7569580078125
-51505 1468.4150390625
-51495 1476.43994140625
-51485 1483.7559814453125
-51475 1490.136962890625
-51465 1496.06494140625
-51455 1504.10595703125
-51445 1511.1650390625
-51435 1518.1500244140625
-51425 1525.615966796875
-51415 1532.4200439453125
-51405 1538.5439453125
-51395 1547.0970458984375
-51385 1555.6199951171875
-51375 1564.3690185546875
-51365 1573.343994140625
-51355 1582.0030517578125
-51345 1591.946044921875
-51335 1601.8389892578125
-51325 1616.2760009765625
-51315 1621.5999755859375
-51305 1627.4530029296875
-51295 1633.8790283203125
-51285 1639.89794921875
-51275 1646.2060546875
-51265 1653.594970703125
-51255 1660.656982421875
-51245 1665.9820556640625
-51235 1672.9940185546875
-51225 1678.72802734375
-51215 1683.85498046875
-51205 1687.85400390625
-51195 1692.8170166015625
-51185 1697.780029296875
-51175 1703.6929931640625
-51165 1708.2340087890625
-51155 1714.2679443359375
-51145 1718.656982421875
-51135 1723.740966796875
-51125 1728.824951171875
-51115 1734.81298828125
-51105 1741.04296875
-51095 1746.0660400390625
-51085 1751.2550048828125
-51075 1753.8349609375
-51065 1753.9100341796875
-51055 1754.3929443359375
-51045 1754.93603515625
-51035 1755.3280029296875
-51025 1757.2740478515625
-51015 1758.8280029296875
-51005 1760.3370361328125
-50995 1761.27197265625
-50985 1762.7349853515625
-50975 1762.553955078125
-50965 1761.196044921875
-50955 1759.68798828125
-50945 1759.3409423828125
-50935 1757.06298828125
-50925 1751.9639892578125
-50915 1747.740966796875
-50905 1747.364013671875
-50895 1743.9539794921875
-50885 1740.333984375
-50875 1733.0479736328125
-50865 1728.2509765625
-50855 1724.5250244140625
-50845 1718.4610595703125
-50835 1708.2640380859375
-50825 1697.916015625
-50815 1689.136962890625
-50805 1680.20703125
-50795 1671.6689453125
-50785 1662.60302734375
-50775 1653.009033203125
-50765 1644.9210205078125
-50755 1637.3060302734375
-50745 1630.802001953125
-50735 1624.60205078125
-50725 1619.5360107421875
-50715 1613.864013671875
-50705 1606.8800048828125
-50695 1595.4739990234375
-50685 1584.0550537109375
-50675 1574.7020263671875
-50665 1568.0799560546875
-50655 1559.239990234375
-50645 1550.822998046875
-50635 1544.532958984375
-50625 1537.926025390625
-50615 1532.615966796875
-50605 1526.8380126953125
-50595 1520.56298828125
-50585 1513.1719970703125
-50575 1509.218994140625
-50565 1503.593017578125
-50555 1497.3330078125
-50545 1491.0419921875
-50535 1484.9930419921875
-50525 1479.06494140625
-50515 1474.448974609375
-50505 1467.5860595703125
-50495 1461.5059814453125
-50485 1455.427001953125
-50475 1450.9019775390625
-50465 1445.7879638671875
-50455 1441.156982421875
-50445 1436.4959716796875
-50435 1432.239990234375
-50425 1428.5159912109375
-50415 1424.6240234375
-50405 1418.8470458984375
-50395 1413.1300048828125
-50385 1407.7449951171875
-50375 1403.72998046875
-50365 1400.9239501953125
-50355 1399.7950439453125
-50345 1398.43505859375
-50335 1395.2220458984375
-50325 1391.7550048828125
-50315 1387.0460205078125
-50305 1383.3680419921875
-50295 1382.6590576171875
-50285 1380.801025390625
-50275 1378.5560302734375
-50265 1375.822998046875
-50255 1372.9420166015625
-50245 1371.9310302734375
-50235 1368.0550537109375
-50225 1364.282958984375
-50215 1364.10205078125
-50205 1363.3929443359375
-50195 1363.7860107421875
-50185 1364.3890380859375
-50175 1371.4959716796875
-50165 1377.4219970703125
-50155 1379.865966796875
-50145 1381.7359619140625
-50135 1384.1650390625
-50125 1387.2750244140625
-50115 1389.7459716796875
-50105 1393.7159423828125
-50095 1397.803955078125
-50085 1402.1610107421875
-50075 1404.5770263671875
-50065 1407.8780517578125
-50055 1413.7939453125
-50045 1419.0560302734375
-50035 1422.875
-50025 1427.595947265625
-50015 1434.384033203125
-50005 1441.219970703125
-49995 1447.501953125
-49985 1451.7149658203125
-49975 1458.89794921875
-49965 1466.2440185546875
-49955 1476.35302734375
-49945 1484.9000244140625
-49935 1492.821044921875
-49925 1501.093994140625
-49915 1510.885009765625
-49905 1518.531005859375
-49895 1526.4610595703125
-49885 1535.5999755859375
-49875 1544.8079833984375
-49865 1552.677978515625
-49855 1561.5770263671875
-49845 1570.1929931640625
-49835 1578.2939453125
-49825 1586.9100341796875
-49815 1595.052978515625
-49805 1603.823974609375
-49795 1619.5279541015625
-49785 1625.123046875
-49775 1631.739990234375
-49765 1637.197998046875
-49755 1641.8060302734375
-49745 1648.241943359375
-49735 1654.239990234375
-49725 1659.5269775390625
-49715 1661.0799560546875
-49705 1664.43505859375
-49695 1667.9019775390625
-49685 1675.9859619140625
-49675 1685.8289794921875
-49665 1693.39794921875
-49655 1700.4010009765625
-49645 1707.0860595703125
-49635 1711.5400390625
-49625 1716.8170166015625
-49615 1720.593017578125
-49605 1721.52001953125
-49595 1726.83203125
-49585 1730.9000244140625
-49575 1734.5469970703125
-49565 1739.72998046875
-49555 1745.5999755859375
-49545 1751.031982421875
-49535 1757.364990234375
-49525 1764.3509521484375
-49515 1770.1259765625
-49505 1774.3909912109375
-49495 1777.43798828125
-49485 1779.6689453125
-49475 1781.2220458984375
-49465 1784.998046875
-49455 1789.2120361328125
-49445 1791.5369873046875
-49435 1794.541015625
-49425 1798.0760498046875
-49415 1800.14404296875
-49405 1801.7919921875
-49395 1803.2249755859375
-49385 1804.031982421875
-49375 1804.6669921875
-49365 1806.1259765625
-49355 1808.708984375
-49345 1809.823974609375
-49335 1811
-49325 1811.14599609375
-49315 1811.1290283203125
-49305 1812.416015625
-49295 1813.7550048828125
-49285 1814.8360595703125
-49275 1814.759033203125
-49265 1813.9090576171875
-49255 1812.1409912109375
-49245 1810.699951171875
-49235 1808.073974609375
-49225 1804.8299560546875
-49215 1799.491943359375
-49205 1790.64501953125
-49195 1783.5909423828125
-49185 1774.2110595703125
-49175 1766.2640380859375
-49165 1756.137939453125
-49155 1746.613037109375
-49145 1735.928955078125
-49135 1729.175048828125
-49125 1724.875
-49115 1717.7530517578125
-49105 1710.1319580078125
-49095 1702.56298828125
-49085 1694.8399658203125
-49075 1689.64794921875
-49065 1685.2969970703125
-49055 1680.217041015625
-49045 1674.4420166015625
-49035 1668.4520263671875
-49025 1659.68994140625
-49015 1650.833984375
-49005 1642.8270263671875
-48995 1639.0169677734375
-48985 1634.262939453125
-48975 1643.7969970703125
-48965 1649.1689453125
-48955 1654.5069580078125
-48945 1663.54296875
-48935 1669.8680419921875
-48925 1669.4730224609375
-48915 1676.321044921875
-48905 1682.5
-48895 1685.365966796875
-48885 1691.2869873046875
-48875 1695.0799560546875
-48865 1698.9510498046875
-48855 1704.3480224609375
-48845 1711.883056640625
-48835 1719.0489501953125
-48825 1720.2669677734375
-48815 1718.3280029296875
-48805 1717.676025390625
-48795 1719.9749755859375
-48785 1719.1600341796875
-48775 1721.8719482421875
-48765 1720.095947265625
-48755 1719.4000244140625
-48745 1725.7509765625
-48735 1734.1009521484375
-48725 1737.68798828125
-48715 1744.4329833984375
-48705 1752.60302734375
-48695 1757.261962890625
-48685 1760.635009765625
-48675 1762.5489501953125
-48665 1768.2120361328125
-48655 1779.051025390625
-48645 1783.18701171875
-48635 1783.3499755859375
-48625 1794.5059814453125
-48615 1796.43701171875
-48605 1800.5389404296875
-48595 1803.4139404296875
-48585 1805.31103515625
-48575 1807.20703125
-48565 1808.6400146484375
-48555 1810.0389404296875
-48545 1812.115966796875
-48535 1812.5279541015625
-48525 1812.2099609375
-48515 1813.154052734375
-48505 1810.364990234375
