-69595 2301.68408203125
-69585 2307.302978515625
-69575 2311.625
-69565 2317.346923828125
-69555 2323.2470703125
-69545 2330.72509765625
-69535 2335.548095703125
-69525 2340.75390625
-69515 2344.781005859375
-69505 2347.156005859375
-69495 2348.73388671875
-69485 2352.716064453125
-69475 2357.06689453125
-69465 2360.075927734375
-69455 2365.40087890625
-69445 2370.81298828125
-69435 2376.639892578125
-69425 2382.3330078125
-69415 2394.14697265625
-69405 2403.2470703125
-69395 2412.833984375
-69385 2420.10595703125
-69375 2424.236083984375
-69365 2425.35693359375
-69355 2426.240966796875
-69345 2426.77197265625
-69335 2427.569091796875
-69325 2427.3330078125
-69315 2428.202880859375
-69305 2430.194091796875
-69295 2428.73388671875
-69285 2428.4541015625
-69275 2428.705078125
-69265 2427.450927734375
-69255 2425.342041015625
-69245 2423.02587890625
-69235 2420.56298828125
-69225 2415.60693359375
-69215 2411.197021484375
-69205 2408.94091796875
-69195 2406.43310546875
-69185 2404.35400390625
-69175 2401.535888671875
-69165 2397.716064453125
-69155 2394.383056640625
-69145 2392.243896484375
-69135 2391.462890625
-69125 2389.76611328125
-69115 2387.43603515625
-69105 2385.075927734375
-69095 2381.712890625
-69085 2381.507080078125
-69075 2381.72802734375
-69065 2383.3798828125
-69055 2381.47705078125
-69045 2377.450927734375
-69035 2375.532958984375
-69025 2375.680908203125
-69015 2374.7958984375
-69005 2374.14697265625
-68995 2373.23193359375
-68985 2373.7041015625
-68975 2372.73095703125
-68965 2371.181884765625
-68955 2373.718994140625
-68945 2378.68994140625
-68935 2379.544921875
-68925 2381.06396484375
-68915 2383.60107421875
-68905 2387.406005859375
-68895 2390.636962890625
-68885 2394.220947265625
-68875 2398.055908203125
-68865 2401.919921875
-68855 2402.27392578125
-68845 2404.928955078125
-68835 2408.955078125
-68825 2412.717041015625
-68815 2415.01708984375
-68805 2417.096923828125
-68795 2418.12890625
-68785 2421.1240234375
-68775 2423.512939453125
-68765 2424.8701171875
-68755 2428.528076171875
-68745 2432.64306640625
-68735 2435.445068359375
-68725 2439.45703125
-68715 2444.10302734375
-68705 2448.556884765625
-68695 2453.14404296875
-68685 2458.23291015625
-68675 2460.873046875
-68665 2464.383056640625
-68655 2465.533935546875
-68645 2468.498046875
-68635 2467.614013671875
-68625 2469.737060546875
-68615 2471.2119140625
-68605 2473.4990234375
-68595 2475.7109375
-68585 2477.93798828125
-68575 2479.618896484375
-68565 2481.153076171875
-68555 2480.430908203125
-68545 2478.041015625
-68535 2476.18310546875
-68525 2473.705078125
-68515 2471.97900390625
-68505 2469.7958984375
-68495 2466.507080078125
-68485 2464.51611328125
-68475 2462.1708984375
-68465 2459.236083984375
-68455 2455.799072265625
-68445 2450.739990234375
-68435 2445.0029296875
-68425 2438.02587890625
-68415 2431.006103515625
-68405 2425.326904296875
-68395 2420.416015625
-68385 2417.804931640625
-68375 2416.889892578125
-68365 2416.344970703125
-68355 2416.81689453125
-68345 2414.6630859375
-68335 2411.83203125
-68325 2409.737060546875
-68315 2407.87890625
-68305 2407.318115234375
-68295 2405.9169921875
-68285 2405.31201171875
-68275 2404.721923828125
-68265 2403.8369140625
-68255 2402.583984375
-68245 2400.489013671875
-68235 2400.7548828125
-68225 2403.985107421875
-68215 2406.404052734375
-68205 2403.0849609375
-68195 2399.51611328125
-68185 2399.383056640625
-68175 2400.22412109375
-68165 2400.593017578125
-68155 2400.77001953125
-68145 2402.215087890625
-68135 2403.2470703125
-68125 2398.718994140625
-68115 2391.919921875
-68105 2388.556884765625
-68095 2379.589111328125
-68085 2376.625
-68075 2374.618896484375
-68065 2370.636962890625
-68055 2370.592041015625
-68045 2371.123046875
-68035 2372.450927734375
-68025 2373.364990234375
-68015 2375.1650390625
-68005 2376.093994140625
-67995 2376.654052734375
-67985 2379.5009765625
-67975 2383.158935546875
-67965 2387.89306640625
-67955 2391.31494140625
-67945 2393.762939453125
-67935 2397.156005859375
-67925 2399.30908203125
-67915 2400.65087890625
-67905 2403.926025390625
-67895 2407.74609375
-67885 2411.6689453125
-67875 2415.2529296875
-67865 2416.0791015625
-67855 2416.06396484375
-67845 2419.944091796875
-67835 2424.4130859375
-67825 2428.631103515625
-67815 2436.861083984375
-67805 2439.944091796875
-67795 2436.153076171875
-67785 2424.60400390625
-67775 2427.0380859375
-67765 2439.35400390625
-67755 2439.44189453125
-67745 2435.445068359375
-67735 2423.364990234375
-67725 2412.112060546875
-67715 2400.548095703125
-67705 2391.31494140625
-67695 2383.60107421875
-67685 2377.510009765625
-67675 2375.97607421875
-67665 2374.6630859375
-67655 2373.73388671875
-67645 2372.02294921875
-67635 2370.873046875
-67625 2368.910888671875
-67615 2368.4541015625
-67605 2368.762939453125
-67595 2366.535888671875
-67585 2362.73095703125
-67575 2357.716064453125
-67565 2353.527099609375
-67555 2352.68701171875
-67545 2352.243896484375
-67535 2351.050048828125
-67525 2353.18798828125
-67515 2354.2060546875
-67505 2358.431884765625
-67495 2370.8369140625
-67485 2391.44091796875
-67475 2386.85205078125
-67465 2383.799072265625
-67455 2387.090087890625
-67445 2386.010986328125
-67435 2380.635986328125
-67425 2376.6689453125
-67415 2373.43310546875
-67405 2371.623046875
-67395 2369.410888671875
-67385 2367.7109375
-67375 2398.844970703125
-67365 2402.135009765625
-67355 2395.280029296875
-67345 2389.886962890625
-67335 2380.617919921875
-67325 2373.98193359375
-67315 2378.2958984375
-67305 2383.012939453125
-67295 2397.60205078125
-67285 2406.194091796875
-67275 2416.39501953125
-67265 2433.927001953125
-67255 2450.471923828125
-67245 2450.72802734375
-67235 2454.549072265625
-67225 2456.06591796875
-67215 2456.577880859375
-67205 2456.9990234375
-67195 2454.403076171875
-67185 2450.032958984375
-67175 2445.846923828125
-67165 2445.18896484375
-67155 2443.214111328125
-67145 2444.60400390625
-67135 2450.179931640625
-67125 2455.756103515625
-67115 2461.73388671875
-67105 2468.533935546875
-67095 2478.406005859375
-67085 2479.81396484375
-67075 2470.673095703125
-67065 2463.123046875
-67055 2456.798095703125
-67045 2451.14892578125
-67035 2446.23095703125
-67025 2448.93701171875
-67015 2445.756103515625
-67005 2437.364013671875
-66995 2430.58203125
-66985 2424.531005859375
-66975 2420.125
-66965 2413.762939453125
-66955 2405.60888671875
-66945 2398.955078125
-66935 2394.218994140625
-66925 2390.69091796875
-66915 2387.967041015625
-66905 2380.197998046875
-66895 2371.951904296875
-66885 2363.54296875
-66875 2357.30908203125
-66865 2352.64697265625
-66855 2349.7041015625
-66845 2342.573974609375
-66835 2334.695068359375
-66825 2310.215087890625
-66815 2299.574951171875
-66805 2288.9169921875
-66795 2280.452880859375
-66785 2270.031982421875
-66775 2260.324951171875
-66765 2249.77587890625
-66755 2245.114990234375
-66745 2240.72705078125
-66735 2235.93701171875
-66725 2229.81298828125
-66715 2225.05908203125
-66705 2219.93994140625
-66695 2216.3759765625
-66685 2214.56591796875
-66675 2213.833984375
-66665 2211.988037109375
-66655 2207.966064453125
-66645 2204.656982421875
-66635 2202.006103515625
-66625 2199.35498046875
-66615 2198.056884765625
-66605 2197.235107421875
-66595 2196.5029296875
-66585 2196.66796875
-66575 2198.239990234375
-66565 2201.47607421875
-66555 2202.8291015625
-66545 2202.68310546875
-66535 2202.35400390625
-66525 2202.572998046875
-66515 2200.7451171875
-66505 2196.412109375
-66495 2196.137939453125
-66485 2204.76708984375
-66475 2206.705078125
-66465 2206.010009765625
-66455 2206.66796875
-66445 2207.471923828125
-66435 2206.52197265625
-66425 2206.64990234375
-66415 2199.6298828125
-66405 2194.675048828125
-66395 2191.18408203125
-66385 2185.22412109375
-66375 2182.992919921875
-66365 2180.800048828125
-66355 2179.97705078125
-66345 2181.60400390625
-66335 2185.279052734375
-66325 2188.44091796875
-66315 2190.68994140625
-66305 2192.04296875
-66295 2192.7919921875
-66285 2193.157958984375
-66275 2194.034912109375
-66265 2195.4609375
-66255 2198.44091796875
-66245 2202.02392578125
-66235 2206.26611328125
-66225 2209.428955078125
-66215 2212.006103515625
-66205 2214.43798828125
-66195 2218.971923828125
-66185 2224.2548828125
-66175 2229.5380859375
-66165 2234.7119140625
-66155 2240.507080078125
-66145 2244.89501953125
-66135 2247.966064453125
-66125 2250.909912109375
-66115 2257.162109375
-66105 2262.537109375
-66095 2267.125
-66085 2272.554931640625
-66075 2279.155029296875
-66065 2285.6259765625
-66055 2292.3359375
-66045 2299.337890625
-66035 2305.7548828125
-66025 2312.903076171875
-66015 2319.6669921875
-66005 2325.81005859375
-65995 2333.488037109375
-65985 2346.194091796875
-65975 2357.25390625
-65965 2368.18701171875
-65955 2379.759033203125
-65945 2382.555908203125
-65935 2383.7080078125
-65925 2396.797119140625
-65915 2398.424072265625
-65905 2408.990966796875
-65895 2423.489013671875
-65885 2439.68603515625
-65875 2442.866943359375
-65865 2436.595947265625
-65855 2429.174072265625
-65845 2422.446044921875
-65835 2415.992919921875
-65825 2409.302001953125
-65815 2402.593017578125
-65805 2397.10791015625
-65795 2392.611083984375
-65785 2388.2958984375
-65775 2383.743896484375
-65765 2380.178955078125
-65755 2375.535888671875
-65745 2372.666015625
-65735 2368.825927734375
-65725 2365.388916015625
-65715 2361.970947265625
-65705 2358.424072265625
-65695 2354.803955078125
-65685 2351.823974609375
-65675 2348.662109375
-65665 2345.0048828125
-65655 2341.43994140625
-65645 2337.25390625
-65635 2332.757080078125
-65625 2328.368896484375
-65615 2324.10888671875
-65605 2319.794921875
-65595 2315.406982421875
-65585 2311.512939453125
-65575 2309.24609375
-65565 2308.660888671875
-65555 2307.947998046875
-65545 2307.1259765625
-65535 2305.97412109375
-65525 2302.756103515625
-65515 2298.971923828125
-65505 2294.47509765625
-65495 2289.77587890625
-65485 2285.406982421875
-65475 2280.672119140625
-65465 2276.9609375
-65455 2273.780029296875
-65445 2270.89208984375
-65435 2267.656005859375
-65425 2264.822021484375
-65415 2262.299072265625
-65405 2259.39208984375
-65395 2259.574951171875
-65385 2263.81591796875
-65375 2259.958984375
-65365 2256.137939453125
-65355 2251.055908203125
-65345 2244.7490234375
-65335 2240.507080078125
-65325 2237.10693359375
-65315 2229.117919921875
-65305 2228.405029296875
-65295 2225.791015625
-65285 2225.31494140625
-65275 2223.39599609375
-65265 2218.60595703125
-65255 2210.873046875
-65245 2201.93310546875
-65235 2193.5419921875
-65225 2189.06298828125
-65215 2190.5439453125
-65205 2190.343017578125
-65195 2189.19091796875
-65185 2188.2041015625
-65175 2187.014892578125
-65165 2185.47998046875
-65155 2183.68798828125
-65145 2182.407958984375
-65135 2179.574951171875
-65125 2176.94189453125
-65115 2174.236083984375
-65105 2171.47607421875
-65095 2170.050048828125
-65085 2169.84912109375
-65075 2169.008056640625
-65065 2167.27099609375
-65055 2163.487060546875
-65045 2157.27099609375
-65035 2152.06103515625
-65025 2149.48291015625
-65015 2148.659912109375
-65005 2147.861083984375
-64995 2146.47412109375
-64985 2145.469970703125
-64975 2145.10888671875
-64965 2146.6220703125
-64955 2148.052001953125
-64945 2147.429931640625
-64935 2146.430908203125
-64925 2146.681884765625
-64915 2146.5009765625
-64905 2145.698974609375
-64895 2145.469970703125
-64885 2143.951904296875
-64875 2141.9541015625
-64865 2138.9619140625
-64855 2134.39208984375
-64845 2130.2041015625
-64835 2125.322998046875
-64825 2120.283935546875
-64815 2115.260009765625
-64805 2110.571044921875
-64795 2106.4208984375
-64785 2102.47900390625
-64775 2097.882080078125
-64765 2094.283935546875
-64755 2092.193115234375
-64745 2090.761962890625
-64735 2086.77099609375
-64725 2084.139892578125
-64715 2084.15087890625
-64705 2084.172119140625
-64695 2080.48193359375
-64685 2076.260986328125
-64675 2070.489990234375
-64665 2064.18994140625
-64655 2056.64990234375
-64645 2049.64501953125
-64635 2043.64404296875
-64625 2039.4019775390625
-64615 2036.85205078125
-64605 2033.10205078125
-64595 2028.133056640625
-64585 2023.64501953125
-64575 2019.0419921875
-64565 2014.1510009765625
-64555 2009.5810546875
-64545 2004.10400390625
-64535 1999.2230224609375
-64525 1994.7960205078125
-64515 1989.6519775390625
-64505 1983.8599853515625
-64495 1977.3409423828125
-64485 1970.1829833984375
-64475 1964.1929931640625
-64465 1962.1300048828125
-64455 1961.758056640625
-64445 1961.906005859375
-64435 1961.64404296875
-64425 1962.29296875
-64415 1962.43505859375
-64405 1962.68603515625
-64395 1962.4949951171875
-64385 1962.7139892578125
-64375 1962.68603515625
-64365 1962.3919677734375
-64355 1962.5450439453125
-64345 1962.5770263671875
-64335 1962.3809814453125
-64325 1961.97705078125
-64315 1961.97705078125
-64305 1961.282958984375
-64295 1961.0379638671875
-64285 1960.5350341796875
-64275 1960.2080078125
-64265 1959.509033203125
-64255 1958.6729736328125
-64245 1958.137939453125
-64235 1957.77294921875
-64225 1957.1070556640625
-64215 1956.7239990234375
-64205 1956.762939453125
-64195 1957.9639892578125
-64185 1960.81396484375
-64175 1964.81005859375
-64165 1971.126953125
-64155 1978.1429443359375
-64145 1984.9620361328125
-64135 1991.93505859375
-64125 1998.4539794921875
-64115 2004.7650146484375
-64105 2013.6209716796875
-64095 2028.2640380859375
-64085 2045.31005859375
-64075 2059.172119140625
-64065 2066.193115234375
-64055 2064.801025390625
-64045 2064.303955078125
-64035 2065.35302734375
-64025 2070.381103515625
-64015 2077.303955078125
-64005 2085.903076171875
-63995 2096.33203125
-63985 2103.98095703125
-63975 2113.7919921875
-63965 2125.251953125
-63955 2132.841064453125
-63945 2144.050048828125
-63935 2151.93896484375
-63925 2160.98095703125
-63915 2169.65087890625
-63905 2177.300048828125
-63895 2191.222900390625
-63885 2200.1708984375
-63875 2216.589111328125
-63865 2233.362060546875
-63855 2241.300048828125
-63845 2246.52001953125
-63835 2252.302001953125
-63825 2253.09912109375
-63815 2241.889892578125
-63805 2235.73095703125
-63795 2222.819091796875
-63785 2215.322021484375
-63775 2208.39892578125
-63765 2202.27294921875
-63755 2195.552001953125
-63745 2183.110107421875
-63735 2172.780029296875
-63725 2162.0400390625
-63715 2155.138916015625
-63705 2150.180908203125
-63695 2146.47412109375
-63685 2145
-63675 2148.58203125
-63665 2149.552978515625
-63655 2149.89208984375
-63645 2150.93994140625
-63635 2152
-63625 2154.364013671875
-63615 2155.3740234375
-63605 2157.093994140625
-63595 2160.342041015625
-63585 2161.531982421875
-63575 2161.389892578125
-63565 2161.2099609375
-63555 2159.260986328125
-63545 2160.162109375
-63535 2159.533935546875
-63525 2158.382080078125
-63515 2160.712890625
-63505 2162.510009765625
-63495 2162.089111328125
-63485 2160.5439453125
-63475 2160.12890625
-63465 2163.4599609375
-63455 2166.162109375
-63445 2169.569091796875
-63435 2195.60205078125
-63425 2200.02392578125
-63415 2197.070068359375
-63405 2180.4609375
-63395 2183.2900390625
-63385 2182.214111328125
-63375 2183.339111328125
-63365 2185.260986328125
-63355 2187.782958984375
-63345 2188.81005859375
-63335 2189.698974609375
-63325 2191.970947265625
-63315 2192.069091796875
-63305 2191.321044921875
-63295 2191.031982421875
-63285 2194.821044921875
-63275 2194.531005859375
-63265 2195.842041015625
-63255 2196.300048828125
-63245 2195.5419921875
-63235 2199.242919921875
-63225 2204.282958984375
-63215 2210.884033203125
-63205 2217.572021484375
-63195 2223.822998046875
-63185 2230.3310546875
-63175 2236.35400390625
-63165 2242.943115234375
-63155 2239.373046875
-63145 2228.693115234375
-63135 2224.839111328125
-63125 2220.14892578125
-63115 2213.27001953125
-63105 2204.4140625
-63095 2192.7509765625
-63085 2182.531005859375
-63075 2176.158935546875
-63065 2169.6240234375
-63055 2163.491943359375
-63045 2156.81005859375
-63035 2151.14208984375
-63025 2147.532958984375
-63015 2146.260986328125
-63005 2139.763916015625
-62995 2132.77001953125
-62985 2123.5810546875
-62975 2118.552978515625
-62965 2109.909912109375
-62955 2106.75390625
-62945 2105.721923828125
-62935 2094.56298828125
-62925 2087.409912109375
-62915 2084.701904296875
-62905 2077.81201171875
-62895 2071.843994140625
-62885 2074.591064453125
-62875 2064.85009765625
-62865 2059.930908203125
-62855 2056.7529296875
-62845 2046.8709716796875
-62835 2036.77099609375
-62825 2030.1810302734375
-62815 2025.2939453125
-62805 2021.2919921875
-62795 2020.27099609375
-62785 2018.7530517578125
-62775 2014.8819580078125
-62765 2009.280029296875
-62755 2002.9420166015625
-62745 1992.3499755859375
-62735 1989.094970703125
-62725 1987.7139892578125
-62715 1981.375
-62705 1975.18896484375
-62695 1963.2110595703125
-62685 1953.7919921875
-62675 1943.905029296875
-62665 1934.738037109375
-62655 1924.5770263671875
-62645 1914.760009765625
-62635 1905.31494140625
-62625 1897.425048828125
-62615 1889.9560546875
-62605 1883.0660400390625
-62595 1874.1390380859375
-62585 1863.4000244140625
-62575 1849.72900390625
-62565 1839.1689453125
-62555 1825.1600341796875
-62545 1813.2569580078125
-62535 1803.7080078125
-62525 1796.14599609375
-62515 1790.64794921875
-62505 1785.531982421875
-62495 1782.4730224609375
-62485 1778.9520263671875
-62475 1775.280029296875
-62465 1771.2919921875
-62455 1767.9930419921875
-62445 1764.791015625
-62435 1761.7879638671875
-62425 1758.9100341796875
-62415 1755.4110107421875
-62405 1752.012939453125
-62395 1748.18798828125
-62385 1744.54296875
-62375 1740.741943359375
-62365 1738.511962890625
-62355 1735.3699951171875
-62345 1731.2559814453125
-62335 1726.5579833984375
-62325 1721.72900390625
-62315 1717.2939453125
-62305 1710.8680419921875
-62295 1706.9599609375
-62285 1701.8509521484375
-62275 1700.510009765625
-62265 1699.7860107421875
-62255 1699.7530517578125
-62245 1701.530029296875
-62235 1702.8709716796875
-62225 1710.366943359375
-62215 1718.8819580078125
-62205 1726.261962890625
-62195 1733.3289794921875
-62185 1741.4329833984375
-62175 1749.1669921875
-62165 1756.9010009765625
-62155 1764.89697265625
-62145 1772.39404296875
-62135 1779.7969970703125
-62125 1787.9930419921875
-62115 1795.0770263671875
-62105 1802.958984375
-62095 1812.5030517578125
-62085 1820.18701171875
-62075 1827.5670166015625
-62065 1837.365966796875
-62055 1844.31005859375
-62045 1850.407958984375
-62035 1857.385009765625
-62025 1865.7440185546875
-62015 1874.906982421875
-62005 1884.9219970703125
-61995 1893.404052734375
-61985 1901.2530517578125
-61975 1908.22998046875
-61965 1915.5439453125
-61955 1924.387939453125
-61945 1933.3719482421875
-61935 1942.760009765625
-61925 1951.1519775390625
-61915 1960.3599853515625
-61905 1968.4310302734375
-61895 1977.241943359375
-61885 1986.2509765625
-61875 1994.3800048828125
-61865 2000.5670166015625
-61855 2006.4169921875
-61845 2011.261962890625
-61835 2016.1080322265625
-61825 2020.4200439453125
-61815 2026.0899658203125
-61805 2029.594970703125
-61795 2033.928955078125
-61785 2039.8199462890625
-61775 2045.4219970703125
-61765 2051.139892578125
-61755 2065.448974609375
-61745 2081.60009765625
-61735 2098.071044921875
-61725 2105.739013671875
-61715 2115.26611328125
-61705 2127.409912109375
-61695 2134.056884765625
-61685 2139.3720703125
-61675 2147.132080078125
-61665 2154.093017578125
-61655 2164.261962890625
-61645 2172.62109375
-61635 2179.614013671875
-61625 2187.882080078125
-61615 2195.912109375
-61605 2204.197021484375
-61595 2207.281982421875
-61585 2211.569091796875
-61575 2219.9609375
-61565 2223.39208984375
-61555 2230.550048828125
-61545 2235.7099609375
-61535 2242.487060546875
-61525 2246.529052734375
-61515 2250.35400390625
-61505 2253.208984375
-61495 2255.158935546875
-61485 2253.843017578125
-61475 2252.367919921875
-61465 2250.139892578125
-61455 2248.799072265625
-61445 2248.01806640625
-61435 2248.610107421875
-61425 2249.217041015625
-61415 2250.409912109375
-61405 2256.60693359375
-61395 2258.031005859375
-61385 2259.68408203125
-61375 2262.218017578125
-61365 2265.60791015625
-61355 2269.944091796875
-61345 2274.551025390625
-61335 2281.528076171875
-61325 2287.279052734375
-61315 2298.451904296875
-61305 2319.200927734375
-61295 2332.513916015625
-61285 2333.321044921875
-61275 2343.677001953125
-61265 2349.281982421875
-61255 2357.443115234375
-61245 2363.448974609375
-61235 2371.718017578125
-61225 2376.52197265625
-61215 2381.8369140625
-61205 2387.301025390625
-61195 2394.885986328125
-61185 2407.614013671875
-61175 2413.471923828125
-61165 2416.910888671875
-61155 2422.384033203125
-61145 2428.833984375
-61135 2434.591064453125
-61125 2440.443115234375
-61115 2443.339111328125
-61105 2447.139892578125
-61095 2451.968994140625
-61085 2456.37109375
-61075 2453.97705078125
-61065 2448.9169921875
-61055 2443.80810546875
-61045 2439.337890625
-61035 2435.424072265625
-61025 2437.341064453125
-61015 2438.095947265625
-61005 2440.919921875
-60995 2432.68310546875
-60985 2421.52001953125
-60975 2409.1279296875
-60965 2397.9140625
-60955 2389.430908203125
-60945 2381.319091796875
-60935 2374.77001953125
-60925 2364.280029296875
-60915 2354.62109375
-60905 2348.1689453125
-60895 2342.427978515625
-60885 2337.721923828125
-60875 2320.51708984375
-60865 2306.967041015625
-60855 2298.123046875
-60845 2288.258056640625
-60835 2280.031005859375
-60825 2271.902099609375
-60815 2263.846923828125
-60805 2256.862060546875
-60795 2249.89404296875
-60785 2242.949951171875
-60775 2235.947998046875
-60765 2229.342041015625
-60755 2222.799072265625
-60745 2216.425048828125
-60735 2210.5
-60725 2205.118896484375
-60715 2199.74609375
-60705 2194.85107421875
-60695 2189.469970703125
-60685 2184.220947265625
-60675 2179.4580078125
-60665 2174.77587890625
-60655 2170.02099609375
-60645 2166.43408203125
-60635 2161.070068359375
-60625 2156.3779296875
-60615 2151.169921875
-60605 2146.153076171875
-60595 2141.069091796875
-60585 2135.968017578125
-60575 2131.5419921875
-60565 2126.56201171875
-60555 2122.6298828125
-60545 2118.277099609375
-60535 2115.25
-60525 2111.760986328125
-60515 2109.909912109375
-60505 2105.7470703125
-60495 2101.666015625
-60485 2099.0009765625
-60475 2092.443115234375
-60465 2085.68896484375
-60455 2080.760009765625
-60445 2076.0791015625
-60435 2069.89208984375
-60425 2062.22412109375
-60415 2058.741943359375
-60405 2052.011962890625
-60395 2044.1309814453125
-60385 2037.031005859375
-60375 2032.3409423828125
-60365 2023.0770263671875
-60355 2016.010009765625
-60345 2007.9300537109375
-60335 2004.0880126953125
-60325 1995.968017578125
-60315 1988.9329833984375
-60305 1978.8299560546875
-60295 1971.0140380859375
-60285 1965.262939453125
-60275 1955.488037109375
-60265 1948.5679931640625
-60255 1942.282958984375
-60245 1935.248046875
-60235 1928.9129638671875
-60225 1922.06005859375
-60215 1914.0880126953125
-60205 1907.4560546875
-60195 1900.1590576171875
-60185 1892.3919677734375
-60175 1886.987060546875
-60165 1877.3929443359375
-60155 1869.758056640625
-60145 1862.7490234375
-60135 1855.904052734375
-60125 1846.448974609375
-60115 1838.887939453125
-60105 1831.531982421875
-60095 1826.241943359375
-60085 1821.741943359375
-60075 1818.031005859375
-60065 1814.634033203125
-60055 1809.2779541015625
-60045 1803.35400390625
-60035 1796.656982421875
-60025 1790.758056640625
-60015 1785.343994140625
-60005 1781.1739501953125
-59995 1777.845947265625
-59985 1771.18603515625
-59975 1767.7120361328125
-59965 1765.9549560546875
-59955 1762.9659423828125
-59945 1758.8740234375
-59935 1753.7349853515625
-59925 1745.7249755859375
-59915 1737.6519775390625
-59905 1735.39697265625
-59895 1739.0260009765625
-59885 1743.10302734375
-59875 1748.0340576171875
-59865 1753.1600341796875
-59855 1758.6009521484375
-59845 1765.156005859375
-59835 1770.321044921875
-59825 1775.511962890625
-59815 1781.176025390625
-59805 1787.428955078125
-59795 1794.2459716796875
-59785 1802.427001953125
-59775 1808.5489501953125
-59765 1816.2440185546875
-59755 1823.218994140625
-59745 1831.385986328125
-59735 1841.5830078125
-59725 1851.6669921875
-59715 1863.5050048828125
-59705 1879.864990234375
-59695 1888.5830078125
-59685 1904.39404296875
-59675 1907.029052734375
-59665 1916.4549560546875
-59655 1926.6669921875
-59645 1932.551025390625
-59635 1943.64404296875
-59625 1941.3759765625
-59615 1945.51904296875
-59605 1948.010009765625
-59595 1949.030029296875
-59585 1959.0849609375
-59575 1967.136962890625
-59565 1976.0250244140625
-59555 1999.738037109375
-59545 2019.323974609375
-59535 2022.9580078125
-59525 2022.6300048828125
-59515 2020.3990478515625
-59505 2015.3280029296875
-59495 2012.2080078125
-59485 2009.6490478515625
-59475 2003.843994140625
-59465 1994.572998046875
-59455 1985.488037109375
-59445 1974.1610107421875
-59435 1951.405029296875
-59425 1930.4429931640625
-59415 1916.18994140625
-59405 1906.2159423828125
-59395 1899.884033203125
-59385 1891.675048828125
-59375 1878.553955078125
-59365 1867.751953125
-59355 1859.385986328125
-59345 1853.1610107421875
-59335 1854.656005859375
-59325 1848.717041015625
-59315 1843.614990234375
-59305 1838.333984375
-59295 1833.7850341796875
-59285 1833.2740478515625
-59275 1835.0150146484375
-59265 1825.3680419921875
-59255 1817.3299560546875
-59245 1809.4010009765625
-59235 1800.7750244140625
-59225 1789.3299560546875
-59215 1778.35498046875
-59205 1761.10498046875
-59195 1754.260986328125
-59185 1756.7130126953125
-59175 1740.2340087890625
-59165 1724.843017578125
-59155 1712.8590087890625
-59145 1697.06396484375
-59135 1683.967041015625
-59125 1668.9439697265625
-59115 1655.6109619140625
-59105 1647.405029296875
-59095 1639.3289794921875
-59085 1631.698974609375
-59075 1624.030029296875
-59065 1613.8179931640625
-59055 1606.030029296875
-59045 1598.1910400390625
-59035 1590.77099609375
-59025 1583.2850341796875
-59015 1576.428955078125
-59005 1569.2049560546875
-58995 1562.4139404296875
-58985 1556.7249755859375
-58975 1551.4940185546875
-58965 1547.155029296875
-58955 1543.301025390625
-58945 1539.551025390625
-58935 1537.68994140625
-58925 1537.23095703125
-58915 1536.6280517578125
-58905 1535.7490234375
-58895 1534.635009765625
-58885 1535.4739990234375
-58875 1535.9200439453125
-58865 1538.803955078125
-58855 1541.0460205078125
-58845 1544.4019775390625
-58835 1548.26904296875
-58825 1552.3330078125
-58815 1557.1180419921875
-58805 1562.821044921875
-58795 1568.3919677734375
-58785 1573.8070068359375
-58775 1579.6800537109375
-58765 1585.43505859375
-58755 1590.613037109375
-58745 1596.3289794921875
-58735 1601.56005859375
-58725 1607.2760009765625
-58715 1612.7950439453125
-58705 1620.0050048828125
-58695 1630.6240234375
-58685 1645.3590087890625
-58675 1659.885009765625
-58665 1669.822021484375
-58655 1681.0830078125
-58645 1693.406005859375
-58635 1705.2969970703125
-58625 1706.8179931640625
-58615 1706.9090576171875
-58605 1713.22802734375
-58595 1720.1500244140625
-58585 1727.5439453125
-58575 1734.9119873046875
-58565 1742.4630126953125
-58555 1748.5460205078125
-58545 1755.677001953125
-58535 1766.5059814453125
-58525 1776.2330322265625
-58515 1787.0360107421875
-58505 1796.842041015625
-58495 1803.5670166015625
-58485 1812.427001953125
-58475 1820.740966796875
-58465 1826.8370361328125
-58455 1834.1629638671875
-58445 1841.83203125
-58435 1851.1949462890625
-58425 1860.6199951171875
-58415 1870.8199462890625
-58405 1880.927001953125
-58395 1890.8909912109375
-58385 1909.3360595703125
-58375 1915.864990234375
-58365 1920.925048828125
-58355 1927.0450439453125
-58345 1933.968994140625
-58335 1941.4420166015625
-58325 1950.2249755859375
-58315 1958.301025390625
-58305 1968.0780029296875
-58295 1974.8060302734375
-58285 1982.4749755859375
-58275 1988.0860595703125
-58265 1992.844970703125
-58255 1997.302001953125
-58245 2000.657958984375
-58235 2006.583984375
-58225 2014.344970703125
-58215 2018.9439697265625
-58205 2022.616943359375
-58195 2024.2139892578125
-58185 2026.259033203125
-58175 2029.81396484375
-58165 2030.5350341796875
-58155 2033.0260009765625
-58145 2036.5
-58135 2038.8310546875
-58125 2043.3409423828125
-58115 2047.6800537109375
-58105 2051.875
-58095 2056.764892578125
-58085 2061.736083984375
-58075 2066.06005859375
-58065 2071.10693359375
-58055 2074.845947265625
-58045 2079.10400390625
-58035 2083.863037109375
-58025 2088.34912109375
-58015 2092.26611328125
-58005 2098.073974609375
-57995 2104.487060546875
-57985 2110.739990234375
-57975 2116.965087890625
-57965 2123.10009765625
-57955 2127.39990234375
-57945 2129.326904296875
-57935 2129.9169921875
-57925 2129.592041015625
-57915 2128.304931640625
-57905 2125.840087890625
-57895 2121.594970703125
-57885 2117.35791015625
-57875 2111.10498046875
-57865 2104.406005859375
-57855 2098.467041015625
-57845 2093.77392578125
-57835 2090.10302734375
-57825 2088.716064453125
-57815 2086.22509765625
-57805 2083.73193359375
-57795 2083.48291015625
-57785 2083.534912109375
-57775 2084.715087890625
-57765 2088.201904296875
-57755 2088.635009765625
-57745 2089.592041015625
-57735 2091.43994140625
-57725 2093.56396484375
-57715 2094.326904296875
-57705 2094.154052734375
-57695 2094.533935546875
-57685 2095.373046875
-57675 2094.66796875
-57665 2091.6240234375
-57655 2088.7919921875
-57645 2086.5400390625
-57635 2085.199951171875
-57625 2083.783935546875
-57615 2083.800048828125
-57605 2084.007080078125
-57595 2084.1669921875
-57585 2081.806884765625
-57575 2078.68701171875
-57565 2078.54296875
-57555 2076.864990234375
-57545 2072.889892578125
-57535 2072.654052734375
-57525 2067.216064453125
-57515 2070.044921875
-57505 2069.492919921875
-57495 2070.1708984375
-57485 2070.0830078125
-57475 2071.02099609375
-57465 2070.804931640625
-57455 2070.632080078125
-57445 2069.65087890625
-57435 2068.885986328125
-57425 2070.992919921875
-57415 2072.449951171875
-57405 2073.489013671875
-57395 2074.052001953125
-57385 2074.297119140625
-57375 2075.2060546875
-57365 2077.02392578125
-57355 2078.322998046875
-57345 2079.261962890625
-57335 2080.02490234375
-57325 2080.906005859375
-57315 2080.68896484375
-57305 2079.47705078125
-57295 2078.220947265625
-57285 2077.544921875
-57275 2075.52490234375
-57265 2074.325927734375
-57255 2075.032958984375
-57245 2077.010009765625
-57235 2080.93505859375
-57225 2085.279052734375
-57215 2089.201904296875
-57205 2093.73193359375
-57195 2097.06494140625
-57185 2097.512939453125
-57175 2095.089111328125
-57165 2093.053955078125
-57155 2090.1259765625
-57145 2084.614013671875
-57135 2078.697998046875
-57125 2072.912109375
-57115 2068.569091796875
-57105 2065.177978515625
-57095 2060.013916015625
-57085 2055.424072265625
-57075 2051.282958984375
-57065 2046.0880126953125
-57055 2040.737060546875
-57045 2035.8890380859375
-57035 2031.1689453125
-57025 2026.406982421875
-57015 2022.238037109375
-57005 2019.541015625
-56995 2016.654052734375
-56985 2014.6199951171875
-56975 2012.758056640625
-56965 2011.18603515625
-56955 2008.676025390625
-56945 2006.625
-56935 2004.635986328125
-56925 2002.7740478515625
-56915 2001.259033203125
-56905 1999.166015625
-56895 1996.5970458984375
-56885 1994.6929931640625
-56875 1992.1829833984375
-56865 1990.467041015625
-56855 1987.5660400390625
-56845 1984.491943359375
-56835 1982.126953125
-56825 1979.5140380859375
-56815 1975.532958984375
-56805 1971.5059814453125
-56795 1967.696044921875
-56785 1963.2960205078125
-56775 1959.5460205078125
-56765 1955.2440185546875
-56755 1949.7039794921875
-56745 1944.1639404296875
-56735 1939.7919921875
-56725 1935.6949462890625
-56715 1930.7020263671875
-56705 1924.7989501953125
-56695 1918.552001953125
-56685 1912.56396484375
-56675 1905.5670166015625
-56665 1900.2860107421875
-56655 1895.885009765625
-56645 1890.9930419921875
-56635 1885.364990234375
-56625 1878.5560302734375
-56615 1871.1390380859375
-56605 1865.3389892578125
-56595 1860.04296875
-56585 1853.85400390625
-56575 1848.615966796875
-56565 1843.81201171875
-56555 1839.468994140625
-56545 1833.6240234375
-56535 1827.2760009765625
-56525 1821.344970703125
-56515 1813.9300537109375
-56505 1806.77099609375
-56495 1799.4139404296875
-56485 1792.0550537109375
-56475 1786.614013671875
-56465 1780.0069580078125
-56455 1771.8260498046875
-56445 1764.9439697265625
-56435 1758.7099609375
-56425 1751.6240234375
-56415 1745.3199462890625
-56405 1738.7110595703125
-56395 1733.9940185546875
-56385 1727.154052734375
-56375 1721.5699462890625
-56365 1715.655029296875
-56355 1711.3399658203125
-56345 1704.947998046875
-56335 1698.093017578125
-56325 1691.22705078125
-56315 1683.7659912109375
-56305 1679.6400146484375
-56295 1674.56103515625
-56285 1668.4720458984375
-56275 1663.001953125
-56265 1655.31298828125
-56255 1648.0550537109375
-56245 1640.625
-56235 1633.7979736328125
-56225 1634.56396484375
-56215 1630.0770263671875
-56205 1625.4449462890625
-56195 1618.967041015625
-56185 1615.5760498046875
-56175 1612.8489990234375
-56165 1611.2889404296875
-56155 1610.698974609375
-56145 1609.6309814453125
-56135 1609.241943359375
-56125 1608.4320068359375
-56115 1602.719970703125
-56105 1591.8699951171875
-56095 1581.8699951171875
-56085 1574.1939697265625
-56075 1571.0780029296875
-56065 1566.4169921875
-56055 1556.6629638671875
-56045 1548.81396484375
-56035 1543.0999755859375
-56025 1537.053955078125
-56015 1530.9510498046875
-56005 1523.0150146484375
-55995 1514.675048828125
-55985 1508.4129638671875
-55975 1503.115966796875
-55965 1496.39404296875
-55955 1489.366943359375
-55945 1483.9849853515625
-55935 1477.9969482421875
-55925 1474.2740478515625
-55915 1469.123046875
-55905 1462.5579833984375
-55895 1456.35400390625
-55885 1450.39501953125
-55875 1445.012939453125
-55865 1439.2559814453125
-55855 1434.4940185546875
-55845 1431.5360107421875
-55835 1427.9429931640625
-55825 1422.9510498046875
-55815 1418.4639892578125
-55805 1413.845947265625
-55795 1410.1090087890625
-55785 1406.2569580078125
-55775 1401.970947265625
-55765 1399.1290283203125
-55755 1394.093017578125
-55745 1390.2840576171875
-55735 1386.0560302734375
-55725 1380.2850341796875
-55715 1375.43701171875
-55705 1371.9449462890625
-55695 1369.4339599609375
-55685 1368.280029296875
-55675 1368.0780029296875
-55665 1369.593017578125
-55655 1371.8299560546875
-55645 1376.3890380859375
-55635 1381.612060546875
-55625 1385.2769775390625
-55615 1391.467041015625
-55605 1398.0040283203125
-55595 1403.7750244140625
-55585 1409.114013671875
-55575 1413.154052734375
-55565 1416.5589599609375
-55555 1419.97900390625
-55545 1422.8790283203125
-55535 1425.822021484375
-55525 1428.737060546875
-55515 1431.593994140625
-55505 1434.3929443359375
-55495 1437.1199951171875
-55485 1439.60205078125
-55475 1443.9739990234375
-55465 1447.407958984375
-55455 1452.0250244140625
-55445 1457.89599609375
-55435 1463.928955078125
-55425 1470.594970703125
-55415 1475.760986328125
-55405 1478.4300537109375
-55395 1482.31103515625
-55385 1484.8070068359375
-55375 1485.6729736328125
-55365 1486.842041015625
-55355 1489.8580322265625
-55345 1494.3740234375
-55335 1498.095947265625
-55325 1501.991943359375
-55315 1505.2239990234375
-55305 1508.7449951171875
-55295 1512.6259765625
-55285 1515.166015625
-55275 1516.824951171875
-55265 1520.0279541015625
-55255 1522.0050048828125
-55245 1524.8170166015625
-55235 1526.3909912109375
-55225 1528.1949462890625
-55215 1529.0030517578125
-55205 1530.93701171875
-55195 1534.7020263671875
-55185 1539.7669677734375
-55175 1544.3409423828125
-55165 1549.6650390625
-55155 1555.81201171875
-55145 1562.8370361328125
-55135 1570.385009765625
-55125 1577.468994140625
-55115 1587.583984375
-55105 1598.031005859375
-55095 1608.0150146484375
-55085 1613.843017578125
-55075 1616.9739990234375
-55065 1616.845947265625
-55055 1615.1719970703125
-55045 1616.06494140625
-55035 1618.14404296875
-55025 1617.781982421875
-55015 1619.155029296875
-55005 1625.85498046875
-54995 1633.489013671875
-54985 1636.9539794921875
-54975 1640.376953125
-54965 1645.1920166015625
-54955 1648.18896484375
-54945 1650.197998046875
-54935 1652.70703125
-54925 1656.001953125
-54915 1658.39404296875
-54905 1660.7320556640625
-54895 1662.635009765625
-54885 1663.4959716796875
-54875 1662.635009765625
-54865 1661.3170166015625
-54855 1660.1689453125
-54845 1661.8160400390625
-54835 1666.1639404296875
-54825 1671.531982421875
-54815 1677.633056640625
-54805 1684.3719482421875
-54795 1689.239990234375
-54785 1693.0670166015625
-54775 1697.2869873046875
-54765 1701.9849853515625
-54755 1705.759033203125
-54745 1712.3060302734375
-54735 1716.5689697265625
-54725 1721.0009765625
-54715 1726.8690185546875
-54705 1731.737060546875
-54695 1736.10595703125
-54685 1738.2320556640625
-54675 1741.5799560546875
-54665 1745.279052734375
-54655 1747.363037109375
-54645 1750.041015625
-54635 1751.52001953125
-54625 1754.0909423828125
-54615 1758.2259521484375
-54605 1759.842041015625
-54595 1758.1729736328125
-54585 1755.9940185546875
-54575 1756.9610595703125
-54565 1758.969970703125
-54555 1762.64794921875
-54545 1765.4329833984375
-54535 1765.9959716796875
-54525 1765.0389404296875
-54515 1763.530029296875
-54505 1760.373046875
-54495 1757.0350341796875
-54485 1754.5799560546875
-54475 1752.177001953125
-54465 1748.7869873046875
-54455 1745.375
-54445 1742.0159912109375
-54435 1739.6240234375
-54425 1736.9990234375
-54415 1734.363037109375
-54405 1731.6199951171875
-54395 1727.4749755859375
-54385 1723.47802734375
-54375 1718.364990234375
-54365 1712.677978515625
-54355 1707.1409912109375
-54345 1701.677001953125
-54335 1695.2889404296875
-54325 1689.0810546875
-54315 1683.9150390625
-54305 1678.133056640625
-54295 1671.3929443359375
-54285 1663.261962890625
-54275 1654.7900390625
-54265 1647.8389892578125
-54255 1640.68603515625
-54245 1633.2120361328125
-54235 1626.0689697265625
-54225 1619.4580078125
-54215 1612.5059814453125
-54205 1603.7259521484375
-54195 1596.10498046875
-54185 1588.0050048828125
-54175 1579.406005859375
-54165 1572.3900146484375
-54155 1563.886962890625
-54145 1556.1700439453125
-54135 1548.612060546875
-54125 1540.884033203125
-54115 1532.8170166015625
-54105 1525.18505859375
-54095 1519.2120361328125
-54085 1511.323974609375
-54075 1502.5860595703125
-54065 1493.4339599609375
-54055 1484.31298828125
-54045 1476.342041015625
-54035 1469.9859619140625
-54025 1463.958984375
-54015 1458.18701171875
-54005 1451.1080322265625
-53995 1445.4320068359375
-53985 1440.0849609375
-53975 1435.6629638671875
-53965 1431.8360595703125
-53955 1428.3499755859375
-53945 1425.7139892578125
-53935 1422.238037109375
-53925 1419.0810546875
-53915 1415.4990234375
-53905 1412.3310546875
-53895 1409.1519775390625
-53885 1404.58203125
-53875 1401.3719482421875
-53865 1400.2030029296875
-53855 1398.906005859375
-53845 1399.02294921875
-53835 1392.9749755859375
-53825 1389.7010498046875
-53815 1387.9150390625
-53805 1385.012939453125
-53795 1379.8900146484375
-53785 1383.407958984375
-53775 1388.074951171875
-53765 1387.39501953125
-53755 1386.1400146484375
-53745 1384.885986328125
-53735 1385.843017578125
-53725 1389.425048828125
-53715 1395.5369873046875
-53705 1403.987060546875
-53695 1413.7239990234375
-53685 1417.8690185546875
-53675 1422.1949462890625
-53665 1424.7149658203125
-53655 1430.5169677734375
-53645 1436.991943359375
-53635 1443.4649658203125
-53625 1450.7679443359375
-53615 1457.5699462890625
-53605 1463.447998046875
-53595 1470.9420166015625
-53585 1478.8719482421875
-53575 1486.322998046875
-53565 1493.4019775390625
-53555 1498.9100341796875
-53545 1504.052978515625
-53535 1507.4649658203125
-53525 1512.0889892578125
-53515 1516.032958984375
-53505 1520.14599609375
-53495 1525.1209716796875
-53485 1531.7010498046875
-53475 1536.4949951171875
-53465 1541.5860595703125
-53455 1546.4759521484375
-53445 1551.737060546875
-53435 1555.2449951171875
-53425 1557.3800048828125
-53415 1559.9959716796875
-53405 1563.322998046875
-53395 1566.427001953125
-53385 1569.0419921875
-53375 1572.135009765625
-53365 1574.324951171875
-53355 1575.35595703125
-53345 1578.5550537109375
-53335 1580.384033203125
-53325 1581.383056640625
-53315 1582.4990234375
-53305 1585.6240234375
-53295 1588.802001953125
-53285 1588.0579833984375
-53275 1585.571044921875
-53265 1582.594970703125
-53255 1581.510009765625
-53245 1578.7249755859375
-53235 1575.0260009765625
-53225 1573.56005859375
-53215 1575.3349609375
-53205 1577.5560302734375
-53195 1578.0660400390625
-53185 1576.5250244140625
-53175 1574.633056640625
-53165 1572.551025390625
-53155 1568.2340087890625
-53145 1566.1190185546875
-53135 1564.1199951171875
-53125 1562.0159912109375
-53115 1561.27197265625
-53105 1557.4449462890625
-53095 1555.4580078125
-53085 1554.373046875
-53075 1553.0770263671875
-53065 1552.385986328125
-53055 1552.9169921875
-53045 1553.1610107421875
-53035 1553.1300048828125
-53025 1552.4169921875
-53015 1551.280029296875
-53005 1548.697021484375
-52995 1547.5810546875
-52985 1545.8380126953125
-52975 1544.2010498046875
-52965 1542.3409423828125
-52955 1542.7550048828125
-52945 1542.7230224609375
-52935 1540.43798828125
-52925 1539.0240478515625
-52915 1537.77001953125
-52905 1536.9730224609375
-52895 1536.197021484375
-52885 1534.6240234375
-52875 1533.198974609375
-52865 1530.0849609375
-52855 1528.0009765625
-52845 1526.6199951171875
-52835 1525.0360107421875
-52825 1522.718994140625
-52815 1520.01904296875
-52805 1515.6180419921875
-52795 1507.06103515625
-52785 1496.4959716796875
-52775 1484.5799560546875
-52765 1477.6920166015625
-52755 1468.8060302734375
-52745 1456.125
-52735 1451.2879638671875
-52725 1460.4189453125
-52715 1466.3079833984375
-52705 1473.1429443359375
-52695 1481.008056640625
-52685 1486.0999755859375
-52675 1489.6500244140625
-52665 1488.864013671875
-52655 1491.8819580078125
-52645 1492.9139404296875
-52635 1493.614990234375
-52625 1489.5439453125
-52615 1486.0999755859375
-52605 1478.2769775390625
-52595 1476.7249755859375
-52585 1484.9310302734375
-52575 1491.5
-52565 1497.9840087890625
-52555 1502.1190185546875
-52545 1506.3389892578125
-52535 1510.176025390625
-52525 1509.5699462890625
-52515 1509.9949951171875
-52505 1509.0050048828125
-52495 1506.8680419921875
-52485 1506.9329833984375
-52475 1506.717041015625
-52465 1504.85400390625
-52455 1500.93896484375
-52445 1501.10205078125
-52435 1497.8609619140625
-52425 1496.9830322265625
-52415 1497.5250244140625
-52405 1495.302978515625
-52395 1492.7989501953125
-52385 1490.8160400390625
-52375 1489.2769775390625
-52365 1487.552978515625
-52355 1486.5450439453125
-52345 1485.3199462890625
-52335 1483.3590087890625
-52325 1480.89794921875
-52315 1478.740966796875
-52305 1476.095947265625
-52295 1472.552001953125
-52285 1469.2679443359375
-52275 1465.4849853515625
-52265 1461.907958984375
-52255 1460.02197265625
-52245 1456.8570556640625
-52235 1455.0250244140625
-52225 1450.625
-52215 1448.0560302734375
-52205 1442.7969970703125
-52195 1438.051025390625
-52185 1432.739990234375
-52175 1427.3079833984375
-52165 1421.29296875
-52155 1415.7650146484375
-52145 1410.8990478515625
-52135 1405.501953125
-52125 1400.385986328125
-52115 1395.7669677734375
-52105 1391.094970703125
-52095 1387.35595703125
-52085 1384.1259765625
-52075 1384.4620361328125
-52065 1382.468994140625
-52055 1379.81201171875
-52045 1375.1619873046875
-52035 1370.72900390625
-52025 1366.133056640625
-52015 1360.7349853515625
-52005 1359.552978515625
-51995 1356.6490478515625
-51985 1356.1390380859375
-51975 1356.508056640625
-51965 1352.85498046875
-51955 1348.365966796875
-51945 1346.708984375
-51935 1345.81005859375
-51925 1342.5250244140625
-51915 1337.800048828125
-51905 1334.991943359375
-51895 1332.4000244140625
-51885 1329.9849853515625
-51875 1327.5439453125
-51865 1323.72998046875
-51855 1321.2139892578125
-51845 1317.8990478515625
-51835 1315.2330322265625
-51825 1311.947998046875
-51815 1306.1600341796875
-51805 1302.06201171875
-51795 1295.958984375
-51785 1290.2359619140625
-51775 1287.2239990234375
-51765 1286.322998046875
-51755 1286.8990478515625
-51745 1287.863037109375
-51735 1289.77001953125
-51725 1292.112060546875
-51715 1296.5560302734375
-51705 1300.718994140625
-51695 1304.1650390625
-51685 1309.031005859375
-51675 1314.406982421875
-51665 1320.1409912109375
-51655 1322.634033203125
-51645 1325.7679443359375
-51635 1329.4859619140625
-51625 1333.7569580078125
-51615 1338.0810546875
-51605 1342.677001953125
-51595 1347.68505859375
-51585 1352.6600341796875
-51575 1356.56201171875
-51565 1360.7569580078125
-51555 1366.4150390625
-51545 1371.7469482421875
-51535 1377.0479736328125
-51525 1383.344970703125
-51515 1391.1280517578125
-51505 1399.364990234375
-51495 1406.9739990234375
-51485 1413.6949462890625
-51475 1419.321044921875
-51465 1423.0379638671875
-51455 1426.008056640625
-51445 1429.3370361328125
-51435 1431.7969970703125
-51425 1434.885986328125
-51415 1439.2540283203125
-51405 1443.0579833984375
-51395 1445.89697265625
-51385 1449.4110107421875
-51375 1452.1619873046875
-51365 1454.906005859375
-51355 1456.72705078125
-51345 1458.35302734375
-51335 1460.4560546875
-51325 1463.133056640625
-51315 1466.8509521484375
-51305 1469.2889404296875
-51295 1469.625
-51285 1471.70703125
-51275 1472.2049560546875
-51265 1471.2840576171875
-51255 1470.7530517578125
-51245 1467.68505859375
-51235 1466.385009765625
-51225 1469.1490478515625
-51215 1467.6309814453125
-51205 1471.8800048828125
-51195 1474.904052734375
-51185 1477.050048828125
-51175 1477.614013671875
-51165 1479.6510009765625
-51155 1480.052978515625
-51145 1480.6920166015625
-51135 1481.1800537109375
-51125 1481.7869873046875
-51115 1481.43994140625
-51105 1480.9739990234375
-51095 1479.8470458984375
-51085 1479.1199951171875
-51075 1477.93896484375
-51065 1475.77099609375
-51055 1477.592041015625
-51045 1477.56005859375
-51035 1476.1290283203125
-51025 1474.373046875
-51015 1472.4439697265625
-51005 1471.6090087890625
-50995 1471.489990234375
-50985 1469.64697265625
-50975 1461.81005859375
-50965 1453.9630126953125
-50955 1443.2430419921875
-50945 1434.571044921875
-50935 1428.47998046875
-50925 1422.6710205078125
-50915 1428.8270263671875
-50905 1433.802001953125
-50895 1435.342041015625
-50885 1435.718994140625
-50875 1435.64404296875
-50865 1433.1409912109375
-50855 1430.136962890625
-50845 1426.4090576171875
-50835 1422.115966796875
-50825 1419.2449951171875
-50815 1416.739990234375
-50805 1415.14794921875
-50795 1413.218017578125
-50785 1411.56103515625
-50775 1411.842041015625
-50765 1411.60302734375
-50755 1409.6300048828125
-50745 1407.6689453125
-50735 1405.3160400390625
-50725 1403.4210205078125
-50715 1402.06396484375
-50705 1401.77197265625
-50695 1401.0780029296875
-50685 1399.302001953125
-50675 1396.5909423828125
-50665 1394.260009765625
-50655 1392.1700439453125
-50645 1389.23095703125
-50635 1386.5970458984375
-50625 1385.5560302734375
-50615 1382.6409912109375
-50605 1381.362060546875
-50595 1379.4429931640625
-50585 1377.491943359375
-50575 1374.3699951171875
-50565 1372.7120361328125
-50555 1370.2840576171875
-50545 1367.6610107421875
-50535 1365.0489501953125
-50525 1363.802001953125
-50515 1362.197998046875
-50505 1359.6080322265625
-50495 1357.884033203125
-50485 1354.8389892578125
-50475 1350.48095703125
-50465 1345.6800537109375
-50455 1343.251953125
-50445 1338.64501953125
-50435 1336.25
-50425 1334.2769775390625
-50415 1331.208984375
-50405 1329.3780517578125
-50395 1327.1009521484375
-50385 1324.0660400390625
-50375 1322.114990234375
-50365 1319.697998046875
-50355 1316.45703125
-50345 1313.031982421875
-50335 1309.345947265625
-50325 1307.416015625
-50315 1306.886962890625
-50305 1306.1500244140625
-50295 1305.4019775390625
-50285 1304.43603515625
-50275 1299.4599609375
-50265 1298.7020263671875
-50255 1298.9840087890625
-50245 1300.3609619140625
-50235 1305.302978515625
-50225 1309.4659423828125
-50215 1312.70703125
-50205 1315.916015625
-50195 1319.8050537109375
-50185 1323.39404296875
-50175 1326.5589599609375
-50165 1329.4100341796875
-50155 1332.9759521484375
-50145 1335.760009765625
-50135 1339.511962890625
-50125 1344.04296875
-50115 1349.1910400390625
-50105 1354.8929443359375
-50095 1361.125
-50085 1367.2490234375
-50075 1371.2049560546875
-50065 1375.4110107421875
-50055 1381.0469970703125
-50045 1384.7869873046875
-50035 1387.89794921875
-50025 1394.22802734375
-50015 1401.9019775390625
-50005 1409.987060546875
-49995 1416.614013671875
-49985 1421.39501953125
-49975 1427.56005859375
-49965 1433.5159912109375
-49955 1437.427001953125
-49945 1445.85595703125
-49935 1452.4410400390625
-49925 1459.89599609375
-49915 1466.6590576171875
-49905 1469.719970703125
-49895 1475.885986328125
-49885 1480.6669921875
-49875 1485.20703125
-49865 1489.3070068359375
-49855 1493.583984375
-49845 1497.5689697265625
-49835 1501.657958984375
-49825 1504.844970703125
-49815 1506.9949951171875
-49805 1509.2120361328125
-49795 1510.9420166015625
-49785 1512.782958984375
-49775 1515.2879638671875
-49765 1516.8819580078125
-49755 1519.114990234375
-49745 1521.3170166015625
-49735 1522.18798828125
-49725 1524.237060546875
-49715 1525.863037109375
-49705 1528.5830078125
-49695 1530.989990234375
-49685 1534.93798828125
-49675 1537.2080078125
-49665 1538.376953125
-49655 1541.6429443359375
-49645 1545.56396484375
-49635 1545.678955078125
-49625 1551.89697265625
-49615 1557.81103515625
-49605 1561.511962890625
-49595 1564.3740234375
-49585 1567.43603515625
-49575 1570.1929931640625
-49565 1572.8360595703125
-49555 1574.7960205078125
-49545 1576.5789794921875
-49535 1577.7740478515625
-49525 1579.4830322265625
-49515 1581.2869873046875
-49505 1582.6600341796875
-49495 1583.2159423828125
-49485 1584.3060302734375
-49475 1585.239990234375
-49465 1585.9730224609375
-49455 1586.56103515625
-49445 1587.3680419921875
-49435 1588.3330078125
-49425 1589.821044921875
-49415 1590.7650146484375
-49405 1591.68798828125
-49395 1592.2750244140625
-49385 1593.156005859375
-49375 1593.406982421875
-49365 1593.6590576171875
-49355 1593.7640380859375
-49345 1593.637939453125
-49335 1592.97705078125
-49325 1593.490966796875
-49315 1593.114013671875
-49305 1592.862060546875
-49295 1592.0970458984375
-49285 1591.373046875
-49275 1590.512939453125
-49265 1589.5069580078125
-49255 1588.217041015625
-49245 1586.634033203125
-49235 1584.5369873046875
-49225 1582.7340087890625
-49215 1578.3609619140625
-49205 1571.4830322265625
-49195 1563.8919677734375
-49185 1556.4580078125
-49175 1549.0140380859375
-49165 1542.2249755859375
-49155 1535.282958984375
-49145 1528.89794921875
-49135 1523.0050048828125
-49125 1516.844970703125
-49115 1509.68896484375
-49105 1504.47802734375
-49095 1498.0830078125
-49085 1492.4210205078125
-49075 1487.10498046875
-49065 1480.991943359375
-49055 1475.3509521484375
-49045 1470.1820068359375
-49035 1464.98095703125
-49025 1460.052978515625
-49015 1455.9119873046875
-49005 1452.2099609375
-48995 1452.4620361328125
-48985 1450.9210205078125
-48975 1444.8599853515625
-48965 1440.666015625
-48955 1435.81201171875
-48945 1430.3389892578125
-48935 1422.842041015625
-48925 1416.0469970703125
-48915 1411.7490234375
-48905 1409.3480224609375
-48895 1409.5150146484375
-48885 1415.6180419921875
-48875 1419.780029296875
-48865 1422.926025390625
-48855 1422.4749755859375
-48845 1423.6600341796875
-48835 1427.487060546875
-48825 1434.260009765625
-48815 1442.322998046875
-48805 1450.64794921875
-48795 1452.8389892578125
-48785 1451.0360107421875
-48775 1451.655029296875
-48765 1447.7650146484375
-48755 1444.5350341796875
-48745 1443.760009765625
-48735 1450.218017578125
-48725 1458.009033203125
-48715 1468.04296875
-48705 1479.345947265625
-48695 1489.8310546875
-48685 1499.51904296875
-48675 1506.48095703125
-48665 1514.616943359375
-48655 1524.4580078125
-48645 1531.8079833984375
-48635 1538.4659423828125
-48625 1542.43896484375
-48615 1546.906005859375
-48605 1553.176025390625
-48595 1559.844970703125
-48585 1565.7159423828125
-48575 1564.751953125
-48565 1562.875
-48555 1563.115966796875
-48545 1565.6009521484375
-48535 1569.7320556640625
-48525 1577.574951171875
-48515 1586.989990234375
-48505 1594.3819580078125
-48495 1598.093994140625
-48485 1601.7120361328125
-48475 1602.718017578125
-48465 1603.9339599609375
-48455 1608.0340576171875
-48445 1613.748046875
-48435 1618.64501953125
-48425 1621.675048828125
-48415 1624.0870361328125
-48405 1626.2569580078125
-48395 1629.93701171875
-48385 1631.970947265625
