-69695 2263.083984375
-69685 2268.201904296875
-69675 2271.992919921875
-69665 2276.3740234375
-69655 2281.787109375
-69645 2286.27099609375
-69635 2291.712890625
-69625 2298.762939453125
-69615 2304.05810546875
-69605 2309.824951171875
-69595 2314.60400390625
-69585 2319.85498046875
-69575 2325.429931640625
-69565 2331.343994140625
-69555 2337.951904296875
-69545 2344.9580078125
-69535 2350.37109375
-69525 2354.89892578125
-69515 2360.22412109375
-69505 2367.597900390625
-69495 2374.943115234375
-69485 2380.81396484375
-69475 2385.81396484375
-69465 2391.050048828125
-69455 2395.783935546875
-69445 2401.905029296875
-69435 2409.10302734375
-69425 2415.652099609375
-69415 2422.1708984375
-69405 2428.910888671875
-69395 2432.052978515625
-69385 2434.264892578125
-69375 2436.964111328125
-69365 2440.194091796875
-69355 2444.383056640625
-69345 2449.45703125
-69335 2455.031982421875
-69325 2461.31494140625
-69315 2467.260009765625
-69305 2474.39794921875
-69295 2482.952880859375
-69285 2492.0830078125
-69275 2502.864013671875
-69265 2515.873046875
-69255 2525.0029296875
-69245 2529.471923828125
-69235 2531.31591796875
-69225 2533.23291015625
-69215 2536.758056640625
-69205 2537.8349609375
-69195 2540.032958984375
-69185 2539.751953125
-69175 2537.583984375
-69165 2534.81103515625
-69155 2534.05908203125
-69145 2534.073974609375
-69135 2533.882080078125
-69125 2533.365966796875
-69115 2533.43994140625
-69105 2533.055908203125
-69095 2533.027099609375
-69085 2531.537109375
-69075 2530.416015625
-69065 2529.31005859375
-69055 2528.10009765625
-69045 2528.18896484375
-69035 2528.779052734375
-69025 2529.162109375
-69015 2526.595947265625
-69005 2523.0419921875
-68995 2521.56591796875
-68985 2518.35107421875
-68975 2518.2041015625
-68965 2517.923095703125
-68955 2520.047119140625
-68945 2519.427978515625
-68935 2517.096923828125
-68925 2516.31591796875
-68915 2516.257080078125
-68905 2515.81396484375
-68895 2512.510009765625
-68885 2509.0439453125
-68875 2505.25390625
-68865 2500.60791015625
-68855 2497.303955078125
-68845 2493.735107421875
-68835 2490.31298828125
-68825 2486.906005859375
-68815 2484
-68805 2481.83203125
-68795 2482.657958984375
-68785 2484.014892578125
-68775 2482.43701171875
-68765 2483.60205078125
-68755 2484.60498046875
-68745 2485.7109375
-68735 2484.6640625
-68725 2480.10595703125
-68715 2475.947021484375
-68705 2473.9560546875
-68695 2476.153076171875
-68685 2477.569091796875
-68675 2476.97900390625
-68665 2479.634033203125
-68655 2482.89404296875
-68645 2484.677978515625
-68635 2481.77294921875
-68625 2478.89697265625
-68615 2476.375
-68605 2472.0830078125
-68595 2467.510009765625
-68585 2462.466064453125
-68575 2456.742919921875
-68565 2451.02099609375
-68555 2445.7548828125
-68545 2437.02294921875
-68535 2430.075927734375
-68525 2424.531005859375
-68515 2420.47509765625
-68505 2415.72509765625
-68495 2411.742919921875
-68485 2409.236083984375
-68475 2409.76708984375
-68465 2409.51611328125
-68455 2402.406982421875
-68445 2398.89599609375
-68435 2393.277099609375
-68425 2387.923095703125
-68415 2385.2529296875
-68405 2384.9580078125
-68395 2383.202880859375
-68385 2375.666015625
-68375 2367.8779296875
-68365 2360.843017578125
-68355 2353.364990234375
-68345 2346.757080078125
-68335 2347.215087890625
-68325 2345.739990234375
-68315 2338.762939453125
-68305 2334.884033203125
-68295 2330.8720703125
-68285 2326.093994140625
-68275 2321.97900390625
-68265 2318.12890625
-68255 2317.803955078125
-68245 2319.04296875
-68235 2316.948974609375
-68225 2315.47412109375
-68215 2314.116943359375
-68205 2312.0380859375
-68195 2303.73388671875
-68185 2298.14404296875
-68175 2291.1669921875
-68165 2283.718994140625
-68155 2271.68310546875
-68145 2267.302978515625
-68135 2260.930908203125
-68125 2256.697998046875
-68115 2254.85400390625
-68105 2257.037109375
-68095 2263.73291015625
-68085 2270.916015625
-68075 2273.48291015625
-68065 2278.09912109375
-68055 2284.427001953125
-68045 2287.5830078125
-68035 2288.571044921875
-68025 2292.43603515625
-68015 2299.56005859375
-68005 2311.551025390625
-67995 2311.181884765625
-67985 2303.73388671875
-67975 2301.123046875
-67965 2295.5029296875
-67955 2292.4951171875
-67945 2289.514892578125
-67935 2304.677001953125
-67925 2297.14111328125
-67915 2287.1259765625
-67905 2278.8369140625
-67895 2274.116943359375
-67885 2269.6630859375
-67875 2266.43310546875
-67865 2263.5859375
-67855 2260.444091796875
-67845 2258.865966796875
-67835 2256.9189453125
-67825 2260.97509765625
-67815 2252.99609375
-67805 2256.6240234375
-67795 2255.5029296875
-67785 2256.712890625
-67775 2264.2939453125
-67765 2265.0458984375
-67755 2267.68603515625
-67745 2267.68603515625
-67735 2266.3291015625
-67725 2265.679931640625
-67715 2264.367919921875
-67705 2262.568115234375
-67695 2255.782958984375
-67685 2245.72509765625
-67675 2237.43505859375
-67665 2233.865966796875
-67655 2228.527099609375
-67645 2222.406005859375
-67635 2221.844970703125
-67625 2226.93408203125
-67615 2228.12890625
-67605 2227.52392578125
-67595 2225.428955078125
-67585 2223.925048828125
-67575 2224.263916015625
-67565 2225.193115234375
-67555 2226.1669921875
-67545 2226.2548828125
-67535 2226.66796875
-67525 2226.638916015625
-67515 2224.868896484375
-67505 2222.93896484375
-67495 2220.37890625
-67485 2217.618896484375
-67475 2214.218994140625
-67465 2211.9150390625
-67455 2209.68505859375
-67445 2211.89697265625
-67435 2212.06103515625
-67425 2214.2919921875
-67415 2217.655029296875
-67405 2220.14208984375
-67395 2222.31689453125
-67385 2223.926025390625
-67375 2228.47802734375
-67365 2233.5419921875
-67355 2239.35595703125
-67345 2249.612060546875
-67335 2257.966064453125
-67325 2265.64501953125
-67315 2274.383056640625
-67305 2278.05810546875
-67295 2281.385009765625
-67285 2279.2099609375
-67275 2276.594970703125
-67265 2278.240966796875
-67255 2283.70703125
-67245 2289.301025390625
-67235 2296.248046875
-67225 2303.8349609375
-67215 2318.697998046875
-67205 2335.791015625
-67195 2351.715087890625
-67185 2351.404052734375
-67175 2366.9619140625
-67165 2372.408935546875
-67155 2369.7041015625
-67145 2380.051025390625
-67135 2372.18994140625
-67125 2365.0791015625
-67115 2362.39111328125
-67105 2360.362060546875
-67095 2359.923095703125
-67085 2358.514892578125
-67075 2356.322021484375
-67065 2354
-67055 2353.5791015625
-67045 2355.7919921875
-67035 2358.4609375
-67025 2361.166015625
-67015 2364.73095703125
-67005 2368.717041015625
-66995 2371.623046875
-66985 2376.376953125
-66975 2381.093017578125
-66965 2381.805908203125
-66955 2373.10400390625
-66945 2363.68896484375
-66935 2354.676025390625
-66925 2345.2060546875
-66915 2336.541015625
-66905 2328.735107421875
-66895 2321.47705078125
-66885 2311.60498046875
-66875 2301.404052734375
-66865 2291.64111328125
-66855 2282.79296875
-66845 2273.304931640625
-66835 2261.5859375
-66825 2252.22607421875
-66815 2243.4140625
-66805 2235.06005859375
-66795 2227.10693359375
-66785 2219.155029296875
-66775 2211.677001953125
-66765 2204.529052734375
-66755 2196.9970703125
-66745 2189.501953125
-66735 2182.77392578125
-66725 2175.844970703125
-66715 2169.68408203125
-66705 2163.779052734375
-66695 2157.58203125
-66685 2151.384033203125
-66675 2145.75390625
-66665 2140.342041015625
-66655 2135.222900390625
-66645 2129.77490234375
-66635 2124.364013671875
-66625 2119.5380859375
-66615 2114.43701171875
-66605 2109.7939453125
-66595 2105.552001953125
-66585 2101.511962890625
-66575 2097.819091796875
-66565 2095.80810546875
-66555 2093.888916015625
-66545 2091.76806640625
-66535 2089.2451171875
-66525 2087.014892578125
-66515 2084.89404296875
-66505 2082.992919921875
-66495 2081.402099609375
-66485 2081.89599609375
-66475 2082.9560546875
-66465 2084.637939453125
-66455 2085.825927734375
-66445 2086.64892578125
-66435 2086.739990234375
-66425 2087.89208984375
-66415 2089.262939453125
-66405 2090.8720703125
-66395 2091.677001953125
-66385 2093.72412109375
-66375 2095.717041015625
-66365 2096.97802734375
-66355 2099.0810546875
-66345 2101.256103515625
-66335 2103.4130859375
-66325 2105.3330078125
-66315 2106.028076171875
-66305 2108.001953125
-66295 2109.866943359375
-66285 2111.9140625
-66275 2115.3701171875
-66265 2118.805908203125
-66255 2120.635009765625
-66245 2124.30908203125
-66235 2130.068115234375
-66225 2135.91796875
-66215 2142.883056640625
-66205 2150.068115234375
-66195 2157.4541015625
-66185 2171.76806640625
-66175 2184.76708984375
-66165 2198.131103515625
-66155 2204.364990234375
-66145 2209.281982421875
-66135 2217.27099609375
-66125 2227.60107421875
-66115 2237.162109375
-66105 2258.4970703125
-66095 2267.363037109375
-66085 2284.053955078125
-66075 2293.634033203125
-66065 2308.222900390625
-66055 2321.861083984375
-66045 2329.867919921875
-66035 2329.97802734375
-66025 2341.73291015625
-66015 2357.455078125
-66005 2373.72607421875
-65995 2389.97802734375
-65985 2400.160888671875
-65975 2424.712890625
-65965 2424.75
-65955 2416.284912109375
-65945 2403.799072265625
-65935 2394.987060546875
-65925 2384.803955078125
-65915 2373.196044921875
-65905 2365.4619140625
-65895 2358.00390625
-65885 2352.9580078125
-65875 2362.592041015625
-65865 2367.01611328125
-65855 2378.05908203125
-65845 2379.0458984375
-65835 2383.14111328125
-65825 2379.7041015625
-65815 2372.666015625
-65805 2370.324951171875
-65795 2374.1279296875
-65785 2377.839111328125
-65775 2376.39501953125
-65765 2375.97412109375
-65755 2377.675048828125
-65745 2378.387939453125
-65735 2382.2451171875
-65725 2386.10302734375
-65715 2386.65087890625
-65705 2394.346923828125
-65695 2396.322021484375
-65685 2392.373046875
-65675 2390.251953125
-65665 2379.794921875
-65655 2378.2958984375
-65645 2393.653076171875
-65635 2407.85791015625
-65625 2418.076904296875
-65615 2439.412109375
-65605 2448.6259765625
-65595 2442.866943359375
-65585 2435.280029296875
-65575 2427.072021484375
-65565 2420.197998046875
-65555 2413.488037109375
-65545 2407.491943359375
-65535 2400.673095703125
-65525 2394.803955078125
-65515 2389.52099609375
-65505 2385.51806640625
-65495 2380.251953125
-65485 2373.7080078125
-65475 2366.2490234375
-65465 2359.155029296875
-65455 2352.865966796875
-65445 2344.676025390625
-65435 2337.929931640625
-65425 2331.64111328125
-65415 2324.968994140625
-65405 2322.2451171875
-65395 2319.556884765625
-65385 2316.468017578125
-65375 2315.681884765625
-65365 2311.385009765625
-65355 2310.74609375
-65345 2308.2958984375
-65335 2303.68896484375
-65325 2300.8740234375
-65315 2296.35791015625
-65305 2295.0419921875
-65295 2294.694091796875
-65285 2296.248046875
-65275 2293.98095703125
-65265 2290.800048828125
-65255 2287.875
-65245 2283.26806640625
-65235 2275.6259765625
-65225 2268.14892578125
-65215 2263.596923828125
-65205 2258.806884765625
-65195 2254.548095703125
-65185 2250.672119140625
-65175 2244.803955078125
-65165 2241.823974609375
-65155 2239.044921875
-65145 2236.924072265625
-65135 2236.467041015625
-65125 2234.4560546875
-65115 2231.12890625
-65105 2228.952880859375
-65095 2228.05810546875
-65085 2228.259033203125
-65075 2230.39794921875
-65065 2233.39599609375
-65055 2231.64111328125
-65045 2226.55908203125
-65035 2220.52587890625
-65025 2212.462890625
-65015 2206.576904296875
-65005 2200.406005859375
-64995 2195.093994140625
-64985 2190.60009765625
-64975 2187.06298828125
-64965 2183.179931640625
-64955 2179.243896484375
-64945 2173.243896484375
-64935 2165.5830078125
-64925 2160.958984375
-64915 2159.381103515625
-64905 2157.39404296875
-64895 2156.388916015625
-64885 2158.1689453125
-64875 2153.3701171875
-64865 2147.9541015625
-64855 2142.7509765625
-64845 2135.4619140625
-64835 2129.593017578125
-64825 2123.363037109375
-64815 2117.782958984375
-64805 2112.27392578125
-64795 2105.77099609375
-64785 2098.510009765625
-64775 2094.98291015625
-64765 2093.81396484375
-64755 2092.510009765625
-64745 2092.388916015625
-64735 2088.261962890625
-64725 2081.971923828125
-64715 2073.510009765625
-64705 2062.623046875
-64695 2050.8349609375
-64685 2041.5419921875
-64675 2034.4610595703125
-64665 2027.7130126953125
-64655 2020.4730224609375
-64645 2011.2349853515625
-64635 2004.6939697265625
-64625 1998.4639892578125
-64615 1991.3289794921875
-64605 1983.6300048828125
-64595 1977.291015625
-64585 1973.501953125
-64575 1969.2159423828125
-64565 1966.595947265625
-64555 1963.4949951171875
-64545 1962.4949951171875
-64535 1962.239013671875
-64525 1961.97705078125
-64515 1961.1300048828125
-64505 1960.1910400390625
-64495 1958.219970703125
-64485 1955.3160400390625
-64475 1953.114990234375
-64465 1954.0550537109375
-64455 1955.741943359375
-64445 1954.39794921875
-64435 1952.77099609375
-64425 1952.3349609375
-64415 1952.323974609375
-64405 1952.39501953125
-64395 1952.488037109375
-64385 1952.5479736328125
-64375 1952.85302734375
-64365 1952.2249755859375
-64355 1952.43798828125
-64345 1951.094970703125
-64335 1952.2750244140625
-64325 1952.2249755859375
-64315 1951.75
-64305 1951.052001953125
-64295 1951.488037109375
-64285 1950.991943359375
-64275 1951.072998046875
-64265 1951.7889404296875
-64255 1954.4150390625
-64245 1956.3909912109375
-64235 1958.8370361328125
-64225 1960.4429931640625
-64215 1963.532958984375
-64205 1968.010009765625
-64195 1974.7850341796875
-64185 1981.4739990234375
-64175 1988.8330078125
-64165 1997.842041015625
-64155 2011.31103515625
-64145 2016.1319580078125
-64135 2020.1729736328125
-64125 2029.4110107421875
-64115 2039.9150390625
-64105 2045.6429443359375
-64095 2052.39111328125
-64085 2059.220947265625
-64075 2065.2919921875
-64065 2069.633056640625
-64055 2081.923095703125
-64045 2087.0009765625
-64035 2094.512939453125
-64025 2103.472900390625
-64015 2112.3720703125
-64005 2121.533935546875
-63995 2129.843994140625
-63985 2138.06103515625
-63975 2146.053955078125
-63965 2158.693115234375
-63955 2168.4990234375
-63945 2178.343017578125
-63935 2181.592041015625
-63925 2185.9541015625
-63915 2187.2529296875
-63905 2182.093994140625
-63895 2179.162109375
-63885 2174.220947265625
-63875 2171.781005859375
-63865 2159.862060546875
-63855 2153.152099609375
-63845 2143.4599609375
-63835 2140.489990234375
-63825 2146.6220703125
-63815 2142.6630859375
-63805 2139.7919921875
-63795 2132.694091796875
-63785 2124.85400390625
-63775 2120.382080078125
-63765 2119.949951171875
-63755 2115.931884765625
-63745 2110.800048828125
-63735 2110.2919921875
-63725 2115.091064453125
-63715 2117.241943359375
-63705 2116.81103515625
-63695 2107.201904296875
-63685 2098.614013671875
-63675 2090.4619140625
-63665 2080.60205078125
-63655 2077.714111328125
-63645 2066.412109375
-63635 2055.98388671875
-63625 2046.31396484375
-63615 2039.801025390625
-63605 2032.45703125
-63595 2030.383056640625
-63585 2031.6109619140625
-63575 2035.093994140625
-63565 2043.469970703125
-63555 2055.132080078125
-63545 2068.541015625
-63535 2083.25
-63525 2091.43896484375
-63515 2098.001953125
-63505 2104.87109375
-63495 2109.074951171875
-63485 2114.992919921875
-63475 2109.15087890625
-63465 2107.572998046875
-63455 2106.541015625
-63445 2105.924072265625
-63435 2105.50390625
-63425 2082.10302734375
-63415 2069.970947265625
-63405 2062.452880859375
-63395 2058.428955078125
-63385 2056.611083984375
-63375 2064.39208984375
-63365 2086.60205078125
-63355 2086.35107421875
-63345 2103.3310546875
-63335 2119.64990234375
-63325 2133.092041015625
-63315 2164.201904296875
-63305 2159.462890625
-63295 2158.1640625
-63285 2150.251953125
-63275 2150.569091796875
-63265 2155.990966796875
-63255 2167.679931640625
-63245 2177.81298828125
-63235 2178.2939453125
-63225 2182.864013671875
-63215 2188.263916015625
-63205 2194.85400390625
-63195 2209.583984375
-63185 2232.907958984375
-63175 2240.072021484375
-63165 2244.571044921875
-63155 2249.532958984375
-63145 2249.958984375
-63135 2248.791015625
-63125 2251.55908203125
-63115 2248.31103515625
-63105 2245.9189453125
-63095 2241.44189453125
-63085 2236.299072265625
-63075 2231.653076171875
-63065 2227.9619140625
-63055 2211.883056640625
-63045 2198.861083984375
-63035 2191.0810546875
-63025 2182.43310546875
-63015 2173.8720703125
-63005 2165.501953125
-62995 2156.8701171875
-62985 2148.679931640625
-62975 2139.5400390625
-62965 2131.93994140625
-62955 2126.552001953125
-62945 2120.93310546875
-62935 2115.991943359375
-62925 2108.343017578125
-62915 2101.89990234375
-62905 2093.8798828125
-62895 2085.2919921875
-62885 2079.001953125
-62875 2071.364013671875
-62865 2065.123046875
-62855 2057.0810546875
-62845 2052.06298828125
-62835 2047.81005859375
-62825 2043.071044921875
-62815 2038.0150146484375
-62805 2032.833984375
-62795 2028.4930419921875
-62785 2023.7220458984375
-62775 2021.52099609375
-62765 2016.2030029296875
-62755 2011.583984375
-62745 2002.592041015625
-62735 1993.0810546875
-62725 1985.093994140625
-62715 1976.4510498046875
-62705 1968.1949462890625
-62695 1958.3680419921875
-62685 1953.5360107421875
-62675 1947.8800048828125
-62665 1939.875
-62655 1930.8389892578125
-62645 1923.927001953125
-62635 1916.1090087890625
-62625 1910.9000244140625
-62615 1903
-62605 1895.2850341796875
-62595 1886.887939453125
-62585 1878.7469482421875
-62575 1870.906982421875
-62565 1863.7490234375
-62555 1855.696044921875
-62545 1845.3060302734375
-62535 1835.5279541015625
-62525 1825.8370361328125
-62515 1817.2969970703125
-62505 1806.5970458984375
-62495 1797.47900390625
-62485 1788.9310302734375
-62475 1781.14794921875
-62465 1773.208984375
-62455 1766.0679931640625
-62445 1758.2659912109375
-62435 1750.68896484375
-62425 1741.6629638671875
-62415 1734.6700439453125
-62405 1727.883056640625
-62395 1721.1939697265625
-62385 1715.0400390625
-62375 1708.5479736328125
-62365 1701.9830322265625
-62355 1696.133056640625
-62345 1690.7530517578125
-62335 1686.112060546875
-62325 1683.64404296875
-62315 1679.9990234375
-62305 1678.468994140625
-62295 1679.760986328125
-62285 1677.7530517578125
-62275 1684.491943359375
-62265 1689.89501953125
-62255 1693.9940185546875
-62245 1698.56005859375
-62235 1703.2340087890625
-62225 1707.4210205078125
-62215 1712.14404296875
-62205 1716.2900390625
-62195 1721.4820556640625
-62185 1726.5909423828125
-62175 1732.407958984375
-62165 1738.447021484375
-62155 1743.9510498046875
-62145 1749.719970703125
-62135 1755.68505859375
-62125 1761.4169921875
-62115 1766.93994140625
-62105 1772.97802734375
-62095 1777.7340087890625
-62085 1781.634033203125
-62075 1786.2900390625
-62065 1793.4560546875
-62055 1803.032958984375
-62045 1812.1820068359375
-62035 1817.3070068359375
-62025 1823.6510009765625
-62015 1831.072021484375
-62005 1838.89599609375
-61995 1846.7779541015625
-61985 1855.22705078125
-61975 1864.137939453125
-61965 1872.9429931640625
-61955 1881.4580078125
-61945 1890.3599853515625
-61935 1901.8289794921875
-61925 1911.5699462890625
-61915 1921.64794921875
-61905 1931.1510009765625
-61895 1941.656982421875
-61885 1936.6800537109375
-61875 1950.6419677734375
-61865 1966.218017578125
-61855 1970.8409423828125
-61845 1993.06298828125
-61835 1991.780029296875
-61825 1998.77294921875
-61815 2007.239013671875
-61805 2011.8299560546875
-61795 2028.030029296875
-61785 2035.93603515625
-61775 2038.0670166015625
-61765 2039.8199462890625
-61755 2045.866943359375
-61745 2063.013916015625
-61735 2071.83203125
-61725 2074.910888671875
-61715 2082.612060546875
-61705 2093.076904296875
-61695 2096.9189453125
-61685 2105.993896484375
-61675 2113.669921875
-61665 2121.929931640625
-61655 2132.322021484375
-61645 2140.9541015625
-61635 2148.529052734375
-61625 2154.455078125
-61615 2158.717041015625
-61605 2161.9990234375
-61595 2166.549072265625
-61585 2170.5390625
-61575 2174.553955078125
-61565 2178.0009765625
-61555 2179.802978515625
-61545 2182.2470703125
-61535 2185.471923828125
-61525 2186.1708984375
-61515 2185.635986328125
-61505 2185.347900390625
-61495 2188.679931640625
-61485 2194.654052734375
-61475 2200.5029296875
-61465 2206.179931640625
-61455 2212.761962890625
-61445 2218.1669921875
-61435 2223.85302734375
-61425 2230.467041015625
-61415 2236.7880859375
-61405 2243.720947265625
-61395 2251.965087890625
-61385 2259.971923828125
-61375 2268.14208984375
-61365 2276.986083984375
-61355 2285.444091796875
-61345 2294.05810546875
-61335 2303.31396484375
-61325 2311.137939453125
-61315 2317.9169921875
-61305 2326.73095703125
-61295 2333.680908203125
-61285 2339.35107421875
-61275 2346.030029296875
-61265 2351.9970703125
-61255 2357.797119140625
-61245 2362.20703125
-61235 2368.090087890625
-61225 2373.906005859375
-61215 2377.70703125
-61205 2382.5859375
-61195 2387.431884765625
-61185 2393.570068359375
-61175 2396.4580078125
-61165 2399.4189453125
-61155 2402.06005859375
-61145 2403.367919921875
-61135 2406.97998046875
-61125 2411.907958984375
-61115 2414.68896484375
-61105 2412.138916015625
-61095 2410.198974609375
-61085 2412.138916015625
-61075 2414.81298828125
-61065 2415.2080078125
-61055 2418.383056640625
-61045 2424.45703125
-61035 2427.284912109375
-61025 2431.2939453125
-61015 2434.214111328125
-61005 2437.612060546875
-60995 2439.998046875
-60985 2439.89111328125
-60975 2441.626953125
-60965 2442.572998046875
-60955 2441.552978515625
-60945 2439.074951171875
-60935 2429.39208984375
-60925 2421.80810546875
-60915 2414.35400390625
-60905 2407.819091796875
-60895 2400.751953125
-60885 2394.43408203125
-60875 2389.93310546875
-60865 2385.77001953125
-60855 2381.02294921875
-60845 2377.362060546875
-60835 2373.52001953125
-60825 2371.47900390625
-60815 2369.989990234375
-60805 2358.18408203125
-60795 2349.47900390625
-60785 2344.385986328125
-60775 2340.716064453125
-60765 2337.0869140625
-60755 2330.56396484375
-60745 2321.907958984375
-60735 2315.87890625
-60725 2309.77197265625
-60715 2303.85693359375
-60705 2296.864013671875
-60695 2291.738037109375
-60685 2285.47705078125
-60675 2277.842041015625
-60665 2271.531982421875
-60655 2267.35205078125
-60645 2258.779052734375
-60635 2251.958984375
-60625 2246.60302734375
-60615 2244.0009765625
-60605 2239.294921875
-60595 2229.68603515625
-60585 2217.781005859375
-60575 2210.3759765625
-60565 2198.470947265625
-60555 2185.199951171875
-60545 2176.783935546875
-60535 2171.60888671875
-60525 2159.375
-60515 2147.610107421875
-60505 2137.701904296875
-60495 2125.368896484375
-60485 2115.373046875
-60475 2100.802001953125
-60465 2088.050048828125
-60455 2080.16796875
-60445 2068.4609375
-60435 2061.8291015625
-60425 2054.135009765625
-60415 2046.9300537109375
-60405 2039.737060546875
-60395 2033.4019775390625
-60385 2027.552978515625
-60375 2020.85595703125
-60365 2016.3299560546875
-60355 2011.4599609375
-60345 2002.18798828125
-60335 1991.4840087890625
-60325 1983.1910400390625
-60315 1981.0269775390625
-60305 1980.4100341796875
-60295 1984.5479736328125
-60285 1991.656982421875
-60275 1989.5419921875
-60265 1981.0579833984375
-60255 1967.31005859375
-60245 1958.6400146484375
-60235 1954.822998046875
-60225 1947.6240234375
-60215 1941.220947265625
-60205 1936.448974609375
-60195 1923.490966796875
-60185 1917.5260009765625
-60175 1909.6199951171875
-60165 1893.93896484375
-60155 1886.197021484375
-60145 1877.93701171875
-60135 1869.717041015625
-60125 1860.7230224609375
-60115 1850.7760009765625
-60105 1838.1800537109375
-60095 1826.7110595703125
-60085 1817.571044921875
-60075 1808.2330322265625
-60065 1800.5810546875
-60055 1793.0279541015625
-60045 1785.0789794921875
-60035 1776.365966796875
-60025 1768.698974609375
-60015 1761.8389892578125
-60005 1754.9580078125
-59995 1748.3360595703125
-59985 1741.7159423828125
-59975 1735.488037109375
-59965 1729.4840087890625
-59955 1723.7159423828125
-59945 1718.510986328125
-59935 1713.3990478515625
-59925 1708.9150390625
-59915 1705.52001953125
-59905 1702.22900390625
-59895 1699.9610595703125
-59885 1696.998046875
-59875 1695.0980224609375
-59865 1693.615966796875
-59855 1691.636962890625
-59845 1690.77099609375
-59835 1691.112060546875
-59825 1693.2359619140625
-59815 1695.989013671875
-59805 1699.6070556640625
-59795 1703.303955078125
-59785 1707.8800048828125
-59775 1712.8740234375
-59765 1718.4849853515625
-59755 1723.833984375
-59745 1728.865966796875
-59735 1735.14794921875
-59725 1740.2869873046875
-59715 1746.0159912109375
-59705 1751.967041015625
-59695 1757.56298828125
-59685 1762.5469970703125
-59675 1768.4200439453125
-59665 1774.64501953125
-59655 1787.1409912109375
-59645 1799.739013671875
-59635 1807.9959716796875
-59625 1812.2330322265625
-59615 1818.616943359375
-59605 1828.2130126953125
-59595 1843.8919677734375
-59585 1855.48095703125
-59575 1861.14501953125
-59565 1866.8740234375
-59555 1866.4150390625
-59545 1881.6610107421875
-59535 1885.5550537109375
-59525 1890.219970703125
-59515 1896.6829833984375
-59505 1906.4520263671875
-59495 1915.822998046875
-59485 1930.5059814453125
-59475 1946.6070556640625
-59465 1954.6800537109375
-59455 1961.041015625
-59445 1965.4429931640625
-59435 1969.8740234375
-59425 1975.0419921875
-59415 1976.8380126953125
-59405 1972.10302734375
-59395 1961.60205078125
-59385 1954.85302734375
-59375 1942.5169677734375
-59365 1930.4139404296875
-59355 1921.1610107421875
-59345 1907.2779541015625
-59335 1888.449951171875
-59325 1878.2659912109375
-59315 1870.925048828125
-59305 1858.0880126953125
-59295 1846.029052734375
-59285 1837.4949951171875
-59275 1826.8370361328125
-59265 1814.91796875
-59255 1806.635009765625
-59245 1796.9200439453125
-59235 1784.1650390625
-59225 1775.0670166015625
-59215 1768.406982421875
-59205 1752.885009765625
-59195 1744.7569580078125
-59185 1732.39501953125
-59175 1728.094970703125
-59165 1717.7900390625
-59155 1706.8570556640625
-59145 1687.2840576171875
-59135 1678.2650146484375
-59125 1667.89501953125
-59115 1656.843994140625
-59105 1650.510986328125
-59095 1643.56298828125
-59085 1636.4580078125
-59075 1628.64501953125
-59065 1621.342041015625
-59055 1614.5250244140625
-59045 1607.262939453125
-59035 1600.91796875
-59025 1594.427978515625
-59015 1588.1619873046875
-59005 1581.095947265625
-58995 1574.907958984375
-58985 1568.5369873046875
-58975 1561.614990234375
-58965 1558.6910400390625
-58955 1554.626953125
-58945 1548.217041015625
-58935 1543.6939697265625
-58925 1539.9580078125
-58915 1536.6929931640625
-58905 1534.0579833984375
-58895 1530.9639892578125
-58885 1528.9320068359375
-58875 1526.5860595703125
-58865 1525.2750244140625
-58855 1523.635986328125
-58845 1525.2349853515625
-58835 1528.4339599609375
-58825 1531.39697265625
-58815 1532.0389404296875
-58805 1534.0450439453125
-58795 1539.511962890625
-58785 1545.1619873046875
-58775 1551.166015625
-58765 1556.8170166015625
-58755 1562.9520263671875
-58745 1568.8380126953125
-58735 1575.2359619140625
-58725 1581.501953125
-58715 1587.885986328125
-58705 1594.218994140625
-58695 1600.91796875
-58685 1607.39404296875
-58675 1613.47705078125
-58665 1620.0450439453125
-58655 1627.2550048828125
-58645 1634.032958984375
-58635 1641.623046875
-58625 1648.51904296875
-58615 1656.095947265625
-58605 1666.7540283203125
-58595 1676.3380126953125
-58585 1684.780029296875
-58575 1694.3900146484375
-58565 1702.136962890625
-58555 1707.511962890625
-58545 1714.1199951171875
-58535 1721.7760009765625
-58525 1729.0780029296875
-58515 1736.2860107421875
-58505 1738.3179931640625
-58495 1739.761962890625
-58485 1746.9990234375
-58475 1753.199951171875
-58465 1756.6080322265625
-58455 1759.217041015625
-58445 1761.9959716796875
-58435 1767.7509765625
-58425 1777.0439453125
-58415 1787.5989990234375
-58405 1797.864013671875
-58395 1802.427001953125
-58385 1804.4320068359375
-58375 1809.6629638671875
-58365 1815.405029296875
-58355 1822.06494140625
-58345 1827.571044921875
-58335 1829.904052734375
-58325 1835.987060546875
-58315 1843.1710205078125
-58305 1850.904052734375
-58295 1857.7889404296875
-58285 1865.3270263671875
-58275 1873.2969970703125
-58265 1879.9549560546875
-58255 1886.31494140625
-58245 1892.529052734375
-58235 1899.0689697265625
-58225 1906.2530517578125
-58215 1914.0269775390625
-58205 1922.012939453125
-58195 1929.616943359375
-58185 1937.7449951171875
-58175 1945.43994140625
-58165 1954.237060546875
-58155 1961.864013671875
-58145 1968.3819580078125
-58135 1975.2490234375
-58125 1983.0780029296875
-58115 1989.4730224609375
-58105 1995.176025390625
-58095 2001.2850341796875
-58085 2007.64599609375
-58075 2015.3909912109375
-58065 2022.0899658203125
-58055 2028.198974609375
-58045 2034.31103515625
-58035 2039.6070556640625
-58025 2045.427978515625
-58015 2051.259033203125
-58005 2057.26611328125
-57995 2063.450927734375
-57985 2070.5458984375
-57975 2076.84912109375
-57965 2082.68310546875
-57955 2087.69091796875
-57945 2093.56396484375
-57935 2099.778076171875
-57925 2103.47509765625
-57915 2103.635009765625
-57905 2104.06494140625
-57895 2105.153076171875
-57885 2104.680908203125
-57875 2100.2919921875
-57865 2102.56005859375
-57855 2100.027099609375
-57845 2094.782958984375
-57835 2088.72900390625
-57825 2082.669921875
-57815 2077.2451171875
-57805 2071.22509765625
-57795 2066.389892578125
-57785 2062.784912109375
-57775 2060.802978515625
-57765 2058.695068359375
-57755 2055.31005859375
-57745 2051.4951171875
-57735 2047.1949462890625
-57725 2044.1300048828125
-57715 2041.77001953125
-57705 2040.9549560546875
-57695 2040.7320556640625
-57685 2040.0369873046875
-57675 2039.7249755859375
-57665 2039.18505859375
-57655 2031.5159912109375
-57645 2021.9219970703125
-57635 2016.416015625
-57625 2013.2149658203125
-57615 2009.27099609375
-57605 2004.447021484375
-57595 2001.6810302734375
-57585 1996.512939453125
-57575 1990.2359619140625
-57565 1987.4429931640625
-57555 1982.68505859375
-57545 1979.5489501953125
-57535 1975.737060546875
-57525 1970.02099609375
-57515 1969.2869873046875
-57505 1970
-57495 1967.1629638671875
-57485 1968
-57475 1971.550048828125
-57465 1973.885986328125
-57455 1972.2130126953125
-57445 1965.676025390625
-57435 1967.2919921875
-57425 1967.8699951171875
-57415 1966.68603515625
-57405 1970.467041015625
-57395 1972.572998046875
-57385 1973.8289794921875
-57375 1975.7769775390625
-57365 1977.9859619140625
-57355 1982.6739501953125
-57345 1987.43603515625
-57335 1992.010009765625
-57325 1994.3900146484375
-57315 1998.2139892578125
-57305 2001.1710205078125
-57295 2003.2640380859375
-57285 2005.5150146484375
-57275 2008.22802734375
-57265 2010.927001953125
-57255 2014.344970703125
-57245 2019.7120361328125
-57235 2024.5469970703125
-57225 2030.6209716796875
-57215 2037.302001953125
-57205 2043.52099609375
-57195 2049.739013671875
-57185 2055.39599609375
-57175 2060.965087890625
-57165 2062.39404296875
-57155 2063.31591796875
-57145 2063.215087890625
-57135 2063.549072265625
-57125 2062.740966796875
-57115 2060.864013671875
-57105 2059.0029296875
-57095 2057.4599609375
-57085 2056.176025390625
-57075 2054.35693359375
-57065 2051.299072265625
-57055 2048.0380859375
-57045 2043.9820556640625
-57035 2041.8759765625
-57025 2039.2349853515625
-57015 2036.333984375
-57005 2033.2030029296875
-56995 2030.9959716796875
-56985 2028.6009521484375
-56975 2026.135009765625
-56965 2023.81201171875
-56955 2021.387939453125
-56945 2019.2659912109375
-56935 2017.2020263671875
-56925 2015.947021484375
-56915 2013.594970703125
-56905 2011.56201171875
-56895 2008.199951171875
-56885 2003.9129638671875
-56875 1999.4840087890625
-56865 1994.635986328125
-56855 1989.7149658203125
-56845 1984.176025390625
-56835 1979.35498046875
-56825 1974.968994140625
-56815 1970.6409912109375
-56805 1965.1429443359375
-56795 1959.5009765625
-56785 1954.219970703125
-56775 1949.6180419921875
-56765 1944.0059814453125
-56755 1938.074951171875
-56745 1932.6929931640625
-56735 1929.676025390625
-56725 1926.4749755859375
-56715 1923.416015625
-56705 1920.487060546875
-56695 1917.2239990234375
-56685 1914.613037109375
-56675 1912.176025390625
-56665 1909.6510009765625
-56655 1906.6619873046875
-56645 1902.998046875
-56635 1899.5780029296875
-56625 1895.364990234375
-56615 1890.9210205078125
-56605 1885.81298828125
-56595 1880.18603515625
-56585 1874.6739501953125
-56575 1869.7249755859375
-56565 1864.8060302734375
-56555 1860.4320068359375
-56545 1857.4739990234375
-56535 1853.4649658203125
-56525 1846.0760498046875
-56515 1839.7850341796875
-56505 1833.9129638671875
-56495 1828.64599609375
-56485 1824.375
-56475 1818.4019775390625
-56465 1812.4150390625
-56455 1811.8499755859375
-56445 1812.4150390625
-56435 1810.885009765625
-56425 1807.6080322265625
-56415 1805.7769775390625
-56405 1803.39599609375
-56395 1801.9820556640625
-56385 1801.6199951171875
-56375 1801.3170166015625
-56365 1801.0140380859375
-56355 1801.41796875
-56345 1800.6689453125
-56335 1799.8609619140625
-56325 1798.52001953125
-56315 1796.843994140625
-56305 1795.60400390625
-56295 1794.06005859375
-56285 1792.3299560546875
-56275 1789.053955078125
-56265 1784.8399658203125
-56255 1780.843994140625
-56245 1776.2550048828125
-56235 1774.0909423828125
-56225 1769.60400390625
-56215 1764.6259765625
-56205 1758.2340087890625
-56195 1749.93798828125
-56185 1741.2359619140625
-56175 1733.7049560546875
-56165 1725.8270263671875
-56155 1717.8050537109375
-56145 1710.114013671875
-56135 1704.45703125
-56125 1697.5179443359375
-56115 1689.322021484375
-56105 1681.3570556640625
-56095 1673.4210205078125
-56085 1660.43505859375
-56075 1645.616943359375
-56065 1637.7239990234375
-56055 1629.8170166015625
-56045 1618.98095703125
-56035 1607.7540283203125
-56025 1597.612060546875
-56015 1583.2550048828125
-56005 1569.7650146484375
-55995 1558.2359619140625
-55985 1551.9739990234375
-55975 1547.530029296875
-55965 1541.0799560546875
-55955 1533.8079833984375
-55945 1526.708984375
-55935 1518.8740234375
-55925 1511.4859619140625
-55915 1508.009033203125
-55905 1502.7139892578125
-55895 1496.884033203125
-55885 1490.89599609375
-55875 1484.2159423828125
-55865 1477.9969482421875
-55855 1470.696044921875
-55845 1464.4339599609375
-55835 1457.7969970703125
-55825 1451.592041015625
-55815 1445.864013671875
-55805 1440.9439697265625
-55795 1436.6300048828125
-55785 1431.2330322265625
-55775 1425.9949951171875
-55765 1420.7430419921875
-55755 1416.5589599609375
-55745 1412.9520263671875
-55735 1409.2440185546875
-55725 1405.218017578125
-55715 1401.4659423828125
-55705 1398.6240234375
-55695 1395.363037109375
-55685 1392.635986328125
-55675 1390.2550048828125
-55665 1387.5860595703125
-55655 1384.383056640625
-55645 1379.47705078125
-55635 1372.739013671875
-55625 1369.5059814453125
-55615 1366.302978515625
-55605 1362.47998046875
-55595 1357.6319580078125
-55585 1357.31396484375
-55575 1358.72802734375
-55565 1362.927001953125
-55555 1367.8470458984375
-55545 1372.926025390625
-55535 1378.43798828125
-55525 1381.178955078125
-55515 1382.1610107421875
-55505 1388.01904296875
-55495 1392.447998046875
-55485 1392.925048828125
-55475 1397.1519775390625
-55465 1401.364990234375
-55455 1402.1729736328125
-55445 1402.3470458984375
-55435 1405.6650390625
-55425 1407.0360107421875
-55415 1408.3489990234375
-55405 1407.656005859375
-55395 1405.866943359375
-55385 1405.0450439453125
-55375 1406.573974609375
-55365 1408.06005859375
-55355 1411.0179443359375
-55345 1414.10595703125
-55335 1417.3089599609375
-55325 1418.968994140625
-55315 1423.6290283203125
-55305 1426.5
-55295 1426.125
-55285 1427.9580078125
-55275 1430.2950439453125
-55265 1432.6619873046875
-55255 1435.8360595703125
-55245 1440.322998046875
-55235 1443.4830322265625
-55225 1445.1710205078125
-55215 1447.9560546875
-55205 1453.280029296875
-55195 1459.282958984375
-55185 1466.093017578125
-55175 1467.7669677734375
-55165 1470.133056640625
-55155 1477.677978515625
-55145 1485.31298828125
-55135 1492.758056640625
-55125 1499.6689453125
-55115 1504.864013671875
-55105 1508.4420166015625
-55095 1511.3709716796875
-55085 1512.2939453125
-55075 1511.5009765625
-55065 1509.406982421875
-55055 1510.260009765625
-55045 1519.10498046875
-55035 1527.8780517578125
-55025 1536.2750244140625
-55015 1542.6820068359375
-55005 1547.3819580078125
-54995 1549.27099609375
-54985 1556.636962890625
-54975 1559.9429931640625
-54965 1562.20703125
-54955 1564.2060546875
-54945 1566.4169921875
-54935 1568.9139404296875
-54925 1571.2640380859375
-54915 1574.6009521484375
-54905 1577.0889892578125
-54895 1578.7889404296875
-54885 1579.989990234375
-54875 1580.362060546875
-54865 1581.4150390625
-54855 1582.488037109375
-54845 1583.9339599609375
-54835 1584.3909912109375
-54825 1586.4530029296875
-54815 1588.876953125
-54805 1592.7239990234375
-54795 1596.699951171875
-54785 1600.25
-54775 1603.98095703125
-54765 1608.7330322265625
-54755 1613.3990478515625
-54745 1618.2349853515625
-54735 1623.251953125
-54725 1627.5150146484375
-54715 1630.7669677734375
-54705 1636.9329833984375
-54695 1639.25
-54685 1640.1639404296875
-54675 1641.343994140625
-54665 1642.0240478515625
-54655 1643.0550537109375
-54645 1643.6409912109375
-54635 1644.5009765625
-54625 1645.2020263671875
-54615 1646.8709716796875
-54605 1648.8480224609375
-54595 1648.4549560546875
-54585 1649.677001953125
-54575 1651.4840087890625
-54565 1652.175048828125
-54555 1651.7080078125
-54545 1651.9840087890625
-54535 1651.8349609375
-54525 1651.68603515625
-54515 1651.134033203125
-54505 1651.3890380859375
-54495 1651.5909423828125
-54485 1651.4739990234375
-54475 1650.3260498046875
-54465 1649.9320068359375
-54455 1649.677001953125
-54445 1649.9859619140625
-54435 1649.8690185546875
-54425 1650.113037109375
-54415 1649.56005859375
-54405 1649.4329833984375
-54395 1648.625
-54385 1647.052001953125
-54375 1646.7010498046875
-54365 1646.010009765625
-54355 1644.7349853515625
-54345 1643.300048828125
-54335 1642.1300048828125
-54325 1641.5030517578125
-54315 1641.0250244140625
-54305 1640.0679931640625
-54295 1639.20703125
-54285 1638.197998046875
-54275 1636.550048828125
-54265 1633.7760009765625
-54255 1629.6409912109375
-54245 1623.550048828125
-54235 1614.81298828125
-54225 1606.883056640625
-54215 1599.3470458984375
-54205 1590.98095703125
-54195 1583.8489990234375
-54185 1575.823974609375
-54175 1566.511962890625
-54165 1560.5050048828125
-54155 1552.6619873046875
-54145 1545.4019775390625
-54135 1537.833984375
-54125 1530.126953125
-54115 1523.3349609375
-54105 1515.968994140625
-54095 1508.3480224609375
-54085 1501.7249755859375
-54075 1494.2099609375
-54065 1485.9090576171875
-54055 1478.4150390625
-54045 1468.73095703125
-54035 1461.758056640625
-54025 1455.593017578125
-54015 1449.1199951171875
-54005 1444.18798828125
-53995 1438.1290283203125
-53985 1432.612060546875
-53975 1426.4580078125
-53965 1420.612060546875
-53955 1416.2960205078125
-53945 1412.1190185546875
-53935 1408.323974609375
-53925 1404.593017578125
-53915 1401.010986328125
-53905 1396.822998046875
-53895 1394.0269775390625
-53885 1391.762939453125
-53875 1390.4029541015625
-53865 1389.946044921875
-53855 1389.136962890625
-53845 1388.3399658203125
-53835 1387.2669677734375
-53825 1385.470947265625
-53815 1382.5260009765625
-53805 1380.5169677734375
-53795 1378.030029296875
-53785 1374.9580078125
-53775 1371.1209716796875
-53765 1367.613037109375
-53755 1365.2430419921875
-53745 1363.8389892578125
-53735 1362.0860595703125
-53725 1360.6400146484375
-53715 1358.5989990234375
-53705 1354.666015625
-53695 1347.863037109375
-53685 1343.9520263671875
-53675 1344.760009765625
-53665 1349.7449951171875
-53655 1354.8690185546875
-53645 1359.7049560546875
-53635 1364.02001953125
-53625 1367.5489501953125
-53615 1370.1219482421875
-53605 1373.7569580078125
-53595 1378.7860107421875
-53585 1385.0030517578125
-53575 1391.3060302734375
-53565 1398.1619873046875
-53555 1404.2740478515625
-53545 1410.5460205078125
-53535 1414.137939453125
-53525 1418.10302734375
-53515 1423.843017578125
-53505 1430.8800048828125
-53495 1437.54296875
-53485 1443.3800048828125
-53475 1447.4620361328125
-53465 1450.0980224609375
-53455 1453.2020263671875
-53445 1456.2840576171875
-53435 1459.5469970703125
-53425 1460.68505859375
-53415 1460.4840087890625
-53405 1463.5550537109375
-53395 1465.074951171875
-53385 1466.3399658203125
-53375 1468.2110595703125
-53365 1469.635009765625
-53355 1470.60205078125
-53345 1470.68701171875
-53335 1470.218994140625
-53325 1469.9010009765625
-53315 1470.7939453125
-53305 1471.4949951171875
-53295 1471.2509765625
-53285 1470.5169677734375
-53275 1469.8050537109375
-53265 1469.4649658203125
-53255 1468.4759521484375
-53245 1468.614990234375
-53235 1468.487060546875
-53225 1467.60498046875
-53215 1467.47705078125
-53205 1467.4029541015625
-53195 1467.4449462890625
-53185 1466.946044921875
-53175 1466.9139404296875
-53165 1466.052978515625
-53155 1465.3089599609375
-53145 1465.7979736328125
-53135 1465.7979736328125
-53125 1465.2340087890625
-53115 1463.5439453125
-53105 1461.85400390625
-53095 1461.1099853515625
-53085 1460.1529541015625
-53075 1459.9100341796875
-53065 1459.5050048828125
-53055 1456.8260498046875
-53045 1453.083984375
-53035 1450.0340576171875
-53025 1445.4840087890625
-53015 1444.9210205078125
-53005 1445.18701171875
-52995 1445.31396484375
-52985 1445.8349609375
-52975 1446.0909423828125
-52965 1445.64404296875
-52955 1444.8470458984375
-52945 1442.06201171875
-52935 1440.946044921875
-52925 1439.032958984375
-52915 1436.779052734375
-52905 1440.52099609375
-52895 1442.2750244140625
-52885 1442.16796875
-52875 1439.862060546875
-52865 1436.7049560546875
-52855 1436.0140380859375
-52845 1434.5999755859375
-52835 1433.31396484375
-52825 1431.3470458984375
-52815 1426.6280517578125
-52805 1422.322998046875
-52795 1423.291015625
-52785 1423.4820556640625
-52775 1413.1500244140625
-52765 1400.1500244140625
-52755 1391.125
-52745 1382.5899658203125
-52735 1375.2559814453125
-52725 1362.39404296875
-52715 1352.9229736328125
-52705 1346.427978515625
-52695 1351.8070068359375
-52685 1359.1939697265625
-52675 1371.0679931640625
-52665 1371.1629638671875
-52655 1381.4739990234375
-52645 1390.8380126953125
-52635 1393.655029296875
-52625 1394.2080078125
-52615 1389.60498046875
-52605 1394.218994140625
-52595 1395.22802734375
-52585 1382.4520263671875
-52575 1371.39697265625
-52565 1359.85302734375
-52555 1359.927978515625
-52545 1367.4959716796875
-52535 1371.1739501953125
-52525 1375.2559814453125
-52515 1380.8570556640625
-52505 1386.3719482421875
-52495 1388.7760009765625
-52485 1386.6839599609375
-52475 1387.02001953125
-52465 1387.0849609375
-52455 1383.2039794921875
-52445 1379.1829833984375
-52435 1378.97705078125
-52425 1381.5030517578125
-52415 1378.1209716796875
-52405 1371.802001953125
-52395 1367.6939697265625
-52385 1368.4959716796875
-52375 1370.1319580078125
-52365 1369.5360107421875
-52355 1366.0679931640625
-52345 1362.512939453125
-52335 1359.0439453125
-52325 1357.5810546875
-52315 1357.7869873046875
-52305 1356.7030029296875
-52295 1354.7080078125
-52285 1353.5379638671875
-52275 1352.4210205078125
-52265 1350.97998046875
-52255 1348.7469482421875
-52245 1345.1810302734375
-52235 1342.741943359375
-52225 1339.18701171875
-52215 1336.802001953125
-52205 1334.89501953125
-52195 1331.8489990234375
-52185 1328.9530029296875
-52175 1328.9010009765625
-52165 1328.9010009765625
-52155 1327.3489990234375
-52145 1324.781005859375
-52135 1324.261962890625
-52125 1325.9949951171875
-52115 1324.1419677734375
-52105 1321.60595703125
-52095 1319.14599609375
-52085 1316.6300048828125
-52075 1315.10302734375
-52065 1313.6829833984375
-52055 1313.333984375
-52045 1311.14599609375
-52035 1308.6090087890625
-52025 1305.9000244140625
-52015 1303.60205078125
-52005 1301.9429931640625
-51995 1300.697998046875
-51985 1299.2340087890625
-51975 1298.322021484375
-51965 1296.5560302734375
-51955 1296.926025390625
-51945 1296.405029296875
-51935 1297.47802734375
-51925 1294.258056640625
-51915 1287.4300537109375
-51905 1284.0150146484375
-51895 1277.75
-51885 1273.2099609375
-51875 1271.594970703125
-51865 1270.780029296875
-51855 1271.1810302734375
-51845 1268.64501953125
-51835 1267.5389404296875
-51825 1266.4010009765625
-51815 1265.6529541015625
-51805 1268.873046875
-51795 1277.1429443359375
-51785 1284.7080078125
-51775 1284.3399658203125
-51765 1284.7840576171875
-51755 1283.4730224609375
-51745 1285.56494140625
-51735 1285.260986328125
-51725 1285.56494140625
-51715 1286.366943359375
-51705 1287.7430419921875
-51695 1288.3179931640625
-51685 1290.615966796875
-51675 1291.6689453125
-51665 1293.18505859375
-51655 1294.4429931640625
-51645 1296.8599853515625
-51635 1298.7779541015625
-51625 1300.1109619140625
-51615 1301.3590087890625
-51605 1297.1080322265625
-51595 1290.35595703125
-51585 1284.2969970703125
-51575 1279.115966796875
-51565 1276.5159912109375
-51555 1280.14697265625
-51545 1284.447998046875
-51535 1290.2490234375
-51525 1294.7889404296875
-51515 1299.7650146484375
-51505 1306.7340087890625
-51495 1311.383056640625
-51485 1313.26904296875
-51475 1319.4580078125
-51465 1325.27001953125
-51455 1330.5260009765625
-51445 1333.9730224609375
-51435 1334.991943359375
-51425 1336.56396484375
-51415 1338.125
-51405 1339.1650390625
-51395 1340.2490234375
-51385 1341.928955078125
-51375 1342.4599609375
-51365 1344.06396484375
-51355 1345.386962890625
-51345 1346.5030517578125
-51335 1347.43505859375
-51325 1347.1099853515625
-51315 1346.5570068359375
-51305 1347.3380126953125
-51295 1347.197021484375
-51285 1345.0179443359375
-51275 1344.04296875
-51265 1342.7099609375
-51255 1342.5469970703125
-51245 1342.7099609375
-51235 1343.696044921875
-51225 1344.02099609375
-51215 1343.4029541015625
-51205 1344.552001953125
-51195 1346.427001953125
-51185 1347.5439453125
-51175 1347.72802734375
-51165 1348.85498046875
-51155 1350.5030517578125
-51145 1348.530029296875
-51135 1350.43798828125
-51125 1354.925048828125
-51115 1356.333984375
-51105 1356.2259521484375
-51095 1355.5760498046875
-51085 1354.8929443359375
-51075 1355.5860595703125
-51065 1357.342041015625
-51055 1358.3070068359375
-51045 1358.6209716796875
-51035 1358.166015625
-51025 1356.9090576171875
-51015 1353.5269775390625
-51005 1350.5789794921875
-50995 1348.302978515625
-50985 1346.0050048828125
-50975 1347.8909912109375
-50965 1347.3599853515625
-50955 1346.9150390625
-50945 1347.1099853515625
-50935 1345.635986328125
-50925 1345.4739990234375
-50915 1338.363037109375
-50905 1331.5780029296875
-50895 1324.9339599609375
-50885 1322.2979736328125
-50875 1328.9639892578125
-50865 1336.324951171875
-50855 1338.2220458984375
-50845 1338.7430419921875
-50835 1342.0050048828125
-50825 1346.3409423828125
-50815 1346.5360107421875
-50805 1345.1920166015625
-50795 1343.1650390625
-50785 1342.916015625
-50775 1341.864013671875
-50765 1339.8260498046875
-50755 1337.4530029296875
-50745 1336.4659423828125
-50735 1336.1300048828125
-50725 1334.7969970703125
-50715 1333.9520263671875
-50705 1332.217041015625
-50695 1331.426025390625
-50685 1330.7430419921875
-50675 1329.7349853515625
-50665 1328.7060546875
-50655 1326.8719482421875
-50645 1325.864013671875
-50635 1324.7149658203125
-50625 1323.177978515625
-50615 1321.1829833984375
-50605 1319.697998046875
-50595 1319.373046875
-50585 1318.4410400390625
-50575 1316.261962890625
-50565 1314.60400390625
-50555 1313.9859619140625
-50545 1310.4949951171875
-50535 1310.5699462890625
-50525 1311.43798828125
-50515 1310.6689453125
-50505 1307.199951171875
-50495 1305.302978515625
-50485 1304.1099853515625
-50475 1302.5830078125
-50465 1302.1590576171875
-50455 1301.47705078125
-50445 1301.0550537109375
-50435 1300.427001953125
-50425 1297.8690185546875
-50415 1297.1309814453125
-50405 1295.385986328125
-50395 1293.81298828125
-50385 1292.406005859375
-50375 1291.2879638671875
-50365 1290.1839599609375
-50355 1288.8170166015625
-50345 1283.9949951171875
-50335 1279.1910400390625
-50325 1276.5360107421875
-50315 1274.876953125
-50305 1274.010009765625
-50295 1272.2760009765625
-50285 1272.5799560546875
-50275 1276.904052734375
-50265 1282.616943359375
-50255 1288.219970703125
-50245 1293.77099609375
-50235 1296.2530517578125
-50225 1298.64794921875
-50215 1300.72900390625
-50205 1302.3330078125
-50195 1304.5989990234375
-50185 1307.2879638671875
-50175 1309.5849609375
-50165 1312.3060302734375
-50155 1315.2760009765625
-50145 1319.0909423828125
-50135 1322.5159912109375
-50125 1326.072021484375
-50115 1328.9439697265625
-50105 1332.4649658203125
-50095 1336.4119873046875
-50085 1339.511962890625
-50075 1343.5009765625
-50065 1345.58203125
-50055 1347.97705078125
-50045 1351.02294921875
-50035 1354.5999755859375
-50025 1358.761962890625
-50015 1362.23095703125
-50005 1365.625
-49995 1370.636962890625
-49985 1375.41796875
-49975 1380.5980224609375
-49965 1384.508056640625
-49955 1386.8780517578125
-49945 1388.5660400390625
-49935 1394.281005859375
-49925 1401.5150146484375
-49915 1405.68798828125
-49905 1399.616943359375
-49895 1394.626953125
-49885 1391.177001953125
-49875 1389.77197265625
-49865 1390.1700439453125
-49855 1393.7669677734375
-49845 1400.47705078125
-49835 1409.18994140625
-49825 1418.8260498046875
-49815 1428.6190185546875
-49805 1425.0860595703125
-49795 1422.89404296875
-49785 1431.4610595703125
-49775 1441.5469970703125
-49765 1452.5040283203125
-49755 1461.343017578125
-49745 1463.8590087890625
-49735 1465.4739990234375
-49725 1463.9010009765625
-49715 1460.7559814453125
-49705 1468.157958984375
-49695 1475.906982421875
-49685 1478.2130126953125
-49675 1481.925048828125
-49665 1483.3819580078125
-49655 1485.406005859375
-49645 1487.072998046875
-49635 1489.012939453125
-49625 1490.469970703125
-49615 1492.2840576171875
-49605 1494.1190185546875
-49595 1496.0689697265625
-49585 1497.6629638671875
-49575 1499.425048828125
-49565 1501.39599609375
-49555 1503.9019775390625
-49545 1504.3740234375
-49535 1500.9339599609375
-49525 1503.114990234375
-49515 1506.8590087890625
-49505 1509.9940185546875
-49495 1510.9580078125
-49485 1511.10498046875
-49475 1512.991943359375
-49465 1513.93603515625
-49455 1513.6529541015625
-49445 1516.3680419921875
-49435 1518.1610107421875
-49425 1519.240966796875
-49415 1520.0379638671875
-49405 1520.803955078125
-49395 1522.072021484375
-49385 1522.4649658203125
-49375 1521.6319580078125
-49365 1521.2230224609375
-49355 1521.0340576171875
-49345 1520.447021484375
-49335 1513.73095703125
-49325 1505.4739990234375
-49315 1502.4859619140625
-49305 1506.18798828125
-49295 1515.7080078125
-49285 1520.4520263671875
-49275 1520.876953125
-49265 1521.1920166015625
-49255 1520.824951171875
-49245 1521.2020263671875
-49235 1520.3890380859375
-49225 1518.2030029296875
-49215 1514.323974609375
-49205 1511
-49195 1510.3499755859375
-49185 1508.8929443359375
-49175 1506.9110107421875
-49165 1507.1939697265625
-49155 1506.7330322265625
-49145 1506.197998046875
-49135 1500.9339599609375
-49125 1491.75
-49115 1484.5989990234375
-49105 1477.699951171875
-49095 1469.552978515625
-49085 1469.196044921875
-49075 1471.345947265625
-49065 1470.0350341796875
-49055 1464.39404296875
-49045 1457.5999755859375
-49035 1451.676025390625
-49025 1443.3299560546875
-49015 1435.487060546875
-49005 1427.3919677734375
-48995 1418.7110595703125
-48985 1413.0379638671875
-48975 1409.0849609375
-48965 1403.3289794921875
-48955 1395.4859619140625
-48945 1387.3919677734375
-48935 1379.3809814453125
-48925 1372.208984375
-48915 1369.2950439453125
-48905 1371.81103515625
-48895 1367.637939453125
-48885 1357.718994140625
-48875 1366.0439453125
-48865 1372.8800048828125
-48855 1381.384033203125
-48845 1390.5059814453125
-48835 1394.60595703125
-48825 1396.072998046875
-48815 1408.4139404296875
-48805 1418.7950439453125
-48795 1426.636962890625
-48785 1434.616943359375
-48775 1442.375
-48765 1450.176025390625
-48755 1457.6629638671875
-48745 1466.35498046875
-48735 1472.68798828125
-48725 1477.845947265625
-48715 1481.3900146484375
-48705 1486.0560302734375
-48695 1491.3509521484375
-48685 1495.9639892578125
-48675 1499.5400390625
-48665 1501.8570556640625
-48655 1501.9620361328125
-48645 1502.68505859375
-48635 1503.376953125
-48625 1502.916015625
-48615 1503.7340087890625
-48605 1504.0279541015625
-48595 1503.083984375
-48585 1503.4300537109375
-48575 1504.447021484375
-48565 1506.7640380859375
-48555 1511.7449951171875
-48545 1516.6510009765625
-48535 1524.9449462890625
-48525 1526.8330078125
-48515 1527.7760009765625
-48505 1528.5889892578125
-48495 1529.8780517578125
-48485 1530.7640380859375
-48475 1533.22802734375
-48465 1534.5340576171875
-48455 1535.425048828125
-48445 1537.6689453125
-48435 1539.094970703125
-48425 1540.1700439453125
-48415 1541.27001953125
-48405 1542.7230224609375
-48395 1543.572021484375
