-69695 2262.493896484375
-69685 2266.41796875
-69675 2270.444091796875
-69665 2275.35595703125
-69655 2281.10791015625
-69645 2287.08203125
-69635 2293.305908203125
-69625 2298.68896484375
-69615 2303.305908203125
-69605 2309.2939453125
-69595 2314.544921875
-69585 2321.31494140625
-69575 2327.199951171875
-69565 2335.0458984375
-69555 2342.096923828125
-69545 2348.718994140625
-69535 2355.31201171875
-69525 2361.404052734375
-69515 2367.47998046875
-69505 2372.760009765625
-69495 2376.905029296875
-69485 2382.347900390625
-69475 2387.77490234375
-69465 2392.87890625
-69455 2398.926025390625
-69445 2404.51611328125
-69435 2410.445068359375
-69425 2415.97607421875
-69415 2422.510009765625
-69405 2429.9140625
-69395 2433.8369140625
-69385 2434.89892578125
-69375 2437.14111328125
-69365 2441.034912109375
-69355 2445.696044921875
-69345 2451.552001953125
-69335 2458.48388671875
-69325 2465.1650390625
-69315 2470.533935546875
-69305 2477.717041015625
-69295 2486.344970703125
-69285 2495.26904296875
-69275 2504.220947265625
-69265 2513.89697265625
-69255 2522.68798828125
-69245 2538.9560546875
-69235 2544.368896484375
-69225 2544.6640625
-69215 2540.8291015625
-69205 2541.035888671875
-69195 2543.3359375
-69185 2544.722900390625
-69175 2545.740966796875
-69165 2544.928955078125
-69155 2545.195068359375
-69145 2545.947021484375
-69135 2546.7880859375
-69125 2548.7939453125
-69115 2546.448974609375
-69105 2542.791015625
-69095 2540.81396484375
-69085 2540.85888671875
-69075 2540.784912109375
-69065 2539.6640625
-69055 2539.5458984375
-69045 2538.027099609375
-69035 2535.4599609375
-69025 2532.614013671875
-69015 2529.39794921875
-69005 2526.81689453125
-68995 2526.52197265625
-68985 2527.319091796875
-68975 2529.220947265625
-68965 2526.965087890625
-68955 2523.10009765625
-68945 2521.5810546875
-68935 2518.779052734375
-68925 2515.947021484375
-68915 2511.360107421875
-68905 2506.43408203125
-68895 2502.583984375
-68885 2500.385986328125
-68875 2497.406982421875
-68865 2493.735107421875
-68855 2491.27099609375
-68845 2487.215087890625
-68835 2486.1240234375
-68825 2488.114990234375
-68815 2487.303955078125
-68805 2485.091064453125
-68795 2483.79296875
-68785 2484.39794921875
-68775 2485.873046875
-68765 2486.462890625
-68755 2487.376953125
-68745 2483.3359375
-68735 2478.365966796875
-68725 2476.06494140625
-68715 2477.422119140625
-68705 2478.4990234375
-68695 2481.655029296875
-68685 2481.56591796875
-68675 2485.1650390625
-68665 2486.31591796875
-68655 2485.239013671875
-68645 2483.660888671875
-68635 2481.375
-68625 2479.51611328125
-68615 2477.22998046875
-68605 2472.363037109375
-68595 2467.553955078125
-68585 2463.114990234375
-68575 2457.52490234375
-68565 2450.047119140625
-68555 2442.18603515625
-68545 2435.7109375
-68535 2427.701904296875
-68525 2421.594970703125
-68515 2417.7900390625
-68505 2414.45703125
-68495 2408.866943359375
-68485 2406.535888671875
-68475 2404.10302734375
-68465 2402.009033203125
-68455 2398.763916015625
-68445 2394.280029296875
-68435 2390.135009765625
-68425 2385.282958984375
-68415 2382.06689453125
-68405 2380.091064453125
-68395 2374.029052734375
-68385 2366.93505859375
-68375 2360.4150390625
-68365 2356.507080078125
-68355 2352.199951171875
-68345 2349.76611328125
-68335 2345.35595703125
-68325 2339.85498046875
-68315 2335.075927734375
-68305 2330.50390625
-68295 2326.6689453125
-68285 2319.7958984375
-68275 2315.930908203125
-68265 2311.889892578125
-68255 2306.35888671875
-68245 2303.23193359375
-68235 2299.7509765625
-68225 2299.322998046875
-68215 2295.72509765625
-68205 2286.992919921875
-68195 2285.1640625
-68185 2283.3349609375
-68175 2275.7099609375
-68165 2272.037109375
-68155 2263.614990234375
-68145 2255.989990234375
-68135 2251.256103515625
-68125 2245.72509765625
-68115 2241.962890625
-68105 2246.403076171875
-68095 2251.300048828125
-68085 2253.614990234375
-68075 2255.001953125
-68065 2264.116943359375
-68055 2274.9580078125
-68045 2275.194091796875
-68035 2280.60693359375
-68025 2285.930908203125
-68015 2292.199951171875
-68005 2296.033935546875
-67995 2292.509033203125
-67985 2284.971923828125
-67975 2276.343994140625
-67965 2273.37890625
-67955 2271.6240234375
-67945 2269.2060546875
-67935 2286.506103515625
-67925 2281.35888671875
-67915 2277.1259765625
-67905 2266.741943359375
-67895 2259.943115234375
-67885 2256.033935546875
-67875 2253.8369140625
-67865 2252.346923828125
-67855 2249.721923828125
-67845 2246.72802734375
-67835 2244.794921875
-67825 2242.362060546875
-67815 2244.589111328125
-67805 2246.594970703125
-67795 2242.7451171875
-67785 2241.1669921875
-67775 2241.594970703125
-67765 2240.886962890625
-67755 2240.444091796875
-67745 2249.013916015625
-67735 2246.785888671875
-67725 2247.89306640625
-67715 2249.6630859375
-67705 2251.447021484375
-67695 2245.074951171875
-67685 2239.116943359375
-67675 2228.822021484375
-67665 2219.736083984375
-67655 2212.99609375
-67645 2207.77392578125
-67635 2209.943115234375
-67625 2213.73291015625
-67615 2213.320068359375
-67605 2214.943115234375
-67595 2214.60400390625
-67585 2214.14599609375
-67575 2213.881103515625
-67565 2214.366943359375
-67555 2214.76611328125
-67545 2215.35595703125
-67535 2216.875
-67525 2217.0810546875
-67515 2216.033935546875
-67505 2214.032958984375
-67495 2211.201904296875
-67485 2208.131103515625
-67475 2204.7490234375
-67465 2203.322998046875
-67455 2200.37890625
-67445 2201.385009765625
-67435 2200.305908203125
-67425 2205.1689453125
-67415 2206.52197265625
-67405 2208.806884765625
-67395 2210.489013671875
-67385 2213.5048828125
-67375 2218.6240234375
-67365 2229.9951171875
-67355 2229.84912109375
-67345 2232.537109375
-67335 2241.4951171875
-67325 2254.548095703125
-67315 2259.39208984375
-67305 2256.66796875
-67295 2250.1240234375
-67285 2255.736083984375
-67275 2261.073974609375
-67265 2266.50390625
-67255 2273.011962890625
-67245 2280.416015625
-67235 2286.66796875
-67225 2292.537109375
-67215 2305.718017578125
-67205 2322.007080078125
-67195 2330.14208984375
-67185 2329.5390625
-67175 2337.528076171875
-67165 2339.97802734375
-67155 2340.708984375
-67145 2343.287109375
-67135 2342.573974609375
-67125 2339.97802734375
-67115 2345.077880859375
-67105 2342.0439453125
-67095 2343.488037109375
-67085 2343.450927734375
-67075 2339.556884765625
-67065 2338.2958984375
-67055 2338.514892578125
-67045 2341.093017578125
-67035 2343.5791015625
-67025 2345.590087890625
-67015 2349.64892578125
-67005 2351.623046875
-66995 2355.280029296875
-66985 2359.55810546875
-66975 2364.76806640625
-66965 2371.47705078125
-66955 2370.801025390625
-66945 2363.049072265625
-66935 2354.43896484375
-66925 2346.302978515625
-66915 2337.693115234375
-66905 2330.051025390625
-66895 2320.14208984375
-66885 2310.965087890625
-66875 2303.945068359375
-66865 2295.6630859375
-66855 2286.925048828125
-66845 2277.071044921875
-66835 2268.514892578125
-66825 2261.951904296875
-66815 2251.9150390625
-66805 2242.738037109375
-66795 2234.60302734375
-66785 2223.5791015625
-66775 2212.115966796875
-66765 2202.462890625
-66755 2195.132080078125
-66745 2188.0390625
-66735 2181.493896484375
-66725 2175.406005859375
-66715 2168.824951171875
-66705 2162.884033203125
-66695 2156.485107421875
-66685 2150.743896484375
-66675 2144.784912109375
-66665 2139.135986328125
-66655 2133.35888671875
-66645 2127.58203125
-66635 2122.242919921875
-66625 2116.9970703125
-66615 2112.0791015625
-66605 2107.4541015625
-66595 2103.322021484375
-66585 2099.555908203125
-66575 2095.881103515625
-66565 2092.718994140625
-66555 2090.580078125
-66545 2088.47705078125
-66535 2086.52099609375
-66525 2084.56494140625
-66515 2082.681884765625
-66505 2081.493896484375
-66495 2080.23193359375
-66485 2079.22705078125
-66475 2080.634033203125
-66465 2081.968994140625
-66455 2081.785888671875
-66445 2082.35302734375
-66435 2082.883056640625
-66425 2083.925048828125
-66415 2084.89404296875
-66405 2085.825927734375
-66395 2086.83203125
-66385 2088.989013671875
-66375 2090.761962890625
-66365 2092.152099609375
-66355 2093.72412109375
-66345 2094.89404296875
-66335 2097.655029296875
-66325 2098.0390625
-66315 2099.446044921875
-66305 2101.054931640625
-66295 2103.486083984375
-66285 2106.923095703125
-66275 2111.1279296875
-66265 2112.134033203125
-66255 2115.076904296875
-66245 2120.342041015625
-66235 2126.467041015625
-66225 2133.340087890625
-66215 2139.739013671875
-66205 2148.5869140625
-66195 2162.884033203125
-66185 2177.489990234375
-66175 2180.323974609375
-66165 2185.93701171875
-66155 2191.330078125
-66145 2198.716064453125
-66135 2212.153076171875
-66125 2226.06494140625
-66115 2241.366943359375
-66105 2256.760009765625
-66095 2272.243896484375
-66085 2288.16796875
-66075 2301.14794921875
-66065 2315.6630859375
-66055 2328.47900390625
-66045 2330.617919921875
-66035 2325.096923828125
-66025 2327.748046875
-66015 2343.031005859375
-66005 2354.6220703125
-65995 2367.326904296875
-65985 2378.533935546875
-65975 2406.449951171875
-65965 2415.18798828125
-65955 2413.488037109375
-65945 2403.799072265625
-65935 2396.944091796875
-65925 2385.462890625
-65915 2363.1220703125
-65905 2357.929931640625
-65895 2347.217041015625
-65885 2339.612060546875
-65875 2333.26904296875
-65865 2332.06201171875
-65855 2333.8720703125
-65845 2341.31298828125
-65835 2346.797119140625
-65825 2360.39794921875
-65815 2363.322998046875
-65805 2350.324951171875
-65795 2345.280029296875
-65785 2341.823974609375
-65775 2345.845947265625
-65765 2351.916015625
-65755 2360.4169921875
-65745 2355.444091796875
-65735 2356.156982421875
-65725 2354.238037109375
-65715 2370.10595703125
-65705 2372.865966796875
-65695 2374.841064453125
-65685 2379.028076171875
-65675 2362.48291015625
-65665 2358.990966796875
-65655 2368.735107421875
-65645 2377.1630859375
-65635 2390.324951171875
-65625 2410.782958984375
-65615 2425.298095703125
-65605 2437.327880859375
-65595 2441.5869140625
-65585 2435.22509765625
-65575 2428.533935546875
-65565 2422.555908203125
-65555 2415.535888671875
-65545 2407.6201171875
-65535 2401.970947265625
-65525 2397.748046875
-65515 2387.967041015625
-65505 2382.262939453125
-65495 2375.333984375
-65485 2367.802001953125
-65475 2360.654052734375
-65465 2354.384033203125
-65455 2347.491943359375
-65445 2342.537109375
-65435 2337.364013671875
-65425 2331.258056640625
-65415 2327.01611328125
-65405 2323.615966796875
-65395 2321.659912109375
-65385 2317.25390625
-65375 2314.181884765625
-65365 2311.220947265625
-65355 2310.324951171875
-65345 2306.887939453125
-65335 2305.02294921875
-65325 2300.654052734375
-65315 2299.501953125
-65305 2294.638916015625
-65295 2293.798095703125
-65285 2294.89501953125
-65275 2292.884033203125
-65265 2289.99609375
-65255 2286.998046875
-65245 2281.805908203125
-65235 2274.383056640625
-65225 2269.410888671875
-65215 2264.656982421875
-65205 2259.19091796875
-65195 2254.072998046875
-65185 2250.818115234375
-65175 2245.51708984375
-65165 2241.201904296875
-65155 2237.363037109375
-65145 2233.468994140625
-65135 2231.5859375
-65125 2229.9951171875
-65115 2228.971923828125
-65105 2228.423095703125
-65095 2229.24609375
-65085 2231.31201171875
-65075 2234.383056640625
-65065 2235.2060546875
-65055 2233.652099609375
-65045 2228.49609375
-65035 2222.610107421875
-65025 2216.924072265625
-65015 2210.68994140625
-65005 2205.60888671875
-64995 2200.1220703125
-64985 2194.9189453125
-64975 2190.22900390625
-64965 2185.39208984375
-64955 2179.861083984375
-64945 2174.89306640625
-64935 2170.971923828125
-64925 2169.02294921875
-64915 2170.322998046875
-64905 2171.10400390625
-64895 2170
-64885 2166.451904296875
-64875 2162.700927734375
-64865 2160.510986328125
-64855 2157.842041015625
-64845 2147.669921875
-64835 2135.073974609375
-64825 2127.429931640625
-64815 2121.18505859375
-64805 2115.18408203125
-64795 2108.47412109375
-64785 2101.179931640625
-64775 2096.48388671875
-64765 2094.430908203125
-64755 2092.470947265625
-64745 2089.62109375
-64735 2083.680908203125
-64725 2073.81005859375
-64715 2066.14404296875
-64705 2058.2548828125
-64695 2049.764892578125
-64685 2042.154052734375
-64675 2033.761962890625
-64665 2026.0909423828125
-64655 2019.0040283203125
-64645 2011.35498046875
-64635 2004.9620361328125
-64625 1998.7919921875
-64615 1992.824951171875
-64605 1986.9549560546875
-64595 1981.1729736328125
-64585 1975.844970703125
-64575 1971.176025390625
-64565 1966.7490234375
-64555 1963.041015625
-64545 1959.95703125
-64535 1958.291015625
-64525 1956.6700439453125
-64515 1956.2060546875
-64505 1956.135009765625
-64495 1953.85302734375
-64485 1951.5479736328125
-64475 1950.5880126953125
-64465 1950.7509765625
-64455 1951.5870361328125
-64445 1951.9739990234375
-64435 1951.5870361328125
-64425 1951.800048828125
-64415 1951.68994140625
-64405 1951.7889404296875
-64395 1951.739990234375
-64385 1951.68994140625
-64375 1951.696044921875
-64365 1951.6190185546875
-64355 1951.8919677734375
-64345 1951.094970703125
-64335 1951.2039794921875
-64325 1950.614990234375
-64315 1950.8709716796875
-64305 1951.64697265625
-64295 1954.823974609375
-64285 1958.3189697265625
-64275 1961.8570556640625
-64265 1964.696044921875
-64255 1965.1490478515625
-64245 1966.175048828125
-64235 1965.35595703125
-64225 1966.9830322265625
-64215 1969.7020263671875
-64205 1971.9840087890625
-64195 1978.1700439453125
-64185 1998.02197265625
-64175 2013.52294921875
-64165 2024.0159912109375
-64155 2031.06494140625
-64145 2036.6500244140625
-64135 2043.404052734375
-64125 2055.98388671875
-64115 2061.93505859375
-64105 2066.14404296875
-64095 2071.909912109375
-64085 2077.702880859375
-64075 2082.37109375
-64065 2086.924072265625
-64055 2090.31494140625
-64045 2090.712890625
-64035 2087.623046875
-64025 2084.375
-64015 2082.73095703125
-64005 2096.861083984375
-63995 2108.922119140625
-63985 2123.6298828125
-63975 2129.123046875
-63965 2143.68408203125
-63955 2160.8330078125
-63945 2165.10302734375
-63935 2162.951904296875
-63925 2160.839111328125
-63915 2152.948974609375
-63905 2139.010986328125
-63895 2134.44091796875
-63885 2127.992919921875
-63875 2099.950927734375
-63865 2095.511962890625
-63855 2094.1640625
-63845 2097.342041015625
-63835 2102.801025390625
-63825 2104.40087890625
-63815 2103.1240234375
-63805 2105.65087890625
-63795 2107.14208984375
-63785 2098.35205078125
-63775 2095.381103515625
-63765 2093.760009765625
-63755 2087.672119140625
-63745 2087.51904296875
-63735 2088.04296875
-63725 2092.781982421875
-63715 2098.83203125
-63705 2092.89208984375
-63695 2085.2919921875
-63685 2070.114013671875
-63675 2058.62109375
-63665 2051.462890625
-63655 2041.3399658203125
-63645 2035.9239501953125
-63635 2031.884033203125
-63625 2020.5439453125
-63615 2015.66796875
-63605 2013.654052734375
-63595 2012.1519775390625
-63585 2012.9820556640625
-63575 2016.4000244140625
-63565 2025.239013671875
-63555 2036.405029296875
-63545 2048.19189453125
-63535 2056.10400390625
-63525 2060.083984375
-63515 2069.5400390625
-63505 2074.639892578125
-63495 2070.06396484375
-63485 2072.54296875
-63475 2068.694091796875
-63465 2065.510986328125
-63455 2043.8570556640625
-63445 2035.176025390625
-63435 2024.0439453125
-63425 2015.0350341796875
-63415 2052.3798828125
-63405 2058.23291015625
-63395 2056.032958984375
-63385 2037.4200439453125
-63375 2041.75
-63365 2056.7529296875
-63355 2095.2119140625
-63345 2109.72412109375
-63335 2111.5419921875
-63325 2125.4541015625
-63315 2124.83203125
-63305 2118.531005859375
-63295 2125.902099609375
-63285 2140.23388671875
-63275 2147.572021484375
-63265 2148.198974609375
-63255 2154.909912109375
-63245 2156.613037109375
-63235 2165.862060546875
-63225 2181.6298828125
-63215 2185.06396484375
-63205 2195.60205078125
-63195 2213.37890625
-63185 2217.4189453125
-63175 2222.862060546875
-63165 2235.719970703125
-63155 2246.68896484375
-63145 2247.819091796875
-63135 2245.31298828125
-63125 2247.010986328125
-63115 2244.06298828125
-63105 2239.1708984375
-63095 2234.830078125
-63085 2231.160888671875
-63075 2229.47900390625
-63065 2223.52294921875
-63055 2213.23095703125
-63045 2198.52197265625
-63035 2189.0830078125
-63025 2182.79296875
-63015 2175.2041015625
-63005 2166.429931640625
-62995 2159.593994140625
-62985 2154.0419921875
-62975 2145.90087890625
-62965 2140.260986328125
-62955 2134.06396484375
-62945 2126.08203125
-62935 2117.281005859375
-62925 2109.27099609375
-62915 2101.031982421875
-62905 2092.06201171875
-62895 2081.583984375
-62885 2074.699951171875
-62875 2068.443115234375
-62865 2060.903076171875
-62855 2057.780029296875
-62845 2052.739990234375
-62835 2048.662109375
-62825 2045.260009765625
-62815 2039.375
-62805 2033.5980224609375
-62795 2033.10205078125
-62785 2025.654052734375
-62775 2020.991943359375
-62765 2013.98095703125
-62755 2006.156982421875
-62745 1999.68798828125
-62735 1993.8780517578125
-62725 1986.2349853515625
-62715 1979.8900146484375
-62705 1972.6510009765625
-62695 1963.532958984375
-62685 1956.0360107421875
-62675 1949.446044921875
-62665 1941.8570556640625
-62655 1933.9189453125
-62645 1926.0679931640625
-62635 1918.156005859375
-62625 1910.9659423828125
-62615 1904.0260009765625
-62605 1896.8580322265625
-62595 1888.8370361328125
-62585 1880.9749755859375
-62575 1872.4090576171875
-62565 1864.68798828125
-62555 1856.6300048828125
-62545 1849.5379638671875
-62535 1841.0689697265625
-62525 1830.177001953125
-62515 1822.5169677734375
-62505 1814.4329833984375
-62495 1805.592041015625
-62485 1795.9739990234375
-62475 1788.4210205078125
-62465 1783.0240478515625
-62455 1775.1500244140625
-62445 1766.625
-62435 1758.594970703125
-62425 1750.1619873046875
-62415 1741.2359619140625
-62405 1733.0489501953125
-62395 1727.04296875
-62385 1721.1689453125
-62375 1716.04296875
-62365 1709.27197265625
-62355 1700.583984375
-62345 1692.323974609375
-62335 1683.8480224609375
-62325 1678.0169677734375
-62315 1676.4759521484375
-62305 1675.489013671875
-62295 1673.7879638671875
-62285 1676.8389892578125
-62275 1683.9320068359375
-62265 1687.3380126953125
-62255 1691.27099609375
-62245 1695.7139892578125
-62235 1699.9100341796875
-62225 1704.491943359375
-62215 1708.9599609375
-62205 1713.7320556640625
-62195 1719.5810546875
-62185 1724.8709716796875
-62175 1729.9720458984375
-62165 1735.4520263671875
-62155 1740.9720458984375
-62145 1747.176025390625
-62135 1750.3929443359375
-62125 1753.6009521484375
-62115 1758.6689453125
-62105 1766.9639892578125
-62095 1773.56298828125
-62085 1788.428955078125
-62075 1807.0970458984375
-62065 1814.551025390625
-62055 1835.3499755859375
-62045 1832.9720458984375
-62035 1836.1400146484375
-62025 1837.2919921875
-62015 1842.343017578125
-62005 1856.3310546875
-61995 1869.387939453125
-61985 1878.1500244140625
-61975 1886.4759521484375
-61965 1889.2900390625
-61955 1894.1610107421875
-61945 1903.030029296875
-61935 1911.8409423828125
-61925 1924.0009765625
-61915 1930.928955078125
-61905 1945.9210205078125
-61895 1955.241943359375
-61885 1965.262939453125
-61875 1974.4940185546875
-61865 2000.1639404296875
-61855 2008.2430419921875
-61845 2016.47900390625
-61835 2029.2559814453125
-61825 2027.8079833984375
-61815 2041.18505859375
-61805 2044.822998046875
-61795 2053.322021484375
-61785 2057.5
-61775 2063.85302734375
-61765 2065.7109375
-61755 2067.0869140625
-61745 2078.342041015625
-61735 2091.5380859375
-61725 2100.30908203125
-61715 2109.1201171875
-61705 2120.26806640625
-61695 2124.384033203125
-61685 2136.220947265625
-61675 2148.49609375
-61665 2151.739990234375
-61655 2153.160888671875
-61645 2154.52099609375
-61635 2157.2919921875
-61625 2161.259033203125
-61615 2165.60302734375
-61605 2172.25
-61595 2177.4580078125
-61585 2181.2099609375
-61575 2182.303955078125
-61565 2183.669921875
-61555 2184.60791015625
-61545 2185.406005859375
-61535 2188.541015625
-61525 2191.77392578125
-61515 2189.428955078125
-61505 2187.322998046875
-61495 2190.22705078125
-61485 2194.89990234375
-61475 2200.133056640625
-61465 2205.34912109375
-61455 2211.10009765625
-61445 2217.822021484375
-61435 2223.81103515625
-61425 2230.87890625
-61415 2238.31591796875
-61405 2245.73095703125
-61395 2252.58203125
-61385 2263.81396484375
-61375 2270.14892578125
-61365 2278.639892578125
-61355 2286.430908203125
-61345 2294.60107421875
-61335 2302.992919921875
-61325 2309.450927734375
-61315 2314.0009765625
-61305 2319.217041015625
-61295 2329.882080078125
-61285 2336.47802734375
-61275 2341.68603515625
-61265 2343.958984375
-61255 2347.373046875
-61245 2354.89306640625
-61235 2361.968994140625
-61225 2367.382080078125
-61215 2372.6640625
-61205 2377.22998046875
-61195 2381.35205078125
-61185 2384.64306640625
-61175 2387.637939453125
-61165 2389.447998046875
-61155 2394.4169921875
-61145 2399.928955078125
-61135 2402.429931640625
-61125 2397.527099609375
-61115 2396.6298828125
-61105 2396.342041015625
-61095 2396.489990234375
-61085 2397.47802734375
-61075 2400.22607421875
-61065 2402.989990234375
-61055 2408.10693359375
-61045 2416.02392578125
-61035 2423.988037109375
-61025 2429.632080078125
-61015 2429.43408203125
-61005 2427.2109375
-60995 2423.658935546875
-60985 2423.31201171875
-60975 2428.79296875
-60965 2433.4580078125
-60955 2434.214111328125
-60945 2433.7041015625
-60935 2432.969970703125
-60925 2426.18505859375
-60915 2420.30908203125
-60905 2414.72998046875
-60895 2409.508056640625
-60885 2406.06689453125
-60875 2403.1298828125
-60865 2400.35693359375
-60855 2391.998046875
-60845 2387.39892578125
-60835 2381.35205078125
-60825 2372.787109375
-60815 2363.718994140625
-60805 2354.281982421875
-60795 2344.8310546875
-60785 2337.596923828125
-60775 2331.074951171875
-60765 2327.337890625
-60755 2320.55810546875
-60745 2313.572998046875
-60735 2305.617919921875
-60725 2297.3330078125
-60715 2291.35107421875
-60705 2285.8310546875
-60695 2281.782958984375
-60685 2275.423095703125
-60675 2268.626953125
-60665 2261.452880859375
-60655 2254.633056640625
-60645 2249.035888671875
-60635 2243.049072265625
-60625 2237.051025390625
-60615 2231.552978515625
-60605 2227.572998046875
-60595 2221.58203125
-60585 2214.7529296875
-60575 2205.587890625
-60565 2191.873046875
-60555 2176.947998046875
-60545 2165.2900390625
-60535 2158.65087890625
-60525 2149.656005859375
-60515 2139.010009765625
-60505 2131.697998046875
-60495 2118.8779296875
-60485 2109.5810546875
-60475 2097.23193359375
-60465 2085.7880859375
-60455 2076.91796875
-60445 2070.468017578125
-60435 2063.821044921875
-60425 2057.634033203125
-60415 2051.85595703125
-60405 2053.841064453125
-60395 2053.174072265625
-60385 2045.4410400390625
-60375 2036.7010498046875
-60365 2019.0870361328125
-60355 2010.76904296875
-60345 2017.218994140625
-60335 2017.696044921875
-60325 2003.134033203125
-60315 2001.9739990234375
-60305 2001.8590087890625
-60295 2003.64404296875
-60285 2004.4010009765625
-60275 1991.5169677734375
-60265 1982.260986328125
-60255 1976.7550048828125
-60245 1974.615966796875
-60235 1968.791015625
-60225 1964.4320068359375
-60215 1965.3189697265625
-60205 1961.5999755859375
-60195 1939.123046875
-60185 1929.0279541015625
-60175 1922.1009521484375
-60165 1893.2969970703125
-60155 1882.1080322265625
-60145 1871.864990234375
-60135 1862.541015625
-60125 1854.1409912109375
-60115 1846.012939453125
-60105 1838.0400390625
-60095 1827.9210205078125
-60085 1819.6519775390625
-60075 1811.5069580078125
-60065 1804.9830322265625
-60055 1796.458984375
-60045 1788.52001953125
-60035 1780.8680419921875
-60025 1773.4620361328125
-60015 1766.114990234375
-60005 1758.458984375
-59995 1751.1939697265625
-59985 1744.6650390625
-59975 1738.08203125
-59965 1731.843994140625
-59955 1725.7349853515625
-59945 1720.0849609375
-59935 1714.39501953125
-59925 1709.7540283203125
-59915 1704.2349853515625
-59905 1699.4630126953125
-59895 1697.115966796875
-59885 1694.7960205078125
-59875 1693.35400390625
-59865 1691.3609619140625
-59855 1690.0369873046875
-59845 1688.634033203125
-59835 1687.9659423828125
-59825 1688.1490478515625
-59815 1690.1810302734375
-59805 1693.498046875
-59795 1697.916015625
-59785 1701.8360595703125
-59775 1706.803955078125
-59765 1711.904052734375
-59755 1717.095947265625
-59745 1722.70703125
-59735 1727.989990234375
-59725 1732.8929443359375
-59715 1738.0970458984375
-59705 1742.8690185546875
-59695 1747.875
-59685 1754.0260009765625
-59675 1760.7640380859375
-59665 1768.748046875
-59655 1777.0069580078125
-59645 1786.364990234375
-59635 1793.157958984375
-59625 1803.4599609375
-59615 1812.4549560546875
-59605 1821.5400390625
-59595 1826.06298828125
-59585 1832.2249755859375
-59575 1836.9420166015625
-59565 1854.2490234375
-59555 1860.2659912109375
-59545 1866.31005859375
-59535 1872.2359619140625
-59525 1878.947998046875
-59515 1886.1820068359375
-59505 1906.2030029296875
-59495 1923.217041015625
-59485 1925.906982421875
-59475 1932.2249755859375
-59465 1938.7779541015625
-59455 1950.4849853515625
-59445 1959.7559814453125
-59435 1963.3740234375
-59425 1966.8590087890625
-59415 1970.7679443359375
-59405 1971.384033203125
-59395 1955.1669921875
-59385 1944.823974609375
-59375 1932.8680419921875
-59365 1925.238037109375
-59355 1915.114990234375
-59345 1901.2449951171875
-59335 1889.0679931640625
-59325 1871.5780029296875
-59315 1861.9439697265625
-59305 1850.9449462890625
-59295 1842.2669677734375
-59285 1828.3289794921875
-59275 1817.9620361328125
-59265 1806.6739501953125
-59255 1793.1710205078125
-59245 1779.31201171875
-59235 1765.4969482421875
-59225 1758.2469482421875
-59215 1749.39794921875
-59205 1739.6180419921875
-59195 1731.594970703125
-59185 1721.3819580078125
-59175 1713.385009765625
-59165 1704.31396484375
-59155 1696.4610595703125
-59145 1687.126953125
-59135 1677.9630126953125
-59125 1669.7559814453125
-59115 1660.9859619140625
-59105 1652.93701171875
-59095 1645.176025390625
-59085 1637.532958984375
-59075 1630.1390380859375
-59065 1623.427001953125
-59055 1616.740966796875
-59045 1609.9110107421875
-59035 1603.093994140625
-59025 1596.2239990234375
-59015 1589.3289794921875
-59005 1583.010009765625
-58995 1576.6650390625
-58985 1569.886962890625
-58975 1563.095947265625
-58965 1558.2850341796875
-58955 1552.843994140625
-58945 1546.81396484375
-58935 1541.18994140625
-58925 1537.7939453125
-58915 1533.9139404296875
-58905 1530.9119873046875
-58895 1529.050048828125
-58885 1526.5460205078125
-58875 1524.762939453125
-58865 1523.47900390625
-58855 1523.22900390625
-58845 1527.9620361328125
-58835 1531.199951171875
-58825 1533.4420166015625
-58815 1535.6180419921875
-58805 1537.1259765625
-58795 1539.446044921875
-58785 1544.821044921875
-58775 1550.70703125
-58765 1555.8330078125
-58755 1561.510009765625
-58745 1567.39599609375
-58735 1572.968017578125
-58725 1578.5660400390625
-58715 1584.5040283203125
-58705 1590.010009765625
-58695 1596.56494140625
-58685 1603.656982421875
-58675 1610.7099609375
-58665 1615.8489990234375
-58655 1622.4310302734375
-58645 1629.0379638671875
-58635 1635.697998046875
-58625 1643.0260009765625
-58615 1653.64501953125
-58605 1661.406005859375
-58595 1669.323974609375
-58585 1678.093994140625
-58575 1688.8310546875
-58565 1696.303955078125
-58555 1700.551025390625
-58545 1705.7950439453125
-58535 1712.1929931640625
-58525 1719.06201171875
-58515 1719.52099609375
-58505 1722.220947265625
-58495 1728.1729736328125
-58485 1730.4539794921875
-58475 1733.98095703125
-58465 1743.2760009765625
-58455 1754.3380126953125
-58445 1758.968017578125
-58435 1762.2850341796875
-58425 1767.2010498046875
-58415 1771.593017578125
-58405 1775.9969482421875
-58395 1784.5579833984375
-58385 1793.56396484375
-58375 1803.08203125
-58365 1811.7340087890625
-58355 1819.4560546875
-58345 1827.177978515625
-58335 1836.35400390625
-58325 1845.7540283203125
-58315 1854.1700439453125
-58305 1860.64697265625
-58295 1867.89404296875
-58285 1874.6739501953125
-58275 1881.2550048828125
-58265 1890.219970703125
-58255 1896.987060546875
-58245 1901.0240478515625
-58235 1905.927001953125
-58225 1911.9949951171875
-58215 1918.552001953125
-58205 1924.68701171875
-58195 1930.6650390625
-58185 1936.9820556640625
-58175 1943.5260009765625
-58165 1949.8060302734375
-58155 1955.8360595703125
-58145 1962.218017578125
-58135 1968.7490234375
-58125 1974.5699462890625
-58115 1981.0699462890625
-58105 1987.8740234375
-58095 1994.5860595703125
-58085 2002.136962890625
-58075 2010.0450439453125
-58065 2017.2159423828125
-58055 2023.636962890625
-58045 2029.8509521484375
-58035 2035.7919921875
-58025 2041.2850341796875
-58015 2047.1820068359375
-58005 2053.123046875
-57995 2058.85205078125
-57985 2064.93505859375
-57975 2071.4609375
-57965 2077.451904296875
-57955 2084.154052734375
-57945 2090.0400390625
-57935 2096.054931640625
-57925 2100.541015625
-57915 2103.425048828125
-57905 2103.93603515625
-57895 2104.39501953125
-57885 2105.034912109375
-57875 2107.31591796875
-57865 2104.841064453125
-57855 2102.10107421875
-57845 2096.529052734375
-57835 2091.912109375
-57825 2086.487060546875
-57815 2080.283935546875
-57805 2074.593994140625
-57795 2069.547119140625
-57785 2064.302978515625
-57775 2060.697998046875
-57765 2058.222900390625
-57755 2055.637939453125
-57745 2051.14111328125
-57735 2045.8079833984375
-57725 2041.8489990234375
-57715 2038.58203125
-57705 2036.7989501953125
-57695 2035.2020263671875
-57685 2033.1309814453125
-57675 2029.10595703125
-57665 2022.81103515625
-57655 2014.7750244140625
-57645 2010.8179931640625
-57635 2004.4969482421875
-57625 1997.5250244140625
-57615 1992.8580322265625
-57605 1990.5350341796875
-57595 1986.3270263671875
-57585 1980.4560546875
-57575 1975.5899658203125
-57565 1972.406982421875
-57555 1970.3489990234375
-57545 1969.56201171875
-57535 1964.4599609375
-57525 1959.8609619140625
-57515 1953.5419921875
-57505 1955.39599609375
-57495 1954.8699951171875
-57485 1956.35498046875
-57475 1962.156005859375
-57465 1964.52294921875
-57455 1962.8060302734375
-57445 1957.20703125
-57435 1953.5860595703125
-57425 1955.678955078125
-57415 1954.3370361328125
-57405 1959.053955078125
-57395 1961.5660400390625
-57385 1962.833984375
-57375 1964.739013671875
-57365 1968.375
-57355 1972.2850341796875
-57345 1976.511962890625
-57335 1980.220947265625
-57325 1985.4439697265625
-57315 1991.1009521484375
-57305 1996.4959716796875
-57295 1999.9739990234375
-57285 2002.657958984375
-57275 2004.720947265625
-57265 2008.7750244140625
-57255 2013.133056640625
-57245 2017.3189697265625
-57235 2022.4990234375
-57225 2028.4139404296875
-57215 2034.718994140625
-57205 2041.572998046875
-57195 2046.3489990234375
-57185 2049.95703125
-57175 2052.322021484375
-57165 2053.8798828125
-57155 2054.674072265625
-57145 2055.193115234375
-57135 2054.73291015625
-57125 2052.9150390625
-57115 2050.79296875
-57105 2048.6279296875
-57095 2046.248046875
-57085 2044.4150390625
-57075 2042.7989501953125
-57065 2040.3609619140625
-57055 2038.094970703125
-57045 2035.5849609375
-57035 2032.72900390625
-57025 2029.43798828125
-57015 2027.4610595703125
-57005 2025.68701171875
-56995 2023.926025390625
-56985 2022.4110107421875
-56975 2020.406005859375
-56965 2019.468994140625
-56955 2018.93505859375
-56945 2018.22802734375
-56935 2017.6639404296875
-56925 2014.9649658203125
-56915 2012.511962890625
-56905 2010.7249755859375
-56895 2006.958984375
-56885 2002.64404296875
-56875 1998.18505859375
-56865 1994.9530029296875
-56855 1990.5369873046875
-56845 1985.7039794921875
-56835 1982.385986328125
-56825 1977.85400390625
-56815 1973.5830078125
-56805 1968.7349853515625
-56795 1963.02099609375
-56785 1958.1600341796875
-56775 1952.8070068359375
-56765 1947.02099609375
-56755 1941.3070068359375
-56745 1936.906982421875
-56735 1934.5400390625
-56725 1932.9520263671875
-56715 1930.470947265625
-56705 1927.5860595703125
-56695 1924.1080322265625
-56685 1920.6009521484375
-56675 1916.5889892578125
-56665 1913.1710205078125
-56655 1909.9949951171875
-56645 1906.1719970703125
-56635 1902.219970703125
-56625 1897.7760009765625
-56615 1893.5469970703125
-56605 1888.5560302734375
-56595 1882.625
-56585 1876.8680419921875
-56575 1871.2989501953125
-56565 1865.239013671875
-56555 1860.5050048828125
-56545 1857.5050048828125
-56535 1851.2559814453125
-56525 1845.093994140625
-56515 1839.4969482421875
-56505 1834.14404296875
-56495 1829.9310302734375
-56485 1827.4630126953125
-56475 1822.0240478515625
-56465 1817.0169677734375
-56455 1820.4949951171875
-56445 1821.3740234375
-56435 1819.384033203125
-56425 1819.324951171875
-56415 1817.5069580078125
-56405 1814.375
-56395 1812.2550048828125
-56385 1810.3070068359375
-56375 1807.8260498046875
-56365 1807.219970703125
-56355 1808.345947265625
-56345 1808.489013671875
-56335 1807.449951171875
-56325 1806.2099609375
-56315 1803.7860107421875
-56305 1801.2469482421875
-56295 1798.5479736328125
-56285 1794.9560546875
-56275 1792.156005859375
-56265 1788.634033203125
-56255 1784.85498046875
-56245 1784.5240478515625
-56235 1780.698974609375
-56225 1775.1009521484375
-56215 1767.8289794921875
-56205 1760.468994140625
-56195 1753.7030029296875
-56185 1745.9549560546875
-56175 1736.375
-56165 1727.5150146484375
-56155 1718.2080078125
-56145 1709.89697265625
-56135 1703.344970703125
-56125 1694.4439697265625
-56115 1686.508056640625
-56105 1676.6949462890625
-56095 1662.844970703125
-56085 1648.5009765625
-56075 1631.1719970703125
-56065 1622.7469482421875
-56055 1618.260009765625
-56045 1605.822021484375
-56035 1595.1590576171875
-56025 1583.905029296875
-56015 1575.073974609375
-56005 1567.6290283203125
-55995 1560.5159912109375
-55985 1553.7769775390625
-55975 1547.4000244140625
-55965 1542.5369873046875
-55955 1537.155029296875
-55945 1534.31298828125
-55935 1528.5699462890625
-55925 1522.3509521484375
-55915 1515.613037109375
-55905 1508.197021484375
-55895 1501.2130126953125
-55885 1494.198974609375
-55875 1487.217041015625
-55865 1479.9310302734375
-55855 1471.7349853515625
-55845 1465.0830078125
-55835 1458.6619873046875
-55825 1451.8380126953125
-55815 1445.114013671875
-55805 1439.1259765625
-55795 1432.5460205078125
-55785 1426.7459716796875
-55775 1422.302001953125
-55765 1419.4010009765625
-55755 1415.9820556640625
-55745 1412.5479736328125
-55735 1408.7239990234375
-55725 1405.0450439453125
-55715 1401.885009765625
-55705 1398.47998046875
-55695 1395.824951171875
-55685 1393.3570556640625
-55675 1391.1070556640625
-55665 1388.85595703125
-55655 1385.8690185546875
-55645 1380.8909912109375
-55635 1377.875
-55625 1372.218994140625
-55615 1367.8330078125
-55605 1363.51904296875
-55595 1358.1080322265625
-55585 1355.0050048828125
-55575 1354.5439453125
-55565 1357.2559814453125
-55555 1359.3199462890625
-55545 1364.1529541015625
-55535 1368.43896484375
-55525 1370.5450439453125
-55515 1374.989990234375
-55505 1376
-55495 1378.365966796875
-55485 1384.31103515625
-55475 1390.7459716796875
-55465 1391.5389404296875
-55455 1390.529052734375
-55445 1393.760986328125
-55435 1392.6070556640625
-55425 1393.0980224609375
-55415 1395.5360107421875
-55405 1395.7669677734375
-55395 1396.343994140625
-55385 1397.614013671875
-55375 1399.79296875
-55365 1402.115966796875
-55355 1405.0159912109375
-55345 1407.7860107421875
-55335 1410.9029541015625
-55325 1413.5150146484375
-55315 1417.4539794921875
-55305 1419.676025390625
-55295 1422.012939453125
-55285 1423.9749755859375
-55275 1425.4329833984375
-55265 1427.7559814453125
-55255 1430.916015625
-55245 1434.2760009765625
-55235 1437.740966796875
-55225 1441.2900390625
-55215 1444.781982421875
-55205 1447.5670166015625
-55195 1451.217041015625
-55185 1455.5169677734375
-55175 1459.2679443359375
-55165 1465.7760009765625
-55155 1472.9320068359375
-55145 1477.737060546875
-55135 1481.4739990234375
-55125 1486.135009765625
-55115 1491.68994140625
-55105 1497.8509521484375
-55095 1501.8480224609375
-55085 1500.593017578125
-55075 1499.4530029296875
-55065 1507.8070068359375
-55055 1516.074951171875
-55045 1522.9720458984375
-55035 1527.7330322265625
-55025 1530.446044921875
-55015 1533.9229736328125
-55005 1538.0660400390625
-54995 1542.56396484375
-54985 1546.251953125
-54975 1552.1619873046875
-54965 1555.1490478515625
-54955 1557.10498046875
-54945 1558.625
-54935 1560.697998046875
-54925 1563.39794921875
-54915 1566.1190185546875
-54905 1568.616943359375
-54895 1570.8380126953125
-54885 1571.2740478515625
-54875 1572.3900146484375
-54865 1572.8050537109375
-54855 1575.366943359375
-54845 1577.1629638671875
-54835 1580.0439453125
-54825 1583.2110595703125
-54815 1585.262939453125
-54805 1586.0169677734375
-54795 1590.1309814453125
-54785 1594.626953125
-54775 1599.166015625
-54765 1604.469970703125
-54755 1608.7640380859375
-54745 1612.0059814453125
-54735 1616.948974609375
-54725 1619.468017578125
-54715 1623.0400390625
-54705 1627.31298828125
-54695 1630.8740234375
-54685 1632.2449951171875
-54675 1634.136962890625
-54665 1635.498046875
-54655 1637.1240234375
-54645 1637.803955078125
-54635 1636.8050537109375
-54625 1637.718994140625
-54615 1639.6109619140625
-54605 1642.375
-54595 1641.5880126953125
-54585 1642.2039794921875
-54575 1643.458984375
-54565 1644.47998046875
-54555 1645.3719482421875
-54545 1644.7449951171875
-54535 1644.2459716796875
-54525 1643.33203125
-54515 1643.406005859375
-54505 1644.54296875
-54495 1644.2669677734375
-54485 1643.7239990234375
-54475 1643.6290283203125
-54465 1643.321044921875
-54455 1642.7469482421875
-54445 1643.02294921875
-54435 1643.89501953125
-54425 1642.2149658203125
-54415 1642.1300048828125
-54405 1642.1619873046875
-54395 1641.89697265625
-54385 1641.5780029296875
-54375 1640.907958984375
-54365 1640.238037109375
-54355 1640.27001953125
-54345 1639.18603515625
-54335 1639.260009765625
-54325 1638.77099609375
-54315 1638.4949951171875
-54305 1637.9530029296875
-54295 1636.5389404296875
-54285 1634.9239501953125
-54275 1633.1590576171875
-54265 1630.2459716796875
-54255 1624.22998046875
-54245 1618.3310546875
-54235 1612.0699462890625
-54225 1606.0860595703125
-54215 1598.635009765625
-54205 1591.512939453125
-54195 1583.18896484375
-54185 1574.281982421875
-54175 1564.6090087890625
-54165 1558.2530517578125
-54155 1550.1429443359375
-54145 1542.7760009765625
-54135 1535.4949951171875
-54125 1528.427001953125
-54115 1522.177001953125
-54105 1515.5009765625
-54095 1508.64501953125
-54085 1501.927001953125
-54075 1495.4649658203125
-54065 1484.9520263671875
-54055 1476.31005859375
-54045 1467.3919677734375
-54035 1460.4189453125
-54025 1454.467041015625
-54015 1448.81201171875
-54005 1444.177001953125
-53995 1439.2449951171875
-53985 1433.887939453125
-53975 1427.552978515625
-53965 1421.39697265625
-53955 1415.2540283203125
-53945 1409.6309814453125
-53935 1405.4859619140625
-53925 1402.531005859375
-53915 1399.416015625
-53905 1396.3759765625
-53895 1392.0400390625
-53885 1388.7550048828125
-53875 1386.47998046875
-53865 1385.2469482421875
-53855 1384.6519775390625
-53845 1383.6099853515625
-53835 1382.6319580078125
-53825 1380.824951171875
-53815 1378.3489990234375
-53805 1375.404052734375
-53795 1373.0660400390625
-53785 1373.1080322265625
-53775 1370.927978515625
-53765 1367.22998046875
-53755 1364.52001953125
-53745 1362.3189697265625
-53735 1360.1300048828125
-53725 1357.1109619140625
-53715 1353.9749755859375
-53705 1349.9150390625
-53695 1343.876953125
-53685 1340.8800048828125
-53675 1341.656005859375
-53665 1350.9029541015625
-53655 1355.9210205078125
-53645 1359.3330078125
-53635 1360.0980224609375
-53625 1361.7349853515625
-53615 1363.9019775390625
-53605 1367.251953125
-53595 1372.85302734375
-53585 1378.73095703125
-53575 1384.758056640625
-53565 1391.508056640625
-53555 1397.291015625
-53545 1402.6689453125
-53535 1405.5279541015625
-53525 1412.6929931640625
-53515 1421.0689697265625
-53505 1429.3389892578125
-53495 1434.68505859375
-53485 1438.1080322265625
-53475 1441.2120361328125
-53465 1444.22998046875
-53455 1446.9090576171875
-53445 1449.279052734375
-53435 1451.2989501953125
-53425 1452.3399658203125
-53415 1451.97900390625
-53405 1453.925048828125
-53395 1455.8909912109375
-53385 1457.22998046875
-53375 1459.18603515625
-53365 1461.259033203125
-53355 1462.5980224609375
-53345 1462.93798828125
-53335 1463.02294921875
-53325 1463.4169921875
-53315 1464.3409423828125
-53305 1464.405029296875
-53295 1464.06494140625
-53285 1463.5970458984375
-53275 1463.364013671875
-53265 1462.864990234375
-53255 1462.885009765625
-53245 1463.3740234375
-53235 1462.5450439453125
-53225 1462.48095703125
-53215 1461.1839599609375
-53205 1460.738037109375
-53195 1459.239013671875
-53185 1457.8790283203125
-53175 1458.9630126953125
-53165 1459.0479736328125
-53155 1459.281982421875
-53145 1460.344970703125
-53135 1459.9730224609375
-53125 1458.781982421875
-53115 1458.4000244140625
-53105 1458.166015625
-53095 1456.9749755859375
-53085 1456.4539794921875
-53075 1454.9449462890625
-53065 1454.1259765625
-53055 1452.97900390625
-53045 1448.7159423828125
-53035 1445.75
-53025 1442.7740478515625
-53015 1438.1500244140625
-53005 1429.4449462890625
-52995 1431.9219970703125
-52985 1434.4940185546875
-52975 1441.64697265625
-52965 1440.3719482421875
-52955 1437.990966796875
-52945 1434.5260009765625
-52935 1431.23095703125
-52925 1429.2960205078125
-52915 1431.9110107421875
-52905 1435.0150146484375
-52895 1432.803955078125
-52885 1431.9320068359375
-52875 1430.741943359375
-52865 1427.594970703125
-52855 1424.800048828125
-52845 1424.958984375
-52835 1422.1419677734375
-52825 1420.72900390625
-52815 1420.70703125
-52805 1419.3890380859375
-52795 1417.093017578125
-52785 1417.550048828125
-52775 1414.3299560546875
-52765 1409.1419677734375
-52755 1400.1500244140625
-52745 1388.3299560546875
-52735 1372.1729736328125
-52725 1362.362060546875
-52715 1353.635009765625
-52705 1345.343994140625
-52695 1338.2650146484375
-52685 1341.4429931640625
-52675 1346.98095703125
-52665 1358.906982421875
-52655 1368.866943359375
-52645 1374.0760498046875
-52635 1378.9329833984375
-52625 1382.0269775390625
-52615 1378.9329833984375
-52605 1380.6240234375
-52595 1381.85595703125
-52585 1378.3060302734375
-52575 1369.5689697265625
-52565 1359.1839599609375
-52555 1349.989013671875
-52545 1353.8580322265625
-52535 1358.864990234375
-52525 1362.904052734375
-52515 1367.5069580078125
-52505 1372.4830322265625
-52495 1375.06396484375
-52485 1371.737060546875
-52475 1370.6419677734375
-52465 1371.010009765625
-52455 1368.7559814453125
-52445 1366.0570068359375
-52435 1366.208984375
-52425 1366.8480224609375
-52415 1366.0240478515625
-52405 1362.8270263671875
-52395 1359.54296875
-52385 1359.18505859375
-52375 1360.1280517578125
-52365 1360.2149658203125
-52355 1358.6209716796875
-52345 1354.0469970703125
-52335 1351.1209716796875
-52325 1348.3570556640625
-52315 1347.1099853515625
-52305 1346.2430419921875
-52295 1344.3349609375
-52285 1341.094970703125
-52275 1340.802001953125
-52265 1339.1109619140625
-52255 1336.4549560546875
-52245 1333.343017578125
-52235 1333.843017578125
-52225 1333.4530029296875
-52215 1331.112060546875
-52205 1327.7080078125
-52195 1325.4630126953125
-52185 1321.343994140625
-52175 1318.89599609375
-52165 1319.719970703125
-52155 1319.64404296875
-52145 1317.5069580078125
-52135 1316.3819580078125
-52125 1315.2960205078125
-52115 1313.1929931640625
-52105 1312.5870361328125
-52095 1312.18603515625
-52085 1312.012939453125
-52075 1310.821044921875
-52065 1309.7159423828125
-52055 1308.8900146484375
-52045 1307.740966796875
-52035 1306.06103515625
-52025 1304.0450439453125
-52015 1301.345947265625
-52005 1298.5830078125
-51995 1296.3289794921875
-51985 1295.342041015625
-51975 1294.072998046875
-51965 1293.0550537109375
-51955 1292.1009521484375
-51945 1290.9739990234375
-51935 1290.2149658203125
-51925 1289.0350341796875
-51915 1284.10205078125
-51905 1277.4580078125
-51895 1271.7130126953125
-51885 1270.56396484375
-51875 1269.47998046875
-51865 1269.3819580078125
-51855 1269.5880126953125
-51845 1268.613037109375
-51835 1265.8489990234375
-51825 1264.64501953125
-51815 1262.56396484375
-51805 1266.1949462890625
-51795 1268.2659912109375
-51785 1275.126953125
-51775 1281.1099853515625
-51765 1281.011962890625
-51755 1278.56298828125
-51745 1279.7230224609375
-51735 1280.8189697265625
-51725 1281.1209716796875
-51715 1281.761962890625
-51705 1282.616943359375
-51695 1283.66796875
-51685 1284.406005859375
-51675 1286.3470458984375
-51665 1287.56103515625
-51655 1289.738037109375
-51645 1291.6240234375
-51635 1292.427001953125
-51625 1293.77099609375
-51615 1295.406982421875
-51605 1291.635009765625
-51595 1284.656005859375
-51585 1277.9229736328125
-51575 1271.7449951171875
-51565 1268.5260009765625
-51555 1271.6600341796875
-51545 1276.14599609375
-51535 1280.8609619140625
-51525 1285.6199951171875
-51515 1289.6419677734375
-51505 1294.637939453125
-51495 1300.5880126953125
-51485 1310.7449951171875
-51475 1316.447021484375
-51465 1319.5030517578125
-51455 1322.321044921875
-51445 1324.4439697265625
-51435 1325.5830078125
-51425 1326.5050048828125
-51415 1328.18505859375
-51405 1328.9639892578125
-51395 1330.635009765625
-51385 1331.6629638671875
-51375 1333.2249755859375
-51365 1334.39599609375
-51355 1336.0760498046875
-51345 1336.802001953125
-51335 1337.365966796875
-51325 1338.7530517578125
-51315 1339.1309814453125
-51305 1340.3900146484375
-51295 1340.9859619140625
-51285 1341.614990234375
-51275 1342.0050048828125
-51265 1342.177978515625
-51255 1342.135009765625
-51245 1341.64697265625
-51235 1340.6290283203125
-51225 1339.7939453125
-51215 1339.0780029296875
-51205 1338.18798828125
-51195 1338.2010498046875
-51185 1338.7750244140625
-51175 1339.6419677734375
-51165 1341.030029296875
-51155 1338.656005859375
-51145 1334.0379638671875
-51135 1340.6500244140625
-51125 1344.1400146484375
-51115 1344.7039794921875
-51105 1344.4010009765625
-51095 1344.1190185546875
-51085 1343.9449462890625
-51075 1346.491943359375
-51065 1347.3919677734375
-51055 1347.6519775390625
-51045 1346.5570068359375
-51035 1345.9610595703125
-51025 1343.6419677734375
-51015 1340.9100341796875
-51005 1337.4639892578125
-50995 1335.3070068359375
-50985 1333.2249755859375
-50975 1334.98095703125
-50965 1334.4830322265625
-50955 1334.89501953125
-50945 1334.991943359375
-50935 1335.6300048828125
-50925 1335.6429443359375
-50915 1333.4639892578125
-50905 1324.239990234375
-50895 1316.8800048828125
-50885 1314.884033203125
-50875 1321.594970703125
-50865 1327.4139404296875
-50855 1328.9439697265625
-50845 1331.405029296875
-50835 1335.166015625
-50825 1338.72998046875
-50815 1338.8289794921875
-50805 1339.0240478515625
-50795 1337.1800537109375
-50785 1336.9110107421875
-50775 1336.1300048828125
-50765 1334.9580078125
-50755 1333.35498046875
-50745 1330.656982421875
-50735 1329.864990234375
-50725 1329.073974609375
-50715 1327.166015625
-50705 1326.9599609375
-50695 1326.7969970703125
-50685 1325.626953125
-50675 1324.9549560546875
-50665 1323.5009765625
-50655 1321.9959716796875
-50645 1321.302001953125
-50635 1320.510986328125
-50625 1319.0369873046875
-50615 1317.4219970703125
-50605 1315.97998046875
-50595 1315.64501953125
-50585 1314.93896484375
-50575 1313.5849609375
-50565 1311.14599609375
-50555 1310.116943359375
-50545 1307.98095703125
-50535 1306.4310302734375
-50525 1306.2900390625
-50515 1305.9000244140625
-50505 1304.4150390625
-50495 1303.5369873046875
-50485 1302.64794921875
-50475 1300.2860107421875
-50465 1298.91796875
-50455 1297.29296875
-50445 1297.3580322265625
-50435 1296.72998046875
-50425 1295.135986328125
-50415 1293.239990234375
-50405 1292.501953125
-50395 1291.2879638671875
-50385 1290.3349609375
-50375 1289.3709716796875
-50365 1288.68603515625
-50355 1286.9410400390625
-50345 1283.1689453125
-50335 1278.3370361328125
-50325 1274.6949462890625
-50315 1272.449951171875
-50305 1271.094970703125
-50295 1268.4949951171875
-50285 1270.1949462890625
-50275 1276.93701171875
-50265 1282.3349609375
-50255 1288.177978515625
-50245 1291.0830078125
-50235 1293.8260498046875
-50225 1296.697021484375
-50215 1298.2249755859375
-50205 1300.718994140625
-50195 1302.279052734375
-50185 1304.510986328125
-50175 1306.7879638671875
-50165 1309.3690185546875
-50155 1312.802978515625
-50145 1316.760009765625
-50135 1319.156005859375
-50125 1320.260986328125
-50115 1323.0150146484375
-50105 1327.0679931640625
-50095 1331.0789794921875
-50085 1333.9730224609375
-50075 1336.9649658203125
-50065 1341.094970703125
-50055 1344.3900146484375
-50045 1347.18603515625
-50035 1351.0450439453125
-50025 1354.8489990234375
-50015 1356.9410400390625
-50005 1359.072021484375
-49995 1360.968994140625
-49985 1365.0799560546875
-49975 1368.948974609375
-49965 1371.0250244140625
-49955 1374.9150390625
-49945 1380.7860107421875
-49935 1385.7769775390625
-49925 1390.1810302734375
-49915 1389.405029296875
-49905 1381.572998046875
-49895 1378.14404296875
-49885 1380.5870361328125
-49875 1389.635986328125
-49865 1398.1180419921875
-49855 1406.1710205078125
-49845 1413.531005859375
-49835 1419.0150146484375
-49825 1420.4300537109375
-49815 1413.625
-49805 1412.7969970703125
-49795 1423.376953125
-49785 1433.053955078125
-49775 1443.0360107421875
-49765 1446.5169677734375
-49755 1448.718994140625
-49745 1450.6590576171875
-49735 1448.6669921875
-49725 1447.470947265625
-49715 1448.279052734375
-49705 1457.7779541015625
-49695 1462.2550048828125
-49685 1464.47802734375
-49675 1468.3050537109375
-49665 1469.5
-49655 1472.1219482421875
-49645 1473.862060546875
-49635 1475.487060546875
-49625 1478.0770263671875
-49615 1479.6500244140625
-49605 1480.373046875
-49595 1483.0679931640625
-49585 1484.10595703125
-49575 1485.291015625
-49565 1486.4229736328125
-49555 1488.802978515625
-49545 1488.47802734375
-49535 1487.303955078125
-49525 1492.6829833984375
-49515 1494.4439697265625
-49505 1495.5560302734375
-49495 1497.8409423828125
-49485 1497.06494140625
-49475 1498.9210205078125
-49465 1500.1800537109375
-49455 1500.02197265625
-49445 1502.5810546875
-49435 1504.0899658203125
-49425 1504.1009521484375
-49415 1504.760986328125
-49405 1505.385009765625
-49395 1507.68701171875
-49385 1509.385009765625
-49375 1510.68603515625
-49365 1511.43994140625
-49355 1512.56201171875
-49345 1511.9959716796875
-49335 1504.79296875
-49325 1495.7440185546875
-49315 1486.4969482421875
-49305 1490.08203125
-49295 1500.2740478515625
-49285 1505.5579833984375
-49275 1510.5340576171875
-49265 1510.801025390625
-49255 1510.633056640625
-49245 1510.22900390625
-49235 1509.029052734375
-49225 1506.9210205078125
-49215 1504.426025390625
-49205 1501.594970703125
-49195 1499.906982421875
-49185 1499.2249755859375
-49175 1497.988037109375
-49165 1496.635986328125
-49155 1496.760986328125
-49145 1495.4720458984375
-49135 1495.387939453125
-49125 1495.177978515625
-49115 1491.3929443359375
-49105 1486.2239990234375
-49095 1480.8349609375
-49085 1482.25
-49075 1477.259033203125
-49065 1470.612060546875
-49055 1462.926025390625
-49045 1456.2259521484375
-49035 1448.467041015625
-49025 1441.7249755859375
-49015 1435.7490234375
-49005 1429.583984375
-48995 1422.6009521484375
-48985 1415.56494140625
-48975 1408.446044921875
-48965 1402.2490234375
-48955 1397.0699462890625
-48945 1390.5899658203125
-48935 1383.14501953125
-48925 1374.0550537109375
-48915 1365.510009765625
-48905 1357.8759765625
-48895 1356.9749755859375
-48885 1353.010986328125
-48875 1354.3740234375
-48865 1361.241943359375
-48855 1370.39599609375
-48845 1380.4189453125
-48835 1388.8699951171875
-48825 1397.782958984375
-48815 1406.2650146484375
-48805 1414.7049560546875
-48795 1423.7650146484375
-48785 1431.6910400390625
-48775 1439.365966796875
-48765 1446.4649658203125
-48755 1450.532958984375
-48745 1454.0980224609375
-48735 1461.5
-48725 1470.0350341796875
-48715 1475.498046875
-48705 1481.3800048828125
-48695 1484.6090087890625
-48685 1491.1309814453125
-48675 1495.5450439453125
-48665 1497.8199462890625
-48655 1500.2110595703125
-48645 1502.1820068359375
-48635 1505.4320068359375
-48625 1507.592041015625
-48615 1509.699951171875
-48605 1511.8280029296875
-48595 1513.6319580078125
-48585 1515.822998046875
-48575 1517.385009765625
-48565 1518.2919921875
-48555 1519.551025390625
-48545 1521.012939453125
-48535 1522.302978515625
-48525 1523.3199462890625
-48515 1524.2740478515625
-48505 1525.510986328125
-48495 1526.916015625
-48485 1527.9119873046875
-48475 1528.77197265625
-48465 1530.487060546875
-48455 1531.178955078125
-48445 1531.9539794921875
-48435 1533.2760009765625
-48425 1534.7020263671875
-48415 1535.8499755859375
-48405 1536.81396484375
-48395 1537.469970703125
