-69705 2252.39111328125
-69695 2257.7451171875
-69685 2263.217041015625
-69675 2268.12890625
-69665 2273.291015625
-69655 2278.865966796875
-69645 2283.910888671875
-69635 2289.514892578125
-69625 2295.75390625
-69615 2302.7451171875
-69605 2310.238037109375
-69595 2317.864013671875
-69585 2325.2529296875
-69575 2334.323974609375
-69565 2341.93408203125
-69555 2349.81103515625
-69545 2357.77490234375
-69535 2364.544921875
-69525 2369.972900390625
-69515 2375.60693359375
-69505 2381.41796875
-69495 2386.344970703125
-69485 2391.3740234375
-69475 2396.034912109375
-69465 2399.693115234375
-69455 2405.873046875
-69445 2411.197021484375
-69435 2417.27392578125
-69425 2424.14697265625
-69415 2429.7080078125
-69405 2432.804931640625
-69395 2437.009033203125
-69385 2441.68408203125
-69375 2446.360107421875
-69365 2450.593017578125
-69355 2454.487060546875
-69345 2460.2529296875
-69335 2468.02587890625
-69325 2473.68994140625
-69315 2479.76708984375
-69305 2487.303955078125
-69295 2495.298095703125
-69285 2503.676025390625
-69275 2511.447998046875
-69265 2521.758056640625
-69255 2532.052978515625
-69245 2540.327880859375
-69235 2546.949951171875
-69225 2549.60498046875
-69215 2552.2451171875
-69205 2554.635009765625
-69195 2556.552001953125
-69185 2555.7548828125
-69175 2557.466064453125
-69165 2558.14501953125
-69155 2557.98291015625
-69145 2556.212890625
-69135 2554.030029296875
-69125 2552.156005859375
-69115 2552.2890625
-69105 2551.285888671875
-69095 2549.885009765625
-69085 2548.927001953125
-69075 2547.27490234375
-69065 2546.360107421875
-69055 2543.14501953125
-69045 2540.800048828125
-69035 2541.714111328125
-69025 2543.114990234375
-69015 2541.537109375
-69005 2538.80810546875
-68995 2535.549072265625
-68985 2532.18603515625
-68975 2527.052978515625
-68965 2521.43408203125
-68955 2515.01806640625
-68945 2510.430908203125
-68935 2506.257080078125
-68925 2502.77587890625
-68915 2499.35400390625
-68905 2495.903076171875
-68895 2493.882080078125
-68885 2493.676025390625
-68875 2490.4599609375
-68865 2485.784912109375
-68855 2485.7109375
-68845 2488.306884765625
-68835 2489.280029296875
-68825 2486.993896484375
-68815 2486.447998046875
-68805 2487.9970703125
-68795 2489.574951171875
-68785 2489.76708984375
-68775 2487.614013671875
-68765 2484.5458984375
-68755 2483.3359375
-68745 2484.073974609375
-68735 2482.2890625
-68725 2481.22705078125
-68715 2481.906005859375
-68705 2483.4541015625
-68695 2481.714111328125
-68685 2481.344970703125
-68675 2481.375
-68665 2479.368896484375
-68655 2478.763916015625
-68645 2478.512939453125
-68635 2477.02294921875
-68625 2474.64892578125
-68615 2472.952880859375
-68605 2470.77001953125
-68595 2466.257080078125
-68585 2461.625
-68575 2456.68408203125
-68565 2449.323974609375
-68555 2441.625
-68545 2433.718994140625
-68535 2426.655029296875
-68525 2419.56005859375
-68515 2413.556884765625
-68505 2409.51611328125
-68495 2406.0791015625
-68485 2400.81396484375
-68475 2396.181884765625
-68465 2394.4130859375
-68455 2392.2890625
-68445 2389.885009765625
-68435 2385.56298828125
-68425 2381.787109375
-68415 2380.7548828125
-68405 2377.18505859375
-68395 2369.677978515625
-68385 2361.712890625
-68375 2357.716064453125
-68365 2354.427001953125
-68355 2351.137939453125
-68345 2346.594970703125
-68335 2341.787109375
-68325 2336.992919921875
-68315 2328.955078125
-68305 2321.123046875
-68295 2317.4951171875
-68285 2310.6220703125
-68275 2307.553955078125
-68265 2303.98388671875
-68255 2292.156005859375
-68245 2283.424072265625
-68235 2276.43310546875
-68225 2267.095947265625
-68215 2262.406005859375
-68205 2256.06396484375
-68195 2255.385009765625
-68185 2254.19091796875
-68175 2249.721923828125
-68165 2244.013916015625
-68155 2241.1669921875
-68145 2236.3740234375
-68135 2230.946044921875
-68125 2227.39111328125
-68115 2222.18505859375
-68105 2223.806884765625
-68095 2226.300048828125
-68085 2230.547119140625
-68075 2233.3349609375
-68065 2240.886962890625
-68055 2253.5859375
-68045 2255.798095703125
-68035 2266.72802734375
-68025 2266.06396484375
-68015 2271.093017578125
-68005 2270.135009765625
-67995 2266.992919921875
-67985 2257.47998046875
-67975 2251.300048828125
-67965 2248.778076171875
-67955 2242.77490234375
-67945 2238.64501953125
-67935 2260.548095703125
-67925 2261.31396484375
-67915 2256.033935546875
-67905 2250.576904296875
-67895 2244.781005859375
-67885 2239.382080078125
-67875 2235.26708984375
-67865 2233.157958984375
-67855 2232.612060546875
-67845 2231.2548828125
-67835 2228.955078125
-67825 2226.22607421875
-67815 2224.382080078125
-67805 2226.300048828125
-67795 2226.240966796875
-67785 2219.884033203125
-67775 2220.695068359375
-67765 2220.72412109375
-67755 2218.73291015625
-67745 2218.2470703125
-67735 2220.135009765625
-67725 2221.757080078125
-67715 2223.8359375
-67705 2226.31396484375
-67695 2228.865966796875
-67685 2223.114013671875
-67675 2212.716064453125
-67665 2204.485107421875
-67655 2197.2880859375
-67645 2189.5439453125
-67635 2191.6240234375
-67625 2196.47705078125
-67615 2196.152099609375
-67605 2197.8779296875
-67595 2194.95703125
-67585 2193.98388671875
-67575 2193.364990234375
-67565 2192.7451171875
-67555 2193.423095703125
-67545 2196.2109375
-67535 2197.77392578125
-67525 2199.2939453125
-67515 2198.73291015625
-67505 2198.660888671875
-67495 2196.412109375
-67485 2194.7119140625
-67475 2191.31201171875
-67465 2190.031982421875
-67455 2188.0390625
-67445 2184.9130859375
-67435 2187.655029296875
-67425 2188.970947265625
-67415 2190.672119140625
-67405 2191.75
-67395 2192.756103515625
-67385 2191.73193359375
-67375 2195.77197265625
-67365 2197.764892578125
-67355 2202.20703125
-67345 2211.365966796875
-67335 2215.93701171875
-67325 2216.448974609375
-67315 2222.8291015625
-67305 2227.98388671875
-67295 2233.285888671875
-67285 2238.423095703125
-67275 2242.572998046875
-67265 2247.162109375
-67255 2256.8330078125
-67245 2261.714111328125
-67235 2270.361083984375
-67225 2271.76904296875
-67215 2285.991943359375
-67205 2298.131103515625
-67195 2301.714111328125
-67185 2308.9169921875
-67175 2307.637939453125
-67165 2306.614013671875
-67155 2307.656005859375
-67145 2309.117919921875
-67135 2308.716064453125
-67125 2310.8369140625
-67115 2311.073974609375
-67105 2315.572021484375
-67095 2314.43798828125
-67085 2313.907958984375
-67075 2314.85888671875
-67065 2316.39501953125
-67055 2317.490966796875
-67045 2319.905029296875
-67035 2321.715087890625
-67025 2324.85888671875
-67015 2327.472900390625
-67005 2330.5439453125
-66995 2335.991943359375
-66985 2342.738037109375
-66975 2351.77001953125
-66965 2365.06005859375
-66955 2373.653076171875
-66945 2364.56689453125
-66935 2354.841064453125
-66925 2344.47509765625
-66915 2332.757080078125
-66905 2322.554931640625
-66895 2312.79296875
-66885 2304.384033203125
-66875 2296.887939453125
-66865 2290.215087890625
-66855 2282.81103515625
-66845 2272.64599609375
-66835 2261.9150390625
-66825 2252.77392578125
-66815 2244.7119140625
-66805 2236.778076171875
-66795 2228.8798828125
-66785 2221.47607421875
-66775 2214.27294921875
-66765 2207.179931640625
-66755 2199.48291015625
-66745 2192.115966796875
-66735 2184.656982421875
-66725 2177.655029296875
-66715 2171.073974609375
-66705 2164.60205078125
-66695 2158.202880859375
-66685 2151.695068359375
-66675 2145.51611328125
-66665 2139.77490234375
-66655 2134.218017578125
-66645 2128.001953125
-66635 2122.35302734375
-66625 2116.22900390625
-66615 2111.037109375
-66605 2106.375
-66595 2102.0419921875
-66585 2096.739990234375
-66575 2092.9560546875
-66565 2089.116943359375
-66555 2086.156005859375
-66545 2083.81494140625
-66535 2080.10400390625
-66525 2078.677978515625
-66515 2076.94091796875
-66505 2075.972900390625
-66495 2075.4609375
-66485 2075.278076171875
-66475 2075.697998046875
-66465 2076.55810546875
-66455 2076.97802734375
-66445 2077.178955078125
-66435 2077.8369140625
-66425 2078.513916015625
-66415 2079.300048828125
-66405 2079.885009765625
-66395 2081.639892578125
-66385 2082.260986328125
-66375 2083.376953125
-66365 2085.717041015625
-66355 2086.777099609375
-66345 2086.19189453125
-66335 2087.74609375
-66325 2089.446044921875
-66315 2091.987060546875
-66305 2094.656005859375
-66295 2097.324951171875
-66285 2098.970947265625
-66275 2103.85205078125
-66265 2108.89794921875
-66255 2114.8759765625
-66245 2120.964111328125
-66235 2127.23388671875
-66225 2133.742919921875
-66215 2140.72607421875
-66205 2147.617919921875
-66195 2155.114013671875
-66185 2162.97509765625
-66175 2170.762939453125
-66165 2178.60595703125
-66155 2185.77197265625
-66145 2201.037109375
-66135 2215.425048828125
-66125 2229.68505859375
-66115 2251.76904296875
-66105 2270.654052734375
-66095 2279.794921875
-66085 2288.405029296875
-66075 2300.470947265625
-66065 2317.528076171875
-66055 2319.410888671875
-66045 2312.885009765625
-66035 2304.931884765625
-66025 2296.97900390625
-66015 2293.488037109375
-66005 2299.612060546875
-65995 2323.4150390625
-65985 2335.152099609375
-65975 2347.39990234375
-65965 2355.333984375
-65955 2380.2890625
-65945 2393.7080078125
-65935 2386.029052734375
-65925 2367.364013671875
-65915 2358.47900390625
-65905 2351.202880859375
-65895 2336.97998046875
-65885 2327.364013671875
-65875 2317.41796875
-65865 2309.85009765625
-65855 2302.6650390625
-65845 2299.867919921875
-65835 2305.90087890625
-65825 2315.444091796875
-65815 2321.12890625
-65805 2334.56591796875
-65795 2327.56494140625
-65785 2320.56298828125
-65775 2314.968994140625
-65765 2312.135009765625
-65755 2327.01611328125
-65745 2328.552001953125
-65735 2325.114990234375
-65725 2322.554931640625
-65715 2338.77099609375
-65705 2337.217041015625
-65695 2332.6650390625
-65685 2339.06396484375
-65675 2332.554931640625
-65665 2340.947021484375
-65655 2351.77001953125
-65645 2365.4619140625
-65635 2381.14794921875
-65625 2392.48291015625
-65615 2404.677001953125
-65605 2418.05908203125
-65595 2445.60888671875
-65585 2444.988037109375
-65575 2438.80810546875
-65565 2431.697021484375
-65555 2424.347900390625
-65545 2416.944091796875
-65535 2410.160888671875
-65525 2402.3369140625
-65515 2395.97509765625
-65505 2389.64892578125
-65495 2382.573974609375
-65485 2375.64501953125
-65475 2368.735107421875
-65465 2362.865966796875
-65455 2355.90087890625
-65445 2349.282958984375
-65435 2343.26904296875
-65425 2338.16796875
-65415 2332.738037109375
-65405 2326.138916015625
-65395 2321.166015625
-65385 2315.02294921875
-65375 2310.947021484375
-65365 2309.19189453125
-65355 2307.85693359375
-65345 2307.674072265625
-65335 2308.2041015625
-65325 2303.68896484375
-65315 2297.72900390625
-65305 2293.0849609375
-65295 2288.368896484375
-65285 2282.700927734375
-65275 2279.3740234375
-65265 2277.39990234375
-65255 2272.95703125
-65245 2268.716064453125
-65235 2264.822021484375
-65225 2261.239013671875
-65215 2257.764892578125
-65205 2253.742919921875
-65195 2247.344970703125
-65185 2244.4560546875
-65175 2241.714111328125
-65165 2236.35693359375
-65155 2234.053955078125
-65145 2232.04296875
-65135 2230.451904296875
-65125 2231.257080078125
-65115 2234.327880859375
-65105 2236.485107421875
-65095 2240.927978515625
-65085 2240.7451171875
-65075 2240.452880859375
-65065 2238.625
-65055 2234.930908203125
-65045 2230.27001953125
-65035 2224.7119140625
-65025 2218.367919921875
-65015 2213.0849609375
-65005 2205.827880859375
-64995 2200.31298828125
-64985 2195.02294921875
-64975 2190.87890625
-64965 2189.154052734375
-64955 2188.73291015625
-64945 2189.251953125
-64935 2190.22900390625
-64925 2188.9619140625
-64915 2187.10107421875
-64905 2185.861083984375
-64895 2183.863037109375
-64885 2179.489990234375
-64875 2175.35107421875
-64865 2170.301025390625
-64855 2163.110107421875
-64845 2157.93994140625
-64835 2151.14208984375
-64825 2140.910888671875
-64815 2128.9541015625
-64805 2121.654052734375
-64795 2115.89404296875
-64785 2111.722900390625
-64775 2108.39208984375
-64765 2105.155029296875
-64755 2098.263916015625
-64745 2093.513916015625
-64735 2084.593017578125
-64725 2075.85205078125
-64715 2068.77001953125
-64705 2060.422119140625
-64695 2052.6640625
-64685 2045.593994140625
-64675 2037.501953125
-64665 2030.4639892578125
-64655 2020.6910400390625
-64645 2015.5050048828125
-64635 2009.89697265625
-64625 2001.843994140625
-64615 1995.01904296875
-64605 1988.9150390625
-64595 1982.8819580078125
-64585 1977.6739501953125
-64575 1973.1259765625
-64565 1967.9329833984375
-64555 1963.112060546875
-64545 1959.613037109375
-64535 1956.843994140625
-64525 1954.5899658203125
-64515 1952.5909423828125
-64505 1952.18701171875
-64495 1951.4449462890625
-64485 1950.5169677734375
-64475 1950.123046875
-64465 1950.0799560546875
-64455 1950.5169677734375
-64445 1950.7679443359375
-64435 1949.780029296875
-64425 1949.98095703125
-64415 1950.2049560546875
-64405 1950.052001953125
-64395 1950.2650146484375
-64385 1950.073974609375
-64375 1950.5379638671875
-64365 1950.9210205078125
-64355 1952.79296875
-64345 1957.6090087890625
-64335 1966.9610595703125
-64325 1969.3260498046875
-64315 1967.748046875
-64305 1967.426025390625
-64295 1965.1109619140625
-64285 1963.7349853515625
-64275 1960.927978515625
-64265 1958.43896484375
-64255 1955.76904296875
-64245 1953.5360107421875
-64235 1948.9990234375
-64225 1941.0770263671875
-64215 1937.41796875
-64205 1939.4599609375
-64195 1949.43603515625
-64185 1966.405029296875
-64175 2001.6910400390625
-64165 2016.416015625
-64155 2030.1910400390625
-64145 2036.0830078125
-64135 2044.06494140625
-64125 2049.9609375
-64115 2051.18994140625
-64105 2053.363037109375
-64095 2053.385009765625
-64085 2054.662109375
-64075 2055.14794921875
-64065 2056.906005859375
-64055 2061.050048828125
-64045 2037.949951171875
-64035 2039.1729736328125
-64025 2037.2509765625
-64015 2052.964111328125
-64005 2063.60009765625
-63995 2071.031005859375
-63985 2081.971923828125
-63975 2095.992919921875
-63965 2102.751953125
-63955 2111.989990234375
-63945 2119.032958984375
-63935 2114.593994140625
-63925 2099.65087890625
-63915 2081.64990234375
-63905 2072.843994140625
-63895 2068.638916015625
-63885 2065.800048828125
-63875 2053.43408203125
-63865 2029.4429931640625
-63855 2019.39697265625
-63845 2024.6719970703125
-63835 2034.2099609375
-63825 2047.14404296875
-63815 2049.863037109375
-63805 2066.592041015625
-63795 2067.613037109375
-63785 2064.29296875
-63775 2057.403076171875
-63765 2062.343994140625
-63755 2060.989990234375
-63745 2056.201904296875
-63735 2060.3349609375
-63725 2067.02294921875
-63715 2058.221923828125
-63705 2045.740966796875
-63695 2041.2530517578125
-63685 2035.280029296875
-63675 2025.490966796875
-63665 2018.6710205078125
-63655 2011.010986328125
-63645 2002.68994140625
-63635 1996.01904296875
-63625 1996.0889892578125
-63615 1994.52294921875
-63605 1989.6519775390625
-63595 1988.135009765625
-63585 1991.6829833984375
-63575 1988.3800048828125
-63565 1990.177001953125
-63555 1999.4849853515625
-63545 2005.6820068359375
-63535 2016.072021484375
-63525 2023.3609619140625
-63515 2013.5450439453125
-63505 2006.239013671875
-63495 2003.79296875
-63485 1989.6629638671875
-63475 1976.56494140625
-63465 1971.75
-63455 1970.9849853515625
-63445 1974.16796875
-63435 1981.282958984375
-63425 2001.77294921875
-63415 2046.4730224609375
-63405 2059.3740234375
-63395 2065.990966796875
-63385 2073.5810546875
-63375 2083.991943359375
-63365 2078.198974609375
-63355 2074.0830078125
-63345 2082.583984375
-63335 2092.388916015625
-63325 2092.208984375
-63315 2093.694091796875
-63305 2100.698974609375
-63295 2104.882080078125
-63285 2112.443115234375
-63275 2122.712890625
-63265 2131.39404296875
-63255 2139.659912109375
-63245 2148.882080078125
-63235 2157.39404296875
-63225 2170.050048828125
-63215 2182.383056640625
-63205 2191.02099609375
-63195 2201.864013671875
-63185 2211.260009765625
-63175 2220.569091796875
-63165 2230.833984375
-63155 2235.60009765625
-63145 2235.131103515625
-63135 2239.68896484375
-63125 2239.14892578125
-63115 2232.75
-63105 2228.93408203125
-63095 2221.469970703125
-63085 2221.443115234375
-63075 2215.22900390625
-63065 2209.73095703125
-63055 2205.30908203125
-63045 2199.260009765625
-63035 2191.152099609375
-63025 2182.362060546875
-63015 2179.669921875
-63005 2167.18310546875
-62995 2165.462890625
-62985 2158.212890625
-62975 2152.572998046875
-62965 2149.570068359375
-62955 2142.412109375
-62945 2133.222900390625
-62935 2123.40087890625
-62925 2112.093994140625
-62915 2103.0029296875
-62905 2093.93994140625
-62895 2084.952880859375
-62885 2076.381103515625
-62875 2069.52392578125
-62865 2062.90087890625
-62855 2057.00390625
-62845 2048.5419921875
-62835 2044.4420166015625
-62825 2039.926025390625
-62815 2036.9229736328125
-62805 2033.4560546875
-62795 2030.22998046875
-62785 2027.06298828125
-62775 2021.1500244140625
-62765 2014.3310546875
-62755 2004.6610107421875
-62745 1994.654052734375
-62735 1988.510986328125
-62725 1981.260986328125
-62715 1974.9549560546875
-62705 1970.2760009765625
-62695 1965.0009765625
-62685 1957.7939453125
-62675 1951.052001953125
-62665 1946.4329833984375
-62655 1938.8929443359375
-62645 1930.969970703125
-62635 1921.3990478515625
-62625 1911.511962890625
-62615 1903.175048828125
-62605 1897.1090087890625
-62595 1889.7220458984375
-62585 1882.176025390625
-62575 1874.8759765625
-62565 1866.93798828125
-62555 1858.376953125
-62545 1854.947998046875
-62535 1847.7359619140625
-62525 1838.3780517578125
-62515 1831.0999755859375
-62505 1821.0050048828125
-62495 1812.0169677734375
-62485 1806.8919677734375
-62475 1799.3310546875
-62465 1793.9659423828125
-62455 1785.9610595703125
-62445 1778.72900390625
-62435 1770.8709716796875
-62425 1760.14404296875
-62415 1753.1510009765625
-62405 1745.9930419921875
-62395 1737.6729736328125
-62385 1730.490966796875
-62375 1724.0400390625
-62365 1717.738037109375
-62355 1711.362060546875
-62345 1703.9820556640625
-62335 1695.5899658203125
-62325 1686.4830322265625
-62315 1677.678955078125
-62305 1670.800048828125
-62295 1669.6910400390625
-62285 1671.4820556640625
-62275 1676.8480224609375
-62265 1681.126953125
-62255 1686.0379638671875
-62245 1690.1090087890625
-62235 1695.1209716796875
-62225 1699.68798828125
-62215 1705.093017578125
-62205 1710.4820556640625
-62195 1715.5
-62185 1719.366943359375
-62175 1723.8590087890625
-62165 1727.43798828125
-62155 1730.177978515625
-62145 1734.259033203125
-62135 1739.5570068359375
-62125 1744.262939453125
-62115 1750.31005859375
-62105 1757.27099609375
-62095 1764.1829833984375
-62085 1772.0489501953125
-62075 1784.864990234375
-62065 1791.5889892578125
-62055 1798.2939453125
-62045 1804.5799560546875
-62035 1812.156982421875
-62025 1820.6719970703125
-62015 1829.3929443359375
-62005 1838.303955078125
-61995 1848.6719970703125
-61985 1856.04296875
-61975 1872.029052734375
-61965 1884.1729736328125
-61955 1892.218994140625
-61945 1895.0909423828125
-61935 1917.633056640625
-61925 1943.458984375
-61915 1940.0550537109375
-61905 1948.0250244140625
-61895 1957.552978515625
-61885 1970.3399658203125
-61875 1989.5009765625
-61865 2002.343994140625
-61855 2013.178955078125
-61845 2021.011962890625
-61835 2030.22705078125
-61825 2039.3179931640625
-61815 2039.8280029296875
-61805 2043.0780029296875
-61795 2048.326904296875
-61785 2047.571044921875
-61775 2054.56494140625
-61765 2063.162109375
-61755 2071.282958984375
-61745 2076.677978515625
-61735 2082.19189453125
-61725 2088.888916015625
-61715 2090.262939453125
-61705 2100.613037109375
-61695 2115.240966796875
-61685 2126.15087890625
-61675 2133.968994140625
-61665 2136.97998046875
-61655 2134.427978515625
-61645 2131.072998046875
-61635 2135.5048828125
-61625 2142.22900390625
-61615 2155.554931640625
-61605 2160.721923828125
-61595 2165.157958984375
-61585 2169.791015625
-61575 2177.449951171875
-61565 2185.422119140625
-61555 2190.91796875
-61545 2194.777099609375
-61535 2197.426025390625
-61525 2199.236083984375
-61515 2201.712890625
-61505 2202.617919921875
-61495 2204.385986328125
-61485 2206.656982421875
-61475 2209.81689453125
-61465 2213.297119140625
-61455 2218.26806640625
-61445 2224
-61435 2230.986083984375
-61425 2238.85302734375
-61415 2245.912109375
-61405 2252.568115234375
-61395 2259.056884765625
-61385 2265.468017578125
-61375 2271.761962890625
-61365 2278.368896484375
-61355 2285.56689453125
-61345 2293.0791015625
-61335 2297.89208984375
-61325 2303.64306640625
-61315 2305.740966796875
-61305 2305.552001953125
-61295 2310.760009765625
-61285 2313.031005859375
-61275 2320.22900390625
-61265 2330.052978515625
-61255 2329.8310546875
-61245 2332.865966796875
-61235 2340.181884765625
-61225 2349.01904296875
-61215 2355.041015625
-61205 2357.402099609375
-61195 2359.302978515625
-61185 2362.6259765625
-61175 2366.049072265625
-61165 2369.18408203125
-61155 2372.910888671875
-61145 2375.132080078125
-61135 2377.173095703125
-61125 2376.406982421875
-61115 2375
-61105 2373.923095703125
-61095 2375.69189453125
-61085 2379.007080078125
-61075 2382.947998046875
-61065 2387.39892578125
-61055 2392.697998046875
-61045 2397.501953125
-61035 2401.863037109375
-61025 2402.076904296875
-61015 2399.4189453125
-61005 2396.68798828125
-60995 2393.708984375
-60985 2404.19091796875
-60975 2411.22607421875
-60965 2411.68603515625
-60955 2413.010986328125
-60945 2415.611083984375
-60935 2420.135986328125
-60925 2425.139892578125
-60915 2418.6240234375
-60905 2411.200927734375
-60895 2404.972900390625
-60885 2398.2509765625
-60875 2394.154052734375
-60865 2386.7080078125
-60855 2378.06103515625
-60845 2370.1298828125
-60835 2363.012939453125
-60825 2354.778076171875
-60815 2346.39208984375
-60805 2342.60888671875
-60795 2331.845947265625
-60785 2324.97705078125
-60775 2316.39599609375
-60765 2308.572998046875
-60755 2300.39306640625
-60745 2293.737060546875
-60735 2287.845947265625
-60725 2282.0458984375
-60715 2275.580078125
-60705 2265.928955078125
-60695 2260.35107421875
-60685 2252.09912109375
-60675 2247.787109375
-60665 2241.656005859375
-60655 2236.637939453125
-60645 2231.81591796875
-60635 2228.10791015625
-60625 2222.430908203125
-60615 2215.716064453125
-60605 2208.639892578125
-60595 2199.302001953125
-60585 2190.277099609375
-60575 2182.303955078125
-60565 2172.843017578125
-60555 2164.261962890625
-60545 2156.056884765625
-60535 2147.220947265625
-60525 2137.93310546875
-60515 2128.989013671875
-60505 2120.366943359375
-60495 2112.846923828125
-60485 2106.04296875
-60475 2098.35888671875
-60465 2091.825927734375
-60455 2086.083984375
-60445 2085.910888671875
-60435 2080.14404296875
-60425 2072.426025390625
-60415 2064.27099609375
-60405 2055.4609375
-60395 2048.35107421875
-60385 2049.14892578125
-60375 2054.784912109375
-60365 2060.35693359375
-60355 2062.27392578125
-60345 2062.345947265625
-60335 2056.0869140625
-60325 2047.8909912109375
-60315 2044.6099853515625
-60305 2035.9530029296875
-60295 2026.4520263671875
-60285 2017.8360595703125
-60275 2019.4820556640625
-60265 2013.467041015625
-60255 2007.31298828125
-60245 2011.1309814453125
-60235 2003.883056640625
-60225 1992.3070068359375
-60215 1981.8990478515625
-60205 1970.447021484375
-60195 1960.5469970703125
-60185 1938.3990478515625
-60175 1920.7430419921875
-60165 1900.4139404296875
-60155 1898.6529541015625
-60145 1899.3280029296875
-60135 1891.93896484375
-60125 1863.7530517578125
-60115 1846.137939453125
-60105 1837.68701171875
-60095 1829.5909423828125
-60085 1822.3179931640625
-60075 1814.18896484375
-60065 1807.0970458984375
-60055 1799.717041015625
-60045 1791.719970703125
-60035 1784.39794921875
-60025 1776.719970703125
-60015 1769.8499755859375
-60005 1762.052978515625
-59995 1754.614990234375
-59985 1747.4310302734375
-59975 1740.718994140625
-59965 1734.1639404296875
-59955 1728.3179931640625
-59945 1721.7760009765625
-59935 1716.387939453125
-59925 1711.8780517578125
-59915 1707.748046875
-59905 1703.7889404296875
-59895 1700.7349853515625
-59885 1697.2869873046875
-59875 1694.31103515625
-59865 1691.4139404296875
-59855 1688.843994140625
-59845 1686.1939697265625
-59835 1684.321044921875
-59825 1682.8919677734375
-59815 1683.16796875
-59805 1684.68798828125
-59795 1688.2540283203125
-59785 1692.8690185546875
-59775 1697.35205078125
-59765 1701.718017578125
-59755 1705.7159423828125
-59745 1709.9510498046875
-59735 1714.052001953125
-59725 1718.3800048828125
-59715 1724.3189697265625
-59705 1730.467041015625
-59695 1737.612060546875
-59685 1743.9310302734375
-59675 1750.7220458984375
-59665 1757.9580078125
-59655 1765.364990234375
-59645 1773.2840576171875
-59635 1781.071044921875
-59625 1789
-59615 1795.780029296875
-59605 1803.737060546875
-59595 1811.2760009765625
-59585 1827.489990234375
-59575 1829.1180419921875
-59565 1834.8599853515625
-59555 1842.5810546875
-59545 1850.0670166015625
-59535 1866.5699462890625
-59525 1875.904052734375
-59515 1882.8389892578125
-59505 1893.8380126953125
-59495 1897.7469482421875
-59485 1910.5159912109375
-59475 1922.6949462890625
-59465 1930.3509521484375
-59455 1935.0970458984375
-59445 1939.947021484375
-59435 1946.197998046875
-59425 1948.862060546875
-59415 1949.04296875
-59405 1942.239013671875
-59395 1936.0670166015625
-59385 1931.780029296875
-59375 1925.3929443359375
-59365 1919.45703125
-59355 1892.89599609375
-59345 1880.6390380859375
-59335 1867.93603515625
-59325 1858.7850341796875
-59315 1842.7760009765625
-59305 1833.9530029296875
-59295 1825.998046875
-59285 1823.717041015625
-59275 1818.696044921875
-59265 1809.5560302734375
-59255 1802.3079833984375
-59245 1797.364013671875
-59235 1793.1820068359375
-59225 1784.427001953125
-59215 1768.9310302734375
-59205 1753.0030517578125
-59195 1741.3070068359375
-59185 1731.0970458984375
-59175 1720.384033203125
-59165 1707.7220458984375
-59155 1697.115966796875
-59145 1687.4549560546875
-59135 1680.9129638671875
-59125 1668.366943359375
-59115 1658.4560546875
-59105 1651.5999755859375
-59095 1644.8609619140625
-59085 1637.8079833984375
-59075 1630.636962890625
-59065 1623.3740234375
-59055 1616.1639404296875
-59045 1609.2550048828125
-59035 1601.875
-59025 1594.8740234375
-59015 1588.4239501953125
-59005 1581.030029296875
-58995 1574.64599609375
-58985 1567.8809814453125
-58975 1562.0999755859375
-58965 1555.4010009765625
-58955 1549.9339599609375
-58945 1544.0870361328125
-58935 1539.197021484375
-58925 1535.3819580078125
-58915 1531.489013671875
-58905 1528.39501953125
-58895 1524.6719970703125
-58885 1520.5550537109375
-58875 1521.3160400390625
-58865 1525.60205078125
-58855 1528.9189453125
-58845 1532.10498046875
-58835 1534.7659912109375
-58825 1537.531982421875
-58815 1540.1280517578125
-58805 1542.5269775390625
-58795 1545.1619873046875
-58785 1547.573974609375
-58775 1549.7640380859375
-58765 1554.5880126953125
-58755 1559.490966796875
-58745 1563.85595703125
-58735 1568.614990234375
-58725 1574.384033203125
-58715 1580.02099609375
-58705 1586.56298828125
-58695 1592.75
-58685 1599.0169677734375
-58675 1605.7159423828125
-58665 1611.5360107421875
-58655 1617.737060546875
-58645 1623.583984375
-58635 1630.218017578125
-58625 1638.1099853515625
-58615 1646.302978515625
-58605 1654.81103515625
-58595 1662.4150390625
-58585 1669.363037109375
-58575 1675.81298828125
-58565 1680.8599853515625
-58555 1685.251953125
-58545 1688.240966796875
-58535 1688.7130126953125
-58525 1691.2960205078125
-58515 1694.875
-58505 1702.8060302734375
-58495 1708.7320556640625
-58485 1716.925048828125
-58475 1725.7349853515625
-58465 1735.093017578125
-58455 1744.3900146484375
-58445 1755.5989990234375
-58435 1764.4219970703125
-58425 1775.157958984375
-58415 1785.89501953125
-58405 1797.718017578125
-58395 1807.2120361328125
-58385 1817.29296875
-58375 1825.5
-58365 1833.405029296875
-58355 1842.0050048828125
-58345 1853.7879638671875
-58335 1859.8470458984375
-58325 1864.7869873046875
-58315 1871.383056640625
-58305 1877.7679443359375
-58295 1882.5660400390625
-58285 1886.41796875
-58275 1894.9129638671875
-58265 1902.7679443359375
-58255 1910.8570556640625
-58245 1918.9169921875
-58235 1926.218994140625
-58225 1932.8680419921875
-58215 1937.9129638671875
-58205 1942.884033203125
-58195 1947.31494140625
-58185 1952.7159423828125
-58175 1958.10400390625
-58165 1963.322021484375
-58155 1968.8780517578125
-58145 1974.22900390625
-58135 1978.843994140625
-58125 1984.218994140625
-58115 1990.4849853515625
-58105 1997.3809814453125
-58095 2004.0799560546875
-58085 2010.0159912109375
-58075 2018.2249755859375
-58065 2024.0849609375
-58055 2029.3160400390625
-58045 2035.18896484375
-58035 2040.2230224609375
-58025 2044.6409912109375
-58015 2048.548095703125
-58005 2052.507080078125
-57995 2057.135009765625
-57985 2062.875
-57975 2069.6259765625
-57965 2077.333984375
-57955 2083.180908203125
-57945 2089.014892578125
-57935 2094.782958984375
-57925 2100.81591796875
-57915 2105.574951171875
-57905 2107.97412109375
-57895 2108.85009765625
-57885 2108.576904296875
-57875 2106.4140625
-57865 2105.60107421875
-57855 2103.674072265625
-57845 2100.89501953125
-57835 2097.6279296875
-57825 2091.508056640625
-57815 2085.72705078125
-57805 2080.693115234375
-57795 2076.89111328125
-57785 2073.27099609375
-57775 2070.50390625
-57765 2068.75
-57755 2064.85400390625
-57745 2061.39306640625
-57735 2057.81396484375
-57725 2054.326904296875
-57715 2050.052978515625
-57705 2045.31005859375
-57695 2041.0989990234375
-57685 2035.7239990234375
-57675 2028.762939453125
-57665 2021.43701171875
-57655 2012.3260498046875
-57645 2001.4580078125
-57635 1994.0379638671875
-57625 1986.85400390625
-57615 1978.1619873046875
-57605 1968.8280029296875
-57595 1961.614990234375
-57585 1958.8909912109375
-57575 1956.97705078125
-57565 1953.1070556640625
-57555 1950.81494140625
-57545 1947.446044921875
-57535 1944.6929931640625
-57525 1942.031005859375
-57515 1936.696044921875
-57505 1934.2950439453125
-57495 1933.7760009765625
-57485 1937.166015625
-57475 1941.9420166015625
-57465 1942.6619873046875
-57455 1941.4940185546875
-57445 1937.81396484375
-57435 1934.510986328125
-57425 1934.237060546875
-57415 1938.666015625
-57405 1943.154052734375
-57395 1946.31298828125
-57385 1948.115966796875
-57375 1949.6319580078125
-57365 1953.125
-57355 1957.279052734375
-57345 1961.6219482421875
-57335 1967.655029296875
-57325 1972.4439697265625
-57315 1978.0560302734375
-57305 1984.6519775390625
-57295 1993.0340576171875
-57285 1999.4840087890625
-57275 2002.5150146484375
-57265 2004.0870361328125
-57255 2005.8480224609375
-57245 2009.2950439453125
-57235 2014.7650146484375
-57225 2020.030029296875
-57215 2025.5989990234375
-57205 2031.905029296875
-57195 2037.1290283203125
-57185 2041.7760009765625
-57175 2043.5489501953125
-57165 2044.1409912109375
-57155 2043.7669677734375
-57145 2042.7130126953125
-57135 2040.7060546875
-57125 2038.3699951171875
-57115 2036.406982421875
-57105 2033.89599609375
-57095 2031.0679931640625
-57085 2028.3270263671875
-57075 2026.0469970703125
-57065 2022.426025390625
-57055 2019.2509765625
-57045 2016.4949951171875
-57035 2013.969970703125
-57025 2011.373046875
-57015 2009.68603515625
-57005 2008.31396484375
-56995 2008.2130126953125
-56985 2007.56298828125
-56975 2007.363037109375
-56965 2007.56298828125
-56955 2006.8709716796875
-56945 2006.322998046875
-56935 2005.5870361328125
-56925 2004.14404296875
-56915 2003.4239501953125
-56905 2003.10498046875
-56895 2002.7869873046875
-56885 2000.2049560546875
-56875 1996.9730224609375
-56865 1994.217041015625
-56855 1990.3070068359375
-56845 1985.9630126953125
-56835 1982.3580322265625
-56825 1978.5040283203125
-56815 1974.0469970703125
-56805 1969.4129638671875
-56795 1965.0699462890625
-56785 1960.9010009765625
-56775 1956.7900390625
-56765 1952.5169677734375
-56755 1948.491943359375
-56745 1944.6820068359375
-56735 1941.3070068359375
-56725 1939.27197265625
-56715 1939.0570068359375
-56705 1935.405029296875
-56695 1931.3360595703125
-56685 1926.3740234375
-56675 1921.1629638671875
-56665 1916.1429443359375
-56655 1912.2769775390625
-56645 1908.01904296875
-56635 1903.7640380859375
-56625 1900.385986328125
-56615 1895.177978515625
-56605 1888.4830322265625
-56595 1882.3370361328125
-56585 1876.176025390625
-56575 1870.720947265625
-56565 1865.39697265625
-56555 1860.9959716796875
-56545 1856.133056640625
-56535 1850.738037109375
-56525 1845.2679443359375
-56515 1840.81005859375
-56505 1836.4100341796875
-56495 1833.10498046875
-56485 1831.676025390625
-56475 1828.343017578125
-56465 1823.2919921875
-56455 1824.532958984375
-56445 1824.634033203125
-56435 1823.3370361328125
-56425 1820.9560546875
-56415 1817.7679443359375
-56405 1813.81298828125
-56395 1810.9129638671875
-56385 1808.7919921875
-56375 1807.0899658203125
-56365 1808.113037109375
-56355 1809.571044921875
-56345 1807.43701171875
-56335 1805.18603515625
-56325 1802.83203125
-56315 1800.7840576171875
-56305 1797.177978515625
-56295 1795.259033203125
-56285 1790.7860107421875
-56275 1786.8160400390625
-56265 1783.656005859375
-56255 1781.4930419921875
-56245 1781.3489990234375
-56235 1776.64501953125
-56225 1767.5260009765625
-56215 1756.5889892578125
-56205 1749.864990234375
-56195 1742.738037109375
-56185 1735.219970703125
-56175 1725.10498046875
-56165 1712.291015625
-56155 1700.8929443359375
-56145 1694.3719482421875
-56135 1688.4560546875
-56125 1678.6729736328125
-56115 1668.572998046875
-56105 1656.5830078125
-56095 1645.4010009765625
-56085 1635.676025390625
-56075 1624.7669677734375
-56065 1616.1240234375
-56055 1610.4110107421875
-56045 1605.79296875
-56035 1599.833984375
-56025 1593.6729736328125
-56015 1587.511962890625
-56005 1582.447998046875
-55995 1576.97900390625
-55985 1571.72705078125
-55975 1565.8690185546875
-55965 1565.2769775390625
-55955 1562.550048828125
-55945 1559.2030029296875
-55935 1551.0360107421875
-55925 1539.4639892578125
-55915 1531.571044921875
-55905 1525.3380126953125
-55895 1516.3919677734375
-55885 1505.946044921875
-55875 1496.552001953125
-55865 1486.9139404296875
-55855 1477.593017578125
-55845 1470.8260498046875
-55835 1465.5159912109375
-55825 1459.8310546875
-55815 1452.718017578125
-55805 1445.344970703125
-55795 1438.2459716796875
-55785 1432.083984375
-55775 1426.095947265625
-55765 1420.2960205078125
-55755 1415.490966796875
-55745 1411.52294921875
-55735 1407.583984375
-55725 1403.31298828125
-55715 1400.657958984375
-55705 1398.364013671875
-55695 1395.6519775390625
-55685 1393.343017578125
-55675 1391.0050048828125
-55665 1388.595947265625
-55655 1386.5040283203125
-55645 1384.614013671875
-55635 1382.8389892578125
-55625 1380.4439697265625
-55615 1372.7239990234375
-55605 1368.697998046875
-55595 1365.20703125
-55585 1360.7340087890625
-55575 1353.89501953125
-55565 1352.2779541015625
-55555 1353.41796875
-55545 1353.8370361328125
-55535 1354.125
-55525 1356.6650390625
-55515 1359.5069580078125
-55505 1362.0899658203125
-55495 1366.5340576171875
-55485 1369.0159912109375
-55475 1370.93505859375
-55465 1373.719970703125
-55455 1379.6929931640625
-55445 1380.7030029296875
-55435 1380.530029296875
-55425 1382.93994140625
-55415 1384.873046875
-55405 1386.719970703125
-55395 1389.1300048828125
-55385 1391.06298828125
-55375 1393.2130126953125
-55365 1395.406005859375
-55355 1398.0179443359375
-55345 1402.3470458984375
-55335 1405.4339599609375
-55325 1408.637939453125
-55315 1411.52294921875
-55305 1413.64404296875
-55295 1416.0250244140625
-55285 1418.2760009765625
-55275 1421.10400390625
-55265 1423.0810546875
-55255 1425.70703125
-55245 1428.030029296875
-55235 1431.10302734375
-55225 1433.8160400390625
-55215 1437.0770263671875
-55205 1439.9339599609375
-55195 1441.1309814453125
-55185 1443.35302734375
-55175 1447.261962890625
-55165 1451.2320556640625
-55155 1457.9119873046875
-55145 1461.8800048828125
-55135 1467.666015625
-55125 1474.3609619140625
-55115 1476.7850341796875
-55105 1475.0970458984375
-55095 1479.4830322265625
-55085 1489.366943359375
-55075 1496.3790283203125
-55065 1503.3050537109375
-55055 1508.35498046875
-55045 1513.2030029296875
-55035 1516.363037109375
-55025 1518.9749755859375
-55015 1521.0379638671875
-55005 1524.008056640625
-54995 1527.7569580078125
-54985 1530.7650146484375
-54975 1534.3050537109375
-54965 1538.5350341796875
-54955 1541.1510009765625
-54945 1542.373046875
-54935 1542.4150390625
-54925 1545.9229736328125
-54915 1549.5260009765625
-54905 1552.0450439453125
-54895 1551.5989990234375
-54885 1550.833984375
-54875 1553.0660400390625
-54865 1556.8070068359375
-54855 1560.4959716796875
-54845 1564.41796875
-54835 1569.0419921875
-54825 1573.5059814453125
-54815 1577.748046875
-54805 1581.7120361328125
-54795 1584.241943359375
-54785 1586.197998046875
-54775 1591.0450439453125
-54765 1595.8599853515625
-54755 1598.4749755859375
-54745 1602.18505859375
-54735 1605.916015625
-54725 1608.7330322265625
-54715 1613.5689697265625
-54705 1616.6090087890625
-54695 1622.66796875
-54685 1625.803955078125
-54675 1627.802001953125
-54665 1629.5240478515625
-54655 1629.5560302734375
-54645 1629.759033203125
-54635 1630.3330078125
-54625 1630.02294921875
-54615 1630.501953125
-54605 1631.468994140625
-54595 1632.5849609375
-54585 1633.1800537109375
-54575 1632.947021484375
-54565 1633.3289794921875
-54555 1632.968017578125
-54545 1632.3299560546875
-54535 1631.968994140625
-54525 1632.4580078125
-54515 1632.5849609375
-54505 1632.7869873046875
-54495 1632.8509521484375
-54485 1632.862060546875
-54475 1633.3609619140625
-54465 1633.56298828125
-54455 1634.2220458984375
-54445 1633.9029541015625
-54435 1633.988037109375
-54425 1634.3819580078125
-54415 1633.6800537109375
-54405 1632.968017578125
-54395 1632.7449951171875
-54385 1632.1920166015625
-54375 1632.074951171875
-54365 1631.511962890625
-54355 1630.990966796875
-54345 1630.1829833984375
-54335 1628.5030517578125
-54325 1627.9930419921875
-54315 1626.3990478515625
-54305 1625.9739990234375
-54295 1625.218994140625
-54285 1623.4759521484375
-54275 1621.0419921875
-54265 1618.2459716796875
-54255 1614.4090576171875
-54245 1610.58203125
-54235 1606.1600341796875
-54225 1599.5269775390625
-54215 1593.873046875
-54205 1587.0379638671875
-54195 1578.39599609375
-54185 1569.6590576171875
-54175 1561.5689697265625
-54165 1552.758056640625
-54155 1544.3709716796875
-54145 1537.81298828125
-54135 1530.2230224609375
-54125 1523.633056640625
-54115 1516.7340087890625
-54105 1510.4420166015625
-54095 1503.1390380859375
-54085 1496.5379638671875
-54075 1489.33203125
-54065 1481.7740478515625
-54055 1471.2080078125
-54045 1462.947998046875
-54035 1456.029052734375
-54025 1448.9610595703125
-54015 1442.2750244140625
-54005 1438.447998046875
-53995 1432.0489501953125
-53985 1426.2130126953125
-53975 1420.633056640625
-53965 1415.56298828125
-53955 1410.0250244140625
-53945 1405.3050537109375
-53935 1400.7340087890625
-53925 1397.43896484375
-53915 1394.134033203125
-53905 1390.7530517578125
-53895 1388.031982421875
-53885 1386.1510009765625
-53875 1382.89794921875
-53865 1380.592041015625
-53855 1378.56103515625
-53845 1376.8499755859375
-53835 1375.2239990234375
-53825 1374.52197265625
-53815 1373.31005859375
-53805 1372.237060546875
-53795 1371.1949462890625
-53785 1369.8349609375
-53775 1368.4739990234375
-53765 1366.58203125
-53755 1364.031005859375
-53745 1361.553955078125
-53735 1357.260009765625
-53725 1352.9339599609375
-53715 1347.7149658203125
-53705 1343.4310302734375
-53695 1339.3599853515625
-53685 1335.447998046875
-53675 1336.7769775390625
-53665 1345.0050048828125
-53655 1349.862060546875
-53645 1354.6240234375
-53635 1355.9100341796875
-53625 1357.260009765625
-53615 1358.291015625
-53605 1360.863037109375
-53595 1364.3179931640625
-53585 1368.18701171875
-53575 1372.2049560546875
-53565 1376.7650146484375
-53555 1382.9730224609375
-53545 1389.93505859375
-53535 1397.449951171875
-53525 1405.3260498046875
-53515 1412.5009765625
-53505 1419.5909423828125
-53495 1423.83203125
-53485 1427
-53475 1429.8809814453125
-53465 1432.60205078125
-53455 1435.5140380859375
-53445 1437.2889404296875
-53435 1439.8299560546875
-53425 1443.0400390625
-53415 1445.4010009765625
-53405 1446.260986328125
-53395 1446.9200439453125
-53385 1446.8349609375
-53375 1447.6209716796875
-53365 1448.748046875
-53355 1448.6199951171875
-53345 1449.385009765625
-53335 1449.279052734375
-53325 1449.9169921875
-53315 1450.43798828125
-53305 1450.5980224609375
-53295 1450.35302734375
-53285 1450.6510009765625
-53275 1450.968994140625
-53265 1450.2249755859375
-53255 1449.41796875
-53245 1449.1199951171875
-53235 1448.6739501953125
-53225 1448.5140380859375
-53215 1448.1209716796875
-53205 1447.9930419921875
-53195 1447.89794921875
-53185 1447.386962890625
-53175 1449.0140380859375
-53165 1448.748046875
-53155 1448.239013671875
-53145 1446.5050048828125
-53135 1445.4630126953125
-53125 1443.8690185546875
-53115 1442.8909912109375
-53105 1441.8179931640625
-53095 1440.8389892578125
-53085 1439.6490478515625
-53075 1437.927001953125
-53065 1436.0880126953125
-53055 1431.7509765625
-53045 1429.041015625
-53035 1428.2969970703125
-53025 1425.863037109375
-53015 1420.155029296875
-53005 1410.0140380859375
-52995 1407.6650390625
-52985 1414.1700439453125
-52975 1423.301025390625
-52965 1423.7049560546875
-52955 1421.4830322265625
-52945 1419.113037109375
-52935 1417.8800048828125
-52925 1415.9129638671875
-52915 1414.93603515625
-52905 1415.7220458984375
-52895 1417.23095703125
-52885 1419.3890380859375
-52875 1419.282958984375
-52865 1419.261962890625
-52855 1418.6669921875
-52845 1417.7950439453125
-52835 1418.208984375
-52825 1417.9649658203125
-52815 1415.1910400390625
-52805 1412.8310546875
-52795 1405.571044921875
-52785 1399.8740234375
-52775 1401.06396484375
-52765 1400.553955078125
-52755 1396.864990234375
-52745 1391.3179931640625
-52735 1383.9720458984375
-52725 1374.5860595703125
-52715 1366.4759521484375
-52705 1353.114013671875
-52695 1340.3800048828125
-52685 1330.68603515625
-52675 1328.613037109375
-52665 1330.9200439453125
-52655 1338.4139404296875
-52645 1345.0679931640625
-52635 1349.7769775390625
-52625 1358.6949462890625
-52615 1367.9849853515625
-52605 1367.4010009765625
-52595 1366.635009765625
-52585 1363.7760009765625
-52575 1361.6180419921875
-52565 1354.8690185546875
-52555 1345.2060546875
-52545 1339.2320556640625
-52535 1347.5980224609375
-52525 1354.77294921875
-52515 1358.928955078125
-52505 1362.3609619140625
-52495 1361.0059814453125
-52485 1358.8809814453125
-52475 1357.375
-52465 1358.2640380859375
-52455 1358.5560302734375
-52445 1357.5050048828125
-52435 1355.196044921875
-52425 1355.3699951171875
-52415 1355.0660400390625
-52405 1352.9739990234375
-52395 1350.373046875
-52385 1346.0369873046875
-52375 1344.866943359375
-52365 1344.7469482421875
-52355 1341.875
-52345 1338.5999755859375
-52335 1335.3280029296875
-52325 1333.4859619140625
-52315 1332.7490234375
-52305 1332.6080322265625
-52295 1331.3389892578125
-52285 1330.6240234375
-52275 1327.362060546875
-52265 1324.9339599609375
-52255 1324.27197265625
-52245 1323.7960205078125
-52235 1323.0150146484375
-52225 1322.14794921875
-52215 1321.1619873046875
-52205 1320.2060546875
-52195 1318.9610595703125
-52185 1317.85400390625
-52175 1316.3060302734375
-52165 1313.594970703125
-52155 1310.5279541015625
-52145 1309.845947265625
-52135 1309.345947265625
-52125 1306.9620361328125
-52115 1305.8790283203125
-52105 1306.4849853515625
-52095 1305.20703125
-52085 1305.1729736328125
-52075 1304.675048828125
-52065 1302.9949951171875
-52055 1302.31298828125
-52045 1301.3800048828125
-52035 1299.093017578125
-52025 1297.759033203125
-52015 1295.342041015625
-52005 1292.697998046875
-51995 1290.6920166015625
-51985 1288.5999755859375
-51975 1286.593994140625
-51965 1285.77099609375
-51955 1282.9859619140625
-51945 1280.655029296875
-51935 1277.5240478515625
-51925 1274.2049560546875
-51915 1271.2459716796875
-51905 1268.5369873046875
-51895 1266.759033203125
-51885 1266.3800048828125
-51875 1266.1739501953125
-51865 1266.4990234375
-51855 1266.27099609375
-51845 1264.2989501953125
-51835 1264.2440185546875
-51825 1264.39599609375
-51815 1262.4129638671875
-51805 1260.2449951171875
-51795 1258.8470458984375
-51785 1263.9300537109375
-51775 1264.635009765625
-51765 1267.487060546875
-51755 1270.9320068359375
-51745 1271.6910400390625
-51735 1272.4820556640625
-51725 1272.614013671875
-51715 1273.782958984375
-51705 1274.780029296875
-51695 1276.1800537109375
-51685 1277.0340576171875
-51675 1278.1180419921875
-51665 1279.7459716796875
-51655 1280.9150390625
-51645 1282.85595703125
-51635 1284.5030517578125
-51625 1286.26904296875
-51615 1287.93896484375
-51605 1288.947021484375
-51595 1286.0419921875
-51585 1278.7249755859375
-51575 1271.6800537109375
-51565 1264.5050048828125
-51555 1263.2249755859375
-51545 1268.135986328125
-51535 1273.3709716796875
-51525 1279.3759765625
-51515 1285.47900390625
-51505 1292.3719482421875
-51495 1299.7760009765625
-51485 1306.35498046875
-51475 1309.2259521484375
-51465 1309.2919921875
-51455 1311.3409423828125
-51445 1314.2569580078125
-51435 1315.916015625
-51425 1316.760009765625
-51415 1318.2130126953125
-51405 1319.220947265625
-51395 1319.362060546875
-51385 1320.0989990234375
-51375 1321.343994140625
-51365 1321.7249755859375
-51355 1322.64599609375
-51345 1323.177978515625
-51335 1324.0560302734375
-51325 1324.6839599609375
-51315 1325.593017578125
-51305 1326.1689453125
-51295 1326.64599609375
-51285 1326.8409423828125
-51275 1328.31494140625
-51265 1329.1719970703125
-51255 1328.4019775390625
-51245 1327.8599853515625
-51235 1326.927978515625
-51225 1325.9739990234375
-51215 1326.947998046875
-51205 1327.72998046875
-51195 1329.4530029296875
-51185 1329.2149658203125
-51175 1322.885009765625
-51165 1316.1629638671875
-51155 1316.989013671875
-51145 1325.1610107421875
-51135 1328.4019775390625
-51125 1328.7919921875
-51115 1329.2149658203125
-51105 1328.52099609375
-51095 1322.4510498046875
-51085 1323.93603515625
-51075 1325.928955078125
-51065 1322.64599609375
-51055 1325.280029296875
-51045 1325.508056640625
-51035 1324.0340576171875
-51025 1322.64599609375
-51015 1320.52197265625
-51005 1318.4949951171875
-50995 1315.8179931640625
-50985 1314.386962890625
-50975 1316.45703125
-50965 1316.5980224609375
-50955 1317.81201171875
-50945 1318.5389404296875
-50935 1318.7760009765625
-50925 1320.3919677734375
-50915 1320.8909912109375
-50905 1320.3489990234375
-50895 1312.8160400390625
-50885 1305.6939697265625
-50875 1305.4329833984375
-50865 1311.925048828125
-50855 1317.5830078125
-50845 1319.633056640625
-50835 1321.498046875
-50825 1323.458984375
-50815 1325.541015625
-50805 1326.7969970703125
-50795 1327.718994140625
-50785 1327.7950439453125
-50775 1327.5889892578125
-50765 1326.8719482421875
-50755 1326.2130126953125
-50745 1325.06396484375
-50735 1322.2669677734375
-50725 1319.8590087890625
-50715 1319.4580078125
-50705 1319.43798828125
-50695 1318.4840087890625
-50685 1317.260009765625
-50675 1316.261962890625
-50665 1315.5469970703125
-50655 1314.4630126953125
-50645 1313.791015625
-50635 1312.5970458984375
-50625 1311.5579833984375
-50615 1310.4739990234375
-50605 1309.4659423828125
-50595 1308.27294921875
-50585 1307.89501953125
-50575 1306.7340087890625
-50565 1306.2249755859375
-50555 1304.8370361328125
-50545 1302.6590576171875
-50535 1300.989990234375
-50525 1300.5439453125
-50515 1301.18505859375
-50505 1300.166015625
-50495 1298.615966796875
-50485 1298.7359619140625
-50475 1298.657958984375
-50465 1297.573974609375
-50455 1296.0999755859375
-50445 1295.364990234375
-50435 1294.052001953125
-50425 1293.737060546875
-50415 1293.260009765625
-50405 1293.0550537109375
-50395 1292.0050048828125
-50385 1289.1099853515625
-50375 1288.3079833984375
-50365 1288.134033203125
-50355 1288.39404296875
-50345 1284.9139404296875
-50335 1281.282958984375
-50325 1276.904052734375
-50315 1272.407958984375
-50305 1267.0860595703125
-50295 1265.251953125
-50285 1266.9649658203125
-50275 1271.6910400390625
-50265 1275.7139892578125
-50255 1278.9100341796875
-50245 1281.9449462890625
-50235 1287.2659912109375
-50225 1291.051025390625
-50215 1292.7939453125
-50205 1294.498046875
-50195 1299.1240234375
-50185 1301.1510009765625
-50175 1304.123046875
-50165 1307.2440185546875
-50155 1310.5279541015625
-50145 1312.6729736328125
-50135 1314.928955078125
-50125 1316.9449462890625
-50115 1318.2030029296875
-50105 1319.4169921875
-50095 1321.4749755859375
-50085 1324.7149658203125
-50075 1327.18798828125
-50065 1329.822021484375
-50055 1333.2249755859375
-50045 1336.8570556640625
-50035 1338.7750244140625
-50025 1340.9749755859375
-50015 1344.02099609375
-50005 1345.5360107421875
-49995 1348.8380126953125
-49985 1352.2459716796875
-49975 1356.9429931640625
-49965 1360.0150146484375
-49955 1363.0880126953125
-49945 1366.5159912109375
-49935 1369.8189697265625
-49925 1368.634033203125
-49915 1361.3050537109375
-49905 1364.6920166015625
-49895 1374.6109619140625
-49885 1386.113037109375
-49875 1390.1390380859375
-49865 1394.626953125
-49855 1397.9610595703125
-49845 1400.383056640625
-49835 1395.1820068359375
-49825 1388.251953125
-49815 1393.8609619140625
-49805 1404.5030517578125
-49795 1414.884033203125
-49785 1421.301025390625
-49775 1423.56494140625
-49765 1425.5050048828125
-49755 1428.7969970703125
-49745 1423.7960205078125
-49735 1422.0340576171875
-49725 1430.4849853515625
-49715 1437.698974609375
-49705 1439.6180419921875
-49695 1444.6190185546875
-49685 1446.968017578125
-49675 1449.2220458984375
-49665 1451.56005859375
-49655 1452.220947265625
-49645 1454.0660400390625
-49635 1455.6080322265625
-49625 1457.2960205078125
-49615 1458.8580322265625
-49605 1460.4410400390625
-49595 1462.1920166015625
-49585 1463.6390380859375
-49575 1464.928955078125
-49565 1465.6939697265625
-49555 1467.508056640625
-49545 1468.7659912109375
-49535 1469.20703125
-49525 1471.449951171875
-49515 1472.373046875
-49505 1473.7569580078125
-49495 1475.697021484375
-49485 1476.8079833984375
-49475 1477.73095703125
-49465 1479.18798828125
-49455 1480.823974609375
-49445 1480.81396484375
-49435 1481.3060302734375
-49425 1482.114013671875
-49415 1482.43896484375
-49405 1483.0050048828125
-49395 1484.5780029296875
-49385 1486.4969482421875
-49375 1488.708984375
-49365 1490.8160400390625
-49355 1492.9759521484375
-49345 1488.865966796875
-49335 1481.0550537109375
-49325 1473.7569580078125
-49315 1468.8919677734375
-49305 1471.10400390625
-49295 1477.845947265625
-49285 1485.52099609375
-49275 1493.7939453125
-49265 1496.33203125
-49255 1495.6500244140625
-49245 1495.093994140625
-49235 1493.8570556640625
-49225 1492.7459716796875
-49215 1491.718017578125
-49205 1491.571044921875
-49195 1491.1619873046875
-49185 1490.595947265625
-49175 1489.5159912109375
-49165 1488.43603515625
-49155 1488.1529541015625
-49145 1487.22998046875
-49135 1486.3389892578125
-49125 1485.81494140625
-49115 1485.123046875
-49105 1482.260986328125
-49095 1476.2840576171875
-49085 1470.4959716796875
-49075 1463.8489990234375
-49065 1461.5419921875
-49055 1457.5889892578125
-49045 1451.947998046875
-49035 1444.5460205078125
-49025 1436.8709716796875
-49015 1430.4429931640625
-49005 1424.614013671875
-48995 1418.197021484375
-48985 1411.1719970703125
-48975 1404.5030517578125
-48965 1397.47900390625
-48955 1390.883056640625
-48945 1383.8160400390625
-48935 1375.56494140625
-48925 1367.9840087890625
-48915 1362.803955078125
-48905 1356.5870361328125
-48895 1350.0439453125
-48885 1345.9759521484375
-48875 1346.47900390625
-48865 1353.9339599609375
-48855 1366.904052734375
-48845 1372.8280029296875
-48835 1376.655029296875
-48825 1380.5030517578125
-48815 1385.4520263671875
-48805 1391.35498046875
-48795 1397.865966796875
-48785 1405.0379638671875
-48775 1415.9110107421875
-48765 1422.5269775390625
-48755 1433.5050048828125
-48745 1442.7840576171875
-48735 1448.928955078125
-48725 1456.0999755859375
-48715 1463.010009765625
-48705 1470.6009521484375
-48695 1476.9549560546875
-48685 1481.1490478515625
-48675 1486.738037109375
-48665 1491.81298828125
-48655 1495.7230224609375
-48645 1498.6700439453125
-48635 1500.9759521484375
-48625 1503.261962890625
-48615 1505.012939453125
-48605 1506.7330322265625
-48595 1508.8509521484375
-48585 1510.7900390625
-48575 1513.2960205078125
-48565 1515.0369873046875
-48555 1517.385009765625
-48545 1519.677001953125
-48535 1521.5269775390625
-48525 1523.0679931640625
-48515 1523.843994140625
-48505 1524.154052734375
-48495 1523.5040283203125
-48485 1524.4580078125
-48475 1526.780029296875
-48465 1528.6099853515625
-48455 1529.7679443359375
-48445 1530.3819580078125
-48435 1531.2359619140625
-48425 1531.990966796875
-48415 1531.8709716796875
-48405 1529.6219482421875
