-70895 2286.9619140625
-70885 2285.48095703125
-70875 2286.85009765625
-70865 2291.070068359375
-70855 2290.741943359375
-70845 2288.716064453125
-70835 2288.988037109375
-70825 2287.467041015625
-70815 2288.612060546875
-70805 2287.2109375
-70795 2292.0791015625
-70785 2294.721923828125
-70775 2297.4130859375
-70765 2299.030029296875
-70755 2301.888916015625
-70745 2306.156982421875
-70735 2311.489990234375
-70725 2315.806884765625
-70715 2321.781005859375
-70705 2327.322021484375
-70695 2334.135986328125
-70685 2341.239990234375
-70675 2345.33203125
-70665 2348.527099609375
-70655 2353.410888671875
-70645 2358.679931640625
-70635 2364.406005859375
-70625 2369.658935546875
-70615 2374.8720703125
-70605 2378.97998046875
-70595 2383.112060546875
-70585 2386.860107421875
-70575 2389.27099609375
-70565 2392.136962890625
-70555 2394.051025390625
-70545 2397.55908203125
-70535 2403.451904296875
-70525 2406.158935546875
-70515 2410.97998046875
-70505 2415.2080078125
-70495 2415.39990234375
-70485 2415.447998046875
-70475 2418.626953125
-70465 2421.2939453125
-70455 2425.681884765625
-70445 2429.885986328125
-70435 2433.85009765625
-70425 2436.8291015625
-70415 2441.041015625
-70405 2446.55810546875
-70395 2453.012939453125
-70385 2459.322998046875
-70375 2465.072998046875
-70365 2471.423095703125
-70355 2477.81298828125
-70345 2486.381103515625
-70335 2495.510009765625
-70325 2503.18994140625
-70315 2516.339111328125
-70305 2523.0810546875
-70295 2531.23291015625
-70285 2533.05908203125
-70275 2531.697998046875
-70265 2527.75
-70255 2524.826904296875
-70245 2521.488037109375
-70235 2518.341064453125
-70225 2515.090087890625
-70215 2512.623046875
-70205 2510.62109375
-70195 2506.408935546875
-70185 2498.40087890625
-70175 2494.277099609375
-70165 2489.3359375
-70155 2486.781982421875
-70145 2484.2509765625
-70135 2484.73193359375
-70125 2491.85888671875
-70115 2489.19189453125
-70105 2487.631103515625
-70095 2486.093017578125
-70085 2485.677001953125
-70075 2484.364013671875
-70065 2481.7529296875
-70055 2478.8779296875
-70045 2477.31689453125
-70035 2476.548095703125
-70025 2475.97900390625
-70015 2473.97705078125
-70005 2472.4609375
-69995 2471.2119140625
-69985 2470.047119140625
-69975 2467.27392578125
-69965 2465.652099609375
-69955 2463.498046875
-69945 2461.639892578125
-69935 2459.51611328125
-69925 2457.864013671875
-69915 2455.680908203125
-69905 2454.2060546875
-69895 2452.864013671875
-69885 2451.4189453125
-69875 2450.680908203125
-69865 2449.693115234375
-69855 2448.926025390625
-69845 2447.18603515625
-69835 2445.06201171875
-69825 2443.48388671875
-69815 2443.174072265625
-69805 2444.10302734375
-69795 2445.990966796875
-69785 2449.60400390625
-69775 2452.98193359375
-69765 2459.087890625
-69755 2461.375
-69745 2461.22705078125
-69735 2462.18603515625
-69725 2460.47509765625
-69715 2461.43408203125
-69705 2460.77001953125
-69695 2461.344970703125
-69685 2462.864013671875
-69675 2464.693115234375
-69665 2467.0830078125
-69655 2470.97607421875
-69645 2473.79296875
-69635 2472.43701171875
-69625 2470.77001953125
-69615 2469.073974609375
-69605 2470.593017578125
-69595 2472.347900390625
-69585 2480.7548828125
-69575 2477.9970703125
-69565 2475.385986328125
-69555 2476.77294921875
-69545 2474.220947265625
-69535 2469.323974609375
-69525 2466.1240234375
-69515 2467.363037109375
-69505 2468.969970703125
-69495 2474.220947265625
-69485 2478.572021484375
-69475 2481.97900390625
-69465 2484.0439453125
-69455 2487.18603515625
-69445 2493.572021484375
-69435 2493.10009765625
-69425 2493.306884765625
-69415 2495.031982421875
-69405 2501.81689453125
-69395 2514.781982421875
-69385 2511.68408203125
-69375 2508.277099609375
-69365 2505.22412109375
-69355 2504.030029296875
-69345 2505.533935546875
-69335 2506.68408203125
-69325 2510.593017578125
-69315 2513.248046875
-69305 2512.68798828125
-69295 2510.22412109375
-69285 2506.965087890625
-69275 2505.179931640625
-69265 2507.701904296875
-69255 2510.636962890625
-69245 2510.1650390625
-69235 2515.25390625
-69225 2516.4189453125
-69215 2518.262939453125
-69205 2515.77001953125
-69195 2516.241943359375
-69185 2517.49609375
-69175 2517.215087890625
-69165 2515.8291015625
-69155 2510.10595703125
-69145 2508.0859375
-69135 2508.055908203125
-69125 2507.406982421875
-69115 2508.763916015625
-69105 2512.85009765625
-69095 2517.43701171875
-69085 2524.6640625
-69075 2533.43994140625
-69065 2539.281005859375
-69055 2547.64306640625
-69045 2548.986083984375
-69035 2548.39599609375
-69025 2542.126953125
-69015 2534.89990234375
-69005 2528.572998046875
-68995 2522.0390625
-68985 2518.35107421875
-68975 2514.51611328125
-68965 2506.5810546875
-68955 2500.25390625
-68945 2494.339111328125
-68935 2490.26806640625
-68925 2486.698974609375
-68915 2484.45703125
-68905 2479.7080078125
-68895 2471.491943359375
-68885 2463.277099609375
-68875 2459.323974609375
-68865 2453.48388671875
-68855 2445.548095703125
-68845 2437.302978515625
-68835 2428.0849609375
-68825 2419.944091796875
-68815 2412.9970703125
-68805 2407.406982421875
-68795 2401.462890625
-68785 2395.666015625
-68775 2389.988037109375
-68765 2385.075927734375
-68755 2381.137939453125
-68745 2376.256103515625
-68735 2371.81689453125
-68725 2368.3798828125
-68715 2364.574951171875
-68705 2360.50390625
-68695 2356.551025390625
-68685 2351.919921875
-68675 2346.02001953125
-68665 2339.14697265625
-68655 2331.31494140625
-68645 2322.318115234375
-68635 2313.364990234375
-68625 2304.4560546875
-68615 2296.712890625
-68605 2291.033935546875
-68595 2285.281982421875
-68585 2278.98388671875
-68575 2273.865966796875
-68565 2269.9130859375
-68555 2266.093017578125
-68545 2260.930908203125
-68535 2256.403076171875
-68525 2251.785888671875
-68515 2247.493896484375
-68505 2243.14306640625
-68495 2238.37890625
-68485 2233.114013671875
-68475 2229.64794921875
-68465 2225.26708984375
-68455 2222.2880859375
-68445 2218.424072265625
-68435 2215.31103515625
-68425 2211.535888671875
-68415 2208.02490234375
-68405 2204.012939453125
-68395 2201.56494140625
-68385 2199.64794921875
-68375 2196.6240234375
-68365 2195.074951171875
-68355 2194.10205078125
-68345 2192.803955078125
-68335 2191.81591796875
-68325 2184.794921875
-68315 2178.364013671875
-68305 2170.916015625
-68295 2161.093017578125
-68285 2152.626953125
-68275 2146.00390625
-68265 2139.4560546875
-68255 2131.35791015625
-68245 2119.7060546875
-68235 2111.10693359375
-68225 2102.656005859375
-68215 2096.136962890625
-68205 2090.6650390625
-68195 2084.7060546875
-68185 2078.555908203125
-68175 2073.27490234375
-68165 2067.56689453125
-68155 2062.6259765625
-68145 2057.52294921875
-68135 2052.405029296875
-68125 2047.448974609375
-68115 2043.0980224609375
-68105 2038.9539794921875
-68095 2035.134033203125
-68085 2031.092041015625
-68075 2027.1689453125
-68065 2023.2750244140625
-68055 2019.4990234375
-68045 2015.85595703125
-68035 2012.375
-68025 2007.876953125
-68015 2003.718017578125
-68005 1999.5579833984375
-67995 1994.248046875
-67985 1989.529052734375
-67975 1985.10400390625
-67965 1980.8409423828125
-67955 1975.958984375
-67945 1968.18603515625
-67935 1962.77294921875
-67925 1957.83203125
-67915 1952.2869873046875
-67905 1947.68505859375
-67895 1944.425048828125
-67885 1940.177001953125
-67875 1934.7349853515625
-67865 1930.8260498046875
-67855 1926.697021484375
-67845 1924.5579833984375
-67835 1923.3929443359375
-67825 1923.7320556640625
-67815 1924.262939453125
-67805 1924.60205078125
-67795 1925.384033203125
-67785 1925.7669677734375
-67775 1927.375
-67765 1926.7850341796875
-67755 1927.6109619140625
-67745 1927.8759765625
-67735 1928.052978515625
-67725 1927.93505859375
-67715 1927.1240234375
-67705 1928.614013671875
-67695 1930
-67685 1930.2950439453125
-67675 1930.487060546875
-67665 1931.0770263671875
-67655 1931.8740234375
-67645 1932.77294921875
-67635 1933.4959716796875
-67625 1933.0679931640625
-67615 1933.0830078125
-67605 1933.4219970703125
-67595 1933.8199462890625
-67585 1938.6729736328125
-67575 1945.7230224609375
-67565 1952.906005859375
-67555 1957.375
-67545 1963.7320556640625
-67535 1969.6610107421875
-67525 1976.489990234375
-67515 1986.4019775390625
-67505 1992.782958984375
-67495 2000.177001953125
-67485 2007.3070068359375
-67475 2020.6519775390625
-67465 2025.863037109375
-67455 2031.3289794921875
-67445 2036.009033203125
-67435 2040.8349609375
-67425 2046.5760498046875
-67415 2055.0029296875
-67405 2065.589111328125
-67395 2075.93603515625
-67385 2082.20703125
-67375 2088.093017578125
-67365 2090.304931640625
-67355 2092.7919921875
-67345 2095.60693359375
-67335 2097.178955078125
-67325 2101.18310546875
-67315 2106.81396484375
-67305 2113.376953125
-67295 2119.593017578125
-67285 2126.55810546875
-67275 2133.322021484375
-67265 2140.177978515625
-67255 2147.617919921875
-67245 2154.85791015625
-67235 2162.134033203125
-67225 2170.818115234375
-67215 2178.056884765625
-67205 2185.736083984375
-67195 2194.656982421875
-67185 2210.56201171875
-67175 2224.676025390625
-67165 2235.498046875
-67155 2232.93896484375
-67145 2228.514892578125
-67135 2226.68701171875
-67125 2223.907958984375
-67115 2231.804931640625
-67105 2241.658935546875
-67095 2242.135009765625
-67085 2238.716064453125
-67075 2236.55908203125
-67065 2236.924072265625
-67055 2236.64990234375
-67045 2236.467041015625
-67035 2235.35205078125
-67025 2235.133056640625
-67015 2237.782958984375
-67005 2239.885986328125
-66995 2241.5859375
-66985 2247.472900390625
-66975 2251.347900390625
-66965 2256.576904296875
-66955 2261.9150390625
-66945 2267.674072265625
-66935 2270.927978515625
-66925 2273.72509765625
-66915 2276.97900390625
-66905 2277.363037109375
-66895 2276.632080078125
-66885 2275.406982421875
-66875 2278.73388671875
-66865 2280.416015625
-66855 2277.235107421875
-66845 2269.97802734375
-66835 2265.077880859375
-66825 2261.239013671875
-66815 2256.047119140625
-66805 2255.133056640625
-66795 2254.27294921875
-66785 2259.904052734375
-66775 2261.9150390625
-66765 2257.41796875
-66755 2246.906005859375
-66745 2237.27099609375
-66735 2228.697998046875
-66725 2221.330078125
-66715 2216.248046875
-66705 2213.1220703125
-66695 2208.806884765625
-66685 2201.64111328125
-66675 2194.1630859375
-66665 2186.26611328125
-66655 2178.423095703125
-66645 2173.65087890625
-66635 2167.89306640625
-66625 2154.948974609375
-66615 2144.345947265625
-66605 2133.156982421875
-66595 2124.7109375
-66585 2116.94189453125
-66575 2110.8720703125
-66565 2102.60888671875
-66555 2092.31591796875
-66545 2081.346923828125
-66535 2072.0419921875
-66525 2063.541015625
-66515 2055.7529296875
-66505 2048.951904296875
-66495 2043.2669677734375
-66485 2036.501953125
-66475 2029.5550537109375
-66465 2022.3890380859375
-66455 2014.5830078125
-66445 2006.8310546875
-66435 1998.531005859375
-66425 1991.2740478515625
-66415 1983.7969970703125
-66405 1977.4530029296875
-66395 1969.8480224609375
-66385 1964.56396484375
-66375 1959.5179443359375
-66365 1953.8509521484375
-66355 1948.9150390625
-66345 1944.5460205078125
-66335 1939.9749755859375
-66325 1934.197998046875
-66315 1928.01904296875
-66305 1922.9549560546875
-66295 1918.092041015625
-66285 1913.0469970703125
-66275 1907.9639892578125
-66265 1903.2659912109375
-66255 1898.76904296875
-66245 1894.8199462890625
-66235 1891.8759765625
-66225 1889.7559814453125
-66215 1888.677001953125
-66205 1887.26904296875
-66195 1887.177978515625
-66185 1887.7259521484375
-66175 1888.6409912109375
-66165 1888.14697265625
-66155 1888.29296875
-66145 1888.4029541015625
-66135 1888.4759521484375
-66125 1888.238037109375
-66115 1889.7919921875
-66105 1889.7740478515625
-66095 1888.6409912109375
-66085 1887.3790283203125
-66075 1889.9200439453125
-66065 1893.1199951171875
-66055 1898.9150390625
-66045 1903.7779541015625
-66035 1907.9820556640625
-66025 1911.4189453125
-66015 1914.0340576171875
-66005 1913.613037109375
-65995 1909.95703125
-65985 1905.0389404296875
-65975 1903.0279541015625
-65965 1904.27099609375
-65955 1903.5770263671875
-65945 1902.2969970703125
-65935 1899.8470458984375
-65925 1900.157958984375
-65915 1898.01904296875
-65905 1898.677001953125
-65895 1898.2750244140625
-65885 1897.196044921875
-65875 1895.385986328125
-65865 1896.9949951171875
-65855 1897.8179931640625
-65845 1900.7430419921875
-65835 1901.1090087890625
-65825 1901.27294921875
-65815 1901.7850341796875
-65805 1903.5770263671875
-65795 1905.7340087890625
-65785 1907.8360595703125
-65775 1909.738037109375
-65765 1912.0780029296875
-65755 1914.0340576171875
-65745 1915.18505859375
-65735 1916.81298828125
-65725 1918.365966796875
-65715 1918.60400390625
-65705 1918.822998046875
-65695 1919.4449462890625
-65685 1921.0169677734375
-65675 1922.2239990234375
-65665 1922.5350341796875
-65655 1918.76904296875
-65645 1913.9239501953125
-65635 1912.5159912109375
-65625 1918.239013671875
-65615 1921.345947265625
-65605 1923.248046875
-65595 1926.06298828125
-65585 1928.5860595703125
-65575 1930.8709716796875
-65565 1935.697021484375
-65555 1941.1820068359375
-65545 1946.208984375
-65535 1954.8570556640625
-65525 1960.8160400390625
-65515 1965.5880126953125
-65505 1969.51904296875
-65495 1974.1070556640625
-65485 1984.509033203125
-65475 1996.8499755859375
-65465 2007.2340087890625
-65455 2009.884033203125
-65445 2013.741943359375
-65435 2009.06201171875
-65425 2010.3050537109375
-65415 1994.5830078125
-65405 2005.0400390625
-65395 2023.302978515625
-65385 2030.25
-65375 2046.97802734375
-65365 2058.513916015625
-65355 2067.72802734375
-65345 2060.012939453125
-65335 2044.637939453125
-65325 2049.300048828125
-65315 2073.943115234375
-65305 2076.5029296875
-65295 2078.7880859375
-65285 2081.493896484375
-65275 2078.14794921875
-65265 2081.256103515625
-65255 2090.14111328125
-65245 2096.485107421875
-65235 2096.2099609375
-65225 2097.56298828125
-65215 2103.048095703125
-65205 2114.345947265625
-65195 2124.327880859375
-65185 2133.487060546875
-65175 2147.928955078125
-65165 2171.1650390625
-65155 2171.4208984375
-65145 2169.555908203125
-65135 2170.89111328125
-65125 2165.955078125
-65115 2173.926025390625
-65105 2177.837890625
-65095 2181.0009765625
-65085 2186.5029296875
-65075 2191.56689453125
-65065 2199.008056640625
-65055 2204.43798828125
-65045 2206.81396484375
-65035 2215.882080078125
-65025 2192.22607421875
-65015 2187.070068359375
-65005 2182.4599609375
-64995 2174.10107421875
-64985 2168.9189453125
-64975 2160.883056640625
-64965 2152.071044921875
-64955 2149.27001953125
-64945 2144.8310546875
-64935 2138.73193359375
-64925 2129.220947265625
-64915 2116.843994140625
-64905 2104.35205078125
-64895 2093.333984375
-64885 2081.87890625
-64875 2080.60205078125
-64865 2082.3330078125
-64855 2078.10107421875
-64845 2067.760009765625
-64835 2047.1929931640625
-64825 2039.0360107421875
-64815 2032.5770263671875
-64805 1987.7030029296875
-64795 1958.7060546875
-64785 1948.0980224609375
-64775 1914.3179931640625
-64765 1902.498046875
-64755 1893.1669921875
-64745 1887.8160400390625
-64735 1882.5689697265625
-64725 1874.926025390625
-64715 1866.239013671875
-64705 1855.9090576171875
-64695 1848.1290283203125
-64685 1841.2659912109375
-64675 1833.9010009765625
-64665 1828.18994140625
-64655 1820.8900146484375
-64645 1812.9300537109375
-64635 1803.7900390625
-64625 1798.01904296875
-64615 1796.39697265625
-64605 1790.39697265625
-64595 1784.22705078125
-64585 1781.1590576171875
-64575 1779.406005859375
-64565 1773.345947265625
-64555 1765.9100341796875
-64545 1760.5589599609375
-64535 1754.6409912109375
-64525 1747.8759765625
-64515 1743.9010009765625
-64505 1737.759033203125
-64495 1736.9560546875
-64485 1734.489013671875
-64475 1732.68701171875
-64465 1728.0460205078125
-64455 1721.9969482421875
-64445 1715.6689453125
-64435 1710.0179443359375
-64425 1704.366943359375
-64415 1699.22900390625
-64405 1692.240966796875
-64395 1686.0980224609375
-64385 1680.3270263671875
-64375 1674.988037109375
-64365 1664.822021484375
-64355 1655.73095703125
-64345 1648.7099609375
-64335 1642.3489990234375
-64325 1629.43701171875
-64315 1619.2490234375
-64305 1610.447021484375
-64295 1605.511962890625
-64285 1600.822021484375
-64275 1597.2669677734375
-64265 1593.718994140625
-64255 1590.1590576171875
-64245 1586.887939453125
-64235 1583.738037109375
-64225 1580.8719482421875
-64215 1578.4200439453125
-64205 1575.6519775390625
-64195 1573.02099609375
-64185 1570.197998046875
-64175 1567.177978515625
-64165 1564.8909912109375
-64155 1562.6800537109375
-64145 1560.511962890625
-64135 1556.7989501953125
-64125 1553.447021484375
-64115 1554.6209716796875
-64105 1554.10205078125
-64095 1554.8389892578125
-64085 1557.0179443359375
-64075 1559.3380126953125
-64065 1561.1669921875
-64055 1562.592041015625
-64045 1564.0389404296875
-64035 1566.157958984375
-64025 1568.198974609375
-64015 1570.2469482421875
-64005 1572.14697265625
-63995 1574.428955078125
-63985 1576.6190185546875
-63975 1579.489990234375
-63965 1582.760986328125
-63955 1585.4310302734375
-63945 1588.030029296875
-63935 1591.551025390625
-63925 1596.0989990234375
-63915 1600.571044921875
-63905 1604.386962890625
-63895 1608.3399658203125
-63885 1612.64794921875
-63875 1617.468994140625
-63865 1622.51904296875
-63855 1627.6400146484375
-63845 1632.3800048828125
-63835 1637.6209716796875
-63825 1643.1190185546875
-63815 1648.7099609375
-63805 1653.5469970703125
-63795 1657.7779541015625
-63785 1664.18798828125
-63775 1670.718017578125
-63765 1676.657958984375
-63755 1682.5770263671875
-63745 1688.5880126953125
-63735 1694.626953125
-63725 1701.031005859375
-63715 1707.5880126953125
-63705 1713.385986328125
-63695 1719.4310302734375
-63685 1725.73095703125
-63675 1731.9990234375
-63665 1738.791015625
-63655 1745.47900390625
-63645 1752.3699951171875
-63635 1759.510986328125
-63625 1766.6090087890625
-63615 1773.5479736328125
-63605 1779.990966796875
-63595 1786.427978515625
-63585 1793.23095703125
-63575 1801.239990234375
-63565 1809.18994140625
-63555 1815.25
-63545 1821.2889404296875
-63535 1828.2060546875
-63525 1835.45703125
-63515 1845.508056640625
-63505 1860.4189453125
-63495 1873.9100341796875
-63485 1888.946044921875
-63475 1893.0789794921875
-63465 1904.3270263671875
-63455 1918.1290283203125
-63445 1922.2779541015625
-63435 1931.199951171875
-63425 1940.781982421875
-63415 1948.1519775390625
-63405 1959.31201171875
-63395 1971.821044921875
-63385 1975.550048828125
-63375 1978.7659912109375
-63365 1981.636962890625
-63355 1986.6390380859375
-63345 1990.510009765625
-63335 1993.282958984375
-63325 1998.573974609375
-63315 2004.1429443359375
-63305 2011.4150390625
-63295 2016.803955078125
-63285 2024.823974609375
-63275 2039.4510498046875
-63265 2047.614013671875
-63255 2066.14404296875
-63245 2067.410888671875
-63235 2081.552001953125
-63225 2097.302978515625
-63215 2104.4990234375
-63205 2109.424072265625
-63195 2116.091064453125
-63185 2123.75
-63175 2129.843994140625
-63165 2132.993896484375
-63155 2137.31298828125
-63145 2143.929931640625
-63135 2148.48291015625
-63125 2153.200927734375
-63115 2154.243896484375
-63105 2153.85009765625
-63095 2151.541015625
-63085 2146.8291015625
-63075 2145.47998046875
-63065 2145.1640625
-63055 2138.93408203125
-63045 2134.070068359375
-63035 2132.443115234375
-63025 2132.660888671875
-63015 2131.443115234375
-63005 2126.382080078125
-62995 2120.862060546875
-62985 2112.989013671875
-62975 2106.590087890625
-62965 2096.39208984375
-62955 2090.31494140625
-62945 2082.873046875
-62935 2075.885009765625
-62925 2069.741943359375
-62915 2057.922119140625
-62905 2053.10595703125
-62895 2042.93994140625
-62885 2034.2099609375
-62875 2029.291015625
-62865 2018.43701171875
-62855 2013.2010498046875
-62845 2000.2120361328125
-62835 1990.1600341796875
-62825 1982.9100341796875
-62815 1974.7249755859375
-62805 1968.282958984375
-62795 1959.95703125
-62785 1951.3360595703125
-62775 1943.2989501953125
-62765 1934.4649658203125
-62755 1926.5699462890625
-62745 1922.4100341796875
-62735 1915.760009765625
-62725 1911.68701171875
-62715 1907.947021484375
-62705 1903.197021484375
-62695 1896.2080078125
-62685 1887.248046875
-62675 1878.196044921875
-62665 1870.487060546875
-62655 1862.237060546875
-62645 1854.876953125
-62635 1847.6590576171875
-62625 1839.8680419921875
-62615 1831.656982421875
-62605 1824.6190185546875
-62595 1818.4659423828125
-62585 1811.656982421875
-62575 1805.678955078125
-62565 1799.52001953125
-62555 1794.14794921875
-62545 1788.4100341796875
-62535 1781.51904296875
-62525 1772.3199462890625
-62515 1762.1259765625
-62505 1753.0880126953125
-62495 1745.5469970703125
-62485 1738.7020263671875
-62475 1731.27197265625
-62465 1722.7900390625
-62455 1715.6490478515625
-62445 1708.260009765625
-62435 1700.1319580078125
-62425 1691.863037109375
-62415 1684.968994140625
-62405 1677.72900390625
-62395 1671.2540283203125
-62385 1667.35205078125
-62375 1661.052001953125
-62365 1654.823974609375
-62355 1648.75
-62345 1643.47705078125
-62335 1638.407958984375
-62325 1633.33203125
-62315 1628.873046875
-62305 1624.470947265625
-62295 1620.300048828125
-62285 1616.0140380859375
-62275 1611.7679443359375
-62265 1608.14794921875
-62255 1603.81201171875
-62245 1597.864013671875
-62235 1589.9820556640625
-62225 1586.740966796875
-62215 1585.6219482421875
-62205 1588.969970703125
-62195 1592.623046875
-62185 1593.6519775390625
-62175 1595.873046875
-62165 1598.5389404296875
-62155 1601.8709716796875
-62145 1604.4539794921875
-62135 1607.260009765625
-62125 1609.9090576171875
-62115 1613.240966796875
-62105 1615.947998046875
-62095 1619.0989990234375
-62085 1622.373046875
-62075 1626.487060546875
-62065 1631.0040283203125
-62055 1635.998046875
-62045 1642.1519775390625
-62035 1648.6099853515625
-62025 1655.447021484375
-62015 1662.1610107421875
-62005 1669.2130126953125
-61995 1675.844970703125
-61985 1682.863037109375
-61975 1690.3079833984375
-61965 1697.06298828125
-61955 1704.6490478515625
-61945 1716.0760498046875
-61935 1728.5489501953125
-61925 1749.47900390625
-61915 1763.97802734375
-61905 1766.1739501953125
-61895 1776.449951171875
-61885 1789.3179931640625
-61875 1794.4520263671875
-61865 1797.8170166015625
-61855 1800.302001953125
-61845 1807.7640380859375
-61835 1814.6419677734375
-61825 1823.510986328125
-61815 1831.4580078125
-61805 1841.0699462890625
-61795 1850.06103515625
-61785 1863.0699462890625
-61775 1878.0679931640625
-61765 1890.9439697265625
-61755 1901.8199462890625
-61745 1915.552001953125
-61735 1924.906005859375
-61725 1929.990966796875
-61715 1928.8719482421875
-61705 1929.5880126953125
-61695 1930.0810546875
-61685 1930.4759521484375
-61675 1937.7490234375
-61665 1949.9090576171875
-61655 1966.3719482421875
-61645 1976.2139892578125
-61635 1978.0570068359375
-61625 1984.490966796875
-61615 1985.363037109375
-61605 1982.7879638671875
-61595 1987.9210205078125
-61585 1998.5679931640625
-61575 2004.072021484375
-61565 2009.197021484375
-61555 2015.9930419921875
-61545 2023.8909912109375
-61535 2032.0360107421875
-61525 2040.7080078125
-61515 2052.0869140625
-61505 2068.822998046875
-61495 2084.43798828125
-61485 2093.430908203125
-61475 2102.389892578125
-61465 2108.971923828125
-61455 2110.568115234375
-61445 2109.950927734375
-61435 2104.25
-61425 2096.360107421875
-61415 2089.580078125
-61405 2086.758056640625
-61395 2086.64306640625
-61385 2089.160888671875
-61375 2089.012939453125
-61365 2092.64892578125
-61355 2097.181884765625
-61345 2099.239013671875
-61335 2101.9619140625
-61325 2103.912109375
-61315 2106.06005859375
-61305 2110.922119140625
-61295 2116.762939453125
-61285 2123.54296875
-61275 2129.531982421875
-61265 2135.866943359375
-61255 2142.327880859375
-61245 2149.173095703125
-61235 2155.68896484375
-61225 2162.279052734375
-61215 2168.909912109375
-61205 2175.375
-61195 2182.31298828125
-61185 2190.012939453125
-61175 2197.048095703125
-61165 2202.947021484375
-61155 2207.701904296875
-61145 2211.69189453125
-61135 2215.8720703125
-61125 2221.820068359375
-61115 2222.79296875
-61105 2226.947998046875
-61095 2227.990966796875
-61085 2227.672119140625
-61075 2223.2109375
-61065 2218.448974609375
-61055 2213.76611328125
-61045 2209.972900390625
-61035 2204.280029296875
-61025 2200.89794921875
-61015 2199.31005859375
-61005 2199.178955078125
-60995 2198.462890625
-60985 2200.5029296875
-60975 2198.85009765625
-60965 2195.748046875
-60955 2191.427978515625
-60945 2192.56396484375
-60935 2194.580078125
-60925 2195.138916015625
-60915 2194.30810546875
-60905 2195.492919921875
-60895 2198.39697265625
-60885 2200.56103515625
-60875 2202.37109375
-60865 2203.802001953125
-60855 2205.159912109375
-60845 2206.60009765625
-60835 2208.055908203125
-60825 2205.9990234375
-60815 2210.638916015625
-60805 2212.201904296875
-60795 2207.15087890625
-60785 2206.822021484375
-60775 2207.98193359375
-60765 2211.576904296875
-60755 2213.529052734375
-60745 2214.68896484375
-60735 2216.52197265625
-60725 2218.464111328125
-60715 2222.76611328125
-60705 2228.302978515625
-60695 2233.751953125
-60685 2237.66796875
-60675 2242.4970703125
-60665 2247.672119140625
-60655 2256.927001953125
-60645 2263.492919921875
-60635 2268.93994140625
-60625 2270.89794921875
-60615 2276.114013671875
-60605 2282.589111328125
-60595 2287.887939453125
-60585 2289.467041015625
-60575 2282.68798828125
-60565 2274.427978515625
-60555 2266.281982421875
-60545 2261.69189453125
-60535 2255.258056640625
-60525 2242.89111328125
-60515 2235.89697265625
-60505 2228.64111328125
-60495 2220.98291015625
-60485 2212.531005859375
-60475 2203.506103515625
-60465 2195.279052734375
-60455 2187.198974609375
-60445 2179.572998046875
-60435 2169.962890625
-60425 2162.763916015625
-60415 2156.385986328125
-60405 2149.27099609375
-60395 2142.22900390625
-60385 2134.2880859375
-60375 2127.35400390625
-60365 2119.89794921875
-60355 2114.4189453125
-60345 2106.700927734375
-60335 2100.819091796875
-60325 2095.693115234375
-60315 2090.22998046875
-60305 2082.60400390625
-60295 2075.68408203125
-60285 2067.802001953125
-60275 2061.368896484375
-60265 2053.051025390625
-60255 2043.8260498046875
-60245 2039.0460205078125
-60235 2028.3919677734375
-60225 2020.781005859375
-60215 2012.282958984375
-60205 2003.5780029296875
-60195 1996.5439453125
-60185 1986.4820556640625
-60175 1980.0460205078125
-60165 1972.248046875
-60155 1966.4320068359375
-60145 1958.137939453125
-60135 1941.73095703125
-60125 1931.10205078125
-60115 1922.5780029296875
-60105 1914.2030029296875
-60095 1906.5589599609375
-60085 1896.8179931640625
-60075 1888.904052734375
-60065 1879.6810302734375
-60055 1871.9310302734375
-60045 1863.8349609375
-60035 1855.4019775390625
-60025 1847.239013671875
-60015 1839.39794921875
-60005 1831.7239990234375
-59995 1823.780029296875
-59985 1815.864013671875
-59975 1807.9849853515625
-59965 1800.85302734375
-59955 1793.56396484375
-59945 1786.4830322265625
-59935 1779.470947265625
-59925 1772.6939697265625
-59915 1765.323974609375
-59905 1758.718994140625
-59895 1752.2030029296875
-59885 1745.7139892578125
-59875 1739.343017578125
-59865 1732.9449462890625
-59855 1726.875
-59845 1721.0419921875
-59835 1715.300048828125
-59825 1709.5439453125
-59815 1703.7889404296875
-59805 1698.3089599609375
-59795 1692.85595703125
-59785 1687.5069580078125
-59775 1682.8270263671875
-59765 1678.2120361328125
-59755 1673.6240234375
-59745 1669.1009521484375
-59735 1664.696044921875
-59725 1660.737060546875
-59715 1657.0009765625
-59705 1652.675048828125
-59695 1649.6070556640625
-59685 1645.9759521484375
-59675 1642.85498046875
-59665 1639.8800048828125
-59655 1638.4510498046875
-59645 1637.7159423828125
-59635 1640.2860107421875
-59625 1645.385986328125
-59615 1650.406982421875
-59605 1655.5980224609375
-59595 1660.60595703125
-59585 1666.0469970703125
-59575 1671.5789794921875
-59565 1678.551025390625
-59555 1685.4749755859375
-59545 1692.68505859375
-59535 1700.052978515625
-59525 1708.219970703125
-59515 1715.9940185546875
-59505 1725.14501953125
-59495 1733.2469482421875
-59485 1740.220947265625
-59475 1746.6820068359375
-59465 1753.3050537109375
-59455 1759.7939453125
-59445 1767.9739990234375
-59435 1774.7259521484375
-59425 1781.593017578125
-59415 1790.051025390625
-59405 1797.5999755859375
-59395 1802.7149658203125
-59385 1807.81494140625
-59375 1814.657958984375
-59365 1822.5369873046875
-59355 1829.10498046875
-59345 1835.89599609375
-59335 1842.47705078125
-59325 1848.927001953125
-59315 1851.45703125
-59305 1837.6650390625
-59295 1822.406005859375
-59285 1819.324951171875
-59275 1815.5760498046875
-59265 1805.927001953125
-59255 1796.488037109375
-59245 1781.89697265625
-59235 1771.0550537109375
-59225 1762.4530029296875
-59215 1754.3800048828125
-59205 1748.7030029296875
-59195 1742.89501953125
-59185 1738.240966796875
-59175 1734.281982421875
-59165 1730.0479736328125
-59155 1724.135009765625
-59145 1719.6259765625
-59135 1706.3060302734375
-59125 1689.4339599609375
-59115 1675.302001953125
-59105 1663.5560302734375
-59095 1651.7039794921875
-59085 1640.4169921875
-59075 1630.2569580078125
-59065 1619.2320556640625
-59055 1611.5360107421875
-59045 1603.198974609375
-59035 1595.2149658203125
-59025 1585.60498046875
-59015 1576.7039794921875
-59005 1570.2149658203125
-58995 1562.6500244140625
-58985 1556.030029296875
-58975 1549.6319580078125
-58965 1543.614990234375
-58955 1538.5550537109375
-58945 1533.8089599609375
-58935 1529.666015625
-58925 1525.1700439453125
-58915 1520.883056640625
-58905 1516.3079833984375
-58895 1511.41796875
-58885 1507.406005859375
-58875 1503.9840087890625
-58865 1500.06494140625
-58855 1496.905029296875
-58845 1490.6650390625
-58835 1486.2080078125
-58825 1483.6510009765625
-58815 1484.843994140625
-58805 1486.3909912109375
-58795 1488.553955078125
-58785 1492.7760009765625
-58775 1496.10595703125
-58765 1499.3570556640625
-58755 1502.5419921875
-58745 1506.0560302734375
-58735 1509.884033203125
-58725 1513.2139892578125
-58715 1517.43505859375
-58705 1522.2989501953125
-58695 1527.5030517578125
-58685 1533.009033203125
-58675 1538.18798828125
-58665 1542.85498046875
-58655 1547.8759765625
-58645 1552.7659912109375
-58635 1556.8299560546875
-58625 1561.876953125
-58615 1567.8160400390625
-58605 1572.4560546875
-58595 1580.1259765625
-58585 1588.7779541015625
-58575 1596.9720458984375
-58565 1605.1650390625
-58555 1614.10595703125
-58545 1623.0860595703125
-58535 1630.113037109375
-58525 1637.178955078125
-58515 1644.114013671875
-58505 1650.720947265625
-58495 1657.9320068359375
-58485 1664.2769775390625
-58475 1668.655029296875
-58465 1673.7159423828125
-58455 1677.3470458984375
-58445 1682.616943359375
-58435 1688.489990234375
-58425 1694.8480224609375
-58415 1701.416015625
-58405 1708.626953125
-58395 1715.509033203125
-58385 1721.75
-58375 1727.5570068359375
-58365 1733.3909912109375
-58355 1738.594970703125
-58345 1744.572998046875
-58335 1749.89599609375
-58325 1755.073974609375
-58315 1761.655029296875
-58305 1768.446044921875
-58295 1775.7750244140625
-58285 1783.916015625
-58275 1792.343017578125
-58265 1799.8179931640625
-58255 1806.2939453125
-58245 1811.9969482421875
-58235 1816.2440185546875
-58225 1820.8719482421875
-58215 1827.0469970703125
-58205 1831.8050537109375
-58195 1835.947998046875
-58185 1840.77197265625
-58175 1846.2779541015625
-58165 1851.0350341796875
-58155 1855.1929931640625
-58145 1857.85205078125
-58135 1860.7509765625
-58125 1862.364013671875
-58115 1863.072021484375
-58105 1863.8170166015625
-58095 1866.4520263671875
-58085 1867.988037109375
-58075 1868.6700439453125
-58065 1868.7750244140625
-58055 1869.1290283203125
-58045 1869.572021484375
-58035 1870.3079833984375
-58025 1871.553955078125
-58015 1872.9169921875
-58005 1873.1009521484375
-57995 1873.323974609375
-57985 1872.4169921875
-57975 1870.2669677734375
-57965 1867.89404296875
-57955 1865.259033203125
-57945 1862.6240234375
-57935 1859.1910400390625
-57925 1856.22900390625
-57915 1853.030029296875
-57905 1849.343994140625
-57895 1844.7030029296875
-57885 1839.5269775390625
-57875 1833.6669921875
-57865 1827.26904296875
-57855 1821.1600341796875
-57845 1815.5340576171875
-57835 1809.54296875
-57825 1803.7769775390625
-57815 1798.363037109375
-57805 1792.4239501953125
-57795 1786.7340087890625
-57785 1781.593017578125
-57775 1776.4560546875
-57765 1771.14697265625
-57755 1766.1910400390625
-57745 1760.3179931640625
-57735 1753.5670166015625
-57725 1747.3399658203125
-57715 1740.0240478515625
-57705 1731.7779541015625
-57695 1724.2010498046875
-57685 1719.4420166015625
-57675 1719.06201171875
-57665 1716.125
-57655 1710.39599609375
-57645 1705.2440185546875
-57635 1700.237060546875
-57625 1694.428955078125
-57615 1688.9100341796875
-57605 1684.885009765625
-57595 1680.4539794921875
-57585 1676.5340576171875
-57575 1674.738037109375
-57565 1672.7320556640625
-57555 1670.136962890625
-57545 1669.4420166015625
-57535 1669.782958984375
-57525 1669.5469970703125
-57515 1668.6949462890625
-57505 1666.8709716796875
-57495 1663.43701171875
-57485 1660.9530029296875
-57475 1659.093994140625
-57465 1658.5450439453125
-57455 1657.7950439453125
-57445 1656.81298828125
-57435 1655.010009765625
-57425 1653.6529541015625
-57415 1652.5570068359375
-57405 1651.0570068359375
-57395 1645.875
-57385 1642.512939453125
-57375 1639.052001953125
-57365 1633.35205078125
-57355 1628.677001953125
-57345 1623.656005859375
-57335 1619.35595703125
-57325 1615.2440185546875
-57315 1616.5699462890625
-57305 1628.2449951171875
-57295 1639.6290283203125
-57285 1648.56005859375
-57275 1654.52001953125
-57265 1660.4639892578125
-57255 1663.47900390625
-57245 1666.6390380859375
-57235 1669.4949951171875
-57225 1673.1309814453125
-57215 1676.927978515625
-57205 1680.6500244140625
-57195 1683.5360107421875
-57185 1685.4549560546875
-57175 1687.344970703125
-57165 1688.8170166015625
-57155 1689.58203125
-57145 1690.9239501953125
-57135 1692.7559814453125
-57125 1694.2860107421875
-57115 1695.35302734375
-57105 1696.508056640625
-57095 1697.8349609375
-57085 1699.3929443359375
-57075 1699.883056640625
-57065 1700.60498046875
-57055 1700.677001953125
-57045 1700.27294921875
-57035 1699.9840087890625
-57025 1699.552001953125
-57015 1699.6240234375
-57005 1698.7869873046875
-56995 1698.2249755859375
-56985 1696.6810302734375
-56975 1694.6300048828125
-56965 1691.9029541015625
-56955 1687.7340087890625
-56945 1685.4549560546875
-56935 1683.175048828125
-56925 1681.7030029296875
-56915 1678.27001953125
-56905 1669.553955078125
-56895 1661.343994140625
-56885 1652.5419921875
-56875 1639.2679443359375
-56865 1627.0469970703125
-56855 1620.72705078125
-56845 1621.52099609375
-56835 1615.18701171875
-56825 1596.760986328125
-56815 1585.6219482421875
-56805 1577.5560302734375
-56795 1569.2879638671875
-56785 1571.0340576171875
-56775 1575.636962890625
-56765 1579.9949951171875
-56755 1582.5340576171875
-56745 1580.2110595703125
-56735 1584.468017578125
-56725 1591.3499755859375
-56715 1599.083984375
-56705 1604.218994140625
-56695 1615.259033203125
-56685 1622.7039794921875
-56675 1623.9720458984375
-56665 1627.0179443359375
-56655 1632.7459716796875
-56645 1638.3160400390625
-56635 1643.7120361328125
-56625 1646.39599609375
-56615 1648.1259765625
-56605 1648.6610107421875
-56595 1650.5369873046875
-56585 1650.7239990234375
-56575 1651.4169921875
-56565 1651.7060546875
-56555 1651.9949951171875
-56545 1652.6429443359375
-56535 1652.68701171875
-56525 1653.6390380859375
-56515 1653.43701171875
-56505 1653.5240478515625
-56495 1653.1629638671875
-56485 1652.4849853515625
-56475 1651.458984375
-56465 1650.696044921875
-56455 1650.823974609375
-56445 1649.4840087890625
-56435 1649.2239990234375
-56425 1646.511962890625
-56415 1644.9530029296875
-56405 1643.987060546875
-56395 1643.9429931640625
-56385 1643.092041015625
-56375 1641.531982421875
-56365 1640.2779541015625
-56355 1639.137939453125
-56345 1637.696044921875
-56335 1636.8280029296875
-56325 1635.4139404296875
-56315 1634.175048828125
-56305 1632.5589599609375
-56295 1631.14501953125
-56285 1629.125
-56275 1629.8170166015625
-56265 1627.6240234375
-56255 1626.887939453125
-56245 1626.9169921875
-56235 1626.1240234375
-56225 1624.0460205078125
-56215 1623.06298828125
-56205 1620.655029296875
-56195 1619.6600341796875
-56185 1618.70703125
-56175 1616.427001953125
-56165 1614.927001953125
-56155 1613.0059814453125
-56145 1612.7340087890625
-56135 1612.1710205078125
-56125 1610.02099609375
-56115 1608.2459716796875
-56105 1605.677978515625
-56095 1603.5570068359375
-56085 1601.3349609375
-56075 1598.9539794921875
-56065 1597.0780029296875
-56055 1594.5970458984375
-56045 1592.6199951171875
-56035 1590.6429443359375
-56025 1587.843994140625
-56015 1585.2760009765625
-56005 1583.7459716796875
-55995 1580.5140380859375
-55985 1576.156005859375
-55975 1570.9620361328125
-55965 1564.916015625
-55955 1557.009033203125
-55945 1549.823974609375
-55935 1543.3580322265625
-55925 1537.2130126953125
-55915 1530.5469970703125
-55905 1522.9720458984375
-55895 1515.9449462890625
-55885 1509.0770263671875
-55875 1501.802978515625
-55865 1495.35498046875
-55855 1488.8480224609375
-55845 1482.1810302734375
-55835 1475.0250244140625
-55825 1468.0269775390625
-55815 1460.625
-55805 1453.1939697265625
-55795 1446.239013671875
-55785 1439.9630126953125
-55775 1434.4219970703125
-55765 1428.5350341796875
-55755 1422.3590087890625
-55745 1416.616943359375
-55735 1411.1629638671875
-55725 1406.7760009765625
-55715 1402.9959716796875
-55705 1399.18701171875
-55695 1395.4639892578125
-55685 1393.31396484375
-55675 1389.6490478515625
-55665 1385.4940185546875
-55655 1382.593994140625
-55645 1380.5450439453125
-55635 1378.467041015625
-55625 1377.154052734375
-55615 1375.032958984375
-55605 1371.166015625
-55595 1365.8699951171875
-55585 1360.9940185546875
-55575 1357.4300537109375
-55565 1354.342041015625
-55555 1350.93701171875
-55545 1348.68603515625
-55535 1346.7230224609375
-55525 1349.2340087890625
-55515 1352.364990234375
-55505 1354.3709716796875
-55495 1359.4930419921875
-55485 1362.2919921875
-55475 1363.0419921875
-55465 1363.302001953125
-55455 1363.0860595703125
-55445 1363.27294921875
-55435 1363.3599853515625
-55425 1363.2440185546875
-55415 1363.1429443359375
-55405 1362.969970703125
-55395 1362.89794921875
-55385 1362.9849853515625
-55375 1362.927001953125
-55365 1363.3890380859375
-55355 1362.5660400390625
-55345 1361.844970703125
-55335 1361.844970703125
-55325 1361.68603515625
-55315 1361.3690185546875
-55305 1361.2099609375
-55295 1361.1810302734375
-55285 1360.8349609375
-55275 1360.7049560546875
-55265 1360.5030517578125
-55255 1360.373046875
-55245 1360.4019775390625
-55235 1360.31494140625
-55225 1360.258056640625
-55215 1360.60400390625
-55205 1360.6619873046875
-55195 1360.386962890625
-55185 1360.489013671875
-55175 1360.4599609375
-55165 1360.4599609375
-55155 1360.5169677734375
-55145 1360.7049560546875
-55135 1361.093994140625
-55125 1360.258056640625
-55115 1359.8389892578125
-55105 1359.636962890625
-55095 1359.47900390625
-55085 1359.14697265625
-55075 1358.468994140625
-55065 1357.97802734375
-55055 1357.718017578125
-55045 1357.2850341796875
-55035 1353.375
-55025 1346.7669677734375
-55015 1341.5150146484375
-55005 1337.241943359375
-54995 1334.375
-54985 1332.35498046875
-54975 1331.0789794921875
-54965 1329.718994140625
-54955 1329.18701171875
-54945 1328.4749755859375
-54935 1329.7509765625
-54925 1329.79296875
-54915 1329.739990234375
-54905 1331.738037109375
-54895 1333.491943359375
-54885 1334.321044921875
-54875 1336.9150390625
-54865 1341.3790283203125
-54855 1346.5880126953125
-54845 1348.7879638671875
-54835 1348.5970458984375
-54825 1344.217041015625
-54815 1338.3389892578125
-54805 1333.5030517578125
-54795 1328.135009765625
-54785 1324.2020263671875
-54775 1324.2020263671875
-54765 1320.5989990234375
-54755 1319.6529541015625
-54745 1319.291015625
-54735 1317.81396484375
-54725 1317.345947265625
-54715 1315.8470458984375
-54705 1315.1669921875
-54695 1313.4339599609375
-54685 1313.072998046875
-54675 1315.4010009765625
-54665 1316.27099609375
-54655 1316.0279541015625
-54645 1314.8380126953125
-54635 1314.487060546875
-54625 1314.614013671875
-54615 1313.64697265625
-54605 1312.2860107421875
-54595 1309.1929931640625
-54585 1308.7679443359375
-54575 1308.5450439453125
-54565 1308.385009765625
-54555 1309.56494140625
-54545 1309.6610107421875
-54535 1309.6610107421875
-54525 1309.97998046875
-54515 1309.7030029296875
-54505 1309.490966796875
-54495 1309.1610107421875
-54485 1309.0760498046875
-54475 1309.469970703125
-54465 1308.5980224609375
-54455 1307.5350341796875
-54445 1307.6519775390625
-54435 1307.449951171875
-54425 1305.9730224609375
-54415 1303.718994140625
-54405 1303.0069580078125
-54395 1302.8050537109375
-54385 1302.614013671875
-54375 1302.719970703125
-54365 1302.4329833984375
-54355 1302.56005859375
-54345 1302.79296875
-54335 1302.8050537109375
-54325 1302.740966796875
-54315 1302.68798828125
-54305 1301.625
-54295 1302.9429931640625
-54285 1303.1240234375
-54275 1302.9010009765625
-54265 1302.156005859375
-54255 1301.741943359375
-54245 1301.3380126953125
-54235 1300.987060546875
-54225 1300.7530517578125
-54215 1299.2969970703125
-54205 1298.468017578125
-54195 1298.04296875
-54185 1298.45703125
-54175 1299.52001953125
-54165 1299.97705078125
-54155 1300.041015625
-54145 1300.083984375
-54135 1300.041015625
-54125 1300.14794921875
-54115 1301.01904296875
-54105 1301.551025390625
-54095 1304.31298828125
-54085 1307.5670166015625
-54075 1306.791015625
-54065 1306.291015625
-54055 1306.6099853515625
-54045 1306.843994140625
-54035 1306.6529541015625
-54025 1304.72900390625
-54015 1303.177001953125
-54005 1302.8800048828125
-53995 1303.592041015625
-53985 1303.9320068359375
-53975 1303.60205078125
-53965 1303.10302734375
-53955 1302.072021484375
-53945 1301.551025390625
-53935 1301.68896484375
-53925 1301.7530517578125
-53915 1301.60400390625
-53905 1301.4659423828125
-53895 1301.3699951171875
-53885 1301.3909912109375
-53875 1300.9659423828125
-53865 1300.66796875
-53855 1300.7640380859375
-53845 1300.2750244140625
-53835 1299.8389892578125
-53825 1299.4139404296875
-53815 1299.052978515625
-53805 1298.8189697265625
-53795 1298.616943359375
-53785 1298.2449951171875
-53775 1297.97900390625
-53765 1297.3089599609375
-53755 1296.916015625
-53745 1296.342041015625
-53735 1295.7669677734375
-53725 1295.258056640625
-53715 1294.89697265625
-53705 1294.6409912109375
-53695 1294.248046875
-53685 1293.843994140625
-53675 1293.4189453125
-53665 1292.89794921875
-53655 1292.5689697265625
-53645 1292.323974609375
-53635 1291.9840087890625
-53625 1291.4420166015625
-53615 1290.9639892578125
-53605 1290.5169677734375
-53595 1289.9329833984375
-53585 1289.529052734375
-53575 1288.9649658203125
-53565 1288.3809814453125
-53555 1287.987060546875
-53545 1287.593994140625
-53535 1287.2860107421875
-53525 1286.7650146484375
-53515 1286.3819580078125
-53505 1285.8189697265625
-53495 1285.3089599609375
-53485 1285
-53475 1284.553955078125
-53465 1283.906005859375
-53455 1283.490966796875
-53445 1283.0550537109375
-53435 1282.5560302734375
-53425 1282.237060546875
-53415 1281.81201171875
-53405 1281.5570068359375
-53395 1281.27001953125
-53385 1280.865966796875
-53375 1280.5789794921875
-53365 1280.333984375
-53355 1279.9200439453125
-53345 1279.5159912109375
-53335 1279.1650390625
-53325 1278.72900390625
-53315 1278.3360595703125
-53305 1278.10302734375
-53295 1277.9849853515625
-53285 1277.6240234375
-53275 1277.3900146484375
-53265 1277.156005859375
-53255 1277.3050537109375
-53245 1277.135009765625
-53235 1276.220947265625
-53225 1275.8590087890625
-53215 1275.625
-53205 1275.4549560546875
-53195 1275.552001953125
-53185 1275.60400390625
-53175 1275.498046875
-53165 1275.5830078125
-53155 1275.7950439453125
-53145 1275.8590087890625
-53135 1275.9549560546875
-53125 1276.3060302734375
-53115 1276.529052734375
-53105 1276.9010009765625
-53095 1277.1669921875
-53085 1277.4849853515625
-53075 1277.8890380859375
-53065 1278.22900390625
-53055 1278.5379638671875
-53045 1278.718994140625
-53035 1279.25
-53025 1280.1429443359375
-53015 1280.7060546875
-53005 1281.1739501953125
-52995 1281.5570068359375
-52985 1281.89697265625
-52975 1282.427978515625
-52965 1282.969970703125
-52955 1283.5439453125
-52945 1284.2459716796875
-52935 1284.7239990234375
-52925 1284.989990234375
-52915 1283.927001953125
-52905 1284.43701171875
-52895 1285.7550048828125
-52885 1286.052978515625
-52875 1282.490966796875
-52865 1280.0150146484375
-52855 1281.5250244140625
-52845 1285.5
-52835 1288.2640380859375
-52825 1287.657958984375
-52815 1287.9019775390625
-52805 1288.551025390625
-52795 1289.3800048828125
-52785 1288.987060546875
-52775 1288.7740478515625
-52765 1288.9649658203125
-52755 1287.10498046875
-52745 1288.114990234375
-52735 1289.14599609375
-52725 1288.551025390625
-52715 1287.998046875
-52705 1287.7110595703125
-52695 1287.2750244140625
-52685 1287.3499755859375
-52675 1287.10498046875
-52665 1286.6800537109375
-52655 1286.467041015625
-52645 1287.010009765625
-52635 1286.489013671875
-52625 1285.468017578125
-52615 1285.426025390625
-52605 1285.02197265625
-52595 1285.373046875
-52585 1283.6090087890625
-52575 1282.843017578125
-52565 1282.0880126953125
-52555 1281.41796875
-52545 1280.843994140625
-52535 1280.197021484375
-52525 1279.345947265625
-52515 1278.64404296875
-52505 1278.4310302734375
-52495 1278.7900390625
-52485 1279.4410400390625
-52475 1281.0999755859375
-52465 1281.5980224609375
-52455 1282.9310302734375
-52445 1283.5179443359375
-52435 1283.39697265625
-52425 1285.27294921875
-52415 1286.552001953125
-52405 1286.508056640625
-52395 1288.93603515625
-52385 1289.6419677734375
-52375 1289.20703125
-52365 1288.708984375
-52355 1288.18798828125
-52345 1287.8189697265625
-52335 1287.33203125
-52325 1286.8990478515625
-52315 1286.487060546875
-52305 1286.06298828125
-52295 1285.6090087890625
-52285 1285.2080078125
-52275 1284.7840576171875
-52265 1284.633056640625
-52255 1284.93798828125
-52245 1284.2099609375
-52235 1284.385009765625
-52225 1284.5030517578125
-52215 1284.904052734375
-52205 1286.031005859375
-52195 1285.0550537109375
-52185 1284.2099609375
-52175 1284.512939453125
-52165 1285.1199951171875
-52155 1285.9659423828125
-52145 1285.8050537109375
-52135 1285.68505859375
-52125 1287.0389404296875
-52115 1287.8079833984375
-52105 1288.68603515625
-52095 1289.3919677734375
-52085 1290.0849609375
-52075 1290.2359619140625
-52065 1290.302001953125
-52055 1289.5980224609375
-52045 1288.926025390625
-52035 1288.64404296875
-52025 1290.4210205078125
-52015 1289.9000244140625
-52005 1289.3060302734375
-51995 1288.8170166015625
-51985 1288.8599853515625
-51975 1288.458984375
-51965 1288.0140380859375
-51955 1287.7559814453125
-51945 1287.4510498046875
-51935 1287.14697265625
-51925 1287.2449951171875
-51915 1287.8079833984375
-51905 1288.219970703125
-51895 1287.7979736328125
-51885 1287.66796875
-51875 1287.9720458984375
-51865 1288.405029296875
-51855 1288.6650390625
-51845 1288.6650390625
-51835 1288.219970703125
-51825 1287.64599609375
-51815 1287.364990234375
-51805 1287.592041015625
-51795 1288.219970703125
-51785 1288.7950439453125
-51775 1289.1419677734375
-51765 1289.5980224609375
-51755 1289.5980224609375
-51745 1290.02001953125
-51735 1293.4449462890625
-51725 1294.9410400390625
-51715 1291.7550048828125
-51705 1291.3330078125
-51695 1289.489013671875
-51685 1289.5770263671875
-51675 1289.8900146484375
-51665 1290.2149658203125
-51655 1290.636962890625
-51645 1290.843017578125
-51635 1290.7569580078125
-51625 1290.4969482421875
-51615 1290.291015625
-51605 1289.72802734375
-51595 1289.176025390625
-51585 1288.8170166015625
-51575 1288.7950439453125
-51565 1288.2750244140625
-51555 1288.5140380859375
-51545 1288.7750244140625
-51535 1289.176025390625
-51525 1291.364013671875
-51515 1298.2249755859375
-51505 1301.510009765625
-51495 1302.6590576171875
-51485 1301.9219970703125
-51475 1300.5780029296875
-51465 1300.2860107421875
-51455 1299.39501953125
-51445 1298.2249755859375
-51435 1296.0250244140625
-51425 1293.8570556640625
-51415 1291.864013671875
-51405 1290.2149658203125
-51395 1288.93603515625
-51385 1288.6650390625
-51375 1288.405029296875
-51365 1287.64599609375
-51355 1286.637939453125
-51345 1286.333984375
-51335 1286.9849853515625
-51325 1287.4849853515625
-51315 1287.6259765625
-51305 1287.4720458984375
-51295 1286.85498046875
-51285 1286.7249755859375
-51275 1286.6700439453125
-51265 1284.0699462890625
-51255 1278.7900390625
-51245 1272.8179931640625
-51235 1269.5140380859375
-51225 1273.0350341796875
-51215 1274.6070556640625
-51205 1276.623046875
-51195 1279.1590576171875
-51185 1279.10498046875
-51175 1277.803955078125
-51165 1276.9169921875
-51155 1276.0050048828125
-51145 1275.7550048828125
-51135 1275.2139892578125
-51125 1274.844970703125
-51115 1274.509033203125
-51105 1270.8780517578125
-51095 1264.635009765625
-51085 1271.052978515625
-51075 1271.01904296875
-51065 1269.8370361328125
-51055 1268.89404296875
-51045 1268.14599609375
-51035 1268.14599609375
-51025 1267.81005859375
-51015 1265.501953125
-51005 1264.5050048828125
-50995 1263.5400390625
-50985 1264.071044921875
-50975 1263.2469482421875
-50965 1262.43603515625
-50955 1260.33203125
-50945 1259.7030029296875
-50935 1260.39599609375
-50925 1260.2230224609375
-50915 1258.510009765625
-50905 1257.0360107421875
-50895 1256.7110595703125
-50885 1252.2130126953125
-50875 1248.0830078125
-50865 1244.885986328125
-50855 1242.5989990234375
-50845 1239.7049560546875
-50835 1237.125
-50825 1234.925048828125
-50815 1232.7239990234375
-50805 1230.5350341796875
-50795 1228.1829833984375
-50785 1225.927978515625
-50775 1224.2049560546875
-50765 1221.4630126953125
-50755 1220.791015625
-50745 1220.791015625
-50735 1220.531005859375
-50725 1219.9019775390625
-50715 1219.425048828125
-50705 1219.0560302734375
-50695 1218.655029296875
-50685 1218.43896484375
-50675 1218.18896484375
-50665 1217.9940185546875
-50655 1218.1240234375
-50645 1216.52001953125
-50635 1216.02099609375
-50625 1217.81005859375
-50615 1217.4090576171875
-50605 1217.008056640625
-50595 1216.802001953125
-50585 1216.866943359375
-50575 1221.051025390625
-50565 1228.4429931640625
-50555 1236.333984375
-50545 1237.64501953125
-50535 1238.0679931640625
-50525 1238.5340576171875
-50515 1238.718017578125
-50505 1238.2960205078125
-50495 1237.125
-50485 1236.2469482421875
-50475 1235.552978515625
-50465 1234.7509765625
-50455 1233.9599609375
-50445 1233.5479736328125
-50435 1232.02001953125
-50425 1231.0660400390625
-50415 1230.718994140625
-50405 1230.2860107421875
-50395 1229.7550048828125
-50385 1229.428955078125
-50375 1229.06103515625
-50365 1228.843994140625
-50355 1229.2130126953125
-50345 1229.8740234375
-50335 1231.1529541015625
-50325 1229.2449951171875
-50315 1229.1259765625
-50305 1231.760009765625
-50295 1233.9599609375
-50285 1234.6650390625
-50275 1234.8160400390625
-50265 1236.4749755859375
-50255 1237.89501953125
-50245 1238.0030517578125
-50235 1237.927001953125
-50225 1235.987060546875
-50215 1230.6650390625
-50205 1225.364990234375
-50195 1222.43798828125
-50185 1219.2840576171875
-50175 1217.093994140625
-50165 1215.3929443359375
-50155 1213.9169921875
-50145 1212.510009765625
-50135 1209.5830078125
-50125 1209.3990478515625
-50115 1208.0980224609375
-50105 1207.0250244140625
-50095 1206.4830322265625
-50085 1205.6700439453125
-50075 1205.333984375
-50065 1204.8360595703125
-50055 1205.4749755859375
-50045 1205.7889404296875
-50035 1204.3909912109375
-50025 1204.074951171875
-50015 1203.5350341796875
-50005 1205.302978515625
-49995 1205.197998046875
-49985 1204.748046875
-49975 1204.3489990234375
-49965 1203.510009765625
-49955 1203.217041015625
-49945 1203.0069580078125
-49935 1203.0279541015625
-49925 1203.0379638671875
-49915 1203.175048828125
-49905 1204.1390380859375
-49895 1203.824951171875
-49885 1202.9129638671875
-49875 1203.5
-49865 1202.7340087890625
-49855 1202.178955078125
-49845 1202.115966796875
-49835 1201.72802734375
-49825 1204.85205078125
-49815 1206.4990234375
-49805 1206.2359619140625
-49795 1205.5860595703125
-49785 1205.302978515625
-49775 1204.5379638671875
-49765 1204.5269775390625
-49755 1205.114990234375
-49745 1204.9990234375
-49735 1199.2740478515625
-49725 1197.56494140625
-49715 1197.365966796875
-49705 1197.2509765625
-49695 1196.85205078125
-49685 1196.85205078125
-49675 1196.5899658203125
-49665 1196.0760498046875
-49655 1195.52099609375
-49645 1194.6710205078125
-49635 1194.3570556640625
-49625 1194.2939453125
-49615 1192.01904296875
-49605 1192.56396484375
-49595 1192.260009765625
-49585 1191.5989990234375
-49575 1189.365966796875
-49565 1191.7249755859375
-49555 1191.9239501953125
-49545 1191.6199951171875
-49535 1191.2740478515625
-49525 1191.9139404296875
-49515 1191.3790283203125
-49505 1191.2220458984375
-49495 1191.095947265625
-49485 1190.77099609375
-49475 1190.77099609375
-49465 1190.64501953125
-49455 1190.3409423828125
-49445 1190.0159912109375
-49435 1189.8800048828125
-49425 1189.449951171875
-49415 1188.863037109375
-49405 1188.6109619140625
-49395 1187.9820556640625
-49385 1187.8349609375
-49375 1187.26904296875
-49365 1185.5389404296875
-49355 1184.657958984375
-49345 1184.447998046875
-49335 1185.1090087890625
-49325 1185.3609619140625
-49315 1185.3289794921875
-49305 1185.885009765625
-49295 1186.4720458984375
-49285 1186.5460205078125
-49275 1185.68603515625
-49265 1185.60205078125
-49255 1185.68603515625
-49245 1185.487060546875
-49235 1186.18896484375
-49225 1186.324951171875
-49215 1186.3360595703125
-49205 1186.2099609375
-49195 1186.219970703125
-49185 1187.0279541015625
-49175 1189.5439453125
-49165 1190.1309814453125
-49155 1191.4210205078125
-49145 1193.2030029296875
-49135 1194.5560302734375
-49125 1195.22705078125
-49115 1197.208984375
-49105 1198.656005859375
-49095 1201.780029296875
-49085 1204.800048828125
-49075 1205.2509765625
-49065 1205.2509765625
-49055 1206.68701171875
-49045 1207.925048828125
-49035 1209.4759521484375
-49025 1211.364013671875
-49015 1212.968017578125
-49005 1214.2469482421875
-48995 1219.217041015625
-48985 1221.7960205078125
-48975 1221.5550537109375
-48965 1220.6109619140625
-48955 1220.5689697265625
-48945 1220.884033203125
-48935 1222.0789794921875
-48925 1224.7110595703125
-48915 1226.115966796875
-48905 1227.196044921875
-48895 1227.20703125
-48885 1226.7349853515625
-48875 1227.0489501953125
-48865 1228.1190185546875
-48855 1230.635009765625
-48845 1233.43505859375
-48835 1234.8709716796875
-48825 1236.654052734375
-48815 1237.303955078125
-48805 1238.2889404296875
-48795 1237.5760498046875
-48785 1238.541015625
-48775 1236.0980224609375
-48765 1233.2879638671875
-48755 1236.6429443359375
-48745 1237.14599609375
-48735 1237.8800048828125
-48725 1238.844970703125
-48715 1236.0980224609375
-48705 1238.1629638671875
-48695 1242.6090087890625
-48685 1243.5
-48675 1244.1710205078125
-48665 1246.1949462890625
-48655 1245.8909912109375
-48645 1242.9029541015625
-48635 1243.133056640625
-48625 1241.2459716796875
-48615 1248.8480224609375
-48605 1252.5489501953125
-48595 1255.4429931640625
-48585 1258.2060546875
-48575 1259.594970703125
-48565 1261.0780029296875
-48555 1262.739990234375
-48545 1262.760986328125
-48535 1263.176025390625
-48525 1261.6290283203125
-48515 1261.303955078125
-48505 1260.968017578125
-48495 1261.219970703125
-48485 1260.2969970703125
-48475 1257.8330078125
-48465 1257.0159912109375
-48455 1255.2440185546875
-48445 1251.9620361328125
-48435 1245.125
-48425 1242.6820068359375
-48415 1251.133056640625
-48405 1256.448974609375
-48395 1258.220947265625
-48385 1259.217041015625
-48375 1258.5780029296875
-48365 1256.2080078125
-48355 1252.4339599609375
-48345 1254.928955078125
-48335 1252.7110595703125
-48325 1252.2659912109375
-48315 1250.7869873046875
-48305 1250.5250244140625
-48295 1252.7320556640625
-48285 1254.4620361328125
-48275 1261.303955078125
-48265 1262.373046875
-48255 1263.6529541015625
-48245 1264.968017578125
-48235 1265.9439697265625
-48225 1266.18505859375
-48215 1266.04296875
-48205 1265.5980224609375
-48195 1265.2039794921875
-48185 1264.906005859375
-48175 1264.365966796875
-48165 1264.35498046875
-48155 1264.532958984375
-48145 1264.822021484375
-48135 1263.946044921875
-48125 1263.2750244140625
-48115 1262.47802734375
-48105 1261.5560302734375
-48095 1260.72705078125
-48085 1259.9200439453125
-48075 1258.7659912109375
-48065 1257.5970458984375
-48055 1258.4830322265625
-48045 1258.9759521484375
-48035 1258.3890380859375
-48025 1257.9639892578125
-48015 1258.0009765625
-48005 1256.511962890625
-47995 1254.363037109375
-47985 1245.366943359375
-47975 1246.447021484375
-47965 1251.280029296875
-47955 1249.760009765625
-47945 1247.012939453125
-47935 1247.2540283203125
-47925 1245.9959716796875
-47915 1245.156982421875
-47905 1243.552978515625
-47895 1241.864990234375
-47885 1235.66796875
-47875 1239.3170166015625
-47865 1244.0670166015625
-47855 1244.947021484375
-47845 1245.072998046875
-47835 1244.8740234375
-47825 1243.0279541015625
-47815 1242.5250244140625
-47805 1243.43701171875
-47795 1242.2840576171875
-47785 1241.697021484375
-47775 1237.114990234375
-47765 1240.302001953125
-47755 1245.9219970703125
-47745 1245.6810302734375
-47735 1244.89501953125
-47725 1243.761962890625
-47715 1243.291015625
-47705 1243.6259765625
-47695 1244.4229736328125
-47685 1245.18798828125
-47675 1235.238037109375
-47665 1223.998046875
-47655 1225.864990234375
-47645 1236.93701171875
-47635 1247.8199462890625
-47625 1250.18994140625
-47615 1250.3580322265625
-47605 1251.66796875
-47595 1251.9830322265625
-47585 1251.510986328125
-47575 1252.0560302734375
-47565 1252.68505859375
-47555 1252.2869873046875
-47545 1251.782958984375
-47535 1250.8609619140625
-47525 1250.3580322265625
-47515 1249.56103515625
-47505 1248.9320068359375
-47495 1247.8409423828125
-47485 1244.23095703125
-47475 1245.490966796875
-47465 1246.31005859375
-47455 1245.6199951171875
-47445 1244.8270263671875
-47435 1243.7159423828125
-47425 1241.9620361328125
-47415 1239.7469482421875
-47405 1237.51904296875
-47395 1234.68798828125
-47385 1234.8089599609375
-47375 1229.708984375
-47365 1224.885986328125
-47355 1228.551025390625
-47345 1229.031982421875
-47335 1227.3929443359375
-47325 1225.3609619140625
-47315 1220.592041015625
-47305 1215.8170166015625
-47295 1223.89794921875
-47285 1225.9019775390625
-47275 1218.0389404296875
-47265 1223.511962890625
-47255 1224.5279541015625
-47245 1223.45703125
-47235 1222.251953125
-47225 1218.946044921875
-47215 1214.259033203125
-47205 1210.1610107421875
-47195 1208.27197265625
-47185 1207.5880126953125
-47175 1206.748046875
-47165 1206.009033203125
-47155 1204.7559814453125
-47145 1201.7900390625
-47135 1198.1180419921875
-47125 1191.1419677734375
-47115 1181.842041015625
-47105 1194.427001953125
-47095 1199.6419677734375
-47085 1202.47998046875
-47075 1204.39697265625
-47065 1205.6300048828125
-47055 1203.3609619140625
-47045 1200.447998046875
-47035 1197.968994140625
-47025 1195.489990234375
-47015 1192.8280029296875
-47005 1190.2679443359375
-46995 1186.008056640625
-46985 1184.68701171875
-46975 1180.886962890625
-46965 1178.719970703125
-46955 1178.009033203125
-46945 1170.5379638671875
-46935 1161.3599853515625
-46925 1159.822021484375
-46915 1160.6820068359375
-46905 1159.239990234375
-46895 1154.8570556640625
-46885 1143.240966796875
-46875 1146.97998046875
-46865 1156.300048828125
-46855 1158.10205078125
-46845 1159.7879638671875
-46835 1159.666015625
-46825 1159.0909423828125
-46815 1159.009033203125
-46805 1159.748046875
-46795 1160.6619873046875
-46785 1162.2060546875
-46775 1163.77099609375
-46765 1163.81201171875
-46755 1162.0169677734375
-46745 1158.0269775390625
-46735 1158.6300048828125
-46725 1159.4019775390625
-46715 1159.449951171875
-46705 1161.8609619140625
-46695 1162.97900390625
-46685 1163.1280517578125
-46675 1164.1099853515625
-46665 1163.5810546875
-46655 1160.7979736328125
-46645 1158.0479736328125
-46635 1158.1829833984375
-46625 1161.1090087890625
-46615 1168.5999755859375
-46605 1173.178955078125
-46595 1175.8280029296875
-46585 1180.02001953125
-46575 1184.219970703125
-46565 1187.8570556640625
-46555 1192.3270263671875
-46545 1197.3800048828125
-46535 1202.508056640625
-46525 1207.8380126953125
-46515 1211.06201171875
-46505 1211.657958984375
-46495 1210.7099609375
-46485 1210.988037109375
-46475 1211.52294921875
-46465 1210.7509765625
-46455 1210.1070556640625
-46445 1209.22705078125
-46435 1209.6400146484375
-46425 1208.8199462890625
-46415 1208.6710205078125
-46405 1209.720947265625
-46395 1209.9110107421875
-46385 1209.3079833984375
-46375 1209.592041015625
-46365 1207.18798828125
-46355 1206.2130126953125
-46345 1208.238037109375
-46335 1208.0069580078125
-46325 1210.0389404296875
-46315 1209.7010498046875
-46305 1208.5970458984375
-46295 1206.0699462890625
