-70885 2299.7109375
-70875 2297.98095703125
-70865 2297.90087890625
-70855 2295.363037109375
-70845 2290.3740234375
-70835 2292.9599609375
-70825 2292.568115234375
-70815 2292.384033203125
-70805 2286.35400390625
-70795 2289.22900390625
-70785 2294.1689453125
-70775 2297.757080078125
-70765 2301.79296875
-70755 2305.172119140625
-70745 2309.471923828125
-70735 2314.069091796875
-70725 2318.737060546875
-70715 2324.302978515625
-70705 2330.381103515625
-70695 2335.922119140625
-70685 2343.449951171875
-70675 2348.759033203125
-70665 2351.0810546875
-70655 2353.843994140625
-70645 2357.760009765625
-70635 2362.18798828125
-70625 2365.56689453125
-70615 2369.722900390625
-70605 2373.047119140625
-70595 2376.60205078125
-70585 2378.748046875
-70575 2380.9580078125
-70565 2383.552978515625
-70555 2387.700927734375
-70545 2394.443115234375
-70535 2401.402099609375
-70525 2405.318115234375
-70515 2407
-70505 2408.12109375
-70495 2407.9609375
-70485 2407.592041015625
-70475 2410.14697265625
-70465 2415.303955078125
-70455 2421.02099609375
-70445 2426.0830078125
-70435 2431.864013671875
-70425 2438.2060546875
-70415 2444.2119140625
-70405 2450.530029296875
-70395 2456.85595703125
-70385 2464.528076171875
-70375 2471.030029296875
-70365 2477.492919921875
-70355 2485.068115234375
-70345 2491.89892578125
-70335 2499.25
-70325 2506.52099609375
-70315 2515.593994140625
-70305 2527.2529296875
-70295 2525.14697265625
-70285 2524.05810546875
-70275 2521.262939453125
-70265 2517.14697265625
-70255 2514.1689453125
-70245 2509.18798828125
-70235 2505.39990234375
-70225 2500.69091796875
-70215 2496.6240234375
-70205 2492.73193359375
-70195 2487.325927734375
-70185 2483.010009765625
-70175 2480.31201171875
-70165 2476.412109375
-70155 2474.802001953125
-70145 2472.77587890625
-70135 2470.8701171875
-70125 2470.741943359375
-70115 2472.031005859375
-70105 2475.0419921875
-70095 2476.427978515625
-70085 2477.7890625
-70075 2478.197998046875
-70065 2480.1669921875
-70055 2481.76904296875
-70045 2483.618896484375
-70035 2485.908935546875
-70025 2487.59912109375
-70015 2486.39697265625
-70005 2484.37109375
-69995 2483.055908203125
-69985 2481.93505859375
-69975 2479.5458984375
-69965 2477.923095703125
-69955 2475.7109375
-69945 2474.427978515625
-69935 2472.952880859375
-69925 2471.507080078125
-69915 2470.56298828125
-69905 2467.422119140625
-69895 2465.10595703125
-69885 2463.68994140625
-69875 2461.906005859375
-69865 2461.02099609375
-69855 2460.075927734375
-69845 2458.512939453125
-69835 2457.3330078125
-69825 2456.241943359375
-69815 2456.8759765625
-69805 2458.572021484375
-69795 2462.156005859375
-69785 2465.72607421875
-69775 2468.5869140625
-69765 2471.093994140625
-69755 2474.014892578125
-69745 2473.94091796875
-69735 2474.177001953125
-69725 2473.882080078125
-69715 2473.041015625
-69705 2473.468994140625
-69695 2474.85498046875
-69685 2477.126953125
-69675 2479.677978515625
-69665 2482.406982421875
-69655 2485.430908203125
-69645 2486.034912109375
-69635 2486.639892578125
-69625 2485.593017578125
-69615 2488.027099609375
-69605 2489.264892578125
-69595 2494.8701171875
-69585 2496.698974609375
-69575 2496.4189453125
-69565 2494.4130859375
-69555 2492.303955078125
-69545 2489.5458984375
-69535 2487.64306640625
-69525 2483.615966796875
-69515 2482.64306640625
-69505 2483.322021484375
-69495 2487.126953125
-69485 2492.9970703125
-69475 2497.422119140625
-69465 2499.972900390625
-69455 2502.49609375
-69445 2505.873046875
-69435 2507.77587890625
-69425 2507.64306640625
-69415 2509.841064453125
-69405 2518.174072265625
-69395 2527.052978515625
-69385 2525.72607421875
-69375 2524.324951171875
-69365 2518.631103515625
-69355 2517.3779296875
-69345 2518.3359375
-69335 2519.825927734375
-69325 2520.135986328125
-69315 2525.800048828125
-69305 2528.4541015625
-69295 2524.471923828125
-69285 2518.0859375
-69275 2515.652099609375
-69265 2515.12109375
-69255 2515.26904296875
-69245 2517.760986328125
-69235 2518.719970703125
-69225 2523.9560546875
-69215 2528.7939453125
-69205 2529.368896484375
-69195 2529.5458984375
-69185 2527.450927734375
-69175 2525.446044921875
-69165 2524.177001953125
-69155 2519.073974609375
-69145 2517.068115234375
-69135 2517.673095703125
-69125 2518.89697265625
-69115 2520.873046875
-69105 2524.574951171875
-69095 2530.800048828125
-69085 2534.384033203125
-69075 2548.64599609375
-69065 2551.43408203125
-69055 2553.0859375
-69045 2550.032958984375
-69035 2544.443115234375
-69025 2541.1240234375
-69015 2532.924072265625
-69005 2523.866943359375
-68995 2513.926025390625
-68985 2504.85498046875
-68975 2496.138916015625
-68965 2493.14501953125
-68955 2490.12109375
-68945 2484.177001953125
-68935 2475.593017578125
-68925 2471.861083984375
-68915 2467.73095703125
-68905 2465.6669921875
-68895 2461.89111328125
-68885 2454.60400390625
-68875 2443.174072265625
-68865 2435.931884765625
-68855 2432.47998046875
-68845 2426.68408203125
-68835 2419.825927734375
-68825 2410.843017578125
-68815 2402.74609375
-68805 2396.197021484375
-68795 2392.0380859375
-68785 2387.1708984375
-68775 2382.215087890625
-68765 2376.68408203125
-68755 2371.654052734375
-68745 2367.7900390625
-68735 2363.8369140625
-68725 2360.1201171875
-68715 2355.72509765625
-68705 2353.14404296875
-68695 2351.10791015625
-68685 2348.054931640625
-68675 2343.10009765625
-68665 2335.532958984375
-68655 2326.68408203125
-68645 2317.656982421875
-68635 2308.054931640625
-68625 2298.778076171875
-68615 2290.9609375
-68605 2283.8369140625
-68595 2277.06689453125
-68585 2271.52099609375
-68575 2266.948974609375
-68565 2261.490966796875
-68555 2255.798095703125
-68545 2251.594970703125
-68535 2247.52392578125
-68525 2242.99609375
-68515 2237.716064453125
-68505 2233.60107421875
-68495 2229.530029296875
-68485 2225.5029296875
-68475 2219.9130859375
-68465 2216.196044921875
-68455 2212.169921875
-68445 2208.054931640625
-68435 2204.81005859375
-68425 2200.81298828125
-68415 2196.239990234375
-68405 2192.39111328125
-68395 2188.511962890625
-68385 2186.962890625
-68375 2184.205078125
-68365 2181.123046875
-68355 2176.962890625
-68345 2174.469970703125
-68335 2174.573974609375
-68325 2178.5849609375
-68315 2171.741943359375
-68305 2170.325927734375
-68295 2157.465087890625
-68285 2146.152099609375
-68275 2138.702880859375
-68265 2133.52587890625
-68255 2126.593994140625
-68245 2115.31103515625
-68235 2104.780029296875
-68225 2095.031005859375
-68215 2087.52294921875
-68205 2081.66796875
-68195 2077.155029296875
-68185 2072.212890625
-68175 2066.904052734375
-68165 2061.26904296875
-68155 2056.93310546875
-68145 2052.302001953125
-68135 2047.6109619140625
-68125 2042.906005859375
-68115 2038.3189697265625
-68105 2033.5849609375
-68095 2029.29296875
-68085 2026.52001953125
-68075 2022.7879638671875
-68065 2019.3370361328125
-68055 2015.073974609375
-68045 2011.56396484375
-68035 2007.656005859375
-68025 2002.9949951171875
-68015 1999.9420166015625
-68005 1996.1070556640625
-67995 1992.302001953125
-67985 1987.5670166015625
-67975 1982.154052734375
-67965 1977.06494140625
-67955 1972.06494140625
-67945 1966.3570556640625
-67935 1959.822998046875
-67925 1953.791015625
-67915 1949.9119873046875
-67905 1945.9000244140625
-67895 1942.22802734375
-67885 1938.9239501953125
-67875 1934.5140380859375
-67865 1931.56396484375
-67855 1928.4659423828125
-67845 1927.197998046875
-67835 1927.241943359375
-67825 1926.52001953125
-67815 1926.9320068359375
-67805 1927.4339599609375
-67795 1927.9940185546875
-67785 1928.5550537109375
-67775 1929.676025390625
-67765 1930.3399658203125
-67755 1930.781982421875
-67745 1931.5340576171875
-67735 1931.166015625
-67725 1930.9300537109375
-67715 1931.5780029296875
-67705 1931.52001953125
-67695 1933.2889404296875
-67685 1933.9530029296875
-67675 1934.9410400390625
-67665 1934.4840087890625
-67655 1935.635009765625
-67645 1936.2979736328125
-67635 1937.1689453125
-67625 1936.947021484375
-67615 1936.6080322265625
-67605 1937.22802734375
-67595 1937.77294921875
-67585 1942.4930419921875
-67575 1949.3070068359375
-67565 1954.4840087890625
-67555 1960.9150390625
-67545 1967.6700439453125
-67535 1974.6319580078125
-67525 1980.958984375
-67515 1992.68505859375
-67505 1998.6390380859375
-67495 2006.3380126953125
-67485 2016.958984375
-67475 2030.488037109375
-67465 2042.64501953125
-67455 2048.843017578125
-67445 2052.845947265625
-67435 2063.194091796875
-67425 2060.177001953125
-67415 2069.464111328125
-67405 2070.799072265625
-67395 2073.633056640625
-67385 2079.666015625
-67375 2087.4169921875
-67365 2095.278076171875
-67355 2098.458984375
-67345 2098.422119140625
-67335 2100.68896484375
-67325 2103.595947265625
-67315 2106.923095703125
-67305 2112.22509765625
-67295 2117.763916015625
-67285 2124.491943359375
-67275 2131.072998046875
-67265 2137.85595703125
-67255 2145.205078125
-67245 2152.60888671875
-67235 2160.39697265625
-67225 2167.27099609375
-67215 2174.85791015625
-67205 2183.194091796875
-67195 2190.873046875
-67185 2203.944091796875
-67175 2218.44091796875
-67165 2224.43798828125
-67155 2237.69189453125
-67145 2248.716064453125
-67135 2248.294921875
-67125 2243.431884765625
-67115 2244.56591796875
-67105 2253.1220703125
-67095 2254.035888671875
-67085 2254.327880859375
-67075 2252.700927734375
-67065 2251.9150390625
-67055 2251.2939453125
-67045 2251.257080078125
-67035 2250.946044921875
-67025 2251.842041015625
-67015 2251.787109375
-67005 2253.39599609375
-66995 2256.26611328125
-66985 2259.155029296875
-66975 2262.427001953125
-66965 2267.033935546875
-66955 2274.656982421875
-66945 2273.596923828125
-66935 2274.091064453125
-66925 2276.541015625
-66915 2282.262939453125
-66905 2288.825927734375
-66895 2289.501953125
-66885 2292.51904296875
-66875 2295.0419921875
-66865 2291.422119140625
-66855 2283.157958984375
-66845 2276.468017578125
-66835 2271.7509765625
-66825 2267.5830078125
-66815 2262.6650390625
-66805 2260.965087890625
-66795 2265.75390625
-66785 2270.452880859375
-66775 2268.0029296875
-66765 2260.159912109375
-66755 2251.27490234375
-66745 2240.159912109375
-66735 2231.0380859375
-66725 2223.85302734375
-66715 2216.740966796875
-66705 2209.611083984375
-66695 2204.986083984375
-66685 2198.385986328125
-66675 2190.451904296875
-66665 2182.919921875
-66655 2175.095947265625
-66645 2167.673095703125
-66635 2160.050048828125
-66625 2152.22509765625
-66615 2145.3330078125
-66605 2138.49609375
-66595 2131.804931640625
-66585 2124.1259765625
-66575 2116.721923828125
-66565 2109.573974609375
-66555 2098.385986328125
-66545 2089.9951171875
-66535 2084.01611328125
-66525 2072.426025390625
-66515 2061.657958984375
-66505 2053.2490234375
-66495 2047.508056640625
-66485 2042.35302734375
-66475 2033.3759765625
-66465 2024.637939453125
-66455 2017.508056640625
-66445 2008.8060302734375
-66435 1998.842041015625
-66425 1991.3470458984375
-66415 1983.9239501953125
-66405 1975.8070068359375
-66395 1970.9990234375
-66385 1964.0159912109375
-66375 1959.79296875
-66365 1955.9720458984375
-66355 1951.2550048828125
-66345 1947.2330322265625
-66335 1940.85302734375
-66325 1934.655029296875
-66315 1929.134033203125
-66305 1924.2530517578125
-66295 1918.60400390625
-66285 1912.7540283203125
-66275 1906.4649658203125
-66265 1901.31005859375
-66255 1897.196044921875
-66245 1895.0570068359375
-66235 1892.64404296875
-66225 1891.0350341796875
-66215 1890.6510009765625
-66205 1889.5179443359375
-66195 1890.833984375
-66185 1891.43798828125
-66175 1891.8759765625
-66165 1892.260009765625
-66155 1892.8089599609375
-66145 1892.8819580078125
-66135 1892.6080322265625
-66125 1893.4119873046875
-66115 1894.8929443359375
-66105 1894.5450439453125
-66095 1892.9000244140625
-66085 1895.239990234375
-66075 1900.5780029296875
-66065 1905.697021484375
-66055 1905.60595703125
-66045 1910.4320068359375
-66035 1915.6240234375
-66025 1916.501953125
-66015 1914.72802734375
-66005 1912.9549560546875
-65995 1910.8709716796875
-65985 1908.6949462890625
-65975 1908.4029541015625
-65965 1909.864990234375
-65955 1908.6219482421875
-65945 1908.60400390625
-65935 1907.72705078125
-65925 1905.5880126953125
-65915 1905.47802734375
-65905 1906.208984375
-65895 1907.0870361328125
-65885 1907.9639892578125
-65875 1902.279052734375
-65865 1905.33203125
-65855 1906.1729736328125
-65845 1908.5679931640625
-65835 1910.1949462890625
-65825 1909.9019775390625
-65815 1910.7249755859375
-65805 1912.3330078125
-65795 1915.2220458984375
-65785 1916.9219970703125
-65775 1919.9940185546875
-65765 1922.095947265625
-65755 1924.58203125
-65745 1926.7760009765625
-65735 1928.677001953125
-65725 1930.0849609375
-65715 1930.39599609375
-65705 1931.27294921875
-65695 1931.6390380859375
-65685 1933.2840576171875
-65675 1933.887939453125
-65665 1934.636962890625
-65655 1932.2060546875
-65645 1927.5069580078125
-65635 1923.52197265625
-65625 1928.7869873046875
-65615 1934.41796875
-65605 1937.177978515625
-65595 1940.1949462890625
-65585 1942.02294921875
-65575 1943.137939453125
-65565 1943.66796875
-65555 1945.8990478515625
-65545 1950.1219482421875
-65535 1962.47998046875
-65525 1968.7509765625
-65515 1974.8929443359375
-65505 1982.9010009765625
-65495 1988.9150390625
-65485 1992.06005859375
-65475 2012.8089599609375
-65465 2025.3690185546875
-65455 2025.0030517578125
-65445 2026.7769775390625
-65435 2026.2099609375
-65425 2020.3409423828125
-65415 2014.43701171875
-65405 2033.1390380859375
-65395 2043.925048828125
-65385 2060.597900390625
-65375 2075.825927734375
-65365 2083.39501953125
-65355 2090.4150390625
-65345 2084.198974609375
-65335 2071.803955078125
-65325 2076.302001953125
-65315 2069.865966796875
-65305 2077.909912109375
-65295 2098.385986328125
-65285 2106.0830078125
-65275 2107.4541015625
-65265 2100.653076171875
-65255 2114.090087890625
-65245 2126.19189453125
-65235 2127.819091796875
-65225 2130.469970703125
-65215 2134.01708984375
-65205 2130.012939453125
-65195 2127.23388671875
-65185 2140.287109375
-65175 2157.60009765625
-65165 2185.882080078125
-65155 2186.429931640625
-65145 2186.35693359375
-65135 2186.705078125
-65125 2183.742919921875
-65115 2185.05908203125
-65105 2190.85400390625
-65095 2193.5048828125
-65085 2197.381103515625
-65075 2201.549072265625
-65065 2206.760009765625
-65055 2213.4140625
-65045 2219.02587890625
-65035 2225.425048828125
-65025 2230.23291015625
-65015 2224.9130859375
-65005 2205.0849609375
-64995 2191.62109375
-64985 2185.200927734375
-64975 2175.051025390625
-64965 2174.553955078125
-64955 2174.60302734375
-64945 2171.719970703125
-64935 2166.281982421875
-64925 2157.923095703125
-64915 2146.60009765625
-64905 2132.361083984375
-64895 2114.64404296875
-64885 2108.5400390625
-64875 2110.968994140625
-64865 2103.679931640625
-64855 2102.4189453125
-64845 2102.031005859375
-64835 2097.302978515625
-64825 2087.491943359375
-64815 2067.574951171875
-64805 2020.6419677734375
-64795 1975.6529541015625
-64785 2001.9210205078125
-64775 1962.6650390625
-64765 1923.2779541015625
-64755 1908.5469970703125
-64745 1893.6090087890625
-64735 1885.7359619140625
-64725 1878.4959716796875
-64715 1870.2080078125
-64705 1863.3399658203125
-64695 1854.9969482421875
-64685 1847.93798828125
-64675 1837.97900390625
-64665 1828.31005859375
-64655 1820.720947265625
-64645 1814.949951171875
-64635 1816.22705078125
-64625 1806.18701171875
-64615 1796.16796875
-64605 1789.551025390625
-64595 1783.2879638671875
-64585 1778.3580322265625
-64575 1766.9580078125
-64565 1761.35595703125
-64555 1756.989013671875
-64545 1750.5789794921875
-64535 1745.64794921875
-64525 1741.0570068359375
-64515 1737.2900390625
-64505 1729.66796875
-64495 1722.8270263671875
-64485 1710.051025390625
-64475 1705.469970703125
-64465 1706.14697265625
-64455 1706.14697265625
-64445 1702.3470458984375
-64435 1696.47802734375
-64425 1690.18798828125
-64415 1684.717041015625
-64405 1681.550048828125
-64395 1673.0770263671875
-64385 1668.3380126953125
-64375 1665.470947265625
-64365 1658.8699951171875
-64355 1653.1810302734375
-64345 1641.949951171875
-64335 1631.4510498046875
-64325 1624.3370361328125
-64315 1618.3370361328125
-64305 1613.47802734375
-64295 1608.6290283203125
-64285 1604.5069580078125
-64275 1600.8709716796875
-64265 1597.541015625
-64255 1594.449951171875
-64245 1590.9119873046875
-64235 1587.1400146484375
-64225 1584.387939453125
-64215 1581.0679931640625
-64205 1577.738037109375
-64195 1574.969970703125
-64185 1572.5670166015625
-64175 1569.75
-64165 1566.7469482421875
-64155 1564.531005859375
-64145 1561.6810302734375
-64135 1557.6400146484375
-64125 1557.6400146484375
-64115 1557.8089599609375
-64105 1557.4599609375
-64095 1560.0369873046875
-64085 1560.758056640625
-64075 1562.990966796875
-64065 1564.989013671875
-64055 1567.5279541015625
-64045 1569.008056640625
-64035 1570.6180419921875
-64025 1572.1199951171875
-64015 1574.2979736328125
-64005 1576.5909423828125
-63995 1578.8900146484375
-63985 1580.718994140625
-63975 1583.8800048828125
-63965 1586.18994140625
-63955 1589.699951171875
-63945 1593.0469970703125
-63935 1595.9300537109375
-63925 1599.0419921875
-63915 1602.06103515625
-63905 1606.238037109375
-63895 1610.3489990234375
-63885 1614.968017578125
-63875 1619.52197265625
-63865 1624.468017578125
-63855 1629.9119873046875
-63845 1635.8680419921875
-63835 1640.3399658203125
-63825 1645.7669677734375
-63815 1651.4610595703125
-63805 1657.428955078125
-63795 1664.041015625
-63785 1670.27099609375
-63775 1676.0579833984375
-63765 1680.85205078125
-63755 1683.571044921875
-63745 1690.9090576171875
-63735 1698.6290283203125
-63725 1704.448974609375
-63715 1709.7989501953125
-63705 1715.467041015625
-63695 1722.0570068359375
-63685 1728.7010498046875
-63675 1735.0179443359375
-63665 1741.68994140625
-63655 1748.3509521484375
-63645 1755.5360107421875
-63635 1762.760009765625
-63625 1769.8680419921875
-63615 1778.18896484375
-63605 1785.22705078125
-63595 1792.345947265625
-63585 1799.2359619140625
-63575 1805.8260498046875
-63565 1812.7490234375
-63555 1820.218017578125
-63545 1827.708984375
-63535 1832.928955078125
-63525 1840.6490478515625
-63515 1849.166015625
-63505 1857.3289794921875
-63495 1866.1190185546875
-63485 1875.886962890625
-63475 1885.135009765625
-63465 1894.3570556640625
-63455 1903.2349853515625
-63445 1912.718017578125
-63435 1923.3489990234375
-63425 1945.7989501953125
-63415 1960.634033203125
-63405 1971.821044921875
-63395 1981.1619873046875
-63385 1987.39697265625
-63375 1991.781982421875
-63365 1995.1009521484375
-63355 1998.4150390625
-63345 2003.155029296875
-63335 2007.7130126953125
-63325 2012.6600341796875
-63315 2018.741943359375
-63305 2026.364013671875
-63295 2033.2110595703125
-63285 2035.8199462890625
-63275 2040.77294921875
-63265 2045.7249755859375
-63255 2054.155029296875
-63245 2063.52294921875
-63235 2072.510009765625
-63225 2081.131103515625
-63215 2089.5400390625
-63205 2098.263916015625
-63195 2106.12109375
-63185 2115.321044921875
-63175 2123.800048828125
-63165 2129.919921875
-63155 2146.76904296875
-63145 2156.8701171875
-63135 2155.43896484375
-63125 2152.34912109375
-63115 2148.302978515625
-63105 2148.030029296875
-63095 2147.833984375
-63085 2151.949951171875
-63075 2153.69189453125
-63065 2152.419921875
-63055 2150.14306640625
-63045 2148.0029296875
-63035 2141.510986328125
-63025 2137.241943359375
-63015 2132.1640625
-63005 2126.530029296875
-62995 2120.81298828125
-62985 2119.06103515625
-62975 2112.6240234375
-62965 2104.97412109375
-62955 2096.113037109375
-62945 2091.090087890625
-62935 2080.635009765625
-62925 2071.883056640625
-62915 2065.800048828125
-62905 2059.882080078125
-62895 2049.98291015625
-62885 2035.781982421875
-62875 2018.9010009765625
-62865 2010.3609619140625
-62855 2003.7110595703125
-62845 1995.4229736328125
-62835 1988.2060546875
-62825 1980.1409912109375
-62815 1972.9339599609375
-62805 1965.5150146484375
-62795 1956.740966796875
-62785 1947.97802734375
-62775 1937.9749755859375
-62765 1930.866943359375
-62755 1927.7060546875
-62745 1923.5069580078125
-62735 1916.4859619140625
-62725 1914.6669921875
-62715 1906.9959716796875
-62705 1900.7449951171875
-62695 1893.1070556640625
-62685 1885.5389404296875
-62675 1877.2569580078125
-62665 1868.3079833984375
-62655 1861.2159423828125
-62645 1854.177978515625
-62635 1847.45703125
-62625 1840.8890380859375
-62615 1833.2559814453125
-62605 1825.26904296875
-62595 1818.2860107421875
-62585 1811.70703125
-62575 1803.7679443359375
-62565 1795.5889892578125
-62555 1787.699951171875
-62545 1777.3370361328125
-62535 1770.0479736328125
-62525 1762.0389404296875
-62515 1753.89794921875
-62505 1746.0040283203125
-62495 1738.9420166015625
-62485 1733.14794921875
-62475 1726.4759521484375
-62465 1720.0909423828125
-62455 1712.3170166015625
-62445 1705.52099609375
-62435 1698.6009521484375
-62425 1691.449951171875
-62415 1685.008056640625
-62405 1679.3580322265625
-62395 1674.666015625
-62385 1668.989990234375
-62375 1663.5450439453125
-62365 1657.800048828125
-62355 1652.156005859375
-62345 1646.2979736328125
-62335 1639.906005859375
-62325 1634.7469482421875
-62315 1629.333984375
-62305 1625.22802734375
-62295 1620.990966796875
-62285 1616.7869873046875
-62275 1612.491943359375
-62265 1608.4110107421875
-62255 1604.051025390625
-62245 1596.948974609375
-62235 1589.4150390625
-62225 1589.512939453125
-62215 1588.6820068359375
-62205 1591.1669921875
-62195 1595.1409912109375
-62185 1597.9219970703125
-62175 1600.79296875
-62165 1603.8599853515625
-62155 1606.4119873046875
-62145 1609.3330078125
-62135 1612.886962890625
-62125 1615.906982421875
-62115 1619.6829833984375
-62105 1624.001953125
-62095 1628.0169677734375
-62085 1629.9840087890625
-62075 1634.4429931640625
-62065 1639.1820068359375
-62055 1643.072998046875
-62045 1647.68896484375
-62035 1652.2900390625
-62025 1657.0699462890625
-62015 1663.6009521484375
-62005 1669.779052734375
-61995 1677.4560546875
-61985 1695.0970458984375
-61975 1697.2030029296875
-61965 1703.760009765625
-61955 1711.6009521484375
-61945 1719.802978515625
-61935 1728.8289794921875
-61925 1737.0810546875
-61915 1747.3160400390625
-61905 1758.3160400390625
-61895 1773.135009765625
-61885 1782.14404296875
-61875 1796.9530029296875
-61865 1809.1209716796875
-61855 1821.43798828125
-61845 1823.281005859375
-61835 1829.41796875
-61825 1834.197998046875
-61815 1840.697998046875
-61805 1848.10205078125
-61795 1855.4410400390625
-61785 1864.7049560546875
-61775 1880.0589599609375
-61765 1887.1259765625
-61755 1892.31005859375
-61745 1904.115966796875
-61735 1923.8699951171875
-61725 1931.0689697265625
-61715 1942.56201171875
-61705 1947.1529541015625
-61695 1949.35205078125
-61685 1950.22998046875
-61675 1951.0360107421875
-61665 1958.468017578125
-61655 1972.4520263671875
-61645 1974.85595703125
-61635 1980.2779541015625
-61625 1991.4840087890625
-61615 2005.010009765625
-61605 2014.052001953125
-61595 2012.5460205078125
-61585 2012.801025390625
-61575 2015.5489501953125
-61565 2027.718994140625
-61555 2031.970947265625
-61545 2038.7850341796875
-61535 2038.469970703125
-61525 2045.885009765625
-61515 2053.298095703125
-61505 2061.1279296875
-61495 2070.14697265625
-61485 2080.72802734375
-61475 2093.4970703125
-61465 2102.152099609375
-61455 2107.72998046875
-61445 2112.123046875
-61435 2113.300048828125
-61425 2107.360107421875
-61415 2100.260009765625
-61405 2097.610107421875
-61395 2096.490966796875
-61385 2097.115966796875
-61375 2098.35888671875
-61365 2099.6259765625
-61355 2101.2470703125
-61345 2104.5791015625
-61335 2107.4580078125
-61325 2110.791015625
-61315 2112.451904296875
-61305 2114.451904296875
-61295 2116.22900390625
-61285 2120.555908203125
-61275 2126.85791015625
-61265 2132.534912109375
-61255 2139.18505859375
-61245 2145.032958984375
-61235 2151.674072265625
-61225 2158.14111328125
-61215 2165.052001953125
-61205 2171.35400390625
-61195 2178.93896484375
-61185 2186.8291015625
-61175 2192.68701171875
-61165 2199.885986328125
-61155 2204.568115234375
-61145 2207.93310546875
-61135 2213.840087890625
-61125 2218.375
-61115 2222.73291015625
-61105 2224.924072265625
-61095 2224.468994140625
-61085 2224.2470703125
-61075 2225.819091796875
-61065 2227.31005859375
-61055 2226.52587890625
-61045 2222.092041015625
-61035 2218.52099609375
-61025 2216.662109375
-61015 2216.571044921875
-61005 2211.83203125
-60995 2208.458984375
-60985 2206.451904296875
-60975 2204.928955078125
-60965 2203.613037109375
-60955 2201.531982421875
-60945 2200.83203125
-60935 2203.3330078125
-60925 2206.409912109375
-60915 2209.1669921875
-60905 2208.7470703125
-60895 2210.721923828125
-60885 2214.301025390625
-60875 2216.2919921875
-60865 2216.02197265625
-60855 2216.159912109375
-60845 2217.550048828125
-60835 2216.052978515625
-60825 2215.616943359375
-60815 2216.193115234375
-60805 2219.673095703125
-60795 2216.011962890625
-60785 2214.572021484375
-60775 2214.596923828125
-60765 2215.575927734375
-60755 2216.62109375
-60745 2218.25
-60735 2220.322998046875
-60725 2223.85302734375
-60715 2228.83203125
-60705 2234.64697265625
-60695 2241.137939453125
-60685 2247.695068359375
-60675 2253.741943359375
-60665 2259.64306640625
-60655 2265.14697265625
-60645 2270.758056640625
-60635 2277.052001953125
-60625 2283.05810546875
-60615 2288.43896484375
-60605 2292.758056640625
-60595 2296.362060546875
-60585 2290.552978515625
-60575 2282.843994140625
-60565 2274.2880859375
-60555 2266.10791015625
-60545 2260.4990234375
-60535 2253.423095703125
-60525 2244.323974609375
-60515 2236.614990234375
-60505 2228.97998046875
-60495 2221.887939453125
-60485 2214.56396484375
-60475 2206.361083984375
-60465 2198.626953125
-60455 2190.75390625
-60445 2182.049072265625
-60435 2172.300048828125
-60425 2163.93310546875
-60415 2157.39794921875
-60405 2150.010009765625
-60395 2142.637939453125
-60385 2136.302978515625
-60375 2128.027099609375
-60365 2120.22705078125
-60355 2113.382080078125
-60345 2107.360107421875
-60335 2098.761962890625
-60325 2091.48095703125
-60315 2083.721923828125
-60305 2075.64306640625
-60295 2069.35693359375
-60285 2063.013916015625
-60275 2057.2470703125
-60265 2050.235107421875
-60255 2044.18798828125
-60245 2036.1500244140625
-60235 2029.510986328125
-60225 2022.4019775390625
-60215 2016.010009765625
-60205 2009.77294921875
-60195 2004.137939453125
-60185 1999.7030029296875
-60175 1990.6610107421875
-60165 1981.4219970703125
-60155 1969.9610595703125
-60145 1954.987060546875
-60135 1945.625
-60125 1938.012939453125
-60115 1930.3199462890625
-60105 1924.9229736328125
-60095 1913.741943359375
-60085 1906.280029296875
-60075 1907.06103515625
-60065 1903.8690185546875
-60055 1892.696044921875
-60045 1885.81005859375
-60035 1878.386962890625
-60025 1862.8480224609375
-60015 1853.5570068359375
-60005 1844.052001953125
-59995 1822.1829833984375
-59985 1814.1199951171875
-59975 1806.7659912109375
-59965 1799.2149658203125
-59955 1791.9129638671875
-59945 1784.845947265625
-59935 1777.7020263671875
-59925 1771.3170166015625
-59915 1764.761962890625
-59905 1758.3260498046875
-59895 1751.6529541015625
-59885 1745.675048828125
-59875 1739.39501953125
-59865 1733.3909912109375
-59855 1727.333984375
-59845 1721.2640380859375
-59835 1715.469970703125
-59825 1710.029052734375
-59815 1704.06494140625
-59805 1698.4930419921875
-59795 1692.987060546875
-59785 1687.7540283203125
-59775 1682.7740478515625
-59765 1678.001953125
-59755 1673.51904296875
-59745 1668.9959716796875
-59735 1664.7349853515625
-59725 1660.2650146484375
-59715 1656.135009765625
-59705 1652.136962890625
-59695 1648.583984375
-59685 1645.2679443359375
-59675 1642.43603515625
-59665 1640.52197265625
-59655 1638.8570556640625
-59645 1638.7650146484375
-59635 1641.531005859375
-59625 1646.958984375
-59615 1652.0450439453125
-59605 1657.800048828125
-59595 1662.991943359375
-59585 1667.7640380859375
-59575 1673.2569580078125
-59565 1680.2049560546875
-59555 1687.073974609375
-59545 1695.385986328125
-59535 1703.6319580078125
-59525 1712.532958984375
-59515 1720.949951171875
-59505 1731.1099853515625
-59495 1742.39697265625
-59485 1753.1209716796875
-59475 1759.781005859375
-59465 1765.5880126953125
-59455 1771.737060546875
-59445 1778.134033203125
-59435 1784.676025390625
-59425 1793.2239990234375
-59415 1798.886962890625
-59405 1809.54296875
-59395 1818.237060546875
-59385 1825.3160400390625
-59375 1830.3759765625
-59365 1838.9739990234375
-59355 1841.2440185546875
-59345 1848.3370361328125
-59335 1854.905029296875
-59325 1855.1800537109375
-59315 1849.9100341796875
-59305 1844.77099609375
-59295 1829.95703125
-59285 1814.35595703125
-59275 1802.22998046875
-59265 1791.3360595703125
-59255 1783.8759765625
-59245 1778.3050537109375
-59235 1769.990966796875
-59225 1763.5169677734375
-59215 1752.0460205078125
-59205 1741.636962890625
-59195 1732.656982421875
-59185 1724.093994140625
-59175 1715.77099609375
-59165 1710.029052734375
-59155 1705.2969970703125
-59145 1699.344970703125
-59135 1696.0679931640625
-59125 1691.0340576171875
-59115 1680.9649658203125
-59105 1665.5350341796875
-59095 1655.885986328125
-59085 1646.0150146484375
-59075 1636.260986328125
-59065 1627.425048828125
-59055 1614.262939453125
-59045 1606.738037109375
-59035 1598.47900390625
-59025 1590.259033203125
-59015 1578.6829833984375
-59005 1571.6700439453125
-58995 1563.7650146484375
-58985 1558.613037109375
-58975 1553.9720458984375
-58965 1548.7540283203125
-58955 1543.06396484375
-58945 1537.572021484375
-58935 1532.3280029296875
-58925 1526.7950439453125
-58915 1522.0760498046875
-58905 1517.35595703125
-58895 1512.7939453125
-58885 1508.77001953125
-58875 1504.7320556640625
-58865 1500.760009765625
-58855 1496.5250244140625
-58845 1491.281005859375
-58835 1485.3289794921875
-58825 1485.1719970703125
-58815 1486.115966796875
-58805 1489.2760009765625
-58795 1491.9759521484375
-58785 1494.9649658203125
-58775 1497.8489990234375
-58765 1500.4840087890625
-58755 1503.9189453125
-58745 1507.10498046875
-58735 1510.866943359375
-58725 1514.6300048828125
-58715 1518.8509521484375
-58705 1523.5570068359375
-58695 1529.2340087890625
-58685 1533.7960205078125
-58675 1539.6949462890625
-58665 1545.9219970703125
-58655 1551.72998046875
-58645 1556.68505859375
-58635 1561.6929931640625
-58625 1566.0849609375
-58615 1572.1290283203125
-58605 1578.4739990234375
-58595 1583.4549560546875
-58585 1589.656005859375
-58575 1597.9940185546875
-58565 1606.135009765625
-58555 1614.3160400390625
-58545 1622.916015625
-58535 1631.85595703125
-58525 1639.906005859375
-58515 1647.4959716796875
-58505 1654.4969482421875
-58495 1661.8380126953125
-58485 1668.9959716796875
-58475 1676.2330322265625
-58465 1684.2030029296875
-58455 1692.2259521484375
-58445 1698.282958984375
-58435 1702.4649658203125
-58425 1708.7840576171875
-58415 1714.906005859375
-58405 1718.9439697265625
-58395 1725.6689453125
-58385 1732.0140380859375
-58375 1737.3370361328125
-58365 1742.93505859375
-58355 1747.6409912109375
-58345 1752.5699462890625
-58335 1757.18505859375
-58325 1761.760009765625
-58315 1766.8470458984375
-58305 1772.3900146484375
-58295 1778.134033203125
-58285 1783.9420166015625
-58275 1790.876953125
-58265 1798.8480224609375
-58255 1806.9100341796875
-58245 1814.8280029296875
-58235 1822.5369873046875
-58225 1827.6500244140625
-58215 1832.906005859375
-58205 1837.5469970703125
-58195 1842.1090087890625
-58185 1848.2320556640625
-58175 1854.0660400390625
-58165 1859.3360595703125
-58155 1863.1090087890625
-58145 1866.2030029296875
-58135 1868.7330322265625
-58125 1869.404052734375
-58115 1870.385009765625
-58105 1872.9300537109375
-58095 1875.041015625
-58085 1876.1820068359375
-58075 1875.8280029296875
-58065 1875.946044921875
-58055 1876.4439697265625
-58045 1876.6400146484375
-58035 1876.5989990234375
-58025 1876.3260498046875
-58015 1876.8759765625
-58005 1877.322021484375
-57995 1878.407958984375
-57985 1878.803955078125
-57975 1877.7550048828125
-57965 1876.6669921875
-57955 1874.884033203125
-57945 1873.2449951171875
-57935 1870.3079833984375
-57925 1866.79296875
-57915 1862.4949951171875
-57905 1857.4219970703125
-57895 1852.427001953125
-57885 1847.5479736328125
-57875 1841.532958984375
-57865 1834.9520263671875
-57855 1828.541015625
-57845 1822.1429443359375
-57835 1816.467041015625
-57825 1810.68603515625
-57815 1803.89501953125
-57805 1797.7459716796875
-57795 1792.7650146484375
-57785 1786.718994140625
-57775 1781.425048828125
-57765 1775.9449462890625
-57755 1768.7220458984375
-57745 1759.885986328125
-57735 1751.9150390625
-57725 1748.5460205078125
-57715 1744.52099609375
-57705 1740.220947265625
-57695 1734.989990234375
-57685 1734.032958984375
-57675 1728.448974609375
-57665 1721.291015625
-57655 1716.676025390625
-57645 1710.8270263671875
-57635 1704.614990234375
-57625 1699.593994140625
-57615 1696.093994140625
-57605 1691.845947265625
-57595 1687.0479736328125
-57585 1683.050048828125
-57575 1679.8509521484375
-57565 1677.739990234375
-57555 1676.572998046875
-57545 1675.6429443359375
-57535 1675.656005859375
-57525 1675.446044921875
-57515 1674.633056640625
-57505 1673.718994140625
-57495 1672.583984375
-57485 1669.06298828125
-57475 1666.01904296875
-57465 1664.7349853515625
-57455 1663.5670166015625
-57445 1661.633056640625
-57435 1660.9530029296875
-57425 1660.2750244140625
-57415 1659.4539794921875
-57405 1654.822998046875
-57395 1650.594970703125
-57385 1647.43505859375
-57375 1641.2740478515625
-57365 1635.93505859375
-57355 1631.217041015625
-57345 1626.281982421875
-57335 1623.2230224609375
-57325 1626.1939697265625
-57315 1630.2340087890625
-57305 1636.6419677734375
-57295 1647.85400390625
-57285 1656.0350341796875
-57275 1662.844970703125
-57265 1669.178955078125
-57255 1673.260986328125
-57245 1676.7540283203125
-57235 1679.8709716796875
-57225 1683.824951171875
-57215 1687.7779541015625
-57205 1691.7320556640625
-57195 1694.8909912109375
-57185 1697.4739990234375
-57175 1699.7679443359375
-57165 1700.375
-57155 1701.123046875
-57145 1701.31201171875
-57135 1702.177978515625
-57125 1703.9520263671875
-57115 1703.7220458984375
-57105 1704.4720458984375
-57095 1704.9620361328125
-57085 1705.553955078125
-57075 1706.072998046875
-57065 1707.240966796875
-57055 1707.3719482421875
-57045 1707.949951171875
-57035 1707.385986328125
-57025 1706.072998046875
-57015 1704.8189697265625
-57005 1702.625
-56995 1700.634033203125
-56985 1699.9420166015625
-56975 1698.9599609375
-56965 1697.1710205078125
-56955 1695.9300537109375
-56945 1694.458984375
-56935 1691.7459716796875
-56925 1690.3179931640625
-56915 1686.637939453125
-56905 1671.010009765625
-56895 1660.666015625
-56885 1653.0469970703125
-56875 1646.39599609375
-56865 1640.6949462890625
-56855 1629.947021484375
-56845 1620.4530029296875
-56835 1610.323974609375
-56825 1599.386962890625
-56815 1591.10400390625
-56805 1580.845947265625
-56795 1578.06103515625
-56785 1582.33203125
-56775 1587.9449462890625
-56765 1593.7740478515625
-56755 1600.0799560546875
-56745 1596.64599609375
-56735 1593.9759521484375
-56725 1600.498046875
-56715 1615.4029541015625
-56705 1625.012939453125
-56695 1626.5989990234375
-56685 1626.698974609375
-56675 1636.4530029296875
-56665 1644.405029296875
-56655 1648.8489990234375
-56645 1651.821044921875
-56635 1653.9840087890625
-56625 1656.407958984375
-56615 1658.343017578125
-56605 1658.156005859375
-56595 1657.6199951171875
-56585 1658.68994140625
-56575 1658.501953125
-56565 1658.9329833984375
-56555 1658.9620361328125
-56545 1659.583984375
-56535 1659.5550537109375
-56525 1660.1610107421875
-56515 1660.363037109375
-56505 1660.6949462890625
-56495 1660.0450439453125
-56485 1659.425048828125
-56475 1658.241943359375
-56465 1657.3759765625
-56455 1656.9129638671875
-56445 1655.7010498046875
-56435 1655.0679931640625
-56425 1655.010009765625
-56415 1655.1829833984375
-56405 1653.9139404296875
-56395 1653.20703125
-56385 1652.06494140625
-56375 1650.6669921875
-56365 1649.656982421875
-56355 1648.60205078125
-56345 1648.011962890625
-56335 1646.9730224609375
-56325 1645.300048828125
-56315 1644.0439453125
-56305 1643.467041015625
-56295 1641.967041015625
-56285 1640.0469970703125
-56275 1639.4990234375
-56265 1637.5360107421875
-56255 1637.2340087890625
-56245 1634.1610107421875
-56235 1635.0260009765625
-56225 1632.7459716796875
-56215 1631.89501953125
-56205 1629.845947265625
-56195 1628.93701171875
-56185 1627.2919921875
-56175 1625.574951171875
-56165 1624.6949462890625
-56155 1622.7760009765625
-56145 1621.2449951171875
-56135 1621.04296875
-56125 1619.7010498046875
-56115 1618.0150146484375
-56105 1616.2979736328125
-56095 1613.35400390625
-56085 1610.366943359375
-56075 1609.428955078125
-56065 1607.4219970703125
-56055 1604.3499755859375
-56045 1602.4730224609375
-56035 1599.5889892578125
-56025 1597.4100341796875
-56015 1594.9000244140625
-56005 1592.56201171875
-55995 1589.9649658203125
-55985 1587.0360107421875
-55975 1578.89794921875
-55965 1571.81298828125
-55955 1564.2239990234375
-55945 1557.8590087890625
-55935 1552.593994140625
-55925 1547.4720458984375
-55915 1536.866943359375
-55905 1528.758056640625
-55895 1520.9520263671875
-55885 1513.3909912109375
-55875 1506.81103515625
-55865 1498.9329833984375
-55855 1492.873046875
-55845 1487.0439453125
-55835 1479.6710205078125
-55825 1471.719970703125
-55815 1463.35205078125
-55805 1455.458984375
-55795 1448.375
-55785 1442.31396484375
-55775 1436.7740478515625
-55765 1430.8580322265625
-55755 1425.14404296875
-55745 1419.2569580078125
-55735 1414.1639404296875
-55725 1409.4599609375
-55715 1405.2900390625
-55705 1401.4659423828125
-55695 1399.0419921875
-55685 1395.1610107421875
-55675 1391.39501953125
-55665 1389.4759521484375
-55655 1386.4320068359375
-55645 1382.751953125
-55635 1379.967041015625
-55625 1377.1829833984375
-55615 1374.68701171875
-55605 1371.873046875
-55595 1367.2840576171875
-55585 1363.864990234375
-55575 1359.7530517578125
-55565 1355.72705078125
-55555 1353.5340576171875
-55545 1350.6190185546875
-55535 1349.176025390625
-55525 1346.5069580078125
-55515 1345.323974609375
-55505 1348.136962890625
-55495 1350.9649658203125
-55485 1350.9510498046875
-55475 1352.47998046875
-55465 1354.7889404296875
-55455 1358.916015625
-55445 1361.887939453125
-55435 1362.0040283203125
-55425 1362.031982421875
-55415 1361.9169921875
-55405 1361.7440185546875
-55395 1361.8299560546875
-55385 1361.844970703125
-55375 1362.0469970703125
-55365 1362.7249755859375
-55355 1361.656982421875
-55345 1360.7769775390625
-55335 1360.4739990234375
-55325 1360.373046875
-55315 1360.0560302734375
-55305 1359.636962890625
-55295 1359.3050537109375
-55285 1359.073974609375
-55275 1358.9300537109375
-55265 1358.7569580078125
-55255 1358.6700439453125
-55245 1358.5260009765625
-55235 1358.541015625
-55225 1358.698974609375
-55215 1359.10302734375
-55205 1359.363037109375
-55195 1359.2039794921875
-55185 1359.1610107421875
-55175 1359.175048828125
-55165 1359.073974609375
-55155 1359.073974609375
-55145 1359.073974609375
-55135 1359.2760009765625
-55125 1358.800048828125
-55115 1358.323974609375
-55105 1358.136962890625
-55095 1357.833984375
-55085 1357.675048828125
-55075 1357.4439697265625
-55065 1356.7950439453125
-55055 1355.467041015625
-55045 1350.56103515625
-55035 1344.0250244140625
-55025 1337.2149658203125
-55015 1332.3809814453125
-55005 1328.677978515625
-54995 1327.4119873046875
-54985 1325.8919677734375
-54975 1324.615966796875
-54965 1323.6920166015625
-54955 1323.373046875
-54945 1323.2659912109375
-54935 1322.93701171875
-54925 1322.7459716796875
-54915 1322.0550537109375
-54905 1322.5860595703125
-54895 1324.074951171875
-54885 1325.2120361328125
-54875 1325.7750244140625
-54865 1329.14501953125
-54855 1334.2889404296875
-54845 1336.97900390625
-54835 1332.81201171875
-54825 1326.509033203125
-54815 1324.2760009765625
-54805 1321.2900390625
-54795 1318.133056640625
-54785 1315.8900146484375
-54775 1315.8050537109375
-54765 1316.5379638671875
-54755 1316.655029296875
-54745 1315.9749755859375
-54735 1316.655029296875
-54725 1315.81494140625
-54715 1316.4849853515625
-54705 1317.0909423828125
-54695 1317.176025390625
-54685 1317.0379638671875
-54675 1316.77197265625
-54665 1316.5909423828125
-54655 1316.14501953125
-54645 1315.5389404296875
-54635 1314.60400390625
-54625 1314.3060302734375
-54615 1313.9129638671875
-54605 1313.7850341796875
-54595 1313.178955078125
-54585 1313.157958984375
-54575 1312.7449951171875
-54565 1312.2650146484375
-54555 1312.052978515625
-54545 1311.6700439453125
-54535 1311.362060546875
-54525 1310.883056640625
-54515 1311.7760009765625
-54505 1313.2750244140625
-54495 1313.2010498046875
-54485 1313.114990234375
-54475 1312.2010498046875
-54465 1310.7769775390625
-54455 1310.074951171875
-54445 1309.7139892578125
-54435 1309.884033203125
-54425 1311.47900390625
-54415 1310.47900390625
-54405 1308.89599609375
-54395 1307.7249755859375
-54385 1307.1629638671875
-54375 1306.6949462890625
-54365 1306.949951171875
-54355 1307.0250244140625
-54345 1307.238037109375
-54335 1306.0040283203125
-54325 1305.70703125
-54315 1305.3990478515625
-54305 1304.6650390625
-54295 1305.22802734375
-54285 1305.343994140625
-54275 1305.35595703125
-54265 1305.5050048828125
-54255 1304.9520263671875
-54245 1304.68603515625
-54235 1304.5059814453125
-54225 1303.72998046875
-54215 1303.25
-54205 1303.0389404296875
-54195 1301.551025390625
-54185 1300.4449462890625
-54175 1299.9990234375
-54165 1299.988037109375
-54155 1299.2860107421875
-54145 1297.7879638671875
-54135 1296.1510009765625
-54125 1296.012939453125
-54115 1295.927978515625
-54105 1296.5970458984375
-54095 1299.3179931640625
-54085 1300.3070068359375
-54075 1304.0169677734375
-54065 1304.781982421875
-54055 1301.66796875
-54045 1300.125
-54035 1298.946044921875
-54025 1298.5
-54015 1295.5340576171875
-54005 1292.9940185546875
-53995 1292.5899658203125
-53985 1292.0899658203125
-53975 1291.9100341796875
-53965 1291.75
-53955 1291.9100341796875
-53945 1291.739990234375
-53935 1291.176025390625
-53925 1291.4949951171875
-53915 1293.0050048828125
-53905 1295.885009765625
-53895 1296.1400146484375
-53885 1296.884033203125
-53875 1298.95703125
-53865 1298.7550048828125
-53855 1299.137939453125
-53845 1299.126953125
-53835 1298.8189697265625
-53825 1298.39404296875
-53815 1297.9150390625
-53805 1297.56494140625
-53795 1297.405029296875
-53785 1297.52197265625
-53775 1296.947998046875
-53765 1296.7039794921875
-53755 1296.2459716796875
-53745 1295.906005859375
-53735 1295.39599609375
-53725 1294.875
-53715 1294.3759765625
-53705 1294.0780029296875
-53695 1293.7490234375
-53685 1293.217041015625
-53675 1292.7919921875
-53665 1292.4730224609375
-53655 1292.14404296875
-53645 1291.781005859375
-53635 1291.324951171875
-53625 1290.8790283203125
-53615 1290.68701171875
-53605 1290.4110107421875
-53595 1289.8580322265625
-53585 1290.0279541015625
-53575 1288.7850341796875
-53565 1288.4339599609375
-53555 1287.7430419921875
-53545 1287.2330322265625
-53535 1286.8489990234375
-53525 1286.467041015625
-53515 1286.14794921875
-53505 1285.7030029296875
-53495 1285.074951171875
-53485 1284.6180419921875
-53475 1284.1820068359375
-53465 1283.6929931640625
-53455 1283.1300048828125
-53445 1282.5980224609375
-53435 1282.2259521484375
-53425 1281.906982421875
-53415 1281.864990234375
-53405 1281.259033203125
-53395 1280.843994140625
-53385 1280.6529541015625
-53375 1280.39697265625
-53365 1280.0469970703125
-53355 1279.781005859375
-53345 1279.675048828125
-53335 1279.333984375
-53325 1279.0050048828125
-53315 1278.677001953125
-53305 1278.3680419921875
-53295 1278.0909423828125
-53285 1277.9110107421875
-53275 1278.0279541015625
-53265 1277.0279541015625
-53255 1276.550048828125
-53245 1276.072021484375
-53235 1275.741943359375
-53225 1275.2960205078125
-53215 1275.114990234375
-53205 1275.041015625
-53195 1275.030029296875
-53185 1274.9239501953125
-53175 1275.009033203125
-53165 1274.9339599609375
-53155 1275.220947265625
-53145 1275.508056640625
-53135 1275.4449462890625
-53125 1275.5830078125
-53115 1275.8270263671875
-53105 1276.125
-53095 1276.0400390625
-53085 1276.241943359375
-53075 1276.635009765625
-53065 1277.06005859375
-53055 1277.5489501953125
-53045 1277.72900390625
-53035 1278.10302734375
-53025 1278.612060546875
-53015 1278.79296875
-53005 1279.1219482421875
-52995 1279.4840087890625
-52985 1280.1319580078125
-52975 1280.5360107421875
-52965 1281.1839599609375
-52955 1281.906982421875
-52945 1282.7359619140625
-52935 1282.6300048828125
-52925 1282.4169921875
-52915 1282.4169921875
-52905 1284.905029296875
-52895 1283.927001953125
-52885 1279.844970703125
-52875 1278.4100341796875
-52865 1279.675048828125
-52855 1285.615966796875
-52845 1286.8070068359375
-52835 1286.3399658203125
-52825 1286.1910400390625
-52815 1286.052978515625
-52805 1286.552001953125
-52795 1287.509033203125
-52785 1287.8389892578125
-52775 1287.02001953125
-52765 1286.9560546875
-52755 1285.552978515625
-52745 1286.583984375
-52735 1288.156982421875
-52725 1287.157958984375
-52715 1286.45703125
-52705 1285.6280517578125
-52695 1286.1910400390625
-52685 1285.595947265625
-52675 1285.904052734375
-52665 1285.531982421875
-52655 1285.383056640625
-52645 1285.510986328125
-52635 1284.2239990234375
-52625 1284.1180419921875
-52615 1283.842041015625
-52605 1283.89501953125
-52595 1283.2569580078125
-52585 1282.93798828125
-52575 1282.1939697265625
-52565 1281.6309814453125
-52555 1281.31201171875
-52545 1281.4930419921875
-52535 1280.5789794921875
-52525 1279.0369873046875
-52515 1278.10302734375
-52505 1277.3270263671875
-52495 1276.470947265625
-52485 1275.875
-52475 1275.2569580078125
-52465 1274.4759521484375
-52455 1273.2099609375
-52445 1272.64501953125
-52435 1272.60302734375
-52425 1272.092041015625
-52415 1271.6600341796875
-52405 1272.18896484375
-52395 1272.156982421875
-52385 1273.22998046875
-52375 1274.4010009765625
-52365 1276.406005859375
-52355 1277.0469970703125
-52345 1276.362060546875
-52335 1275.593017578125
-52325 1274.7469482421875
-52315 1275.8199462890625
-52305 1276.968994140625
-52295 1276.68798828125
-52285 1276.5469970703125
-52275 1276.35205078125
-52265 1276.375
-52255 1276.7530517578125
-52245 1277.1650390625
-52235 1276.68798828125
-52225 1276.64599609375
-52215 1277.6739501953125
-52205 1278.0860595703125
-52195 1278.31298828125
-52185 1278.6820068359375
-52175 1280.8189697265625
-52165 1280.89501953125
-52155 1280.64404296875
-52145 1280.373046875
-52135 1280.134033203125
-52125 1279.85302734375
-52115 1279.593017578125
-52105 1279.2669677734375
-52095 1278.9959716796875
-52085 1279.2669677734375
-52075 1279.927978515625
-52065 1280.719970703125
-52055 1281.43701171875
-52045 1281.426025390625
-52035 1281.3160400390625
-52025 1281.45703125
-52015 1281.5980224609375
-52005 1281.001953125
-51995 1280.2650146484375
-51985 1280.0169677734375
-51975 1279.885986328125
-51965 1279.7330322265625
-51955 1280.092041015625
-51945 1280.5460205078125
-51935 1280.7740478515625
-51925 1281.218017578125
-51915 1281.81396484375
-51905 1282.02001953125
-51895 1281.3060302734375
-51885 1280.4830322265625
-51875 1279.89599609375
-51865 1279.7010498046875
-51855 1279.7230224609375
-51845 1280.0040283203125
-51835 1280.41796875
-51825 1280.7960205078125
-51815 1281.001953125
-51805 1280.7960205078125
-51795 1281.6090087890625
-51785 1282.791015625
-51775 1283.864013671875
-51765 1284.3070068359375
-51755 1283.2340087890625
-51745 1282.9859619140625
-51735 1283.8310546875
-51725 1284.512939453125
-51715 1284.135009765625
-51705 1284.9139404296875
-51695 1284.0909423828125
-51685 1284.2969970703125
-51675 1284.5260009765625
-51665 1284.8489990234375
-51655 1285.0450439453125
-51645 1285.218994140625
-51635 1285.0550537109375
-51625 1285.3260498046875
-51615 1285.0450439453125
-51605 1284.633056640625
-51595 1284.6109619140625
-51585 1285.0030517578125
-51575 1284.741943359375
-51565 1283.885009765625
-51555 1283.7550048828125
-51545 1284.362060546875
-51535 1284.6429443359375
-51525 1285.77099609375
-51515 1288.7950439453125
-51505 1291.6240234375
-51495 1294.593994140625
-51485 1296.155029296875
-51475 1296.405029296875
-51465 1296.155029296875
-51455 1295.656982421875
-51445 1294.4739990234375
-51435 1292.7840576171875
-51425 1291.927001953125
-51415 1292.0899658203125
-51405 1290.3790283203125
-51395 1287.93896484375
-51385 1285.510986328125
-51375 1283.10400390625
-51365 1280.7850341796875
-51355 1278.9639892578125
-51345 1277.446044921875
-51335 1276.1240234375
-51325 1275.126953125
-51315 1276.4820556640625
-51305 1277.8699951171875
-51295 1276.968994140625
-51285 1275.8199462890625
-51275 1274.281005859375
-51265 1272.7099609375
-51255 1270.77001953125
-51245 1268.4169921875
-51235 1265.8160400390625
-51225 1267.4420166015625
-51215 1267.9189453125
-51205 1267.2249755859375
-51195 1266.9759521484375
-51185 1266.802001953125
-51175 1267.322998046875
-51165 1268.68798828125
-51155 1269.6309814453125
-51145 1268.7659912109375
-51135 1267.60400390625
-51125 1267.06298828125
-51115 1266.1629638671875
-51105 1263.2249755859375
-51095 1260.321044921875
-51085 1261.2960205078125
-51075 1261.5579833984375
-51065 1261.3499755859375
-51055 1261.0140380859375
-51045 1260.7110595703125
-51035 1260.592041015625
-51025 1260.614990234375
-51015 1260.699951171875
-51005 1260.7220458984375
-50995 1260.7559814453125
-50985 1260.7760009765625
-50975 1260.7979736328125
-50965 1260.1910400390625
-50955 1258.8790283203125
-50945 1254.532958984375
-50935 1256.0389404296875
-50925 1254.6629638671875
-50915 1253.697998046875
-50905 1251.2049560546875
-50895 1248.31103515625
-50885 1245.39501953125
-50875 1242.8590087890625
-50865 1240.4090576171875
-50855 1238.2960205078125
-50845 1236.365966796875
-50835 1234.3289794921875
-50825 1232.031005859375
-50815 1229.321044921875
-50805 1226.6650390625
-50795 1224.6600341796875
-50785 1223.468017578125
-50775 1221.364990234375
-50765 1219.70703125
-50755 1219.2080078125
-50745 1218.7750244140625
-50735 1218.623046875
-50725 1218.916015625
-50715 1218.7960205078125
-50705 1218.43896484375
-50695 1218.14599609375
-50685 1217.875
-50675 1218.0479736328125
-50665 1218.708984375
-50655 1215.696044921875
-50645 1218.2760009765625
-50635 1217.85302734375
-50625 1217.4630126953125
-50615 1217.41796875
-50605 1217.4959716796875
-50595 1217.5279541015625
-50585 1217.2879638671875
-50575 1222.2860107421875
-50565 1230.156005859375
-50555 1232.366943359375
-50545 1233.2340087890625
-50535 1233.89501953125
-50525 1234.0579833984375
-50515 1234.134033203125
-50505 1233.4830322265625
-50495 1233.4510498046875
-50485 1233.8079833984375
-50475 1233.970947265625
-50465 1232.7349853515625
-50455 1231.8360595703125
-50445 1231.7159423828125
-50435 1231.6300048828125
-50425 1231.2939453125
-50415 1230.8599853515625
-50405 1230.134033203125
-50395 1229.4940185546875
-50385 1229.625
-50375 1229.625
-50365 1229.321044921875
-50355 1231.4239501953125
-50345 1232.7349853515625
-50335 1231.1199951171875
-50325 1226.5789794921875
-50315 1225.5379638671875
-50305 1227.824951171875
-50295 1230.2640380859375
-50285 1232.0419921875
-50275 1231.3699951171875
-50265 1233.1910400390625
-50255 1234.925048828125
-50245 1237.06005859375
-50235 1238.8919677734375
-50225 1238.93505859375
-50215 1239.1629638671875
-50205 1238.5989990234375
-50195 1238.3170166015625
-50185 1237.6240234375
-50175 1234.404052734375
-50165 1230.241943359375
-50155 1226.7950439453125
-50145 1223.239990234375
-50135 1220.6820068359375
-50125 1219.70703125
-50115 1217.9830322265625
-50105 1217.386962890625
-50095 1214.8509521484375
-50085 1214.092041015625
-50075 1212.260009765625
-50065 1212.0760498046875
-50055 1210.3089599609375
-50045 1208.303955078125
-50035 1207.4150390625
-50025 1207.6650390625
-50015 1207.14404296875
-50005 1206.404052734375
-49995 1205.7960205078125
-49985 1205.135009765625
-49975 1204.7060546875
-49965 1204.6319580078125
-49955 1204.905029296875
-49945 1206.2779541015625
-49935 1206.1939697265625
-49925 1205.7650146484375
-49915 1205.5439453125
-49905 1205.6390380859375
-49895 1204.6319580078125
-49885 1205.4610595703125
-49875 1207.3900146484375
-49865 1206.2989501953125
-49855 1207.946044921875
-49845 1208.050048828125
-49835 1206.8759765625
-49825 1206.0159912109375
-49815 1205.7540283203125
-49805 1205.365966796875
-49795 1205.093994140625
-49785 1204.2130126953125
-49775 1204.4639892578125
-49765 1203.9510498046875
-49755 1203.740966796875
-49745 1203.6259765625
-49735 1203.0699462890625
-49725 1198.833984375
-49715 1197.9429931640625
-49705 1198.1099853515625
-49695 1197.6600341796875
-49685 1197.1669921875
-49675 1196.85205078125
-49665 1196.2130126953125
-49655 1195.447021484375
-49645 1195.175048828125
-49635 1193.81201171875
-49625 1192.531982421875
-49615 1194.345947265625
-49605 1193.81201171875
-49595 1193.3079833984375
-49585 1193.633056640625
-49575 1191.5050048828125
-49565 1189.18798828125
-49555 1190.1209716796875
-49545 1191.8929443359375
-49535 1191.3900146484375
-49525 1191.4110107421875
-49515 1191.2530517578125
-49505 1191.5260009765625
-49495 1190.906982421875
-49485 1190.948974609375
-49475 1190.75
-49465 1190.927978515625
-49455 1190.77099609375
-49445 1189.7230224609375
-49435 1189.3759765625
-49425 1188.6739501953125
-49415 1187.708984375
-49405 1186.251953125
-49395 1185.2349853515625
-49385 1185.4659423828125
-49375 1186.27294921875
-49365 1186.6190185546875
-49355 1187.133056640625
-49345 1187.405029296875
-49335 1188.3909912109375
-49325 1188.1500244140625
-49315 1187.363037109375
-49305 1187.416015625
-49295 1186.9749755859375
-49285 1186.7869873046875
-49275 1185.93701171875
-49265 1185.864013671875
-49255 1186.136962890625
-49245 1186.18896484375
-49235 1185.989990234375
-49225 1186.261962890625
-49215 1186.8499755859375
-49205 1190.948974609375
-49195 1194.18896484375
-49185 1199.06494140625
-49175 1199.3370361328125
-49165 1201.843017578125
-49155 1204.0660400390625
-49145 1206.530029296875
-49135 1207.6409912109375
-49125 1207.8089599609375
-49115 1206.43603515625
-49105 1200.14501953125
-49095 1199.2110595703125
-49085 1200.47998046875
-49075 1202.178955078125
-49065 1203.8349609375
-49055 1205.5550537109375
-49045 1206.551025390625
-49035 1208.637939453125
-49025 1208.8260498046875
-49015 1209.906005859375
-49005 1211.85595703125
-48995 1213.239990234375
-48985 1216.56396484375
-48975 1220.6739501953125
-48965 1229.02001953125
-48955 1231.5789794921875
-48945 1232.68994140625
-48935 1234.5670166015625
-48925 1236.6429443359375
-48915 1238.7919921875
-48905 1239.3690185546875
-48895 1240.8160400390625
-48885 1241.2879638671875
-48875 1242.178955078125
-48865 1243.375
-48855 1245.387939453125
-48845 1246.1839599609375
-48835 1246.47802734375
-48825 1246.949951171875
-48815 1246.886962890625
-48805 1247.2020263671875
-48795 1246.1429443359375
-48785 1244.97900390625
-48775 1239.97705078125
-48765 1244.2969970703125
-48755 1246.739990234375
-48745 1248.239990234375
-48735 1249.72802734375
-48725 1250.4940185546875
-48715 1250.4620361328125
-48705 1250.2320556640625
-48695 1254.60400390625
-48685 1257.4449462890625
-48675 1258.136962890625
-48665 1259.322021484375
-48655 1259.77294921875
-48645 1255.3170166015625
-48635 1257.864990234375
-48625 1257.791015625
-48615 1255.4429931640625
-48605 1265.31396484375
-48595 1269.240966796875
-48585 1271.134033203125
-48575 1272.1090087890625
-48565 1272.623046875
-48555 1273.7030029296875
-48545 1274.2010498046875
-48535 1274.18505859375
-48525 1272.623046875
-48515 1271.54296875
-48505 1271.925048828125
-48495 1272.8380126953125
-48485 1272.2139892578125
-48475 1269.7919921875
-48465 1268.968994140625
-48455 1268.02001953125
-48445 1265.9849853515625
-48435 1260.885009765625
-48425 1254.0059814453125
-48415 1257.77099609375
-48405 1266.02197265625
-48395 1270.43603515625
-48385 1269.31396484375
-48375 1268.947998046875
-48365 1264.406982421875
-48355 1263.988037109375
-48345 1267.552978515625
-48335 1266.137939453125
-48325 1265.7230224609375
-48315 1264.9840087890625
-48305 1264.323974609375
-48295 1264.574951171875
-48285 1268.81103515625
-48275 1271.9930419921875
-48265 1274.4100341796875
-48255 1274.8399658203125
-48245 1275.489990234375
-48235 1276.553955078125
-48225 1276.9320068359375
-48215 1277.2989501953125
-48205 1277.156982421875
-48195 1276.7120361328125
-48185 1275.95703125
-48175 1277.3409423828125
-48165 1276.2030029296875
-48155 1275.3070068359375
-48145 1275.0240478515625
-48135 1274.2060546875
-48125 1273.9169921875
-48115 1273.8389892578125
-48105 1273.1209716796875
-48095 1272.7060546875
-48085 1271.4530029296875
-48075 1269.9439697265625
-48065 1269.3349609375
-48055 1267.8680419921875
-48045 1266.6510009765625
-48035 1267.531982421875
-48025 1269.2099609375
-48015 1268.386962890625
-48005 1265.362060546875
-47995 1254.991943359375
-47985 1254.405029296875
-47975 1262.199951171875
-47965 1264.27099609375
-47955 1262.697998046875
-47945 1260.3809814453125
-47935 1257.843994140625
-47925 1260.0770263671875
-47915 1261.16796875
-47905 1260.5179443359375
-47895 1255.3170166015625
-47885 1247.4849853515625
-47875 1254.0269775390625
-47865 1259.8780517578125
-47855 1260.8740234375
-47845 1259.60498046875
-47835 1256.281982421875
-47825 1252.3389892578125
-47815 1254.0689697265625
-47805 1252.85302734375
-47795 1252.4229736328125
-47785 1253.9539794921875
-47775 1252.1820068359375
-47765 1256.239990234375
-47755 1256.9949951171875
-47745 1258.5150146484375
-47735 1258.2840576171875
-47725 1258.0009765625
-47715 1255.3070068359375
-47705 1250.3680419921875
-47695 1249.4449462890625
-47685 1251.887939453125
-47675 1246.865966796875
-47665 1232.6800537109375
-47655 1235.447998046875
-47645 1243.385009765625
-47635 1249.2249755859375
-47625 1258.6300048828125
-47615 1259.573974609375
-47605 1259.552978515625
-47595 1259.9990234375
-47585 1259.762939453125
-47575 1260.0770263671875
-47565 1260.2030029296875
-47555 1259.97802734375
-47545 1260.5489501953125
-47535 1259.762939453125
-47525 1258.4520263671875
-47515 1258.0849609375
-47505 1256.89697265625
-47495 1254.64794921875
-47485 1253.666015625
-47475 1254.126953125
-47465 1253.489990234375
-47455 1253.0970458984375
-47445 1251.0179443359375
-47435 1248.6199951171875
-47425 1247.3809814453125
-47415 1246.4320068359375
-47405 1244.177001953125
-47395 1241.8270263671875
-47385 1234.8089599609375
-47375 1236.2860107421875
-47365 1238.5479736328125
-47355 1237.2679443359375
-47345 1237.8909912109375
-47335 1238.2979736328125
-47325 1237.260986328125
-47315 1230.6910400390625
-47305 1228.6519775390625
-47295 1237.531982421875
-47285 1236.3399658203125
-47275 1229.9119873046875
-47265 1235.9610595703125
-47255 1236.5770263671875
-47245 1235.81201171875
-47235 1233.9090576171875
-47225 1231.8089599609375
-47215 1229.987060546875
-47205 1226.35595703125
-47195 1225.468994140625
-47185 1225.9019775390625
-47175 1224.2020263671875
-47165 1223.0579833984375
-47155 1220.9169921875
-47145 1217.719970703125
-47135 1212.782958984375
-47125 1198.8499755859375
-47115 1208.2779541015625
-47105 1212.511962890625
-47095 1216.636962890625
-47085 1220.010009765625
-47075 1221.16796875
-47065 1221.6009521484375
-47055 1220.0570068359375
-47045 1217.8289794921875
-47035 1216.291015625
-47025 1214.97705078125
-47015 1212.8909912109375
-47005 1206.822021484375
-46995 1205.8599853515625
-46985 1206.70703125
-46975 1204.5999755859375
-46965 1202.3990478515625
-46955 1199.6490478515625
-46945 1194.08203125
-46935 1186.7869873046875
-46925 1184.6400146484375
-46915 1182.4320068359375
-46905 1177.5069580078125
-46895 1170.198974609375
-46885 1154.220947265625
-46875 1152.2900390625
-46865 1166.1689453125
-46855 1171.75
-46845 1171.68896484375
-46835 1171.8179931640625
-46825 1171.5400390625
-46815 1172.1500244140625
-46805 1173.7010498046875
-46795 1176.260986328125
-46785 1176.91796875
-46775 1177.487060546875
-46765 1177.56201171875
-46755 1176.7010498046875
-46745 1171.2490234375
-46735 1172.238037109375
-46725 1175.9019775390625
-46715 1176.281005859375
-46705 1178.97705078125
-46695 1180.0069580078125
-46685 1180.0679931640625
-46675 1180.1619873046875
-46665 1179.9119873046875
-46655 1177.56201171875
-46645 1174.7569580078125
-46635 1175.8819580078125
-46625 1177.541015625
-46615 1180.0880126953125
-46605 1186.0479736328125
-46595 1189.3199462890625
-46585 1190.9730224609375
-46575 1197.10205078125
-46565 1202.56201171875
-46555 1206.6390380859375
-46545 1213.3719482421875
-46535 1216.615966796875
-46525 1219.751953125
-46515 1220.3690185546875
-46505 1219.447998046875
-46495 1217.321044921875
-46485 1218.1610107421875
-46475 1217.8489990234375
-46465 1216.1829833984375
-46455 1215.7020263671875
-46445 1215.3699951171875
-46435 1214.781005859375
-46425 1214.6319580078125
-46415 1215.261962890625
-46405 1215.4990234375
-46395 1215.3900146484375
-46385 1215.4310302734375
-46375 1215.1600341796875
-46365 1213.3790283203125
-46355 1210.77099609375
-46345 1211.0279541015625
-46335 1214.009033203125
-46325 1215.2679443359375
-46315 1215.7969970703125
-46305 1215.5870361328125
-46295 1213.9610595703125
