-71685 2181.658935546875
-71675 2183.26904296875
-71665 2185.111083984375
-71655 2187.7529296875
-71645 2189.930908203125
-71635 2192.493896484375
-71625 2194.760009765625
-71615 2195.888916015625
-71605 2198.1640625
-71595 2199.989013671875
-71585 2202.19091796875
-71575 2204.1689453125
-71565 2207.115966796875
-71555 2208.533935546875
-71545 2209.406005859375
-71535 2211.280029296875
-71525 2212.577880859375
-71515 2215.4599609375
-71505 2218.14306640625
-71495 2220.760986328125
-71485 2222.490966796875
-71475 2224.133056640625
-71465 2226.5029296875
-71455 2228.408935546875
-71445 2232.173095703125
-71435 2235.615966796875
-71425 2238.60302734375
-71415 2240.62890625
-71405 2243.118896484375
-71395 2245.4580078125
-71385 2247.260009765625
-71375 2247.780029296875
-71365 2249.22900390625
-71355 2251.10302734375
-71345 2250.030029296875
-71335 2251.287109375
-71325 2252.697021484375
-71315 2252.8330078125
-71305 2254.18603515625
-71295 2256.172119140625
-71285 2257.10107421875
-71275 2256.5
-71265 2258.0380859375
-71255 2260.159912109375
-71245 2262.698974609375
-71235 2263.763916015625
-71225 2265.029052734375
-71215 2268.672119140625
-71205 2271.780029296875
-71195 2275.5830078125
-71185 2276.672119140625
-71175 2278.090087890625
-71165 2281.10888671875
-71155 2285.3369140625
-71145 2288.027099609375
-71135 2289.717041015625
-71125 2290.55810546875
-71115 2293.448974609375
-71105 2298.10888671875
-71095 2302.009033203125
-71085 2306.6298828125
-71075 2311.77099609375
-71065 2317.431884765625
-71055 2323.669921875
-71045 2330.541015625
-71035 2336.450927734375
-71025 2342.85693359375
-71015 2350.928955078125
-71005 2360.498046875
-70995 2367.297119140625
-70985 2371.18896484375
-70975 2373.527099609375
-70965 2376.72998046875
-70955 2381.117919921875
-70945 2387.381103515625
-70935 2392.721923828125
-70925 2399.1201171875
-70915 2407.031982421875
-70905 2414.7109375
-70895 2420.428955078125
-70885 2426.02587890625
-70875 2429.493896484375
-70865 2432.616943359375
-70855 2437.116943359375
-70845 2442.73095703125
-70835 2447.527099609375
-70825 2450.577880859375
-70815 2456.35205078125
-70805 2460.427978515625
-70795 2463.76708984375
-70785 2464.087890625
-70775 2467.906982421875
-70765 2473.2890625
-70755 2478.2529296875
-70745 2484.659912109375
-70735 2491.241943359375
-70725 2494.43701171875
-70715 2499.08203125
-70705 2503.261962890625
-70695 2507.201904296875
-70685 2511.43798828125
-70675 2514.777099609375
-70665 2518.29296875
-70655 2520.343017578125
-70645 2520.51904296875
-70635 2524.097900390625
-70625 2527.180908203125
-70615 2529.470947265625
-70605 2530.673095703125
-70595 2532.64306640625
-70585 2533.48291015625
-70575 2533.4189453125
-70565 2534.98095703125
-70555 2534.589111328125
-70545 2534.139892578125
-70535 2532.65087890625
-70525 2530.712890625
-70515 2527.9580078125
-70505 2525.491943359375
-70495 2522.881103515625
-70485 2519.758056640625
-70475 2516.26708984375
-70465 2512.319091796875
-70455 2507.721923828125
-70445 2503.60595703125
-70435 2500.907958984375
-70425 2498.208984375
-70415 2495.18994140625
-70405 2490.089111328125
-70395 2481.64892578125
-70385 2474.2900390625
-70375 2468.179931640625
-70365 2465.60107421875
-70355 2462.862060546875
-70345 2458.7060546875
-70335 2450.330078125
-70325 2443.659912109375
-70315 2436.90087890625
-70305 2425.258056640625
-70295 2417.489990234375
-70285 2410.618896484375
-70275 2403.508056640625
-70265 2396.597900390625
-70255 2390.72802734375
-70245 2385.01806640625
-70235 2379.861083984375
-70225 2374.19189453125
-70215 2368.241943359375
-70205 2361.988037109375
-70195 2356.278076171875
-70185 2350.68896484375
-70175 2346.196044921875
-70165 2341.280029296875
-70155 2336.291015625
-70145 2331.47802734375
-70135 2328.2509765625
-70125 2323.55810546875
-70115 2319.23388671875
-70105 2314.492919921875
-70095 2310.072998046875
-70085 2307.14990234375
-70075 2305.509033203125
-70065 2303.611083984375
-70055 2301.720947265625
-70045 2300.0869140625
-70035 2298.342041015625
-70025 2297.549072265625
-70015 2296.827880859375
-70005 2296.049072265625
-69995 2295.666015625
-69985 2295.1201171875
-69975 2294.589111328125
-69965 2293.968994140625
-69955 2295.489013671875
-69945 2297.095947265625
-69935 2294.737060546875
-69925 2291.610107421875
-69915 2294.7509765625
-69905 2293.305908203125
-69895 2295.238037109375
-69885 2299.219970703125
-69875 2296.0048828125
-69865 2300.532958984375
-69855 2301.787109375
-69845 2300.297119140625
-69835 2296.1669921875
-69825 2296.594970703125
-69815 2299.235107421875
-69805 2301.625
-69795 2296.22607421875
-69785 2291.56494140625
-69775 2283.778076171875
-69765 2278.89599609375
-69755 2277.14111328125
-69745 2279.2939453125
-69735 2276.181884765625
-69725 2270.827880859375
-69715 2261.594970703125
-69705 2258.865966796875
-69695 2259.412109375
-69685 2261.049072265625
-69675 2268.762939453125
-69665 2273.39404296875
-69655 2274.427001953125
-69645 2270.592041015625
-69635 2272.22900390625
-69625 2279.04296875
-69615 2280.01708984375
-69605 2277.02294921875
-69595 2281.594970703125
-69585 2283.3349609375
-69575 2288.083984375
-69565 2294.840087890625
-69555 2301.787109375
-69545 2310.31201171875
-69535 2329.383056640625
-69525 2355.886962890625
-69515 2369.220947265625
-69505 2367.156005859375
-69495 2360.843017578125
-69485 2358.0849609375
-69475 2355.178955078125
-69465 2349.81103515625
-69455 2342.74609375
-69445 2336.123046875
-69435 2334.05810546875
-69425 2332.4208984375
-69415 2330.445068359375
-69405 2327.819091796875
-69395 2327.613037109375
-69385 2330.2529296875
-69375 2348.762939453125
-69365 2350.666015625
-69355 2347.716064453125
-69345 2347.74609375
-69335 2348.866943359375
-69325 2356.758056640625
-69315 2366.256103515625
-69305 2366.447998046875
-69295 2369.177001953125
-69285 2373.8369140625
-69275 2368.910888671875
-69265 2378.054931640625
-69255 2387.87890625
-69245 2387.553955078125
-69235 2402.009033203125
-69225 2404.10302734375
-69215 2393.762939453125
-69205 2382.1259765625
-69195 2376.034912109375
-69185 2370.35595703125
-69175 2367.6279296875
-69165 2365.81298828125
-69155 2363.321044921875
-69145 2360.445068359375
-69135 2361.507080078125
-69125 2367.18505859375
-69115 2374.737060546875
-69105 2381.93505859375
-69095 2389.220947265625
-69085 2400.902099609375
-69075 2411.787109375
-69065 2429.323974609375
-69055 2433.512939453125
-69045 2427.73095703125
-69035 2423.3798828125
-69025 2422.820068359375
-69015 2427.804931640625
-69005 2428.277099609375
-68995 2421.034912109375
-68985 2416.344970703125
-68975 2413.409912109375
-68965 2408.39501953125
-68955 2402.302978515625
-68945 2395.445068359375
-68935 2389.427001953125
-68925 2383.512939453125
-68915 2377.84912109375
-68905 2371.3740234375
-68895 2368.93994140625
-68885 2366.697998046875
-68875 2362.346923828125
-68865 2357.569091796875
-68855 2354.235107421875
-68845 2352.99609375
-68835 2352.1259765625
-68825 2349.235107421875
-68815 2346.034912109375
-68805 2344.677978515625
-68795 2343.822021484375
-68785 2342.06689453125
-68775 2340.97607421875
-68765 2338.35009765625
-68755 2338.3349609375
-68745 2337.096923828125
-68735 2333.778076171875
-68725 2333.157958984375
-68715 2334.737060546875
-68705 2337.052001953125
-68695 2336.97900390625
-68685 2338.277099609375
-68675 2341.06396484375
-68665 2345.739990234375
-68655 2345.65087890625
-68645 2340.97607421875
-68635 2339.64794921875
-68625 2337.74609375
-68615 2330.81298828125
-68605 2322.569091796875
-68595 2316.123046875
-68585 2310.091064453125
-68575 2304.470947265625
-68565 2298.173095703125
-68555 2292.967041015625
-68545 2289.176025390625
-68535 2285.1640625
-68525 2282.095947265625
-68515 2278.452880859375
-68505 2275.0458984375
-68495 2271.284912109375
-68485 2268.881103515625
-68475 2267.552978515625
-68465 2265.135009765625
-68455 2262.700927734375
-68445 2259.9130859375
-68435 2255.26708984375
-68425 2251.1669921875
-68415 2247.302978515625
-68405 2244.55908203125
-68395 2244.382080078125
-68385 2244.64794921875
-68375 2246.197021484375
-68365 2247.406005859375
-68355 2246.93408203125
-68345 2243.778076171875
-68335 2239.927978515625
-68325 2232.72998046875
-68315 2226.948974609375
-68305 2218.010009765625
-68295 2212.18505859375
-68285 2208.555908203125
-68275 2206.403076171875
-68265 2205.35595703125
-68255 2203.555908203125
-68245 2198.423095703125
-68235 2197.596923828125
-68225 2196.654052734375
-68215 2193.39404296875
-68205 2187.77392578125
-68195 2184.14599609375
-68185 2181.343994140625
-68175 2181.2109375
-68165 2175.679931640625
-68155 2170.64990234375
-68145 2165.385009765625
-68135 2160.708984375
-68125 2158.5849609375
-68115 2155.547119140625
-68105 2151.077880859375
-68095 2147.9951171875
-68085 2142.89208984375
-68075 2135.10400390625
-68065 2130.9599609375
-68055 2114.780029296875
-68045 2107.464111328125
-68035 2104.572998046875
-68025 2099.131103515625
-68015 2087.802978515625
-68005 2077.9951171875
-67995 2064.75
-67985 2056.373046875
-67975 2044.2039794921875
-67965 2034.883056640625
-67955 2031.5489501953125
-67945 2022.8330078125
-67935 2013.8360595703125
-67925 2011.4759521484375
-67915 1996.1949462890625
-67905 1984.469970703125
-67895 1972.4339599609375
-67885 1961.7259521484375
-67875 1951.31298828125
-67865 1943.864990234375
-67855 1933.7020263671875
-67845 1925.5760498046875
-67835 1911.7550048828125
-67825 1900.324951171875
-67815 1891.81396484375
-67805 1884.114990234375
-67795 1876.5780029296875
-67785 1869.43994140625
-67775 1861.7989501953125
-67765 1854.114990234375
-67755 1846.416015625
-67745 1838.5250244140625
-67735 1832.1240234375
-67725 1824.9410400390625
-67715 1818.22998046875
-67705 1811.9610595703125
-67695 1805.4720458984375
-67685 1799.2769775390625
-67675 1792.9940185546875
-67665 1786.9759521484375
-67655 1780.9730224609375
-67645 1775.6929931640625
-67635 1769.969970703125
-67625 1764.5570068359375
-67615 1759.3360595703125
-67605 1754.615966796875
-67595 1749.822998046875
-67585 1744.4830322265625
-67575 1736.7550048828125
-67565 1729.0999755859375
-67555 1721.135009765625
-67545 1720.4119873046875
-67535 1719.9549560546875
-67525 1720.45703125
-67515 1721.135009765625
-67505 1723.510009765625
-67495 1727.70703125
-67485 1731.0889892578125
-67475 1732.8809814453125
-67465 1736.35400390625
-67455 1739.6090087890625
-67445 1742.240966796875
-67435 1746.738037109375
-67425 1751.6199951171875
-67415 1756.6829833984375
-67405 1761.2540283203125
-67395 1765.6409912109375
-67385 1768.1639404296875
-67375 1771.4730224609375
-67365 1773.6309814453125
-67355 1774.2889404296875
-67345 1773.447998046875
-67335 1774.5260009765625
-67325 1775.7879638671875
-67315 1780.029052734375
-67305 1785.366943359375
-67295 1792.2779541015625
-67285 1799.93798828125
-67275 1807.2509765625
-67265 1814.3990478515625
-67255 1818.43896484375
-67245 1821.7110595703125
-67235 1824.2530517578125
-67225 1824.8740234375
-67215 1826.0260009765625
-67205 1820.7060546875
-67195 1817.3050537109375
-67185 1815.89794921875
-67175 1817.1590576171875
-67165 1818.9139404296875
-67155 1822.5889892578125
-67145 1824.8380126953125
-67135 1830.1939697265625
-67125 1836.0439453125
-67115 1844.3260498046875
-67105 1850.779052734375
-67095 1856.7760009765625
-67085 1859.2440185546875
-67075 1854.7459716796875
-67065 1848.4759521484375
-67055 1858.5849609375
-67045 1882.47998046875
-67035 1888.8050537109375
-67025 1897.323974609375
-67015 1902.8819580078125
-67005 1907.6529541015625
-66995 1920.6700439453125
-66985 1931.9310302734375
-66975 1948.1290283203125
-66965 1960.614990234375
-66955 1973.3389892578125
-66945 1982.425048828125
-66935 2006.3189697265625
-66925 2012.718017578125
-66915 2020.3409423828125
-66905 2028.9520263671875
-66895 2035.5699462890625
-66885 2037.7640380859375
-66875 2038.623046875
-66865 2041.31103515625
-66855 2047.032958984375
-66845 2054.364013671875
-66835 2056.302001953125
-66825 2061.072998046875
-66815 2068.258056640625
-66805 2072.60888671875
-66795 2080.580078125
-66785 2094.802978515625
-66775 2114.47412109375
-66765 2118.458984375
-66755 2112.37109375
-66745 2105.05908203125
-66735 2096.886962890625
-66725 2093.284912109375
-66715 2093.633056640625
-66705 2106.9970703125
-66695 2124.1630859375
-66685 2142.02392578125
-66675 2143.2490234375
-66665 2129.22705078125
-66655 2127.655029296875
-66645 2136.83203125
-66635 2149.922119140625
-66625 2154.85791015625
-66615 2167.74609375
-66605 2165.77197265625
-66595 2160.39697265625
-66585 2160.39697265625
-66575 2159.154052734375
-66565 2199.97705078125
-66555 2212.281005859375
-66545 2210.14208984375
-66535 2195.93701171875
-66525 2187.30810546875
-66515 2179.720947265625
-66505 2172.60888671875
-66495 2166.778076171875
-66485 2160.469970703125
-66475 2154.547119140625
-66465 2148.458984375
-66455 2144.14501953125
-66445 2137.544921875
-66435 2131.712890625
-66425 2127.325927734375
-66415 2123.12109375
-66405 2121.3291015625
-66395 2115.60693359375
-66385 2113.176025390625
-66375 2108.8798828125
-66365 2104.455078125
-66355 2098.3310546875
-66345 2091.4208984375
-66335 2084.656005859375
-66325 2079.02587890625
-66315 2073.925048828125
-66305 2069.719970703125
-66295 2065.132080078125
-66285 2059.757080078125
-66275 2055.679931640625
-66265 2051.822998046875
-66255 2047.251953125
-66245 2042.406982421875
-66235 2038.6600341796875
-66225 2036.1190185546875
-66215 2026.1190185546875
-66205 2018.2569580078125
-66195 2012.5350341796875
-66185 2006.2650146484375
-66175 1998.6590576171875
-66165 1992.9560546875
-66155 1984.1070556640625
-66145 1975.0030517578125
-66135 1967.3800048828125
-66125 1958.9150390625
-66115 1953.302978515625
-66105 1944.7650146484375
-66095 1935.862060546875
-66085 1927.2879638671875
-66075 1918.5489501953125
-66065 1910.833984375
-66055 1903.9420166015625
-66045 1896.739013671875
-66035 1890.468994140625
-66025 1884.8929443359375
-66015 1879.407958984375
-66005 1874.2889404296875
-65995 1868.6400146484375
-65985 1864.4539794921875
-65975 1861.1080322265625
-65965 1857.7259521484375
-65955 1854.343994140625
-65945 1849.115966796875
-65935 1844.343994140625
-65925 1838.7679443359375
-65915 1833.009033203125
-65905 1825.677978515625
-65895 1819.7740478515625
-65885 1814.2159423828125
-65875 1808.365966796875
-65865 1803.5579833984375
-65855 1799.18798828125
-65845 1791.071044921875
-65835 1784.2340087890625
-65825 1777.342041015625
-65815 1770.3759765625
-65805 1762.625
-65795 1755.14794921875
-65785 1749.6090087890625
-65775 1743.958984375
-65765 1736.5550537109375
-65755 1730.10205078125
-65745 1723.136962890625
-65735 1716.6280517578125
-65725 1709.0050048828125
-65715 1701.490966796875
-65705 1694.635986328125
-65695 1689.6629638671875
-65685 1684.416015625
-65675 1677.10400390625
-65665 1669.3160400390625
-65655 1660.5589599609375
-65645 1655.988037109375
-65635 1656.115966796875
-65625 1654.031982421875
-65615 1656.2259521484375
-65605 1651.782958984375
-65595 1652.33203125
-65585 1651.1619873046875
-65575 1649.498046875
-65565 1647.5970458984375
-65555 1646.738037109375
-65545 1646.0980224609375
-65535 1645.76904296875
-65525 1644.9639892578125
-65515 1643.7030029296875
-65505 1644.2330322265625
-65495 1643.35595703125
-65485 1643.4649658203125
-65475 1643.1910400390625
-65465 1641.802001953125
-65455 1641.7099609375
-65445 1641.323974609375
-65435 1642.0579833984375
-65425 1643.1729736328125
-65415 1644.635009765625
-65405 1643.758056640625
-65395 1644.0479736328125
-65385 1645.5469970703125
-65375 1646.3719482421875
-65365 1645.8780517578125
-65355 1645.7139892578125
-65345 1646.6650390625
-65335 1650.7049560546875
-65325 1655.1109619140625
-65315 1659.9530029296875
-65305 1664.635009765625
-65295 1669.8819580078125
-65285 1676.4429931640625
-65275 1684.177978515625
-65265 1692.5880126953125
-65255 1701.0340576171875
-65245 1709.2239990234375
-65235 1716.04296875
-65225 1723.9959716796875
-65215 1731.3270263671875
-65205 1739.3890380859375
-65195 1750.52294921875
-65185 1759.77294921875
-65175 1770.3759765625
-65165 1779.35302734375
-65155 1789.1519775390625
-65145 1797.39697265625
-65135 1805.112060546875
-65125 1812.6800537109375
-65115 1820.468017578125
-65105 1826.7939453125
-65095 1835.4229736328125
-65085 1843.447998046875
-65075 1850.5780029296875
-65065 1857.762939453125
-65055 1864.56396484375
-65045 1874.343994140625
-65035 1883.52197265625
-65025 1893.7779541015625
-65015 1903.886962890625
-65005 1914.4110107421875
-64995 1920.946044921875
-64985 1928.114990234375
-64975 1935.5179443359375
-64965 1941.7430419921875
-64955 1946.9189453125
-64945 1952.0400390625
-64935 1957.843994140625
-64925 1964.302978515625
-64915 1968.9649658203125
-64905 1976.593017578125
-64895 1983.9090576171875
-64885 1990.925048828125
-64875 1995.696044921875
-64865 1997.10498046875
-64855 1995.7459716796875
-64845 1995.35205078125
-64835 2001.45703125
-64825 2006.7740478515625
-64815 2002.81103515625
-64805 1995.4339599609375
-64795 1985.885009765625
-64785 1978.8580322265625
-64775 1971.166015625
-64765 1964.4119873046875
-64755 1957.761962890625
-64745 1950.324951171875
-64735 1944.35205078125
-64725 1939.126953125
-64715 1933.7659912109375
-64705 1927.7159423828125
-64695 1921.699951171875
-64685 1915.8089599609375
-64675 1910.3709716796875
-64665 1905.217041015625
-64655 1899.5269775390625
-64645 1892.6429443359375
-64635 1885.9649658203125
-64625 1879.4949951171875
-64615 1874.030029296875
-64605 1867.0689697265625
-64595 1859.1300048828125
-64585 1851.8580322265625
-64575 1844.137939453125
-64565 1836.22705078125
-64555 1829.1070556640625
-64545 1821.3489990234375
-64535 1813.7490234375
-64525 1805.3079833984375
-64515 1797.801025390625
-64505 1790.947998046875
-64495 1784.7080078125
-64485 1768.3780517578125
-64475 1759.2159423828125
-64465 1748.0780029296875
-64455 1728.7010498046875
-64445 1717.8360595703125
-64435 1710.5909423828125
-64425 1702.89794921875
-64415 1693.218017578125
-64405 1686.136962890625
-64395 1677.2969970703125
-64385 1669.958984375
-64375 1662.239013671875
-64365 1656.0589599609375
-64355 1649.0860595703125
-64345 1642.76904296875
-64335 1636.178955078125
-64325 1630.5889892578125
-64315 1625.41796875
-64305 1620.6519775390625
-64295 1614.448974609375
-64285 1608.6400146484375
-64275 1602.68896484375
-64265 1597.2020263671875
-64255 1591.8680419921875
-64245 1587.406982421875
-64235 1582.7120361328125
-64225 1578.218017578125
-64215 1573.33203125
-64205 1569.3299560546875
-64195 1565.22900390625
-64185 1561.9320068359375
-64175 1558.469970703125
-64165 1554.0419921875
-64155 1550.0679931640625
-64145 1545.3609619140625
-64135 1539.218994140625
-64125 1535.6590576171875
-64115 1531.89697265625
-64105 1528.6710205078125
-64095 1523.56005859375
-64085 1520.1810302734375
-64075 1516.5880126953125
-64065 1511.6910400390625
-64055 1506.5799560546875
-64045 1500.4110107421875
-64035 1494.738037109375
-64025 1493.5689697265625
-64015 1501.458984375
-64005 1505.89794921875
-63995 1509.9930419921875
-63985 1514.8900146484375
-63975 1521.0810546875
-63965 1527.6500244140625
-63955 1534.2010498046875
-63945 1541.178955078125
-63935 1547.5999755859375
-63925 1553.637939453125
-63915 1559.386962890625
-63905 1566.4310302734375
-63895 1574.031005859375
-63885 1581.3580322265625
-63875 1589.0780029296875
-63865 1595.6190185546875
-63855 1602.1700439453125
-63845 1608.6290283203125
-63835 1614.7989501953125
-63825 1620.3900146484375
-63815 1626.657958984375
-63805 1632.72900390625
-63795 1639.4010009765625
-63785 1645.0899658203125
-63775 1650.7569580078125
-63765 1654.6280517578125
-63755 1658.1009521484375
-63745 1662.1300048828125
-63735 1666.469970703125
-63725 1671.029052734375
-63715 1675.446044921875
-63705 1679.9019775390625
-63695 1683.8759765625
-63685 1689.0899658203125
-63675 1694.010009765625
-63665 1698.427001953125
-63655 1701.5
-63645 1705.14794921875
-63635 1708.3690185546875
-63625 1711.91796875
-63615 1715.93603515625
-63605 1719.758056640625
-63595 1723.498046875
-63585 1727.8990478515625
-63575 1732.1190185546875
-63565 1736.258056640625
-63555 1740.6309814453125
-63545 1745.407958984375
-63535 1750.677001953125
-63525 1756.8900146484375
-63515 1762.7760009765625
-63505 1767.97900390625
-63495 1773.2969970703125
-63485 1778.1180419921875
-63475 1782.6390380859375
-63465 1787.7490234375
-63455 1792.5260009765625
-63445 1797.39599609375
-63435 1802.970947265625
-63425 1810.2490234375
-63415 1819.1700439453125
-63405 1831.946044921875
-63395 1844.1490478515625
-63385 1855.5760498046875
-63375 1867.41796875
-63365 1872.3270263671875
-63355 1879.1949462890625
-63345 1886.3260498046875
-63335 1894.68994140625
-63325 1905.8389892578125
-63315 1914.0889892578125
-63305 1921.7110595703125
-63295 1929.322021484375
-63285 1938.324951171875
-63275 1946.7979736328125
-63265 1957.008056640625
-63255 1965.23095703125
-63245 1972.22998046875
-63235 1979.2239990234375
-63225 1986.1419677734375
-63215 1994.2330322265625
-63205 2003.06201171875
-63195 2010.333984375
-63185 2017.6500244140625
-63175 2025.343017578125
-63165 2034.155029296875
-63155 2041.373046875
-63145 2046.52197265625
-63135 2051.23291015625
-63125 2056.06005859375
-63115 2061.251953125
-63105 2066.7939453125
-63095 2070.883056640625
-63085 2075.430908203125
-63075 2081.322998046875
-63065 2086.65087890625
-63055 2092.881103515625
-63045 2099.333984375
-63035 2105.972900390625
-63025 2112.262939453125
-63015 2116.2919921875
-63005 2119.612060546875
-62995 2121.381103515625
-62985 2121.1298828125
-62975 2120.114013671875
-62965 2118.639892578125
-62955 2117.7939453125
-62945 2116.964111328125
-62935 2114.322021484375
-62925 2110.919921875
-62915 2107.944091796875
-62905 2104.97412109375
-62895 2109.550048828125
-62885 2112.110107421875
-62875 2111.9140625
-62865 2107.6708984375
-62855 2100.31201171875
-62845 2092.821044921875
-62835 2086.52001953125
-62825 2079.652099609375
-62815 2073.181884765625
-62805 2067.514892578125
-62795 2062.35009765625
-62785 2056.212890625
-62775 2050.44189453125
-62765 2045.2110595703125
-62755 2040.60302734375
-62745 2036.9510498046875
-62735 2030.3330078125
-62725 2023.623046875
-62715 2018.6490478515625
-62705 2012.758056640625
-62695 2007.2110595703125
-62685 2000.6429443359375
-62675 1992.7039794921875
-62665 1984.0340576171875
-62655 1976.2919921875
-62645 1973.3709716796875
-62635 1969.7509765625
-62625 1968.10302734375
-62615 1963.97998046875
-62605 1958.094970703125
-62595 1952.75
-62585 1945.656982421875
-62575 1936.68701171875
-62565 1925.8270263671875
-62555 1913.70703125
-62545 1903.89501953125
-62535 1895.8089599609375
-62525 1886.0360107421875
-62515 1876.280029296875
-62505 1865.489013671875
-62495 1857.10498046875
-62485 1847.5780029296875
-62475 1837.3580322265625
-62465 1828.052001953125
-62455 1818.8709716796875
-62445 1805.5830078125
-62435 1798.4090576171875
-62425 1787.7879638671875
-62415 1774.9940185546875
-62405 1760.572021484375
-62395 1749.9320068359375
-62385 1734.4969482421875
-62375 1722.946044921875
-62365 1712.0040283203125
-62355 1692.1099853515625
-62345 1676.3380126953125
-62335 1668.4229736328125
-62325 1663.197998046875
-62315 1657.5389404296875
-62305 1651.9510498046875
-62295 1646.529052734375
-62285 1641.386962890625
-62275 1635.800048828125
-62265 1630.427978515625
-62255 1625.4420166015625
-62245 1620.595947265625
-62235 1613.883056640625
-62225 1606.6429443359375
-62215 1600.530029296875
-62205 1594.4990234375
-62195 1588.031982421875
-62185 1581.9520263671875
-62175 1576.2099609375
-62165 1571.0999755859375
-62155 1565.5450439453125
-62145 1560.551025390625
-62135 1555.8289794921875
-62125 1551.5830078125
-62115 1547.115966796875
-62105 1543.8499755859375
-62095 1539.7769775390625
-62085 1536.6669921875
-62075 1531.220947265625
-62065 1529.5999755859375
-62055 1527.8310546875
-62045 1530.1590576171875
-62035 1529.5999755859375
-62025 1530.4639892578125
-62015 1532.3070068359375
-62005 1534.56103515625
-61995 1537.2430419921875
-61985 1538.97900390625
-61975 1539.6209716796875
-61965 1543.0269775390625
-61955 1547.0670166015625
-61945 1551.072998046875
-61935 1555.114990234375
-61925 1559.4820556640625
-61915 1563.842041015625
-61905 1568.6080322265625
-61895 1573.6429443359375
-61885 1579.1300048828125
-61875 1585.0379638671875
-61865 1589.3399658203125
-61855 1594.3079833984375
-61845 1600.093994140625
-61835 1607.02099609375
-61825 1614.0389404296875
-61815 1622.447021484375
-61805 1631.011962890625
-61795 1637.166015625
-61785 1639.322021484375
-61775 1646.842041015625
-61765 1655.3809814453125
-61755 1665.35498046875
-61745 1674.0999755859375
-61735 1681.7440185546875
-61725 1689.9630126953125
-61715 1697.0469970703125
-61705 1702.5670166015625
-61695 1707.083984375
-61685 1712.9830322265625
-61675 1720.0340576171875
-61665 1726.220947265625
-61655 1731.18994140625
-61645 1737.821044921875
-61635 1744.6009521484375
-61625 1750.3699951171875
-61615 1755.7159423828125
-61605 1761.137939453125
-61595 1766.2239990234375
-61585 1769.488037109375
-61575 1771.72802734375
-61565 1777.0999755859375
-61555 1778.3590087890625
-61545 1777.906982421875
-61535 1779.0340576171875
-61525 1781.3189697265625
-61515 1790.56005859375
-61505 1799.6099853515625
-61495 1806.9410400390625
-61485 1813.85205078125
-61475 1826.4730224609375
-61465 1836.93798828125
-61455 1850.635986328125
-61445 1856.6929931640625
-61435 1863.010009765625
-61425 1870.02197265625
-61415 1876.6510009765625
-61405 1882.43701171875
-61395 1888.5660400390625
-61385 1894.85205078125
-61375 1901.35205078125
-61365 1905.6219482421875
-61355 1908.0899658203125
-61345 1908.68994140625
-61335 1904.2640380859375
-61325 1900.04296875
-61315 1896.9420166015625
-61305 1894.10302734375
-61295 1892.5889892578125
-61285 1891.387939453125
-61275 1891.2889404296875
-61265 1890.4090576171875
-61255 1888.7469482421875
-61245 1887.6610107421875
-61235 1889.1090087890625
-61225 1891.5770263671875
-61215 1896.6700439453125
-61205 1901.4010009765625
-61195 1905.365966796875
-61185 1908.633056640625
-61175 1911.470947265625
-61165 1912.9520263671875
-61155 1913.281005859375
-61145 1911.2900390625
-61135 1912.5
-61125 1914.1290283203125
-61115 1914.6390380859375
-61105 1915.6920166015625
-61095 1917.239013671875
-61085 1918.9990234375
-61075 1920.842041015625
-61065 1921.41796875
-61055 1921.426025390625
-61045 1922.199951171875
-61035 1923.5489501953125
-61025 1924.800048828125
-61015 1929.8680419921875
-61005 1935.9560546875
-60995 1940.8759765625
-60985 1946.2889404296875
-60975 1952.3690185546875
-60965 1957.64501953125
-60955 1962.5980224609375
-60945 1968.1080322265625
-60935 1974.363037109375
-60925 1980.2779541015625
-60915 1984.64697265625
-60905 1987.18896484375
-60895 1989.2869873046875
-60885 1990.9739990234375
-60875 1991.7139892578125
-60865 1992.0760498046875
-60855 1991.862060546875
-60845 1991.376953125
-60835 1989.3280029296875
-60825 1987.008056640625
-60815 1982.8699951171875
-60805 1979.8089599609375
-60795 1977.3160400390625
-60785 1974.1409912109375
-60775 1972.2889404296875
-60765 1971.449951171875
-60755 1968.791015625
-60745 1965.8699951171875
-60735 1963.56005859375
-60725 1961.7340087890625
-60715 1959.89697265625
-60705 1958.489990234375
-60695 1957.248046875
-60685 1957.135009765625
-60675 1957.8179931640625
-60665 1958.06396484375
-60655 1958.468017578125
-60645 1957.6510009765625
-60635 1956.9119873046875
-60625 1956.7459716796875
-60615 1956.114990234375
-60605 1954.7550048828125
-60595 1954.22998046875
-60585 1954.541015625
-60575 1957.02001953125
-60565 1960.573974609375
-60555 1961.989013671875
-60545 1961.6429443359375
-60535 1960.072021484375
-60525 1959.4139404296875
-60515 1958.885009765625
-60505 1958.5560302734375
-60495 1957.989990234375
-60485 1957.3399658203125
-60475 1953.1610107421875
-60465 1950.552978515625
-60455 1952.739990234375
-60445 1956.3599853515625
-60435 1960.302001953125
-60425 1962.4169921875
-60415 1964.5389404296875
-60405 1968.135009765625
-60395 1971.0369873046875
-60385 1975.3909912109375
-60375 1980.6729736328125
-60365 1985.345947265625
-60355 1988.802001953125
-60345 1991.031005859375
-60335 1991.5989990234375
-60325 1991.35205078125
-60315 1991.2120361328125
-60305 1989.31201171875
-60295 1987.321044921875
-60285 1985.6180419921875
-60275 1982.4580078125
-60265 1979.241943359375
-60255 1975.8189697265625
-60245 1971.697021484375
-60235 1966.60400390625
-60225 1959.3070068359375
-60215 1952.8470458984375
-60205 1947.114013671875
-60195 1941.5419921875
-60185 1936.343017578125
-60175 1931.612060546875
-60165 1926.197998046875
-60155 1919.5589599609375
-60145 1912.5980224609375
-60135 1905.5970458984375
-60125 1899.35205078125
-60115 1892.738037109375
-60105 1885.571044921875
-60095 1878.093017578125
-60085 1870.4000244140625
-60075 1861.9429931640625
-60065 1857.260009765625
-60055 1851.740966796875
-60045 1845.5770263671875
-60035 1838.987060546875
-60025 1829.3599853515625
-60015 1820.5
-60005 1810.5780029296875
-59995 1801.52197265625
-59985 1791.2569580078125
-59975 1782.2239990234375
-59965 1774.385009765625
-59955 1766.93896484375
-59945 1759.6500244140625
-59935 1751.9940185546875
-59925 1745.2159423828125
-59915 1739.6180419921875
-59905 1733.155029296875
-59895 1727.0830078125
-59885 1721.18603515625
-59875 1715.574951171875
-59865 1709.3609619140625
-59855 1703.2779541015625
-59845 1697.2340087890625
-59835 1692.04296875
-59825 1686.2750244140625
-59815 1680.02099609375
-59805 1674.7120361328125
-59795 1668.9959716796875
-59785 1662.178955078125
-59775 1656.947998046875
-59765 1650.5250244140625
-59755 1643.31396484375
-59745 1636.10400390625
-59735 1629.8380126953125
-59725 1625.5899658203125
-59715 1621.85400390625
-59705 1617.9859619140625
-59695 1613.1090087890625
-59685 1609.2550048828125
-59675 1606.3580322265625
-59665 1603.60498046875
-59655 1600.5899658203125
-59645 1598.1910400390625
-59635 1596.053955078125
-59625 1594.717041015625
-59615 1593.5760498046875
-59605 1592.5269775390625
-59595 1587.97802734375
-59585 1580.4139404296875
-59575 1576.7559814453125
-59565 1580.1650390625
-59555 1581.7769775390625
-59545 1581.7769775390625
-59535 1582.35400390625
-59525 1584.884033203125
-59515 1589.2239990234375
-59505 1590.4949951171875
-59495 1593.56298828125
-59485 1596.2769775390625
-59475 1598.427001953125
-59465 1601.572998046875
-59455 1604.6669921875
-59445 1609.6490478515625
-59435 1615.6920166015625
-59425 1619.427978515625
-59415 1625.012939453125
-59405 1629.916015625
-59395 1635.2779541015625
-59385 1640.2340087890625
-59375 1642.9730224609375
-59365 1646.4610595703125
-59355 1650.35400390625
-59345 1653.5789794921875
-59335 1655.1920166015625
-59325 1657.31494140625
-59315 1659.845947265625
-59305 1661.156005859375
-59295 1662.926025390625
-59285 1663.7130126953125
-59275 1664.906005859375
-59265 1664.9449462890625
-59255 1664.866943359375
-59245 1664.8270263671875
-59235 1664.512939453125
-59225 1664.866943359375
-59215 1663.739013671875
-59205 1662.52001953125
-59195 1660.18603515625
-59185 1656.5419921875
-59175 1653.657958984375
-59165 1651.572998046875
-59155 1646.998046875
-59145 1638.5419921875
-59135 1625.9959716796875
-59125 1617.3050537109375
-59115 1610.303955078125
-59105 1603.946044921875
-59095 1598.22998046875
-59085 1590.4429931640625
-59075 1582.6820068359375
-59065 1576.114013671875
-59055 1569.9659423828125
-59045 1562.9129638671875
-59035 1556.18701171875
-59025 1549.7640380859375
-59015 1543.9429931640625
-59005 1537.676025390625
-58995 1532.06494140625
-58985 1526.927001953125
-58975 1522.2459716796875
-58965 1517.134033203125
-58955 1512.375
-58945 1507.760009765625
-58935 1502.489990234375
-58925 1498.18994140625
-58915 1494.113037109375
-58905 1490.6259765625
-58895 1489.1710205078125
-58885 1485.8280029296875
-58875 1482.7989501953125
-58865 1479.4560546875
-58855 1476.72900390625
-58845 1473.26904296875
-58835 1470.22705078125
-58825 1467.802001953125
-58815 1465.2850341796875
-58805 1463.89501953125
-58795 1461.9940185546875
-58785 1460.4739990234375
-58775 1458.8349609375
-58765 1458.06103515625
-58755 1456.8680419921875
-58745 1456.1080322265625
-58735 1455.3609619140625
-58725 1453.6300048828125
-58715 1452.2669677734375
-58705 1451.5589599609375
-58695 1449.0419921875
-58685 1445.0570068359375
-58675 1447.5340576171875
-58665 1450.4580078125
-58655 1451.178955078125
-58645 1453.302001953125
-58635 1454.4560546875
-58625 1455.2950439453125
-58615 1455.8330078125
-58605 1457.3800048828125
-58595 1458.2840576171875
-58585 1458.7559814453125
-58575 1458.9530029296875
-58565 1459.3590087890625
-58555 1460.2509765625
-58545 1460.342041015625
-58535 1461.77099609375
-58525 1463.199951171875
-58515 1463.6590576171875
-58505 1464.60302734375
-58495 1465.5340576171875
-58485 1466.2550048828125
-58475 1467.43505859375
-58465 1468.7459716796875
-58455 1470.4630126953125
-58445 1471.7349853515625
-58435 1473.9239501953125
-58425 1475.655029296875
-58415 1477.175048828125
-58405 1479.6920166015625
-58395 1481.8160400390625
-58385 1484.3330078125
-58375 1487.0340576171875
-58365 1489.4200439453125
-58355 1491.595947265625
-58345 1492.946044921875
-58335 1493.916015625
-58325 1495.2540283203125
-58315 1495.33203125
-58305 1496.3280029296875
-58295 1495.6209716796875
-58285 1495.175048828125
-58275 1497.154052734375
-58265 1500.06494140625
-58255 1503.0009765625
-58245 1504.573974609375
-58235 1505.7149658203125
-58225 1506.7640380859375
-58215 1508.4420166015625
-58205 1509.5560302734375
-58195 1510.802001953125
-58185 1512.885986328125
-58175 1514.2889404296875
-58165 1514.760986328125
-58155 1514.7740478515625
-58145 1514.4849853515625
-58135 1516.177001953125
-58125 1517.5660400390625
-58115 1518.864013671875
-58105 1519.4150390625
-58095 1520.385009765625
-58085 1520.0439453125
-58075 1522.4169921875
-58065 1523.4129638671875
-58055 1524.5799560546875
-58045 1524.9210205078125
-58035 1526.27099609375
-58025 1526.6639404296875
-58015 1527.43798828125
-58005 1527.89697265625
-57995 1529.115966796875
-57985 1529.0899658203125
-57975 1527.64697265625
-57965 1525.655029296875
-57955 1525.196044921875
-57945 1525.77294921875
-57935 1526.3759765625
-57925 1526.0350341796875
-57915 1527.123046875
-57905 1528.053955078125
-57895 1527.071044921875
-57885 1527.135986328125
-57875 1526.677001953125
-57865 1527.3590087890625
-57855 1526.8740234375
-57845 1527.176025390625
-57835 1527.176025390625
-57825 1527.345947265625
-57815 1526.4940185546875
-57805 1525.56298828125
-57795 1524.18701171875
-57785 1523.1639404296875
-57775 1522.822998046875
-57765 1521.9320068359375
-57755 1521.2889404296875
-57745 1520.8570556640625
-57735 1520.8299560546875
-57725 1520.89599609375
-57715 1520.2669677734375
-57705 1519.008056640625
-57695 1518.4439697265625
-57685 1517.802001953125
-57675 1517.0679931640625
-57665 1516.2159423828125
-57655 1515.1929931640625
-57645 1515.02294921875
-57635 1514.0269775390625
-57625 1513.0830078125
-57615 1510.7099609375
-57605 1508.56005859375
-57595 1507.550048828125
-57585 1505.8199462890625
-57575 1504.718994140625
-57565 1503.6829833984375
-57555 1501.9129638671875
-57545 1500.9820556640625
-57535 1499.198974609375
-57525 1498.780029296875
-57515 1498.885009765625
-57505 1498.758056640625
-57495 1497.89404296875
-57485 1496.1629638671875
-57475 1493.883056640625
-57465 1491.531005859375
-57455 1489.4100341796875
-57445 1487.47705078125
-57435 1483.9560546875
-57425 1479.136962890625
-57415 1476.4100341796875
-57405 1471.7640380859375
-57395 1466.698974609375
-57385 1462.6719970703125
-57375 1457.10400390625
-57365 1452.155029296875
-57355 1447.509033203125
-57345 1443.3819580078125
-57335 1440.9150390625
-57325 1436.91796875
-57315 1435.18701171875
-57305 1434.0760498046875
-57295 1435.3170166015625
-57285 1442.488037109375
-57275 1443.3389892578125
-57265 1444.261962890625
-57255 1444.0030517578125
-57245 1445.8349609375
-57235 1448.8360595703125
-57225 1450.7120361328125
-57215 1452.4439697265625
-57205 1454.116943359375
-57195 1455.0550537109375
-57185 1454.865966796875
-57175 1454.4639892578125
-57165 1451.072998046875
-57155 1445.18603515625
-57145 1440.2659912109375
-57135 1439.7320556640625
-57125 1444.0030517578125
-57115 1448.864990234375
-57105 1450.7120361328125
-57095 1450.10595703125
-57085 1448.2449951171875
-57075 1447.552001953125
-57065 1446.3260498046875
-57055 1444.9410400390625
-57045 1441.7659912109375
-57035 1438.1729736328125
-57025 1436.31201171875
-57015 1434.969970703125
-57005 1432.2430419921875
-56995 1431.333984375
-56985 1428.89599609375
-56975 1426.35595703125
-56965 1422.9649658203125
-56955 1424.407958984375
-56945 1424.509033203125
-56935 1424.1920166015625
-56925 1422.864013671875
-56915 1420.5849609375
-56905 1418.9830322265625
-56895 1414.5250244140625
-56885 1410.656005859375
-56875 1406.5889892578125
-56865 1403.8759765625
-56855 1403.572998046875
-56845 1406.6180419921875
-56835 1404.741943359375
-56825 1402.2740478515625
-56815 1400.614990234375
-56805 1401.0340576171875
-56795 1402.6209716796875
-56785 1403.3570556640625
-56775 1403.8909912109375
-56765 1405.18896484375
-56755 1406.2569580078125
-56745 1407.7139892578125
-56735 1409.3590087890625
-56725 1410.7149658203125
-56715 1411.2640380859375
-56705 1409.446044921875
-56695 1409.7919921875
-56685 1411.666015625
-56675 1411.219970703125
-56665 1409.1710205078125
-56655 1408.031005859375
-56645 1406.675048828125
-56635 1406.241943359375
-56625 1405.175048828125
-56615 1402.6929931640625
-56605 1403.3709716796875
-56595 1403.1259765625
-56585 1401.654052734375
-56575 1399.8790283203125
-56565 1398.47998046875
-56555 1397.4119873046875
-56545 1395.968994140625
-56535 1394.6419677734375
-56525 1393.5450439453125
-56515 1392.0009765625
-56505 1390.0679931640625
-56495 1386.8929443359375
-56485 1385.9549560546875
-56475 1384.801025390625
-56465 1383.68994140625
-56455 1382.925048828125
-56445 1381.626953125
-56435 1378.7840576171875
-56425 1379.0439453125
-56415 1376.9520263671875
-56405 1375.3070068359375
-56395 1374.4560546875
-56385 1372.7960205078125
-56375 1372.18994140625
-56365 1372.1610107421875
-56355 1371.68505859375
-56345 1369.2760009765625
-56335 1370.9210205078125
-56325 1370.8050537109375
-56315 1370.7330322265625
-56305 1370.7039794921875
-56295 1370.675048828125
-56285 1370.7039794921875
-56275 1370.9930419921875
-56265 1371.9739990234375
-56255 1372.623046875
-56245 1373.18603515625
-56235 1373.4739990234375
-56225 1373.5179443359375
-56215 1373.8780517578125
-56205 1374.1529541015625
-56195 1374.614013671875
-56185 1375.134033203125
-56175 1375.364990234375
-56165 1376.375
-56155 1375.7540283203125
-56145 1375.782958984375
-56135 1375.85498046875
-56125 1376.22998046875
-56115 1375.66796875
-56105 1375.8260498046875
-56095 1376.677978515625
-56085 1376.9949951171875
-56075 1377.875
-56065 1378.0340576171875
-56055 1378.1490478515625
-56045 1378.3800048828125
-56035 1378.58203125
-56025 1379.0870361328125
-56015 1379.3470458984375
-56005 1379.635986328125
-55995 1380.3709716796875
-55985 1381.2659912109375
-55975 1382.0159912109375
-55965 1382.550048828125
-55955 1382.9830322265625
-55945 1383.5460205078125
-55935 1384.1519775390625
-55925 1384.5989990234375
-55915 1385.0460205078125
-55905 1385.1910400390625
-55895 1385.89794921875
-55885 1386.6619873046875
-55875 1387.39794921875
-55865 1388.29296875
-55855 1389.5340576171875
-55845 1390.7459716796875
-55835 1389.6199951171875
-55825 1391.1209716796875
-55815 1391.510009765625
-55805 1392.0439453125
-55795 1392.52099609375
-55785 1393.2850341796875
-55775 1393.675048828125
-55765 1394.425048828125
-55755 1394.916015625
-55745 1395.593994140625
-55735 1396.4449462890625
-55725 1397.383056640625
-55715 1398.177001953125
-55705 1399.0140380859375
-55695 1399.97998046875
-55685 1400.947021484375
-55675 1401.8699951171875
-55665 1402.779052734375
-55655 1403.7750244140625
-55645 1404.4239501953125
-55635 1404.9150390625
-55625 1405.448974609375
-55615 1406.2569580078125
-55605 1407.2239990234375
-55595 1407.9310302734375
-55585 1408.739013671875
-55575 1409.3590087890625
-55565 1410.0799560546875
-55555 1410.844970703125
-55545 1411.85498046875
-55535 1412.1290283203125
-55525 1412.447021484375
-55515 1413.1390380859375
-55505 1413.947021484375
-55495 1414.85595703125
-55485 1415.6070556640625
-55475 1416.428955078125
-55465 1417.093017578125
-55455 1418.116943359375
-55445 1418.7960205078125
-55435 1419.301025390625
-55425 1420.2960205078125
-55415 1420.887939453125
-55405 1421.2049560546875
-55395 1420.843994140625
-55385 1420.614013671875
-55375 1420.8160400390625
-55365 1421.1910400390625
-55355 1421.7530517578125
-55345 1422.4599609375
-55335 1422.5760498046875
-55325 1422.6910400390625
-55315 1422.9219970703125
-55305 1423.1240234375
-55295 1423.1099853515625
-55285 1423.0379638671875
-55275 1423.239990234375
-55265 1423.657958984375
-55255 1423.9749755859375
-55245 1424.134033203125
-55235 1424.4949951171875
-55225 1424.9849853515625
-55215 1425.04296875
-55205 1424.884033203125
-55195 1424.4949951171875
-55185 1424.2640380859375
-55175 1424.2060546875
-55165 1424.177001953125
-55155 1424.1490478515625
-55145 1423.8740234375
-55135 1423.759033203125
-55125 1423.3690185546875
-55115 1423.2969970703125
-55105 1423.2540283203125
-55095 1422.8499755859375
-55085 1422.4320068359375
-55075 1421.9840087890625
-55065 1421.6090087890625
-55055 1421.3060302734375
-55045 1421.074951171875
-55035 1420.758056640625
-55025 1420.2669677734375
-55015 1420.0360107421875
-55005 1420.1099853515625
-54995 1419.760986328125
-54985 1419.3890380859375
-54975 1419.134033203125
-54965 1418.9000244140625
-54955 1418.656005859375
-54945 1418.10302734375
-54935 1417.487060546875
-54925 1417.156982421875
-54915 1416.9439697265625
-54905 1416.635986328125
-54895 1416.3389892578125
-54885 1416.1689453125
-54875 1415.9560546875
-54865 1415.7330322265625
-54855 1415.1910400390625
-54845 1414.8399658203125
-54835 1414.626953125
-54825 1414.425048828125
-54815 1414.362060546875
-54805 1414.2449951171875
-54795 1414.052978515625
-54785 1414.2230224609375
-54775 1414.47802734375
-54765 1414.2130126953125
-54755 1412.532958984375
-54745 1412.31005859375
-54735 1411.779052734375
-54725 1410.248046875
-54715 1409.0999755859375
-54705 1408.281005859375
-54695 1407.4949951171875
-54685 1406.64501953125
-54675 1405.68798828125
-54665 1404.656982421875
-54655 1403.2220458984375
-54645 1401.925048828125
-54635 1401.4150390625
-54625 1400.6810302734375
-54615 1399.0439453125
-54605 1398.1619873046875
-54595 1397.364990234375
-54585 1396.365966796875
-54575 1395.654052734375
-54565 1394.9840087890625
-54555 1393.4849853515625
-54545 1392.56005859375
-54535 1391.2960205078125
-54525 1390.699951171875
-54515 1390.18994140625
-54505 1389.2440185546875
-54495 1387.968994140625
-54485 1386.7669677734375
-54475 1385.98095703125
-54465 1385.26904296875
-54455 1384.4930419921875
-54445 1383.6739501953125
-54435 1382.9940185546875
-54425 1382.344970703125
-54415 1381.4949951171875
-54405 1381.0059814453125
-54395 1380.3900146484375
-54385 1379.3480224609375
-54375 1378.2740478515625
-54365 1377.7850341796875
-54355 1376.93505859375
-54345 1376.2020263671875
-54335 1375.116943359375
-54325 1374.2030029296875
-54315 1373.0660400390625
-54305 1372.39599609375
-54295 1371.76904296875
-54285 1370.791015625
-54275 1370.0789794921875
-54265 1369.14404296875
-54255 1367.5489501953125
-54245 1366.4010009765625
-54235 1365.498046875
-54225 1364.541015625
-54215 1363.4990234375
-54205 1362.7979736328125
-54195 1362.04296875
-54185 1361.2249755859375
-54175 1360.1510009765625
-54165 1359.0880126953125
-54155 1358.2060546875
-54145 1357.27099609375
-54135 1355.9840087890625
-54125 1354.9429931640625
-54115 1353.8800048828125
-54105 1352.699951171875
-54095 1351.998046875
-54085 1351.072998046875
-54075 1350.1590576171875
-54065 1348.6820068359375
-54055 1347.7459716796875
-54045 1347.8740234375
-54035 1347.800048828125
-54025 1347.89501953125
-54015 1347.89501953125
-54005 1347.5760498046875
-53995 1346.969970703125
-53985 1345.4820556640625
-53975 1344.27099609375
-53965 1343.5159912109375
-53955 1343.4840087890625
-53945 1342.31494140625
-53935 1341.208984375
-53925 1340.751953125
-53915 1339.741943359375
-53905 1338.7750244140625
-53895 1337.6920166015625
-53885 1336.7020263671875
-53875 1334.969970703125
-53865 1333.43896484375
-53855 1332.843994140625
-53845 1333.758056640625
-53835 1335.2779541015625
-53825 1336.573974609375
-53815 1338.052001953125
-53805 1339.4339599609375
-53795 1340.550048828125
-53785 1341.4859619140625
-53775 1342.79296875
-53765 1344.4510498046875
-53755 1345.801025390625
-53745 1347.2569580078125
-53735 1347.5980224609375
-53725 1347.2469482421875
-53715 1347.2039794921875
-53705 1348.1180419921875
-53695 1350.446044921875
-53685 1353.73095703125
-53675 1357.5150146484375
-53665 1362.2979736328125
-53655 1362.1390380859375
-53645 1366.698974609375
-53635 1369.5369873046875
-53625 1371.322998046875
-53615 1372.6619873046875
-53605 1373.511962890625
-53595 1374.2139892578125
-53585 1374.7139892578125
-53575 1375.47900390625
-53565 1376.489013671875
-53555 1377.43505859375
-53545 1377.43505859375
-53535 1377.4129638671875
-53525 1377.8489990234375
-53515 1378.5830078125
-53505 1377.9129638671875
-53495 1374.2559814453125
-53485 1376.56298828125
-53475 1383.802001953125
-53465 1386.7559814453125
-53455 1388.60595703125
-53445 1389.8819580078125
-53435 1393.9000244140625
-53425 1397.280029296875
-53415 1401.4150390625
-53405 1403.8380126953125
-53395 1407.0269775390625
-53385 1410.5770263671875
-53375 1415.7750244140625
-53365 1420.739990234375
-53355 1423.81103515625
-53345 1426.2349853515625
-53335 1427.5
-53325 1428.2230224609375
-53315 1428.8809814453125
-53305 1429.5830078125
-53295 1430.135986328125
-53285 1430.698974609375
-53275 1431.3050537109375
-53265 1431.7509765625
-53255 1432.123046875
-53245 1432.739990234375
-53235 1433.3990478515625
-53225 1433.9410400390625
-53215 1434.5789794921875
-53205 1435.0040283203125
-53195 1433.887939453125
-53185 1432.8890380859375
-53175 1433.4840087890625
-53165 1433.9300537109375
-53155 1434.865966796875
-53145 1433.5479736328125
-53135 1431.27294921875
-53125 1431.251953125
-53115 1430.4859619140625
-53105 1429.2850341796875
-53095 1428.2760009765625
-53085 1427.4150390625
-53075 1427.45703125
-53065 1427.6590576171875
-53055 1427.615966796875
-53045 1427.3079833984375
-53035 1427.43603515625
-53025 1427.3509521484375
-53015 1426.7979736328125
-53005 1426.06494140625
-52995 1424.321044921875
-52985 1422.864990234375
-52975 1421.333984375
-52965 1419.9949951171875
-52955 1418.550048828125
-52945 1415.998046875
-52935 1411.7889404296875
-52925 1407.0059814453125
-52915 1399.56494140625
-52905 1391.9649658203125
-52895 1384.970947265625
-52885 1376.489013671875
-52875 1366.8160400390625
-52865 1359.758056640625
-52855 1357.6639404296875
-52845 1352.593994140625
-52835 1345.407958984375
-52825 1344.844970703125
-52815 1344.0570068359375
-52805 1343.1650390625
-52795 1339.5400390625
-52785 1338.467041015625
-52775 1347.31103515625
-52765 1355.18701171875
-52755 1363.9560546875
-52745 1370.822998046875
-52735 1376.7220458984375
-52725 1382.133056640625
-52715 1383.833984375
-52705 1384.39697265625
-52695 1393.739990234375
-52685 1402.094970703125
-52675 1408.675048828125
-52665 1416.3170166015625
-52655 1424.1300048828125
-52645 1429.7530517578125
-52635 1434.4730224609375
-52625 1438.1400146484375
-52615 1440.8389892578125
-52605 1446.31396484375
-52595 1453.7969970703125
-52585 1460.2919921875
-52575 1466.7010498046875
-52565 1473.386962890625
-52555 1479.7220458984375
-52545 1484.81396484375
-52535 1489.85205078125
-52525 1494.3170166015625
-52515 1498.6639404296875
-52505 1502.720947265625
-52495 1507.4320068359375
-52485 1511.593994140625
-52475 1516.0059814453125
-52465 1519.6820068359375
-52455 1523.1820068359375
-52445 1526.06396484375
-52435 1528.5250244140625
-52425 1531.343994140625
-52415 1533.5980224609375
-52405 1535.592041015625
-52395 1537.18701171875
-52385 1539.4739990234375
-52375 1541.4119873046875
-52365 1542.302978515625
-52355 1543.2559814453125
-52345 1544.5780029296875
-52335 1544.989013671875
-52325 1546.041015625
-52315 1547.0830078125
-52305 1547.927001953125
-52295 1548.427001953125
-52285 1548.489990234375
-52275 1548.8599853515625
-52265 1549.6929931640625
-52255 1550.9949951171875
-52245 1552.52197265625
-52235 1553.9320068359375
-52225 1553.77001953125
-52215 1553.7359619140625
-52205 1554.7989501953125
-52195 1554.9630126953125
-52185 1552.9990234375
-52175 1556.0360107421875
-52165 1559.5040283203125
-52155 1561.3790283203125
-52145 1561.238037109375
-52135 1561.1949462890625
-52125 1561.22802734375
-52115 1560.7490234375
-52105 1559.2640380859375
-52095 1555.199951171875
-52085 1557.2060546875
-52075 1561.0980224609375
-52065 1562.2779541015625
-52055 1567.14404296875
-52045 1571.8819580078125
-52035 1576.25
-52025 1580.6190185546875
-52015 1583.9119873046875
-52005 1584.6719970703125
-51995 1585.1929931640625
-51985 1585.9949951171875
-51975 1587.1650390625
-51965 1588.1300048828125
-51955 1589.60400390625
-51945 1590.4169921875
-51935 1591.1109619140625
-51925 1591.782958984375
-51915 1592
-51905 1591.8480224609375
-51895 1592.9639892578125
-51885 1591.5340576171875
-51875 1590.927001953125
-51865 1589.2469482421875
-51855 1590.947998046875
-51845 1591.0460205078125
-51835 1590.7750244140625
-51825 1588.56201171875
-51815 1587.2960205078125
-51805 1581.7679443359375
-51795 1569.4439697265625
-51785 1561.4759521484375
-51775 1557.4119873046875
-51765 1560.4019775390625
-51755 1570.2669677734375
-51745 1569.4859619140625
-51735 1564.0989990234375
-51725 1569.9100341796875
-51715 1564.468994140625
-51705 1554.5179443359375
-51695 1545.803955078125
-51685 1542.9520263671875
-51675 1542.083984375
-51665 1533.9010009765625
-51655 1526.4549560546875
-51645 1522.06494140625
-51635 1513.241943359375
-51625 1507.26904296875
-51615 1514.6300048828125
-51605 1525.1099853515625
-51595 1530.9969482421875
-51585 1539.137939453125
-51575 1549.02099609375
-51565 1560.718017578125
-51555 1566.029052734375
-51545 1571.762939453125
-51535 1578.5050048828125
-51525 1585.81103515625
-51515 1590.7750244140625
-51505 1593.7559814453125
-51495 1595.6199951171875
-51485 1596.4329833984375
-51475 1596.238037109375
-51465 1596.02099609375
-51455 1594.947998046875
-51445 1594.1240234375
-51435 1594.4820556640625
-51425 1595.1099853515625
-51415 1594.926025390625
-51405 1593.9720458984375
-51395 1593.7879638671875
-51385 1593.051025390625
-51375 1592.2060546875
-51365 1591.1429443359375
-51355 1590.741943359375
-51345 1589.7340087890625
-51335 1588.9000244140625
-51325 1588.1629638671875
-51315 1586.7969970703125
-51305 1585.5069580078125
-51295 1584.583984375
-51285 1583.5240478515625
-51275 1580.9649658203125
-51265 1579.4580078125
-51255 1579.0899658203125
-51245 1578.114990234375
-51235 1576.6190185546875
-51225 1572.6090087890625
-51215 1563.5260009765625
-51205 1562.376953125
-51195 1563.2550048828125
-51185 1563.623046875
-51175 1563.612060546875
-51165 1558.9730224609375
-51155 1555.3409423828125
-51145 1554.7449951171875
-51135 1549.3800048828125
-51125 1547.60205078125
-51115 1553.4339599609375
-51105 1552.8480224609375
-51095 1553.011962890625
-51085 1555.720947265625
-51075 1557.6070556640625
-51065 1556.8160400390625
-51055 1556.718994140625
-51045 1554.5179443359375
-51035 1553.1190185546875
-51025 1551.926025390625
-51015 1550.4639892578125
-51005 1549.239990234375
-50995 1548.404052734375
-50985 1546.4639892578125
-50975 1544.7960205078125
-50965 1543.342041015625
-50955 1542.1929931640625
-50945 1541.1519775390625
-50935 1540.5989990234375
-50925 1539.4949951171875
-50915 1537.303955078125
-50905 1535.885009765625
-50895 1533.5980224609375
-50885 1532.6650390625
-50875 1530.7030029296875
-50865 1529.8800048828125
-50855 1528.364013671875
-50845 1526.1080322265625
-50835 1524.2760009765625
-50825 1522.27099609375
-50815 1520.449951171875
-50805 1518.9000244140625
-50795 1516.905029296875
-50785 1514.9219970703125
-50775 1513.166015625
-50765 1511.041015625
-50755 1506.8900146484375
-50745 1502.68505859375
-50735 1501.2540283203125
-50725 1499.5849609375
-50715 1496.35400390625
-50705 1494.012939453125
-50695 1492.051025390625
-50685 1489.3740234375
-50675 1485.970947265625
-50665 1483.7049560546875
-50655 1481.9599609375
-50645 1479.196044921875
-50635 1476.8330078125
-50625 1474.135009765625
-50615 1470.655029296875
-50605 1467.0889892578125
-50595 1464.9210205078125
-50585 1461.7979736328125
-50575 1459.0899658203125
-50565 1456.6510009765625
-50555 1454.906005859375
-50545 1452.5760498046875
-50535 1447.2750244140625
-50525 1440.6300048828125
-50515 1438.678955078125
-50505 1435.947998046875
-50495 1434.7239990234375
-50485 1432.0679931640625
-50475 1429.6500244140625
-50465 1428.1650390625
-50455 1426.279052734375
-50445 1424.3719482421875
-50435 1421.8690185546875
-50425 1418.9739990234375
-50415 1415.5050048828125
-50405 1411.89697265625
-50395 1408.7969970703125
-50385 1404.373046875
-50375 1398.1409912109375
-50365 1389.677001953125
-50355 1379.616943359375
-50345 1373.677001953125
-50335 1366.7939453125
-50325 1362.197998046875
-50315 1359.802978515625
-50305 1353.5489501953125
-50295 1344.509033203125
-50285 1336.06494140625
-50275 1324.9549560546875
-50265 1314.571044921875
-50255 1307.905029296875
-50245 1305.302978515625
-50235 1304.5009765625
-50225 1312.6099853515625
-50215 1326.1800537109375
-50205 1339.8590087890625
-50195 1350.405029296875
-50185 1358.761962890625
-50175 1365.698974609375
-50165 1372.9720458984375
-50155 1378.175048828125
-50145 1382.8360595703125
-50135 1386.81396484375
-50125 1391.7449951171875
-50115 1396.5150146484375
-50105 1400.7530517578125
-50095 1403.58203125
-50085 1406.074951171875
-50075 1410.530029296875
-50065 1413.3170166015625
-50055 1413.824951171875
-50045 1415.5699462890625
-50035 1417.1639404296875
-50025 1418.9520263671875
-50015 1420.990966796875
-50005 1423.612060546875
-49995 1425.7459716796875
-49985 1427.60205078125
-49975 1428.9649658203125
-49965 1429.9300537109375
-49955 1431.06201171875
-49945 1432.7080078125
-49935 1435.1300048828125
-49925 1436.052978515625
-49915 1436.8919677734375
-49905 1437.238037109375
-49895 1437.583984375
-49885 1438.0030517578125
-49875 1438.5899658203125
-49865 1439.114990234375
-49855 1439.041015625
-49845 1438.926025390625
-49835 1439.3349609375
-49825 1439.0830078125
-49815 1439.06201171875
-49805 1439.344970703125
-49795 1439.9320068359375
-49785 1440.72900390625
-49775 1442.197021484375
-49765 1443.906005859375
-49755 1445.259033203125
-49745 1446.5689697265625
-49735 1447.7440185546875
-49725 1448.625
-49715 1449.6519775390625
-49705 1450.595947265625
-49695 1451.4560546875
-49685 1452.3360595703125
-49675 1453.154052734375
-49665 1453.68896484375
-49655 1454.3699951171875
-49645 1453.635986328125
-49635 1450.574951171875
-49625 1449.1490478515625
-49615 1448.64599609375
-49605 1447.6280517578125
-49595 1444.6820068359375
-49585 1442.52197265625
-49575 1440.43603515625
-49565 1437.761962890625
-49555 1434.458984375
-49545 1430.4749755859375
-49535 1425.2640380859375
-49525 1421.154052734375
-49515 1414.989013671875
-49505 1405.9820556640625
-49495 1402.31201171875
-49485 1406.0340576171875
-49475 1414.97802734375
-49465 1424.64501953125
-49455 1430.0450439453125
-49445 1426.9940185546875
-49435 1425.2850341796875
-49425 1422.7049560546875
-49415 1425.2640380859375
-49405 1425.8929443359375
-49395 1426.008056640625
-49385 1418.22802734375
-49375 1424.3199462890625
-49365 1427.89599609375
-49355 1428.5980224609375
-49345 1427.633056640625
-49335 1421.31103515625
-49325 1412.7550048828125
-49315 1420.345947265625
-49305 1427.93798828125
-49295 1433.5570068359375
-49285 1439.4189453125
-49275 1443.0360107421875
-49265 1445.5419921875
-49255 1447.093994140625
-49245 1447.8800048828125
-49235 1447.7020263671875
-49225 1449.4420166015625
-49215 1450.6590576171875
-49205 1452.5460205078125
-49195 1454.0560302734375
-49185 1454.72705078125
-49175 1455.7330322265625
-49165 1456.2679443359375
-49155 1456.89697265625
-49145 1457.02294921875
-49135 1457.7779541015625
-49125 1457.4739990234375
-49115 1458.385986328125
-49105 1457.7989501953125
-49095 1452.7239990234375
-49085 1443.2879638671875
-49075 1434.218017578125
-49065 1420.3780517578125
-49055 1410.9830322265625
-49045 1401.2220458984375
-49035 1393.93505859375
-49025 1400.81298828125
-49015 1409.7769775390625
-49005 1413.0909423828125
-48995 1419.56005859375
-48985 1423.9219970703125
-48975 1429.782958984375
-48965 1430.0450439453125
-48955 1432.1629638671875
-48945 1426.8680419921875
-48935 1415.8170166015625
-48925 1420.7869873046875
-48915 1427.571044921875
-48905 1428.9339599609375
-48895 1426.343994140625
-48885 1425.4110107421875
-48875 1439.470947265625
-48865 1439.5860595703125
-48855 1437.9090576171875
-48845 1436.052978515625
-48835 1434.2080078125
-48825 1431.6700439453125
-48815 1427.508056640625
-48805 1416.72900390625
-48795 1404.10498046875
-48785 1406.4429931640625
-48775 1409.18994140625
-48765 1406.9150390625
-48755 1408.509033203125
-48745 1412.8499755859375
-48735 1407.31298828125
-48725 1401.998046875
-48715 1395.623046875
-48705 1396.177978515625
-48695 1392.68701171875
-48685 1390.862060546875
-48675 1388.9959716796875
-48665 1387.3499755859375
-48655 1383.9949951171875
-48645 1376.666015625
-48635 1362.824951171875
-48625 1354.280029296875
-48615 1364.39794921875
-48605 1371.3709716796875
-48595 1368.990966796875
-48585 1365.1219482421875
-48575 1369.8289794921875
-48565 1372.6180419921875
-48555 1374.6939697265625
-48545 1372.8599853515625
-48535 1369.6510009765625
-48525 1370.489990234375
-48515 1373.81396484375
-48505 1375.08203125
-48495 1372.5970458984375
-48485 1369.6199951171875
-48475 1371.738037109375
-48465 1370.7939453125
-48455 1368.822998046875
-48445 1367.333984375
-48435 1366.2330322265625
-48425 1365.0169677734375
-48415 1363.8740234375
-48405 1362.4580078125
-48395 1362.217041015625
-48385 1362.343017578125
-48375 1361.7349853515625
-48365 1360.802001953125
-48355 1358.862060546875
-48345 1352.1829833984375
-48335 1341.56201171875
-48325 1324.3349609375
-48315 1315.0450439453125
-48305 1308.6700439453125
-48295 1321.8179931640625
-48285 1337.9969482421875
-48275 1346.6259765625
-48265 1346.0909423828125
-48255 1346.0489501953125
-48245 1346.43701171875
-48235 1345.5780029296875
-48225 1344.3929443359375
-48215 1336.2559814453125
-48205 1337.7769775390625
-48195 1343.385986328125
-48185 1343.39697265625
-48175 1342.6209716796875
-48165 1340.125
-48155 1340.31396484375
-48145 1339.1500244140625
-48135 1339.83203125
-48125 1339.6219482421875
-48115 1333.551025390625
-48105 1335.762939453125
-48095 1338.8360595703125
-48085 1339.989013671875
-48075 1340.4820556640625
-48065 1339.7900390625
-48055 1339.3179931640625
-48045 1338.824951171875
-48035 1337.8189697265625
-48025 1337.2840576171875
-48015 1337.10595703125
-48005 1336.550048828125
-47995 1334.1910400390625
-47985 1335.1240234375
-47975 1334.4420166015625
-47965 1334.93505859375
-47955 1334.06494140625
-47945 1333.1419677734375
-47935 1332.35595703125
-47925 1332.135986328125
-47915 1331.0140380859375
-47905 1330.154052734375
-47895 1329.6719970703125
-47885 1329.3890380859375
-47875 1329.3470458984375
-47865 1329.262939453125
-47855 1328.8330078125
-47845 1328.1090087890625
-47835 1327.8680419921875
-47825 1327.7840576171875
-47815 1328.1829833984375
-47805 1328.93798828125
-47795 1329.18896484375
-47785 1329.3360595703125
-47775 1328.718017578125
-47765 1328.508056640625
-47755 1327.448974609375
-47745 1326.8199462890625
-47735 1326.2750244140625
-47725 1325.9599609375
-47715 1325.614013671875
-47705 1325.1949462890625
-47695 1324.8699951171875
-47685 1324.323974609375
-47675 1323.76904296875
-47665 1322.81396484375
-47655 1322.1219482421875
-47645 1321.8179931640625
-47635 1321.9339599609375
-47625 1322.4580078125
-47615 1322.93994140625
-47605 1323.6219482421875
-47595 1324.239990234375
-47585 1324.302978515625
-47575 1323.6639404296875
-47565 1323.1920166015625
-47555 1324.7330322265625
-47545 1327.18701171875
-47535 1327.9840087890625
-47525 1327.9420166015625
-47515 1327.6689453125
-47505 1327.366943359375
-47495 1326.906005859375
-47485 1326.93994140625
-47475 1326.241943359375
-47465 1326.1610107421875
-47455 1325.70703125
-47445 1324.1490478515625
-47435 1323.8990478515625
-47425 1323.0379638671875
-47415 1322.760986328125
-47405 1320.7220458984375
-47395 1319.4620361328125
-47385 1318.3170166015625
-47375 1316.93603515625
-47365 1315.737060546875
-47355 1314.321044921875
-47345 1312.926025390625
-47335 1311.5579833984375
-47325 1310.2979736328125
-47315 1309.511962890625
-47305 1308.448974609375
-47295 1307.3990478515625
-47285 1306.64697265625
-47275 1305.9969482421875
-47265 1305.23095703125
-47255 1304.1820068359375
-47245 1302.8399658203125
-47235 1300.6319580078125
-47225 1297.9090576171875
-47215 1295.0579833984375
-47205 1290.696044921875
-47195 1286.8890380859375
-47185 1283.6719970703125
-47175 1279.458984375
-47165 1271.4119873046875
-47155 1263.508056640625
-47145 1255.529052734375
-47135 1247.3470458984375
-47125 1238.8599853515625
-47115 1230.779052734375
-47105 1222.5970458984375
-47095 1214.6519775390625
-47085 1207.9129638671875
-47075 1200.989990234375
-47065 1194.7110595703125
-47055 1191.0400390625
-47045 1190.7490234375
-47035 1184.5789794921875
-47025 1181.5780029296875
-47015 1180.5479736328125
-47005 1180.60302734375
-46995 1179.64794921875
-46985 1179.7760009765625
-46975 1190.93896484375
-46965 1201.0780029296875
-46955 1207.031982421875
-46945 1211.9969482421875
-46935 1221.0799560546875
-46925 1218.7569580078125
-46915 1230.23095703125
-46905 1239.116943359375
-46895 1245.8909912109375
-46885 1251.5870361328125
-46875 1255.0009765625
-46865 1258.9560546875
-46855 1265.0589599609375
-46845 1271.98095703125
-46835 1280.2989501953125
-46825 1288.156005859375
-46815 1296.6500244140625
-46805 1300.89599609375
-46795 1299.718017578125
-46785 1303.6400146484375
-46775 1317.490966796875
-46765 1318.7979736328125
-46755 1319.6309814453125
-46745 1320.6409912109375
-46735 1321.1219482421875
-46725 1321.5419921875
-46715 1321.8800048828125
-46705 1322.137939453125
-46695 1323.052001953125
-46685 1323.708984375
-46675 1325.70703125
-46665 1325.740966796875
-46655 1325.8289794921875
-46645 1326.241943359375
-46635 1326.56103515625
-46625 1327.406982421875
-46615 1328.43701171875
-46605 1328.112060546875
-46595 1328.8570556640625
-46585 1329.31005859375
-46575 1329.635986328125
-46565 1329.18896484375
-46555 1328.1390380859375
-46545 1326.68896484375
-46535 1324.4000244140625
-46525 1322.428955078125
-46515 1319.8819580078125
-46505 1316.156982421875
-46495 1318.1820068359375
-46485 1319.427978515625
-46475 1320.3160400390625
