-71785 2143.302001953125
-71775 2149.10693359375
-71765 2155.01708984375
-71755 2160.702880859375
-71745 2165.490966796875
-71735 2170.615966796875
-71725 2175.428955078125
-71715 2179.882080078125
-71705 2184.927001953125
-71695 2190.860107421875
-71685 2197.490966796875
-71675 2203.7529296875
-71665 2209.14990234375
-71655 2215.693115234375
-71645 2220.9619140625
-71635 2226.14306640625
-71625 2232.220947265625
-71615 2237.593994140625
-71605 2242.799072265625
-71595 2247.364013671875
-71585 2250.886962890625
-71575 2253.489990234375
-71565 2257.156982421875
-71555 2259.968017578125
-71545 2262.722900390625
-71535 2265.81396484375
-71525 2270.154052734375
-71515 2274.91796875
-71505 2278.738037109375
-71495 2282.214111328125
-71485 2285.656982421875
-71475 2288.412109375
-71465 2290.51806640625
-71455 2292.56005859375
-71445 2292.511962890625
-71435 2294.12890625
-71425 2296.89990234375
-71415 2299.35791015625
-71405 2301.68896484375
-71395 2304.548095703125
-71385 2308.06298828125
-71375 2311.330078125
-71365 2315.238037109375
-71355 2319.27392578125
-71345 2322.589111328125
-71335 2325.327880859375
-71325 2326.193115234375
-71315 2327.330078125
-71305 2328.259033203125
-71295 2330.81298828125
-71285 2333.126953125
-71275 2335.7060546875
-71265 2335.337890625
-71255 2334.616943359375
-71245 2335.802001953125
-71235 2336.52294921875
-71225 2337.531982421875
-71215 2342.152099609375
-71205 2347.6298828125
-71195 2349.823974609375
-71185 2351.818115234375
-71175 2355.902099609375
-71165 2360.001953125
-71155 2363.989990234375
-71145 2365.31103515625
-71135 2366.679931640625
-71125 2368.778076171875
-71115 2371.85302734375
-71105 2373.846923828125
-71095 2375.697021484375
-71085 2377.403076171875
-71075 2379.94091796875
-71065 2383.472900390625
-71055 2386.531982421875
-71045 2387.381103515625
-71035 2386.027099609375
-71025 2386.404052734375
-71015 2388.180908203125
-71005 2388.29296875
-70995 2387.556884765625
-70985 2386.260009765625
-70975 2384.9619140625
-70965 2386.300048828125
-70955 2388.501953125
-70945 2390.126953125
-70935 2391.248046875
-70925 2392.089111328125
-70915 2393.883056640625
-70905 2394.450927734375
-70895 2395.677001953125
-70885 2396.58203125
-70875 2398.39111328125
-70865 2400.257080078125
-70855 2405.469970703125
-70845 2409.819091796875
-70835 2412.653076171875
-70825 2416.7529296875
-70815 2421.18994140625
-70805 2425.906005859375
-70795 2430.070068359375
-70785 2433.7939453125
-70775 2436.9169921875
-70765 2440.84912109375
-70755 2443.89208984375
-70745 2446.677978515625
-70735 2451.0029296875
-70725 2456.56005859375
-70715 2461.4208984375
-70705 2466.337890625
-70695 2468.8359375
-70685 2468.97998046875
-70675 2468.572021484375
-70665 2468.412109375
-70655 2468.716064453125
-70645 2471.47900390625
-70635 2473.1201171875
-70625 2477.532958984375
-70615 2482.2490234375
-70605 2487.5830078125
-70595 2491.930908203125
-70585 2494.34912109375
-70575 2496.743896484375
-70565 2500.3310546875
-70555 2502.902099609375
-70545 2507.506103515625
-70535 2511.012939453125
-70525 2513.10400390625
-70515 2511.077880859375
-70505 2505.7119140625
-70495 2503.174072265625
-70485 2504.319091796875
-70475 2507.697998046875
-70465 2507.9619140625
-70455 2507.169921875
-70445 2507.2900390625
-70435 2508.962890625
-70425 2505.9599609375
-70415 2502.5009765625
-70405 2499.6259765625
-70395 2497.1201171875
-70385 2494.10107421875
-70375 2491.345947265625
-70365 2487.31005859375
-70355 2488.47900390625
-70345 2485.7490234375
-70335 2479.839111328125
-70325 2470.966064453125
-70315 2463.9189453125
-70305 2458.85791015625
-70295 2453.3330078125
-70285 2444.340087890625
-70275 2438.0458984375
-70265 2435.26708984375
-70255 2431.887939453125
-70245 2425.946044921875
-70235 2419.5400390625
-70225 2416.40087890625
-70215 2413.3740234375
-70205 2404.133056640625
-70195 2399.23193359375
-70185 2394.72412109375
-70175 2390.118896484375
-70165 2385.930908203125
-70155 2380.637939453125
-70145 2374.68798828125
-70135 2370.89990234375
-70125 2364.87109375
-70115 2358.447998046875
-70105 2353.458984375
-70095 2347.8701171875
-70085 2340.181884765625
-70075 2331.2939453125
-70065 2323.35009765625
-70055 2315.791015625
-70045 2307.631103515625
-70035 2299.429931640625
-70025 2290.798095703125
-70015 2284.22412109375
-70005 2281.31201171875
-69995 2279.176025390625
-69985 2266.610107421875
-69975 2256.638916015625
-69965 2247.18505859375
-69955 2239.30908203125
-69945 2227.656005859375
-69935 2221.47705078125
-69925 2216.8310546875
-69915 2215.1640625
-69905 2214.4560546875
-69895 2222.68603515625
-69885 2217.716064453125
-69875 2216.47705078125
-69865 2212.966064453125
-69855 2211.875
-69845 2213.98388671875
-69835 2214.85400390625
-69825 2212.125
-69815 2211.844970703125
-69805 2210.798095703125
-69795 2216.785888671875
-69785 2223.748046875
-69775 2232.612060546875
-69765 2228.614990234375
-69755 2231.77197265625
-69745 2235.782958984375
-69735 2234.736083984375
-69725 2233.452880859375
-69715 2228.5859375
-69705 2220.193115234375
-69695 2217.99609375
-69685 2221.785888671875
-69675 2218.173095703125
-69665 2215.81298828125
-69655 2220.385009765625
-69645 2235.01708984375
-69635 2239.76611328125
-69625 2243.822021484375
-69615 2246.97802734375
-69605 2242.68603515625
-69595 2255.989990234375
-69585 2275.31201171875
-69575 2278.89599609375
-69565 2300.60693359375
-69555 2298.881103515625
-69545 2297.27294921875
-69535 2296.491943359375
-69525 2295.01708984375
-69515 2287.68603515625
-69505 2286.343994140625
-69495 2290.60693359375
-69485 2292.99609375
-69475 2289.013916015625
-69465 2272.626953125
-69455 2261.535888671875
-69445 2246.962890625
-69435 2237.568115234375
-69425 2235.532958984375
-69415 2235.65087890625
-69405 2236.93408203125
-69395 2238.0400390625
-69385 2240.576904296875
-69375 2245.10498046875
-69365 2247.449951171875
-69355 2251.033935546875
-69345 2261.52099609375
-69335 2265.97509765625
-69325 2266.256103515625
-69315 2263.822021484375
-69305 2264.736083984375
-69295 2266.964111328125
-69285 2272.39111328125
-69275 2280.81298828125
-69265 2288.9990234375
-69255 2287.951904296875
-69245 2291.049072265625
-69235 2309.235107421875
-69225 2321.594970703125
-69215 2326.81591796875
-69205 2310.635986328125
-69195 2310.56298828125
-69185 2309.072998046875
-69175 2317.02294921875
-69165 2326.697998046875
-69155 2335.135009765625
-69145 2342.613037109375
-69135 2349.412109375
-69125 2362.804931640625
-69115 2370.2529296875
-69105 2371.948974609375
-69095 2371.06396484375
-69085 2368.364990234375
-69075 2369.072998046875
-69065 2368.512939453125
-69055 2366.034912109375
-69045 2363.762939453125
-69035 2361.093994140625
-69025 2360.01708984375
-69015 2357.99609375
-69005 2353.18798828125
-68995 2348.512939453125
-68985 2344.264892578125
-68975 2337.4951171875
-68965 2331.43310546875
-68955 2328.10009765625
-68945 2322.84912109375
-68935 2317.93701171875
-68925 2311.580078125
-68915 2310.97607421875
-68905 2310.843017578125
-68895 2309.486083984375
-68885 2309.44189453125
-68875 2308.424072265625
-68865 2306.47705078125
-68855 2304.868896484375
-68845 2301.197021484375
-68835 2297.06689453125
-68825 2296.757080078125
-68815 2297.4951171875
-68805 2292.951904296875
-68795 2286.43310546875
-68785 2288.452880859375
-68775 2296.02001953125
-68765 2293.68896484375
-68755 2290.97509765625
-68745 2291.093994140625
-68735 2292.362060546875
-68725 2293.114013671875
-68715 2293.73388671875
-68705 2293.8369140625
-68695 2296.049072265625
-68685 2305.01708984375
-68675 2307.84912109375
-68665 2310.39990234375
-68655 2308.424072265625
-68645 2310.01708984375
-68635 2312.8779296875
-68625 2318.89599609375
-68615 2324.737060546875
-68605 2330.695068359375
-68595 2337.39208984375
-68585 2345.281982421875
-68575 2351.594970703125
-68565 2357.465087890625
-68555 2363.985107421875
-68545 2361.181884765625
-68535 2363.173095703125
-68525 2365.50390625
-68515 2364.544921875
-68505 2363.5859375
-68495 2361.050048828125
-68485 2347.613037109375
-68475 2340.72509765625
-68465 2335.222900390625
-68455 2329.7958984375
-68445 2323.424072265625
-68435 2316.56494140625
-68425 2310.178955078125
-68415 2303.7041015625
-68405 2298.5859375
-68395 2294.7958984375
-68385 2290.01708984375
-68375 2283.202880859375
-68365 2276.0048828125
-68355 2270.81298828125
-68345 2260.1640625
-68335 2254.235107421875
-68325 2250.385009765625
-68315 2244.70703125
-68305 2235.989990234375
-68295 2231.47705078125
-68285 2227.243896484375
-68275 2223.555908203125
-68265 2219.736083984375
-68255 2214.70703125
-68245 2210.679931640625
-68235 2205.385009765625
-68225 2200.14892578125
-68215 2196.049072265625
-68205 2192.155029296875
-68195 2193.173095703125
-68185 2191.844970703125
-68175 2188.541015625
-68165 2182.64208984375
-68155 2174.322998046875
-68145 2167.99609375
-68135 2164.4560546875
-68125 2157.626953125
-68115 2152.43505859375
-68105 2149.868896484375
-68095 2144.883056640625
-68085 2139.14599609375
-68075 2132.552978515625
-68065 2125.72412109375
-68055 2118.541015625
-68045 2111.47607421875
-68035 2102.966064453125
-68025 2095.428955078125
-68015 2087.596923828125
-68005 2077.493896484375
-67995 2068.510986328125
-67985 2061.4609375
-67975 2053.010009765625
-67965 2046.2989501953125
-67955 2035.60595703125
-67945 2019.616943359375
-67935 2010.5169677734375
-67925 2001.5789794921875
-67915 1994.5140380859375
-67905 1989.39599609375
-67895 1978.89404296875
-67885 1967.154052734375
-67875 1957.154052734375
-67865 1947.6259765625
-67855 1936.4019775390625
-67845 1927.1829833984375
-67835 1918.0240478515625
-67825 1909.927001953125
-67815 1900.35400390625
-67805 1889.89697265625
-67795 1882.1240234375
-67785 1873.9820556640625
-67775 1865.8260498046875
-67765 1858.156005859375
-67755 1852.8470458984375
-67745 1847.16796875
-67735 1840.39794921875
-67725 1833.9969482421875
-67715 1827.0789794921875
-67705 1820.7960205078125
-67695 1814.0260009765625
-67685 1810.0439453125
-67675 1801.947021484375
-67665 1795.6190185546875
-67655 1790.85498046875
-67645 1786.0030517578125
-67635 1781.739990234375
-67625 1777.2559814453125
-67615 1771.2679443359375
-67605 1766.4449462890625
-67595 1759.926025390625
-67585 1755.072998046875
-67575 1748.9969482421875
-67565 1742.2860107421875
-67555 1733.4210205078125
-67545 1728.864013671875
-67535 1725.60400390625
-67525 1721.208984375
-67515 1715.0579833984375
-67505 1710.72900390625
-67495 1708.0360107421875
-67485 1705.969970703125
-67475 1706.18994140625
-67465 1704.39794921875
-67455 1701.947998046875
-67445 1701.3079833984375
-67435 1701.5279541015625
-67425 1701.43603515625
-67415 1700.6319580078125
-67405 1700.5770263671875
-67395 1700.81494140625
-67385 1701.10498046875
-67375 1702.02099609375
-67365 1703.4659423828125
-67355 1706.9759521484375
-67345 1711.7469482421875
-67335 1714.27001953125
-67325 1721.72900390625
-67315 1725.8060302734375
-67305 1731.56494140625
-67295 1735.512939453125
-67285 1738.1639404296875
-67275 1740.4859619140625
-67265 1744.197021484375
-67255 1749.114990234375
-67245 1751.7110595703125
-67235 1753.6300048828125
-67225 1754.6719970703125
-67215 1754.343994140625
-67205 1752.8260498046875
-67195 1752.5880126953125
-67185 1753.301025390625
-67175 1750.029052734375
-67165 1744.39794921875
-67155 1740.029052734375
-67145 1739.133056640625
-67135 1739.5899658203125
-67125 1753.68505859375
-67115 1763.0269775390625
-67105 1784.4720458984375
-67095 1800.741943359375
-67085 1810.779052734375
-67075 1821.8580322265625
-67065 1842.4239501953125
-67055 1861.2550048828125
-67045 1875.458984375
-67035 1869.64599609375
-67025 1860.0660400390625
-67015 1851.218017578125
-67005 1846.7939453125
-66995 1858.5849609375
-66985 1873.1739501953125
-66975 1885.8070068359375
-66965 1898.1290283203125
-66955 1908.7320556640625
-66945 1921.1090087890625
-66935 1924.8929443359375
-66925 1920.468994140625
-66915 1916.428955078125
-66905 1914.7099609375
-66895 1915.9530029296875
-66885 1906.81298828125
-66875 1906.866943359375
-66865 1917.416015625
-66855 1942.5350341796875
-66845 1950.4139404296875
-66835 1958.60400390625
-66825 1969.0250244140625
-66815 1974.509033203125
-66805 1989.281005859375
-66795 2006.81298828125
-66785 2019.262939453125
-66775 2012.9739990234375
-66765 2007.616943359375
-66755 2005.0760498046875
-66745 2000.2320556640625
-66735 1990.3780517578125
-66725 1984.1800537109375
-66715 1981.3280029296875
-66705 1993.7049560546875
-66695 1994.0340576171875
-66685 1998.4949951171875
-66675 2002.718017578125
-66665 2006.136962890625
-66655 2012.718017578125
-66645 2022.260986328125
-66635 2030.3780517578125
-66625 2039.7020263671875
-66615 2048.568115234375
-66605 2056.2470703125
-66595 2072.737060546875
-66585 2086.35595703125
-66575 2087.2890625
-66565 2092.4990234375
-66555 2102.77294921875
-66545 2113.048095703125
-66535 2121.238037109375
-66525 2131.9140625
-66515 2142.35302734375
-66505 2152.115966796875
-66495 2164.31005859375
-66485 2175.533935546875
-66475 2184.948974609375
-66465 2191.787109375
-66455 2188.952880859375
-66445 2182.846923828125
-66435 2173.4140625
-66425 2169.008056640625
-66415 2163.2490234375
-66405 2158.221923828125
-66395 2151.968994140625
-66385 2143.449951171875
-66375 2136.2109375
-66365 2129.48291015625
-66355 2122.81005859375
-66345 2115.076904296875
-66335 2106.759033203125
-66325 2099.39111328125
-66315 2092.77294921875
-66305 2085.625
-66295 2079.09912109375
-66285 2071.987060546875
-66275 2068.18505859375
-66265 2063.741943359375
-66255 2058.513916015625
-66245 2051.9140625
-66235 2044.9119873046875
-66225 2037.39794921875
-66215 2030.10400390625
-66205 2021.9139404296875
-66195 2013.595947265625
-66185 2006.0269775390625
-66175 1998.8060302734375
-66165 1991.6390380859375
-66155 1983.2659912109375
-66145 1974.8389892578125
-66135 1967.197021484375
-66125 1959.93896484375
-66115 1954.197998046875
-66105 1948.43994140625
-66095 1940.4320068359375
-66085 1934.509033203125
-66075 1924.9110107421875
-66065 1915.89794921875
-66055 1908.0560302734375
-66045 1902.9549560546875
-66035 1899.6280517578125
-66025 1896.0450439453125
-66015 1892.31494140625
-66005 1885.89794921875
-65995 1879.93798828125
-65985 1875.0570068359375
-65975 1868.8409423828125
-65965 1862.0589599609375
-65955 1855.7879638671875
-65945 1847.635009765625
-65935 1838.8780517578125
-65925 1831.5469970703125
-65915 1827.9449462890625
-65905 1822.4969482421875
-65895 1818.238037109375
-65885 1812.02197265625
-65875 1804.8919677734375
-65865 1796.1719970703125
-65855 1786.79296875
-65845 1776.7020263671875
-65835 1764.4720458984375
-65825 1745.4219970703125
-65815 1729.35205078125
-65805 1720.6689453125
-65795 1711.875
-65785 1703.4659423828125
-65775 1695.4580078125
-65765 1688.1820068359375
-65755 1682.093994140625
-65745 1676.04296875
-65735 1670.6500244140625
-65725 1665.366943359375
-65715 1659.333984375
-65705 1653.428955078125
-65695 1647.487060546875
-65685 1642.2950439453125
-65675 1637.0849609375
-65665 1631.58203125
-65655 1629.3699951171875
-65645 1628.2550048828125
-65635 1628.6390380859375
-65625 1626.8470458984375
-65615 1625.01904296875
-65605 1624.6529541015625
-65595 1624.27001953125
-65585 1624.27001953125
-65575 1621.928955078125
-65565 1622.6419677734375
-65555 1620.448974609375
-65545 1620.39404296875
-65535 1620.52197265625
-65525 1618.8580322265625
-65515 1617.2860107421875
-65505 1616.9019775390625
-65495 1616.427001953125
-65485 1616.2989501953125
-65475 1616.572998046875
-65465 1615.6590576171875
-65455 1614.5439453125
-65445 1613.97705078125
-65435 1611.8929443359375
-65425 1611.58203125
-65415 1611.6920166015625
-65405 1611.875
-65395 1610.613037109375
-65385 1610.7779541015625
-65375 1610.9969482421875
-65365 1610.9420166015625
-65355 1611.8199462890625
-65345 1616.406005859375
-65335 1622.0030517578125
-65325 1628.31005859375
-65315 1634.635009765625
-65305 1641.363037109375
-65295 1647.8349609375
-65285 1654.6719970703125
-65275 1661.3260498046875
-65265 1668.0179443359375
-65255 1674.762939453125
-65245 1681.4549560546875
-65235 1688.43798828125
-65225 1695.60400390625
-65215 1706.4090576171875
-65205 1713.2440185546875
-65195 1720.614013671875
-65185 1728.2919921875
-65175 1736.281005859375
-65165 1744.8740234375
-65155 1753.3929443359375
-65145 1761.8389892578125
-65135 1772.6429443359375
-65125 1783.0269775390625
-65115 1792.5159912109375
-65105 1806.7939453125
-65095 1817.85400390625
-65085 1829.35302734375
-65075 1838.7679443359375
-65065 1845.93505859375
-65055 1857.031005859375
-65045 1868.1280517578125
-65035 1876.866943359375
-65025 1881.583984375
-65015 1889.737060546875
-65005 1898.844970703125
-64995 1905.8990478515625
-64985 1914.5360107421875
-64975 1924.8170166015625
-64965 1934.114990234375
-64955 1943.2989501953125
-64945 1950.5489501953125
-64935 1961.1300048828125
-64925 1969.64794921875
-64915 1975.1400146484375
-64905 1981.5770263671875
-64895 1985.333984375
-64885 1990.4820556640625
-64875 1994.0689697265625
-64865 2000.303955078125
-64855 2007.4129638671875
-64845 2014.2049560546875
-64835 2016.9019775390625
-64825 2017.1529541015625
-64815 2014.5980224609375
-64805 2011.64501953125
-64795 2008.31396484375
-64785 2004.863037109375
-64775 2000.364990234375
-64765 1996.7879638671875
-64755 1993.3809814453125
-64745 1990.552978515625
-64735 1986.376953125
-64725 1981.740966796875
-64715 1975.489990234375
-64705 1969.31494140625
-64695 1964.2430419921875
-64685 1958.4610595703125
-64675 1949.697998046875
-64665 1943.4129638671875
-64655 1938.5870361328125
-64645 1932.5159912109375
-64635 1927.3289794921875
-64625 1922.9549560546875
-64615 1915.989013671875
-64605 1904.3489990234375
-64595 1893.43994140625
-64585 1879.9000244140625
-64575 1859.1800537109375
-64565 1846.2559814453125
-64555 1837.2259521484375
-64545 1828.010009765625
-64535 1818.4169921875
-64525 1809.5989990234375
-64515 1798.449951171875
-64505 1788.197021484375
-64495 1780.0400390625
-64485 1770.998046875
-64475 1762.4100341796875
-64465 1754.237060546875
-64455 1745.5989990234375
-64445 1737.8900146484375
-64435 1730.0660400390625
-64425 1723.1810302734375
-64415 1715.0570068359375
-64405 1708.1180419921875
-64395 1700.780029296875
-64385 1692.8079833984375
-64375 1687.1409912109375
-64365 1679.498046875
-64355 1672.907958984375
-64345 1664.718017578125
-64335 1657.260009765625
-64325 1649.6109619140625
-64315 1641.93994140625
-64305 1634.3609619140625
-64295 1626.8809814453125
-64285 1619.8380126953125
-64275 1613.248046875
-64265 1606.9100341796875
-64255 1601.219970703125
-64245 1594.6199951171875
-64235 1589.3509521484375
-64225 1583.2080078125
-64215 1577.51904296875
-64205 1572.02099609375
-64195 1566.6490478515625
-64185 1561.7080078125
-64175 1556.760986328125
-64165 1551.8690185546875
-64155 1547.1190185546875
-64145 1542.958984375
-64135 1538.3289794921875
-64125 1533.2020263671875
-64115 1528.572021484375
-64105 1523.958984375
-64095 1519.6070556640625
-64085 1515.2120361328125
-64075 1510.238037109375
-64065 1504.031005859375
-64055 1498.489013671875
-64045 1491.0909423828125
-64035 1484.6209716796875
-64025 1477.9110107421875
-64015 1474.43798828125
-64005 1473.97998046875
-63995 1481.1810302734375
-63985 1488.698974609375
-63975 1496.33203125
-63965 1505.66796875
-63955 1514.5679931640625
-63945 1521.529052734375
-63935 1528.6710205078125
-63925 1536.3089599609375
-63915 1543.4119873046875
-63905 1550.968017578125
-63895 1557.4599609375
-63885 1563.510009765625
-63875 1570.3780517578125
-63865 1576.302001953125
-63855 1582.18798828125
-63845 1588.7769775390625
-63835 1594.35205078125
-63825 1601.259033203125
-63815 1608.4599609375
-63805 1614.6190185546875
-63795 1620.1500244140625
-63785 1625.406982421875
-63775 1630.8070068359375
-63765 1636.866943359375
-63755 1642.697998046875
-63745 1647.136962890625
-63735 1650.958984375
-63725 1655.9990234375
-63715 1660.301025390625
-63705 1663.9969482421875
-63695 1669.16796875
-63685 1673.6390380859375
-63675 1676.81103515625
-63665 1679.8470458984375
-63655 1684.0179443359375
-63645 1689.510986328125
-63635 1693.988037109375
-63625 1698.3609619140625
-63615 1702.3470458984375
-63605 1706.76904296875
-63595 1710.739013671875
-63585 1714.887939453125
-63575 1718.5570068359375
-63565 1722.9580078125
-63555 1728.6300048828125
-63545 1735.258056640625
-63535 1741.7879638671875
-63525 1748.531005859375
-63515 1756.6390380859375
-63505 1764.626953125
-63495 1773.89697265625
-63485 1782.8299560546875
-63475 1791.9200439453125
-63465 1800.366943359375
-63455 1809.1300048828125
-63445 1817.6800537109375
-63435 1831.47705078125
-63425 1843.1500244140625
-63415 1851.97802734375
-63405 1861.47802734375
-63395 1871.8790283203125
-63385 1881.2259521484375
-63375 1891.135986328125
-63365 1901.3780517578125
-63355 1909.5350341796875
-63345 1917.5279541015625
-63335 1927.115966796875
-63325 1935.5179443359375
-63315 1944.926025390625
-63305 1955.06494140625
-63295 1962.8389892578125
-63285 1969.9530029296875
-63275 1976.27001953125
-63265 1980.3929443359375
-63255 1984.781982421875
-63245 1988.81201171875
-63235 1993.300048828125
-63225 1997.8690185546875
-63215 2002.9420166015625
-63205 2009.0780029296875
-63195 2014.4339599609375
-63185 2019.1240234375
-63175 2022.3890380859375
-63165 2026.1949462890625
-63155 2028.4930419921875
-63145 2031.8509521484375
-63135 2035.574951171875
-63125 2040.449951171875
-63115 2045.364013671875
-63105 2050.382080078125
-63095 2054.0830078125
-63085 2057.114013671875
-63075 2060.449951171875
-63065 2063.35400390625
-63055 2065.52197265625
-63045 2067.93994140625
-63035 2070.862060546875
-63025 2073.093994140625
-63015 2073.73291015625
-63005 2074.262939453125
-62995 2075.90087890625
-62985 2077.5
-62975 2078.614990234375
-62965 2080.43310546875
-62955 2082.322021484375
-62945 2087.3720703125
-62935 2091.64208984375
-62925 2095.462890625
-62915 2098.83203125
-62905 2100.5029296875
-62895 2102.303955078125
-62885 2103.9208984375
-62875 2104.083984375
-62865 2102.52294921875
-62855 2099.333984375
-62845 2094.634033203125
-62835 2092.291015625
-62825 2087.842041015625
-62815 2080.8798828125
-62805 2074.31201171875
-62795 2068.169921875
-62785 2062.39306640625
-62775 2056.781005859375
-62765 2052.489013671875
-62755 2048.072021484375
-62745 2042.5419921875
-62735 2036.333984375
-62725 2027.6419677734375
-62715 2020.8719482421875
-62705 2012.260986328125
-62695 2005.0870361328125
-62685 1998.720947265625
-62675 1992.4530029296875
-62665 1987.2559814453125
-62655 1988.1839599609375
-62645 1988.7349853515625
-62635 1981.4139404296875
-62625 1973.8349609375
-62615 1961.490966796875
-62605 1949.4959716796875
-62595 1936.125
-62585 1926.7769775390625
-62575 1919.489013671875
-62565 1909.218994140625
-62555 1891.4580078125
-62545 1872.3759765625
-62535 1861.2760009765625
-62525 1855.2099609375
-62515 1842.5980224609375
-62505 1835.8399658203125
-62495 1830.7509765625
-62485 1825.2220458984375
-62475 1820.4580078125
-62465 1816.5419921875
-62455 1811.738037109375
-62445 1807.5909423828125
-62435 1802.0369873046875
-62425 1791.177001953125
-62415 1778.843994140625
-62405 1763.366943359375
-62395 1755.2239990234375
-62385 1736.989990234375
-62375 1722.0579833984375
-62365 1713.3370361328125
-62355 1705.04296875
-62345 1697.177978515625
-62335 1692.3070068359375
-62325 1682.458984375
-62315 1670.4620361328125
-62305 1660.6080322265625
-62295 1653.489013671875
-62285 1646.998046875
-62275 1641.3370361328125
-62265 1636.6070556640625
-62255 1631.8509521484375
-62245 1627.449951171875
-62235 1622.9820556640625
-62225 1617.47802734375
-62215 1612.0069580078125
-62205 1605.7869873046875
-62195 1599.0980224609375
-62185 1591.906982421875
-62175 1585.2509765625
-62165 1580.1920166015625
-62155 1575.6810302734375
-62145 1569.1650390625
-62135 1561.5980224609375
-62125 1553.634033203125
-62115 1545.98095703125
-62105 1540.7230224609375
-62095 1536.552001953125
-62085 1532.43798828125
-62075 1528.654052734375
-62065 1526.342041015625
-62055 1524.738037109375
-62045 1523.5040283203125
-62035 1522.14599609375
-62025 1522.3680419921875
-62015 1518.615966796875
-62005 1519.43896484375
-61995 1521.06005859375
-61985 1522.0469970703125
-61975 1523.5780029296875
-61965 1528.5799560546875
-61955 1532.3070068359375
-61945 1534.8079833984375
-61935 1537.761962890625
-61925 1541.56298828125
-61915 1544.81201171875
-61905 1548.9510498046875
-61895 1551.946044921875
-61885 1555.5660400390625
-61875 1559.6300048828125
-61865 1562.1739501953125
-61855 1566.490966796875
-61845 1571.114990234375
-61835 1576.5389404296875
-61825 1581.821044921875
-61815 1586.0970458984375
-61805 1591.553955078125
-61795 1596.7530517578125
-61785 1601.0810546875
-61775 1606.1739501953125
-61765 1610.0980224609375
-61755 1615.2979736328125
-61745 1620.3990478515625
-61735 1625.6810302734375
-61725 1631.16796875
-61715 1636.8699951171875
-61705 1639.791015625
-61695 1645.6070556640625
-61685 1653.613037109375
-61675 1662.2449951171875
-61665 1671.343994140625
-61655 1682.43505859375
-61645 1692.0999755859375
-61635 1701.011962890625
-61625 1706.9599609375
-61615 1710.5889892578125
-61605 1715.4510498046875
-61595 1721.967041015625
-61585 1724.7320556640625
-61575 1736.8919677734375
-61565 1746.6839599609375
-61555 1752.3280029296875
-61545 1763.6490478515625
-61535 1768.9639892578125
-61525 1778.06103515625
-61515 1785.6729736328125
-61505 1792.987060546875
-61495 1800.6719970703125
-61485 1807.2860107421875
-61475 1812.322021484375
-61465 1815.300048828125
-61455 1818.4429931640625
-61445 1821.8330078125
-61435 1824.719970703125
-61425 1826.9420166015625
-61415 1828.7020263671875
-61405 1829.4510498046875
-61395 1830.2740478515625
-61385 1831.5159912109375
-61375 1831.862060546875
-61365 1832.2320556640625
-61355 1833.18603515625
-61345 1833.7869873046875
-61335 1833.3590087890625
-61325 1832.906005859375
-61315 1833.3260498046875
-61305 1835.696044921875
-61295 1837.5059814453125
-61285 1840.18798828125
-61275 1842.426025390625
-61265 1844.3919677734375
-61255 1845.6180419921875
-61245 1847.800048828125
-61235 1851.14697265625
-61225 1854.093994140625
-61215 1857.5799560546875
-61205 1860.22998046875
-61195 1862.968994140625
-61185 1863.3719482421875
-61175 1863.9990234375
-61165 1865.4969482421875
-61155 1867.1500244140625
-61145 1869.511962890625
-61135 1873.3790283203125
-61125 1877.27001953125
-61115 1881.18603515625
-61105 1884.31298828125
-61095 1887.3900146484375
-61085 1892.218994140625
-61075 1897.2459716796875
-61065 1902.52001953125
-61055 1907.760986328125
-61045 1914.218994140625
-61035 1920.5379638671875
-61025 1926.6090087890625
-61015 1932.4759521484375
-61005 1938.8680419921875
-60995 1945.2120361328125
-60985 1951.760009765625
-60975 1959.01904296875
-60965 1966.3330078125
-60955 1970.116943359375
-60945 1970.093017578125
-60935 1969.93603515625
-60925 1969.3280029296875
-60915 1968.282958984375
-60905 1968.06103515625
-60895 1968.842041015625
-60885 1968.791015625
-60875 1968.010986328125
-60865 1966.126953125
-60855 1962.02197265625
-60845 1958.7139892578125
-60835 1953.3070068359375
-60825 1948.3809814453125
-60815 1942.68603515625
-60805 1937.2060546875
-60795 1931.677978515625
-60785 1925.991943359375
-60775 1923.2359619140625
-60765 1921.0560302734375
-60755 1919.9119873046875
-60745 1919.656982421875
-60735 1918.8509521484375
-60725 1916.77001953125
-60715 1914.5889892578125
-60705 1913.2239990234375
-60695 1912.762939453125
-60685 1911.64404296875
-60675 1909.9739990234375
-60665 1908.8800048828125
-60655 1908.220947265625
-60645 1907.16796875
-60635 1905.301025390625
-60625 1904.1080322265625
-60615 1904.009033203125
-60605 1904.4610595703125
-60595 1905.2020263671875
-60585 1905.1689453125
-60575 1904.6920166015625
-60565 1903.4410400390625
-60555 1904.050048828125
-60545 1904.4610595703125
-60535 1903.968017578125
-60525 1904.2969970703125
-60515 1904.9139404296875
-60505 1905.0780029296875
-60495 1905.5059814453125
-60485 1906.262939453125
-60475 1906.4530029296875
-60465 1906.9129638671875
-60455 1906.9129638671875
-60445 1908.22998046875
-60435 1909.1839599609375
-60425 1909.989990234375
-60415 1911.677001953125
-60405 1912.97705078125
-60395 1912.656005859375
-60385 1914.1529541015625
-60375 1915.699951171875
-60365 1918.14404296875
-60355 1919.748046875
-60345 1919.9859619140625
-60335 1920.883056640625
-60325 1921.4100341796875
-60315 1921.137939453125
-60305 1920.5460205078125
-60295 1919.3280029296875
-60285 1917.321044921875
-60275 1914.8690185546875
-60265 1912.2530517578125
-60255 1908.6739501953125
-60245 1904.8890380859375
-60235 1900.64404296875
-60225 1897.3370361328125
-60215 1893.363037109375
-60205 1889.8499755859375
-60195 1886.97802734375
-60185 1883.6629638671875
-60175 1880.3800048828125
-60165 1876.8919677734375
-60155 1874.5389404296875
-60145 1871.615966796875
-60135 1867.7490234375
-60125 1864.095947265625
-60115 1859.5240478515625
-60105 1856.010986328125
-60095 1851.614990234375
-60085 1846.35205078125
-60075 1841.04296875
-60065 1836.08203125
-60055 1830.2330322265625
-60045 1825.0989990234375
-60035 1820.6810302734375
-60025 1815.3819580078125
-60015 1809.72998046875
-60005 1803.779052734375
-59995 1796.7889404296875
-59985 1792.9090576171875
-59975 1786.5240478515625
-59965 1779.1939697265625
-59955 1774.89599609375
-59945 1766.2960205078125
-59935 1761.197021484375
-59925 1754.7860107421875
-59915 1750.760986328125
-59905 1744.1800537109375
-59895 1737.52099609375
-59885 1729.1300048828125
-59875 1725.10595703125
-59865 1720.4649658203125
-59855 1713.5040283203125
-59845 1706.2139892578125
-59835 1700.41796875
-59825 1693.366943359375
-59815 1688.3719482421875
-59805 1682.968994140625
-59795 1677.6090087890625
-59785 1672.1419677734375
-59775 1665.8499755859375
-59765 1660.4090576171875
-59755 1654.116943359375
-59745 1648.0469970703125
-59735 1642.14697265625
-59725 1635.9329833984375
-59715 1631.384033203125
-59705 1627.8189697265625
-59695 1623.1650390625
-59685 1617.9859619140625
-59675 1614.5780029296875
-59665 1611.654052734375
-59655 1608.77001953125
-59645 1605.885986328125
-59635 1602.93603515625
-59625 1599.7769775390625
-59615 1596.3160400390625
-59605 1592.6719970703125
-59595 1590.8890380859375
-59585 1585.43505859375
-59575 1579.6009521484375
-59565 1574.9210205078125
-59555 1569.1400146484375
-59545 1563.68603515625
-59535 1563.947998046875
-59525 1565.7840576171875
-59515 1566.79296875
-59505 1567.7760009765625
-59495 1569.5069580078125
-59485 1573.7149658203125
-59475 1577.93603515625
-59465 1582.615966796875
-59455 1586.011962890625
-59445 1589.905029296875
-59435 1594.9129638671875
-59425 1599.094970703125
-59415 1598.06005859375
-59405 1601.572998046875
-59395 1604.051025390625
-59385 1607.60400390625
-59375 1611.116943359375
-59365 1614.0009765625
-59355 1616.032958984375
-59345 1617.8160400390625
-59335 1619.5860595703125
-59325 1620.594970703125
-59315 1620.989013671875
-59305 1621.9849853515625
-59295 1622.16796875
-59285 1621.708984375
-59275 1621.2769775390625
-59265 1620.6739501953125
-59255 1620.2149658203125
-59245 1619.5460205078125
-59235 1619.073974609375
-59225 1618.0260009765625
-59215 1617.3699951171875
-59205 1616.7149658203125
-59195 1615.9410400390625
-59185 1614.616943359375
-59175 1613.843994140625
-59165 1613.39794921875
-59155 1613.0050048828125
-59145 1610.9990234375
-59135 1607.2359619140625
-59125 1602.5560302734375
-59115 1597.574951171875
-59105 1591.635986328125
-59095 1584.884033203125
-59085 1578.6180419921875
-59075 1572.758056640625
-59065 1568.10400390625
-59055 1562.5980224609375
-59045 1557.0789794921875
-59035 1551.6639404296875
-59025 1546.511962890625
-59015 1541.6490478515625
-59005 1536.2080078125
-58995 1531.2659912109375
-58985 1526.9530029296875
-58975 1522.7840576171875
-58965 1519.2969970703125
-58955 1516.5570068359375
-58945 1514.6949462890625
-58935 1512.9119873046875
-58925 1508.9659423828125
-58915 1505.1910400390625
-58905 1500.9560546875
-58895 1496.2889404296875
-58885 1492.946044921875
-58875 1490.0880126953125
-58865 1486.6929931640625
-58855 1481.7900390625
-58845 1479.1810302734375
-58835 1475.614990234375
-58825 1474.39599609375
-58815 1472.0489501953125
-58805 1469.8599853515625
-58795 1467.5660400390625
-58785 1465.875
-58775 1464.6820068359375
-58765 1462.93798828125
-58755 1461.4310302734375
-58745 1459.988037109375
-58735 1458.886962890625
-58725 1457.550048828125
-58715 1456.199951171875
-58705 1455.112060546875
-58695 1453.1190185546875
-58685 1450.864013671875
-58675 1448.072021484375
-58665 1444.7679443359375
-58655 1442.2640380859375
-58645 1439.2230224609375
-58635 1438.04296875
-58625 1437.531005859375
-58615 1436.5350341796875
-58605 1435.4210205078125
-58595 1435.093017578125
-58585 1436.2340087890625
-58575 1440.9139404296875
-58565 1443.220947265625
-58555 1443.9549560546875
-58545 1444.375
-58535 1445.0570068359375
-58525 1444.833984375
-58515 1443.9949951171875
-58505 1445.5419921875
-58495 1446.2230224609375
-58485 1447.364013671875
-58475 1448.2159423828125
-58465 1449.0419921875
-58455 1450.470947265625
-58445 1451.6639404296875
-58435 1452.29296875
-58425 1452.843994140625
-58415 1453.656005859375
-58405 1454.718017578125
-58395 1455.5050048828125
-58385 1456.4229736328125
-58375 1456.9339599609375
-58365 1457.81201171875
-58355 1458.8349609375
-58345 1459.345947265625
-58335 1459.489990234375
-58325 1460.64404296875
-58315 1462.06005859375
-58305 1463.343994140625
-58295 1464.092041015625
-58285 1463.9739990234375
-58275 1464.5240478515625
-58265 1465.6650390625
-58255 1466.031982421875
-58245 1465.508056640625
-58235 1464.9439697265625
-58225 1464.7080078125
-58215 1464.9959716796875
-58205 1465.416015625
-58195 1464.7869873046875
-58185 1464.720947265625
-58175 1465.7440185546875
-58165 1467.1719970703125
-58155 1468.156005859375
-58145 1468.614990234375
-58135 1470.39697265625
-58125 1471.10498046875
-58115 1472.4949951171875
-58105 1472.5340576171875
-58095 1472.7049560546875
-58085 1474.9859619140625
-58075 1475.2740478515625
-58065 1474.9200439453125
-58055 1475.7330322265625
-58045 1475.655029296875
-58035 1476.991943359375
-58025 1478.18505859375
-58015 1479.324951171875
-58005 1479.9940185546875
-57995 1480.79296875
-57985 1481.8819580078125
-57975 1482.5369873046875
-57965 1482.156982421875
-57955 1483.5469970703125
-57945 1482.0260009765625
-57935 1481.39697265625
-57925 1482.7340087890625
-57915 1482.5369873046875
-57905 1482.760009765625
-57895 1482.615966796875
-57885 1482.85205078125
-57875 1483.074951171875
-57865 1482.6419677734375
-57855 1481.89501953125
-57845 1479.0369873046875
-57835 1476.23095703125
-57825 1475.8909912109375
-57815 1475.4969482421875
-57805 1474.0159912109375
-57795 1472.3380126953125
-57785 1469.4930419921875
-57775 1468.4969482421875
-57765 1465.9659423828125
-57755 1464.7080078125
-57745 1465.428955078125
-57735 1463.7900390625
-57725 1464.7340087890625
-57715 1468.405029296875
-57705 1471.092041015625
-57695 1472.0760498046875
-57685 1472.875
-57675 1473.5570068359375
-57665 1470.135009765625
-57655 1468.7330322265625
-57645 1467.041015625
-57635 1465.154052734375
-57625 1464.7469482421875
-57615 1464.1309814453125
-57605 1464.0260009765625
-57595 1462.8070068359375
-57585 1461.0770263671875
-57575 1460.60498046875
-57565 1459.635009765625
-57555 1458.97900390625
-57545 1457.7860107421875
-57535 1456.9210205078125
-57525 1455.8590087890625
-57515 1454.3380126953125
-57505 1452.3780517578125
-57495 1451.115966796875
-57485 1451.1739501953125
-57475 1450.0770263671875
-57465 1448.51904296875
-57455 1446.239013671875
-57445 1444.2769775390625
-57435 1441.6650390625
-57425 1438.635009765625
-57415 1435.93701171875
-57405 1433.2659912109375
-57395 1430.8289794921875
-57385 1428.5489501953125
-57375 1425.2449951171875
-57365 1422.344970703125
-57355 1419.113037109375
-57345 1415.635009765625
-57335 1415.93896484375
-57325 1414.9139404296875
-57315 1415.14501953125
-57305 1417.5980224609375
-57295 1416.8330078125
-57285 1416.3570556640625
-57275 1415.072998046875
-57265 1414.885009765625
-57255 1413.427978515625
-57245 1412.3170166015625
-57235 1409.8499755859375
-57225 1408.7239990234375
-57215 1408.3780517578125
-57205 1407.0069580078125
-57195 1405.81005859375
-57185 1405.0589599609375
-57175 1403.6309814453125
-57165 1402.3179931640625
-57155 1400.7879638671875
-57145 1399.0419921875
-57135 1398.133056640625
-57125 1396.97900390625
-57115 1395.291015625
-57105 1393.906005859375
-57095 1392.7659912109375
-57085 1391.885986328125
-57075 1390.97705078125
-57065 1389.967041015625
-57055 1388.95703125
-57045 1388.3070068359375
-57035 1384.4110107421875
-57025 1383.31494140625
-57015 1382.93994140625
-57005 1383.56005859375
-56995 1383.97900390625
-56985 1383.9639892578125
-56975 1383.9639892578125
-56965 1384.093994140625
-56955 1382.47802734375
-56945 1380.905029296875
-56935 1380.7469482421875
-56925 1380.64599609375
-56915 1382.0450439453125
-56905 1382.3050537109375
-56895 1382.52099609375
-56885 1382.3050537109375
-56875 1382.14599609375
-56865 1382.0159912109375
-56855 1381.8289794921875
-56845 1382.376953125
-56835 1381.9300537109375
-56825 1381.323974609375
-56815 1381.0780029296875
-56805 1380.9630126953125
-56795 1380.803955078125
-56785 1380.6739501953125
-56775 1380.4439697265625
-56765 1380.3280029296875
-56755 1380.1259765625
-56745 1380.0830078125
-56735 1378.72705078125
-56725 1377.8900146484375
-56715 1376.489990234375
-56705 1375.3360595703125
-56695 1375.364990234375
-56685 1375.0179443359375
-56675 1375.1190185546875
-56665 1375.2349853515625
-56655 1375.2060546875
-56645 1376.70703125
-56635 1376.8509521484375
-56625 1377.45703125
-56615 1377.2120361328125
-56605 1376.7349853515625
-56595 1376.634033203125
-56585 1376.5770263671875
-56575 1375.4510498046875
-56565 1374.383056640625
-56555 1373.114013671875
-56545 1374.9029541015625
-56535 1376.2740478515625
-56525 1375.8699951171875
-56515 1375.8260498046875
-56505 1375.7540283203125
-56495 1375.66796875
-56485 1375.5379638671875
-56475 1375.3499755859375
-56465 1375.10498046875
-56455 1374.844970703125
-56445 1374.7440185546875
-56435 1375.0469970703125
-56425 1375.9129638671875
-56415 1376.0140380859375
-56405 1376.5479736328125
-56395 1376.7640380859375
-56385 1377.54296875
-56375 1377.845947265625
-56365 1378.43798828125
-56355 1379.030029296875
-56345 1379.5780029296875
-56335 1380.155029296875
-56325 1380.616943359375
-56315 1381.0059814453125
-56305 1381.4820556640625
-56295 1382.1610107421875
-56285 1382.2330322265625
-56275 1382.10302734375
-56265 1382.3480224609375
-56255 1382.6080322265625
-56245 1382.925048828125
-56235 1383.0260009765625
-56225 1383.18505859375
-56215 1383.373046875
-56205 1383.5030517578125
-56195 1383.60400390625
-56185 1383.5169677734375
-56175 1383.531005859375
-56165 1383.343994140625
-56155 1383.1710205078125
-56145 1383.18505859375
-56135 1383.3289794921875
-56125 1383.5030517578125
-56115 1383.833984375
-56105 1383.97900390625
-56095 1384.238037109375
-56085 1383.9210205078125
-56075 1383.343994140625
-56065 1383.7330322265625
-56055 1384.123046875
-56045 1384.166015625
-56035 1384.39697265625
-56025 1385.074951171875
-56015 1385.7099609375
-56005 1386.18603515625
-55995 1386.5760498046875
-55985 1387.2249755859375
-55975 1387.989990234375
-55965 1388.7110595703125
-55955 1389.2879638671875
-55945 1389.9949951171875
-55935 1390.6590576171875
-55925 1391.510009765625
-55915 1392.0439453125
-55905 1392.6650390625
-55895 1393.31396484375
-55885 1393.93505859375
-55875 1394.7430419921875
-55865 1395.261962890625
-55855 1396.0989990234375
-55845 1396.8060302734375
-55835 1397.68603515625
-55825 1398.4649658203125
-55815 1399.0999755859375
-55805 1400.0379638671875
-55795 1400.9329833984375
-55785 1402.4329833984375
-55775 1403.3709716796875
-55765 1403.9339599609375
-55755 1404.4959716796875
-55745 1405.260986328125
-55735 1406.9930419921875
-55725 1407.7860107421875
-55715 1407.5699462890625
-55705 1406.876953125
-55695 1409.2869873046875
-55685 1411.6820068359375
-55675 1412.18701171875
-55665 1412.779052734375
-55655 1413.8179931640625
-55645 1414.9000244140625
-55635 1415.9959716796875
-55625 1416.5450439453125
-55615 1417.510986328125
-55605 1418.2039794921875
-55595 1419.386962890625
-55585 1420.2960205078125
-55575 1420.656982421875
-55565 1421.6810302734375
-55555 1422.60498046875
-55545 1423.2540283203125
-55535 1424.3360595703125
-55525 1425.1300048828125
-55515 1426.1400146484375
-55505 1427.0050048828125
-55495 1427.7130126953125
-55485 1428.2750244140625
-55475 1428.85205078125
-55465 1429.343017578125
-55455 1429.991943359375
-55445 1430.77099609375
-55435 1431.551025390625
-55425 1432.156982421875
-55415 1432.5460205078125
-55405 1433.2969970703125
-55395 1434.2760009765625
-55385 1434.8690185546875
-55375 1435.4749755859375
-55365 1435.7349853515625
-55355 1436.052001953125
-55345 1436.4129638671875
-55335 1436.8170166015625
-55325 1437.0479736328125
-55315 1437.4229736328125
-55305 1437.85595703125
-55295 1438.4329833984375
-55285 1438.8800048828125
-55275 1439.4720458984375
-55265 1440.02001953125
-55255 1439.905029296875
-55245 1440.0780029296875
-55235 1440.35205078125
-55225 1440.1929931640625
-55215 1440.1629638671875
-55205 1440.135986328125
-55195 1440.2509765625
-55185 1440.4530029296875
-55175 1440.655029296875
-55165 1440.553955078125
-55155 1440.2939453125
-55145 1440.135986328125
-55135 1439.8759765625
-55125 1441.10302734375
-55115 1440.612060546875
-55105 1440.6839599609375
-55095 1440.0489501953125
-55085 1439.2840576171875
-55075 1438.967041015625
-55065 1438.89501953125
-55055 1438.6639404296875
-55045 1438.404052734375
-55035 1438.0439453125
-55025 1437.654052734375
-55015 1437.220947265625
-55005 1436.824951171875
-54995 1436.406982421875
-54985 1435.9820556640625
-54975 1435.5889892578125
-54965 1435.0679931640625
-54955 1434.4189453125
-54945 1433.675048828125
-54935 1433.0909423828125
-54925 1432.9739990234375
-54915 1432.27197265625
-54905 1432.22998046875
-54895 1431.5389404296875
-54885 1430.9329833984375
-54875 1430.64599609375
-54865 1430.3699951171875
-54855 1429.7850341796875
-54845 1429.2750244140625
-54835 1429.2530517578125
-54825 1429.9659423828125
-54815 1429.7850341796875
-54805 1426.7659912109375
-54795 1428.126953125
-54785 1426.4580078125
-54775 1426.0860595703125
-54765 1425.6820068359375
-54755 1425.0550537109375
-54745 1423.885009765625
-54735 1422.4930419921875
-54725 1422.0360107421875
-54715 1421.876953125
-54705 1418.3160400390625
-54695 1417.3800048828125
-54685 1416.1259765625
-54675 1414.95703125
-54665 1413.8509521484375
-54655 1412.363037109375
-54645 1412.1400146484375
-54635 1411.1409912109375
-54625 1410.428955078125
-54615 1409.259033203125
-54605 1408.4730224609375
-54595 1407.3890380859375
-54585 1406.303955078125
-54575 1405.4530029296875
-54565 1404.551025390625
-54555 1403.3489990234375
-54545 1402.510009765625
-54535 1401.7659912109375
-54525 1400.9580078125
-54515 1399.6080322265625
-54505 1398.7249755859375
-54495 1398.0450439453125
-54485 1397.0780029296875
-54475 1396.0679931640625
-54465 1395.3349609375
-54455 1394.4310302734375
-54445 1393.5059814453125
-54435 1392.56005859375
-54425 1391.5400390625
-54415 1390.7110595703125
-54405 1389.9029541015625
-54395 1388.93701171875
-54385 1387.89404296875
-54375 1386.89501953125
-54365 1386.1610107421875
-54355 1385.2049560546875
-54345 1384.0250244140625
-54335 1382.9620361328125
-54325 1382.0159912109375
-54315 1381.155029296875
-54305 1380.4849853515625
-54295 1379.7840576171875
-54285 1379.114013671875
-54275 1378.3699951171875
-54265 1377.593994140625
-54255 1376.9560546875
-54245 1376.2550048828125
-54235 1375.1920166015625
-54225 1374.468994140625
-54215 1373.8740234375
-54205 1373.33203125
-54195 1372.927978515625
-54185 1372.364013671875
-54175 1371.449951171875
-54165 1370.6319580078125
-54155 1369.781005859375
-54145 1369.2080078125
-54135 1369.1009521484375
-54125 1369.27099609375
-54115 1369.4520263671875
-54105 1369.89794921875
-54095 1371.5460205078125
-54085 1373.0550537109375
-54075 1373.6190185546875
-54065 1373.490966796875
-54055 1373.8740234375
-54045 1375.074951171875
-54035 1376.626953125
-54025 1379.751953125
-54015 1382.6639404296875
-54005 1383.0570068359375
-53995 1382.4200439453125
-53985 1382.9410400390625
-53975 1384.93896484375
-53965 1385.5340576171875
-53955 1386.0660400390625
-53945 1386.5560302734375
-53935 1387.2459716796875
-53925 1388.1070556640625
-53915 1388.7440185546875
-53905 1391.2740478515625
-53895 1395.6319580078125
-53885 1397.864990234375
-53875 1397.343994140625
-53865 1399.7779541015625
-53855 1403.093994140625
-53845 1405.4959716796875
-53835 1408.696044921875
-53825 1411.5340576171875
-53815 1414.43603515625
-53805 1417.2530517578125
-53795 1417.2950439453125
-53785 1417.8480224609375
-53775 1417.550048828125
-53765 1413.2349853515625
-53755 1415.7969970703125
-53745 1419.134033203125
-53735 1421.0369873046875
-53725 1422.9169921875
-53715 1420.9940185546875
-53705 1421.2490234375
-53695 1431.260986328125
-53685 1437.012939453125
-53675 1442.741943359375
-53665 1448.3759765625
-53655 1453.3189697265625
-53645 1457.718994140625
-53635 1460.2490234375
-53625 1460.5250244140625
-53615 1462.33203125
-53605 1463.490966796875
-53595 1463.93798828125
-53585 1460.9510498046875
-53575 1456.2099609375
-53565 1452.4150390625
-53555 1449.9169921875
-53545 1447.6419677734375
-53535 1453.4990234375
-53525 1458.8349609375
-53515 1463.0660400390625
-53505 1465.3719482421875
-53495 1466.137939453125
-53485 1459.85595703125
-53475 1459.0050048828125
-53465 1463.884033203125
-53455 1470.5479736328125
-53445 1473.4930419921875
-53435 1472.9940185546875
-53425 1472.81298828125
-53415 1473.5999755859375
-53405 1474.280029296875
-53395 1473.72705078125
-53385 1474.0670166015625
-53375 1474.343994140625
-53365 1474.89599609375
-53355 1476.0550537109375
-53345 1475.800048828125
-53335 1475.5560302734375
-53325 1475.31103515625
-53315 1475.1519775390625
-53305 1475.279052734375
-53295 1476.1300048828125
-53285 1476.5760498046875
-53275 1477.1180419921875
-53265 1476.884033203125
-53255 1476.6400146484375
-53245 1476.012939453125
-53235 1475.1619873046875
-53225 1474.4930419921875
-53215 1473.6209716796875
-53205 1472.1650390625
-53195 1470.8570556640625
-53185 1470.4219970703125
-53175 1470.2509765625
-53165 1468.3590087890625
-53155 1466.946044921875
-53145 1465.95703125
-53135 1465.02197265625
-53125 1465.426025390625
-53115 1462.779052734375
-53105 1461.1099853515625
-53095 1459.844970703125
-53085 1458.612060546875
-53075 1457.739990234375
-53065 1456.3909912109375
-53055 1455.4019775390625
-53045 1454.8699951171875
-53035 1454.8809814453125
-53025 1455.14697265625
-53015 1454.657958984375
-53005 1451.6820068359375
-52995 1448.22705078125
-52985 1444.4530029296875
-52975 1439.4150390625
-52965 1433.155029296875
-52955 1427.073974609375
-52945 1418.9000244140625
-52935 1411.8740234375
-52925 1402.446044921875
-52915 1391.8160400390625
-52905 1382.4310302734375
-52895 1375.3089599609375
-52885 1367.4849853515625
-52875 1362.426025390625
-52865 1360.2879638671875
-52855 1358.364990234375
-52845 1355.612060546875
-52835 1353.135986328125
-52825 1354.3370361328125
-52815 1355.845947265625
-52805 1356.5369873046875
-52795 1362.1490478515625
-52785 1372.9599609375
-52775 1387.6710205078125
-52765 1396.8759765625
-52755 1406.8570556640625
-52745 1414.3709716796875
-52735 1420.387939453125
-52725 1424.97998046875
-52715 1430.2740478515625
-52705 1434.9300537109375
-52695 1440.0849609375
-52685 1445.655029296875
-52675 1451.3199462890625
-52665 1456.656005859375
-52655 1460.344970703125
-52645 1465.2769775390625
-52635 1473.72705078125
-52625 1480.4239501953125
-52615 1486.89697265625
-52605 1492.4990234375
-52595 1497.8349609375
-52585 1502.989990234375
-52575 1507.008056640625
-52565 1512.31201171875
-52555 1517.06396484375
-52545 1521.68798828125
-52535 1525.1629638671875
-52525 1528.2349853515625
-52515 1531.3499755859375
-52505 1534.657958984375
-52495 1537.6839599609375
-52485 1541.8790283203125
-52475 1545.8800048828125
-52465 1549.3470458984375
-52455 1552.5980224609375
-52445 1556.2740478515625
-52435 1560.176025390625
-52425 1562.06201171875
-52415 1565.0860595703125
-52405 1568.010986328125
-52395 1570.4300537109375
-52385 1572.446044921875
-52375 1574.4510498046875
-52365 1576.9549560546875
-52355 1579.3179931640625
-52345 1581.2039794921875
-52335 1582.5369873046875
-52325 1584.8349609375
-52315 1586.64501953125
-52305 1587.97802734375
-52295 1590.5040283203125
-52285 1592.7149658203125
-52275 1593.364990234375
-52265 1593.5479736328125
-52255 1593.2349853515625
-52245 1597.2669677734375
-52235 1600.031005859375
-52225 1602.14501953125
-52215 1603.6619873046875
-52205 1606.39404296875
-52195 1610.133056640625
-52185 1614.4150390625
-52175 1619.217041015625
-52165 1621.5040283203125
-52155 1623.7469482421875
-52145 1624.10498046875
-52135 1624.4630126953125
-52125 1624.625
-52115 1624.4840087890625
-52105 1624.4410400390625
-52095 1624.7769775390625
-52085 1625.741943359375
-52075 1626.5
-52065 1627.6929931640625
-52055 1630.175048828125
-52045 1632.321044921875
-52035 1633.156005859375
-52025 1634.6080322265625
-52015 1635.0849609375
-52005 1636.5050048828125
-51995 1637.97900390625
-51985 1639.4100341796875
-51975 1640.64697265625
-51965 1642.748046875
-51955 1644.2550048828125
-51945 1645.0360107421875
-51935 1645.6099853515625
-51925 1645.8909912109375
-51915 1646.8890380859375
-51905 1647.072998046875
-51895 1647.4539794921875
-51885 1646.9749755859375
-51875 1647.35498046875
-51865 1647.4090576171875
-51855 1647.2249755859375
-51845 1646.8890380859375
-51835 1645.511962890625
-51825 1643.822998046875
-51815 1641.68603515625
-51805 1637.93603515625
-51795 1637.718994140625
-51785 1638.18505859375
-51775 1637.5350341796875
-51765 1638.4229736328125
-51755 1638.0439453125
-51745 1637.512939453125
-51735 1636.5479736328125
-51725 1636.7449951171875
-51715 1635.4010009765625
-51705 1625.3189697265625
-51695 1615.3800048828125
-51685 1607.9659423828125
-51675 1606.43701171875
-51665 1603.824951171875
-51655 1595.3709716796875
-51645 1585.094970703125
-51635 1583.0340576171875
-51625 1580.3909912109375
-51615 1573.343994140625
-51605 1575.8489990234375
-51595 1584.9219970703125
-51585 1593.10498046875
-51575 1602.2860107421875
-51565 1610.512939453125
-51555 1617.7750244140625
-51545 1625.719970703125
-51535 1633.97900390625
-51525 1642.0670166015625
-51515 1646.1409912109375
-51505 1646.27099609375
-51495 1646.446044921875
-51485 1647.01904296875
-51475 1647.364990234375
-51465 1647.56103515625
-51455 1647.4849853515625
-51445 1647.364990234375
-51435 1647.1490478515625
-51425 1646.85595703125
-51415 1646.488037109375
-51405 1645.8050537109375
-51395 1645.6529541015625
-51385 1645.8050537109375
-51375 1645.012939453125
-51365 1644.2979736328125
-51355 1644.0489501953125
-51345 1643.4849853515625
-51335 1642.81298828125
-51325 1642.1739501953125
-51315 1641.5780029296875
-51305 1640.3199462890625
-51295 1638.9219970703125
-51285 1637.0679931640625
-51275 1634.27197265625
-51265 1632.85205078125
-51255 1629.989990234375
-51245 1626.79296875
-51235 1625.113037109375
-51225 1625.3189697265625
-51215 1623.780029296875
-51205 1622.2840576171875
-51195 1619.4549560546875
-51185 1610.133056640625
-51175 1606.23095703125
-51165 1617.2330322265625
-51155 1623.9420166015625
-51145 1624.2349853515625
-51135 1623.1939697265625
-51125 1623.4329833984375
-51115 1623.1510009765625
-51105 1621.612060546875
-51095 1620.9620361328125
-51085 1619.3470458984375
-51075 1618.675048828125
-51065 1617.958984375
-51055 1617.14599609375
-51045 1615.77001953125
-51035 1613.969970703125
-51025 1613.071044921875
-51015 1612.344970703125
-51005 1611.4339599609375
-50995 1609.635009765625
-50985 1608.1280517578125
-50975 1605.7979736328125
-50965 1604.31298828125
-50955 1603.6729736328125
-50945 1601.136962890625
-50935 1601.10400390625
-50925 1599.3489990234375
-50915 1596.844970703125
-50905 1594.14599609375
-50895 1591.0889892578125
-50885 1588.032958984375
-50875 1585.593994140625
-50865 1580.3370361328125
-50855 1575.5780029296875
-50845 1574.60302734375
-50835 1571.362060546875
-50825 1569.2049560546875
-50815 1566.64697265625
-50805 1563.3299560546875
-50795 1558.1600341796875
-50785 1551.905029296875
-50775 1549.781982421875
-50765 1545.824951171875
-50755 1541.25
-50745 1535.7669677734375
-50735 1532.5999755859375
-50725 1530.1400146484375
-50715 1524.5140380859375
-50705 1521.8590087890625
-50695 1519.4530029296875
-50685 1517.6639404296875
-50675 1515.3990478515625
-50665 1512.2030029296875
-50655 1508.5050048828125
-50645 1505.9150390625
-50635 1501.6109619140625
-50625 1499.052978515625
-50615 1496.885986328125
-50605 1494.1650390625
-50595 1491.260009765625
-50585 1488.030029296875
-50575 1485.2659912109375
-50565 1482.718994140625
-50555 1480.594970703125
-50545 1478.2099609375
-50535 1475.56494140625
-50525 1474.2650146484375
-50515 1472.85498046875
-50505 1469.051025390625
-50495 1465.093017578125
-50485 1462.5350341796875
-50475 1459.8699951171875
-50465 1457.35595703125
-50455 1454.60302734375
-50445 1451.8599853515625
-50435 1450.0830078125
-50425 1449.1070556640625
-50415 1446.634033203125
-50405 1443.5570068359375
-50395 1441
-50385 1436.696044921875
-50375 1432.0460205078125
-50365 1427.2559814453125
-50355 1417.77099609375
-50345 1408.741943359375
-50335 1400.5260009765625
-50325 1391.81103515625
-50315 1382.998046875
-50305 1373.8389892578125
-50295 1365.4169921875
-50285 1357.7979736328125
-50275 1347.5
-50265 1337.322998046875
-50255 1321.9200439453125
-50245 1318.7760009765625
-50235 1324.6080322265625
-50225 1333.9949951171875
-50215 1344.238037109375
-50205 1351.5760498046875
-50195 1359.8349609375
-50185 1367.866943359375
-50175 1377.5460205078125
-50165 1387.4859619140625
-50155 1399.4090576171875
-50145 1408.7740478515625
-50135 1418.85498046875
-50125 1427.4930419921875
-50115 1432.2939453125
-50105 1436.7509765625
-50095 1440.8909912109375
-50085 1444.9229736328125
-50075 1448.824951171875
-50065 1455.2750244140625
-50055 1459.6099853515625
-50045 1463.0350341796875
-50035 1467.3489990234375
-50025 1471.56396484375
-50015 1475.3050537109375
-50005 1478.8270263671875
-49995 1483.571044921875
-49985 1486.93701171875
-49975 1489.3590087890625
-49965 1492.4210205078125
-49955 1494.2340087890625
-49945 1496.1529541015625
-49935 1497.4429931640625
-49925 1498.260986328125
-49915 1501.31201171875
-49905 1503.10498046875
-49895 1504.991943359375
-49885 1505.800048828125
-49875 1505.89404296875
-49865 1505.9150390625
-49855 1506.41796875
-49845 1506.1669921875
-49835 1506.009033203125
-49825 1506.0980224609375
-49815 1505.862060546875
-49805 1505.988037109375
-49795 1506.31298828125
-49785 1505.97802734375
-49775 1506.532958984375
-49765 1507.0579833984375
-49755 1507.97998046875
-49745 1508.7249755859375
-49735 1508.3470458984375
-49725 1504.865966796875
-49715 1502.93701171875
-49705 1502.2559814453125
-49695 1503.6710205078125
-49685 1502.2239990234375
-49675 1499.85400390625
-49665 1500.5889892578125
-49655 1501.636962890625
-49645 1498.6590576171875
-49635 1496.823974609375
-49625 1492.2110595703125
-49615 1482.0400390625
-49605 1468.7979736328125
-49595 1459.676025390625
-49585 1452.9019775390625
-49575 1458.385986328125
-49565 1474.8900146484375
-49555 1481.7469482421875
-49545 1485.291015625
-49535 1492.4520263671875
-49525 1497.5579833984375
-49515 1498.06201171875
-49505 1498.156005859375
-49495 1499.72900390625
-49485 1500.6090087890625
-49475 1500.9129638671875
-49465 1501.22802734375
-49455 1501.9930419921875
-49445 1502.64404296875
-49435 1503.5140380859375
-49425 1504.928955078125
-49415 1506.7220458984375
-49405 1507.906982421875
-49395 1503.010009765625
-49385 1505.8199462890625
-49375 1511.9229736328125
-49365 1513.842041015625
-49355 1514.7640380859375
-49345 1511.8599853515625
-49335 1507.969970703125
-49325 1503.114990234375
-49315 1501.56396484375
-49305 1500.220947265625
-49295 1507.1099853515625
-49285 1512.2060546875
-49275 1516.116943359375
-49265 1522.9840087890625
-49255 1524.5570068359375
-49245 1524.2950439453125
-49235 1521.4959716796875
-49225 1519.387939453125
-49215 1518.2659912109375
-49205 1517.720947265625
-49195 1517.406005859375
-49185 1517.657958984375
-49175 1520.363037109375
-49165 1521.2340087890625
-49155 1521.2230224609375
-49145 1520.928955078125
-49135 1520.5889892578125
-49125 1520.237060546875
-49115 1519.8070068359375
-49105 1518.9010009765625
-49095 1517.6689453125
-49085 1515.2669677734375
-49075 1517.092041015625
-49065 1517.447998046875
-49055 1516.6099853515625
-49045 1515.906982421875
-49035 1515.1099853515625
-49025 1514.8690185546875
-49015 1513.93603515625
-49005 1512.6669921875
-48995 1511.4300537109375
-48985 1510.0980224609375
-48975 1508.3160400390625
-48965 1509.510986328125
-48955 1509.8570556640625
-48945 1509.842041015625
-48935 1509.9730224609375
-48925 1509.862060546875
-48915 1509.77294921875
-48905 1509.468994140625
-48895 1507.822998046875
-48885 1506.9949951171875
-48875 1506.491943359375
-48865 1506.6280517578125
-48855 1506.009033203125
-48845 1504.426025390625
-48835 1503.114990234375
-48825 1502.717041015625
-48815 1501.9520263671875
-48805 1501.741943359375
-48795 1500.9759521484375
-48785 1499.906982421875
-48775 1498.9210205078125
-48765 1497.97802734375
-48755 1497.3489990234375
-48745 1496.9189453125
-48735 1495.8699951171875
-48725 1493.9510498046875
-48715 1491.0570068359375
-48705 1488.635009765625
-48695 1483.3409423828125
-48685 1477.154052734375
-48675 1467.927001953125
-48665 1465.862060546875
-48655 1464.81298828125
-48645 1471.6390380859375
-48635 1474.7740478515625
-48625 1473.6629638671875
-48615 1469.375
-48605 1463.428955078125
-48595 1461.385009765625
-48585 1467.72802734375
-48575 1471.491943359375
-48565 1477.68896484375
-48555 1478.1400146484375
-48545 1477.824951171875
-48535 1475.508056640625
-48525 1474.9530029296875
-48515 1472.697998046875
-48505 1470.5169677734375
-48495 1467.927001953125
-48485 1466.06103515625
-48475 1464.0479736328125
-48465 1462.2760009765625
-48455 1460.052978515625
-48445 1457.1280517578125
-48435 1454.737060546875
-48425 1452.18896484375
-48415 1449.7249755859375
-48405 1447.8280029296875
-48395 1444.9859619140625
-48385 1441.5369873046875
-48375 1438.4539794921875
-48365 1435.0360107421875
-48355 1431.22998046875
-48345 1425.2950439453125
-48335 1413.5419921875
-48325 1408.2149658203125
-48315 1423.5550537109375
-48305 1431.2509765625
-48295 1433.9560546875
-48285 1436.6610107421875
-48275 1433.7459716796875
-48265 1430.6529541015625
-48255 1428.4720458984375
-48245 1425.5159912109375
-48235 1423.35595703125
-48225 1421.26904296875
-48215 1419.4029541015625
-48205 1416.864990234375
-48195 1416.969970703125
-48185 1415.9219970703125
-48175 1415.9219970703125
-48165 1415.2509765625
-48155 1413.89794921875
-48145 1411.654052734375
-48135 1411.5489501953125
-48125 1413.321044921875
-48115 1412.282958984375
-48105 1409.7879638671875
-48095 1413.426025390625
-48085 1415.239990234375
-48075 1416.2469482421875
-48065 1416.551025390625
-48055 1416.509033203125
-48045 1416.7919921875
-48035 1416.72900390625
-48025 1416.2469482421875
-48015 1414.873046875
-48005 1414.1810302734375
-47995 1413.991943359375
-47985 1414.1810302734375
-47975 1413.7509765625
-47965 1413.9300537109375
-47955 1414.5379638671875
-47945 1414.1710205078125
-47935 1413.133056640625
-47925 1412.7550048828125
-47915 1412.198974609375
-47905 1411.93701171875
-47895 1411.3289794921875
-47885 1410.720947265625
-47875 1410.134033203125
-47865 1409.0849609375
-47855 1408.572021484375
-47845 1408.31005859375
-47835 1408.2779541015625
-47825 1407.6700439453125
-47815 1407.323974609375
-47805 1406.6949462890625
-47795 1405.625
-47785 1404.5660400390625
-47775 1402.510986328125
-47765 1400.2259521484375
-47755 1398.81005859375
-47745 1397.5830078125
-47735 1396.7340087890625
-47725 1396.114990234375
-47715 1395.72705078125
-47705 1395.2239990234375
-47695 1394.5849609375
-47685 1393.9029541015625
-47675 1393.1590576171875
-47665 1392.1209716796875
-47655 1390.97802734375
-47645 1389.9189453125
-47635 1388.093994140625
-47625 1386.66796875
-47615 1385.053955078125
-47605 1382.946044921875
-47595 1380.387939453125
-47585 1377.7249755859375
-47575 1375.030029296875
-47565 1371.0250244140625
-47555 1369.6409912109375
-47545 1369.0009765625
-47535 1365.68798828125
-47525 1365.635009765625
-47515 1365.7509765625
-47505 1365.2900390625
-47495 1361.1309814453125
-47485 1356.5260009765625
-47475 1353.0780029296875
-47465 1349.9759521484375
-47455 1348.22802734375
-47445 1346.9820556640625
-47435 1346.041015625
-47425 1344.6319580078125
-47415 1342.64697265625
-47405 1340.5810546875
-47395 1338.365966796875
-47385 1336.85595703125
-47375 1336.89697265625
-47365 1336.3070068359375
-47355 1331.281005859375
-47345 1327.345947265625
-47335 1318.717041015625
-47325 1309.8370361328125
-47315 1301.0660400390625
-47305 1293.3509521484375
-47295 1285.635986328125
-47285 1278.531005859375
-47275 1270.720947265625
-47265 1261.97705078125
-47255 1252.9820556640625
-47245 1245.6199951171875
-47235 1239.0970458984375
-47225 1232.93994140625
-47215 1228.321044921875
-47205 1224.947998046875
-47195 1223.8699951171875
-47185 1219.907958984375
-47175 1209.6199951171875
-47165 1202.447021484375
-47155 1199.906982421875
-47145 1199.4530029296875
-47135 1199.5479736328125
-47125 1198.4169921875
-47115 1201.20703125
-47105 1203.781005859375
-47095 1206.1109619140625
-47085 1210.27001953125
-47075 1208.9630126953125
-47065 1219.927978515625
-47055 1226.5389404296875
-47045 1230.385986328125
-47035 1232.83203125
-47025 1233.7459716796875
-47015 1240.5870361328125
-47005 1251.10595703125
-46995 1259.3759765625
-46985 1265.5469970703125
-46975 1271.5880126953125
-46965 1278.2469482421875
-46955 1285.1280517578125
-46945 1291.928955078125
-46935 1297.0489501953125
-46925 1300.3070068359375
-46915 1304.39794921875
-46905 1312.4990234375
-46895 1319.239013671875
-46885 1323.8919677734375
-46875 1324.365966796875
-46865 1322.260009765625
-46855 1323.248046875
-46845 1328.416015625
-46835 1332.5889892578125
-46825 1336.592041015625
-46815 1341.7259521484375
-46805 1345.4110107421875
-46795 1347.4560546875
-46785 1348.7569580078125
-46775 1349.779052734375
-46765 1350.030029296875
-46755 1349
-46745 1348.0789794921875
-46735 1355.4010009765625
-46725 1358.70703125
-46715 1358.8900146484375
-46705 1363.5899658203125
-46695 1367.1800537109375
-46685 1371.48095703125
-46675 1375.3079833984375
-46665 1378.7080078125
-46655 1381.3289794921875
-46645 1383.699951171875
-46635 1387.1820068359375
-46625 1387.7099609375
-46615 1389.092041015625
-46605 1390.6490478515625
-46595 1392.6199951171875
-46585 1391.95703125
-46575 1392.4580078125
-46565 1393.677001953125
-46555 1394.2049560546875
-46545 1394.8079833984375
-46535 1395.2490234375
-46525 1395.77001953125
