-72125 2137.159912109375
-72115 2141.555908203125
-72105 2146.055908203125
-72095 2151.14892578125
-72085 2154.84912109375
-72075 2157.99609375
-72065 2161.447998046875
-72055 2165.322998046875
-72045 2169.840087890625
-72035 2172.89111328125
-72025 2174.7490234375
-72015 2175.26904296875
-72005 2176.72705078125
-71995 2179.35302734375
-71985 2180.883056640625
-71975 2181.85205078125
-71965 2183.052978515625
-71955 2184.134033203125
-71945 2185.343017578125
-71935 2185.782958984375
-71925 2186.3759765625
-71915 2185.39111328125
-71905 2185.326904296875
-71895 2185.718994140625
-71885 2185.742919921875
-71875 2184.261962890625
-71865 2182.364013671875
-71855 2181.18701171875
-71845 2182.699951171875
-71835 2183.613037109375
-71825 2184.98291015625
-71815 2187.2490234375
-71805 2189.306884765625
-71795 2192.4619140625
-71785 2193.678955078125
-71775 2198.491943359375
-71765 2203.361083984375
-71755 2208.093017578125
-71745 2213.41796875
-71735 2219.471923828125
-71725 2222.507080078125
-71715 2227
-71705 2230.802978515625
-71695 2235.360107421875
-71685 2239.027099609375
-71675 2241.758056640625
-71665 2243.592041015625
-71655 2245.882080078125
-71645 2248.30908203125
-71635 2249.39794921875
-71625 2253.049072265625
-71615 2256.31591796875
-71605 2261.408935546875
-71595 2266.06201171875
-71585 2272.06005859375
-71575 2276.9130859375
-71565 2280.7958984375
-71555 2286.513916015625
-71545 2292.007080078125
-71535 2298.220947265625
-71525 2303.489990234375
-71515 2311.162109375
-71505 2318.616943359375
-71495 2326.041015625
-71485 2330.14892578125
-71475 2335.240966796875
-71465 2340.35888671875
-71455 2345.2919921875
-71445 2350.2880859375
-71435 2355.373046875
-71425 2360.930908203125
-71415 2367.072998046875
-71405 2373.111083984375
-71395 2377.843017578125
-71385 2382.126953125
-71375 2386.1708984375
-71365 2389.343017578125
-71355 2392.697998046875
-71345 2397.389892578125
-71335 2403.052001953125
-71325 2408.2890625
-71315 2413.14208984375
-71305 2412.81298828125
-71295 2414.72705078125
-71285 2415.248046875
-71275 2415.447998046875
-71265 2416.52099609375
-71255 2418.64306640625
-71245 2419.572021484375
-71235 2421.533935546875
-71225 2420.556884765625
-71215 2416.9541015625
-71205 2413.06201171875
-71195 2409.41796875
-71185 2405.910888671875
-71175 2402.01904296875
-71165 2398.222900390625
-71155 2393.449951171875
-71145 2388.8779296875
-71135 2385.097900390625
-71125 2380.662109375
-71115 2375.888916015625
-71105 2371.908935546875
-71095 2369.131103515625
-71085 2364.781982421875
-71075 2363.62109375
-71065 2361.01904296875
-71055 2356.799072265625
-71045 2353.93994140625
-71035 2351.68994140625
-71025 2354.083984375
-71015 2352.489990234375
-71005 2347.510009765625
-70995 2343.12890625
-70985 2342.2490234375
-70975 2342.56103515625
-70965 2340.87890625
-70955 2338.7890625
-70945 2336.490966796875
-70935 2333.592041015625
-70925 2328.52294921875
-70915 2324.423095703125
-70905 2317.39990234375
-70895 2315.98291015625
-70885 2315.662109375
-70875 2316.19091796875
-70865 2319.337890625
-70855 2323.967041015625
-70845 2327.889892578125
-70835 2328.819091796875
-70825 2330.85302734375
-70815 2331.718017578125
-70805 2332.0458984375
-70795 2331.55810546875
-70785 2332.23095703125
-70775 2331.597900390625
-70765 2332.68701171875
-70755 2335.52197265625
-70745 2340.990966796875
-70735 2345.33203125
-70725 2348.927001953125
-70715 2350.3359375
-70705 2351.072998046875
-70695 2352.89892578125
-70685 2352.698974609375
-70675 2353.37890625
-70665 2357.158935546875
-70655 2363.653076171875
-70645 2364.76611328125
-70635 2363.781005859375
-70625 2364.093994140625
-70615 2365.071044921875
-70605 2368.85791015625
-70595 2374.679931640625
-70585 2381.31103515625
-70575 2386.60400390625
-70565 2387.7890625
-70555 2385.89892578125
-70545 2389.927001953125
-70535 2393.362060546875
-70525 2396.6298828125
-70515 2402.739990234375
-70505 2410.306884765625
-70495 2417.89794921875
-70485 2426.443115234375
-70475 2435.04296875
-70465 2443.468017578125
-70455 2452.092041015625
-70445 2461.89404296875
-70435 2471.239013671875
-70425 2470.14892578125
-70415 2464.800048828125
-70405 2459.906982421875
-70395 2457.993896484375
-70385 2455.678955078125
-70375 2456.02392578125
-70365 2455.591064453125
-70355 2456.16796875
-70345 2453.173095703125
-70335 2453.589111328125
-70325 2456.535888671875
-70315 2456.048095703125
-70305 2453.949951171875
-70295 2452.699951171875
-70285 2453.26904296875
-70275 2441.833984375
-70265 2429.342041015625
-70255 2415.800048828125
-70245 2406.68798828125
-70235 2396.532958984375
-70225 2384.929931640625
-70215 2374.431884765625
-70205 2359.89794921875
-70195 2352.201904296875
-70185 2343.72998046875
-70175 2335.362060546875
-70165 2327.137939453125
-70155 2319.385986328125
-70145 2311.70703125
-70135 2303.68310546875
-70125 2295.930908203125
-70115 2288.739990234375
-70105 2280.3798828125
-70095 2272.739990234375
-70085 2265.180908203125
-70075 2257.822021484375
-70065 2250.87109375
-70055 2243.424072265625
-70045 2235.632080078125
-70035 2229.843017578125
-70025 2223.51611328125
-70015 2216.94189453125
-70005 2210.4541015625
-69995 2203.865966796875
-69985 2197.72998046875
-69975 2191.550048828125
-69965 2185.1640625
-69955 2179.04296875
-69945 2173.02490234375
-69935 2166.904052734375
-69925 2161.196044921875
-69915 2155.341064453125
-69905 2150.031005859375
-69895 2144.823974609375
-69885 2139.736083984375
-69875 2133.864990234375
-69865 2129.0869140625
-69855 2124.0869140625
-69845 2119.175048828125
-69835 2114.012939453125
-69825 2108.48193359375
-69815 2103.702880859375
-69805 2099.012939453125
-69795 2094.80908203125
-69785 2091.35791015625
-69775 2087.448974609375
-69765 2084.205078125
-69755 2081.22509765625
-69745 2080.10400390625
-69735 2078.702880859375
-69725 2077.818115234375
-69715 2076.844970703125
-69705 2077.43505859375
-69695 2079.028076171875
-69685 2083.172119140625
-69675 2090.237060546875
-69665 2090.72412109375
-69655 2087.950927734375
-69645 2084.986083984375
-69635 2083.9541015625
-69625 2083.7470703125
-69615 2086.4609375
-69605 2088.7470703125
-69595 2090.929931640625
-69585 2093.201904296875
-69575 2095.2958984375
-69565 2096.653076171875
-69555 2097.18408203125
-69545 2097.27197265625
-69535 2098.423095703125
-69525 2099.677001953125
-69515 2101.4169921875
-69505 2102.302001953125
-69495 2103.304931640625
-69485 2105.118896484375
-69475 2107.568115234375
-69465 2109.780029296875
-69455 2111.6240234375
-69445 2115.14892578125
-69435 2117.139892578125
-69425 2116.22509765625
-69415 2114.883056640625
-69405 2112.464111328125
-69395 2113.702880859375
-69385 2115.177978515625
-69375 2117.3759765625
-69365 2118.89501953125
-69355 2122.33203125
-69345 2124.794921875
-69335 2128.364013671875
-69325 2130.5029296875
-69315 2132.759033203125
-69305 2136.68310546875
-69295 2139.7060546875
-69285 2141.4609375
-69275 2142.98095703125
-69265 2145.193115234375
-69255 2147.7451171875
-69245 2149.529052734375
-69235 2154.322998046875
-69225 2158.98388671875
-69215 2169.366943359375
-69205 2183.217041015625
-69195 2191.56494140625
-69185 2194.322998046875
-69175 2195.074951171875
-69165 2197.125
-69155 2198.217041015625
-69145 2201.033935546875
-69135 2197.64208984375
-69125 2197.037109375
-69115 2195.341064453125
-69105 2195.547119140625
-69095 2196.654052734375
-69085 2198.452880859375
-69075 2201.10791015625
-69065 2202.626953125
-69055 2203.4970703125
-69045 2204.25
-69035 2205.989990234375
-69025 2207.18505859375
-69015 2209.514892578125
-69005 2210.251953125
-68995 2210.827880859375
-68985 2212.863037109375
-68975 2216.844970703125
-68965 2221.41796875
-68955 2223.89599609375
-68945 2223.85107421875
-68935 2222.716064453125
-68925 2219.76611328125
-68915 2220.81298828125
-68905 2227.803955078125
-68895 2235.72412109375
-68885 2236.801025390625
-68875 2239.5439453125
-68865 2239.720947265625
-68855 2239.794921875
-68845 2238.5419921875
-68835 2239.794921875
-68825 2240.39990234375
-68815 2240.666015625
-68805 2241.490966796875
-68795 2242.863037109375
-68785 2243.806884765625
-68775 2246.875
-68765 2252.7451171875
-68755 2258.806884765625
-68745 2264.412109375
-68735 2269.573974609375
-68725 2274.322998046875
-68715 2279.677001953125
-68705 2285.031005859375
-68695 2290.445068359375
-68685 2296.153076171875
-68675 2301.47705078125
-68665 2307.0380859375
-68655 2315.50390625
-68645 2323.762939453125
-68635 2330.6220703125
-68625 2338.261962890625
-68615 2347.716064453125
-68605 2355.843017578125
-68595 2362.18505859375
-68585 2361.197021484375
-68575 2366.0048828125
-68565 2370.85791015625
-68555 2374.9580078125
-68545 2376.712890625
-68535 2375.666015625
-68525 2374.544921875
-68515 2372.4951171875
-68505 2370.10595703125
-68495 2366.47705078125
-68485 2363.054931640625
-68475 2356.0048828125
-68465 2348.261962890625
-68455 2345.385986328125
-68445 2339.85498046875
-68435 2332.346923828125
-68425 2321.654052734375
-68415 2316.123046875
-68405 2309.235107421875
-68395 2304.677001953125
-68385 2301.757080078125
-68375 2298.89599609375
-68365 2292.376953125
-68355 2286.638916015625
-68345 2280.97509765625
-68335 2275.194091796875
-68325 2267.7451171875
-68315 2256.197021484375
-68305 2243.5859375
-68295 2231.22607421875
-68285 2221.47705078125
-68275 2213.452880859375
-68265 2207.125
-68255 2201.196044921875
-68245 2194.2490234375
-68235 2187.125
-68225 2181.68310546875
-68215 2177.568115234375
-68205 2173.98388671875
-68195 2167.715087890625
-68185 2160.444091796875
-68175 2154.115966796875
-68165 2147.9951171875
-68155 2142.155029296875
-68145 2133.423095703125
-68135 2125.575927734375
-68125 2119.0869140625
-68115 2113.805908203125
-68105 2109.205078125
-68095 2104.205078125
-68085 2097.93603515625
-68075 2093.777099609375
-68065 2087.302001953125
-68055 2082.27197265625
-68045 2075.0009765625
-68035 2068.39306640625
-68025 2061.136962890625
-68015 2053.702880859375
-68005 2048.658935546875
-67995 2044.0269775390625
-67985 2039.115966796875
-67975 2030.678955078125
-67965 2022.7740478515625
-67955 2014.85302734375
-67945 2008.18701171875
-67935 2001.8740234375
-67925 1993.2900390625
-67915 1987.051025390625
-67905 1980.06005859375
-67895 1971.623046875
-67885 1961.2540283203125
-67875 1952.4639892578125
-67865 1943.0679931640625
-67855 1938.9090576171875
-67845 1935.324951171875
-67835 1928.052978515625
-67825 1916.7259521484375
-67815 1909.9119873046875
-67805 1906.9620361328125
-67795 1907.197998046875
-67785 1903.18603515625
-67775 1899.68994140625
-67765 1897.1829833984375
-67755 1892.8170166015625
-67745 1887.655029296875
-67735 1883.052978515625
-67725 1877.8759765625
-67715 1875.3389892578125
-67705 1869.9560546875
-67695 1864.64599609375
-67685 1860.0439453125
-67675 1854.18896484375
-67665 1852.0059814453125
-67655 1846.282958984375
-67645 1838.2740478515625
-67635 1826.239013671875
-67625 1817.404052734375
-67615 1806.8289794921875
-67605 1800.5460205078125
-67595 1796.239013671875
-67585 1793.4659423828125
-67575 1789.5870361328125
-67565 1785.9730224609375
-67555 1782.8170166015625
-67545 1777.8759765625
-67535 1772.06494140625
-67525 1766.9610595703125
-67515 1762.2559814453125
-67505 1757.68603515625
-67495 1753.1920166015625
-67485 1750.1729736328125
-67475 1744.2149658203125
-67465 1740.5040283203125
-67455 1733.0269775390625
-67445 1729.18798828125
-67435 1723.905029296875
-67425 1718.2740478515625
-67415 1713.08203125
-67405 1708.9320068359375
-67395 1704.3800048828125
-67385 1699.0419921875
-67375 1694.030029296875
-67365 1686.572998046875
-67355 1681.72900390625
-67345 1674.4320068359375
-67335 1667.8349609375
-67325 1662.9169921875
-67315 1658.7490234375
-67305 1652.532958984375
-67295 1645.14697265625
-67285 1638.9310302734375
-67275 1637.10302734375
-67265 1631.1800537109375
-67255 1627.4320068359375
-67245 1630.302001953125
-67235 1631.4730224609375
-67225 1632.678955078125
-67215 1633.758056640625
-67205 1636.2440185546875
-67195 1639.31298828125
-67185 1644.2149658203125
-67175 1648.802978515625
-67165 1651.8380126953125
-67155 1655.4580078125
-67145 1659.4959716796875
-67135 1663.4630126953125
-67125 1667.5970458984375
-67115 1672.093994140625
-67105 1676.719970703125
-67095 1681.7469482421875
-67085 1686.281005859375
-67075 1690.8330078125
-67065 1694.030029296875
-67055 1698.657958984375
-67045 1702.9169921875
-67035 1707.0489501953125
-67025 1711.217041015625
-67015 1715.8060302734375
-67005 1720.468017578125
-66995 1720.7969970703125
-66985 1728.5849609375
-66975 1737.4329833984375
-66965 1744.362060546875
-66955 1748.7860107421875
-66945 1754.4530029296875
-66935 1769.9560546875
-66925 1776.18994140625
-66915 1784.324951171875
-66905 1791.748046875
-66895 1799.0970458984375
-66885 1805.77001953125
-66875 1814.2159423828125
-66865 1820.85205078125
-66855 1826.64697265625
-66845 1830.2669677734375
-66835 1832.93603515625
-66825 1835.6419677734375
-66815 1841.052978515625
-66805 1845.14794921875
-66795 1851.3089599609375
-66785 1854.72802734375
-66775 1858.0369873046875
-66765 1859.6639404296875
-66755 1865.47802734375
-66745 1863.9599609375
-66735 1863.3389892578125
-66725 1865.916015625
-66715 1868.092041015625
-66705 1867.762939453125
-66695 1871.9129638671875
-66685 1878.6400146484375
-66675 1887.3790283203125
-66665 1895.239990234375
-66655 1903.7779541015625
-66645 1914.5460205078125
-66635 1927.8179931640625
-66625 1937.0140380859375
-66615 1944.7099609375
-66605 1952.3890380859375
-66595 1964.2530517578125
-66585 1989.1529541015625
-66575 1999.35400390625
-66565 2003.52197265625
-66555 2007.9649658203125
-66545 2012.06005859375
-66535 2016.3740234375
-66525 2029.5550537109375
-66515 2035.6429443359375
-66505 2040.469970703125
-66495 2048.14794921875
-66485 2056.375
-66475 2064.802001953125
-66465 2079.18994140625
-66455 2093.35791015625
-66445 2103.65087890625
-66435 2121.18310546875
-66425 2128.47802734375
-66415 2128.7880859375
-66405 2120.177001953125
-66395 2119.427978515625
-66385 2114.986083984375
-66375 2108.677978515625
-66365 2101.712890625
-66355 2093.9619140625
-66345 2088.1298828125
-66335 2080.68896484375
-66325 2070.43310546875
-66315 2060.450927734375
-66305 2051.31103515625
-66295 2042.35302734375
-66285 2031.822021484375
-66275 2023.0469970703125
-66265 2013.760009765625
-66255 2004.6190185546875
-66245 1994.875
-66235 1986.5389404296875
-66225 1978.60400390625
-66215 1971.3470458984375
-66205 1964.9110107421875
-66195 1958.239013671875
-66185 1951.656982421875
-66175 1945.2950439453125
-66165 1938.219970703125
-66155 1932.698974609375
-66145 1923.1009521484375
-66135 1917.873046875
-66125 1908.8050537109375
-66115 1901.0169677734375
-66105 1892.9549560546875
-66095 1883.7960205078125
-66085 1872.35205078125
-66075 1864.2340087890625
-66065 1856.8299560546875
-66055 1849.553955078125
-66045 1843.5579833984375
-66035 1839.0970458984375
-66025 1833.1190185546875
-66015 1824.2889404296875
-66005 1813.5579833984375
-65995 1806.9949951171875
-65985 1803.613037109375
-65975 1801.364013671875
-65965 1797.0489501953125
-65955 1787.9449462890625
-65945 1779.5169677734375
-65935 1771.821044921875
-65925 1766.0250244140625
-65915 1758.8409423828125
-65905 1750.887939453125
-65895 1743.2650146484375
-65885 1736.0250244140625
-65875 1727.68896484375
-65865 1719.718017578125
-65855 1712.843994140625
-65845 1708.876953125
-65835 1702.3690185546875
-65825 1695.512939453125
-65815 1688.3809814453125
-65805 1681.3809814453125
-65795 1675.01904296875
-65785 1668.31005859375
-65775 1662.0389404296875
-65765 1656.3360595703125
-65755 1650.52197265625
-65745 1645.4029541015625
-65735 1640.8330078125
-65725 1637.0670166015625
-65715 1633.208984375
-65705 1629.385986328125
-65695 1625.9150390625
-65685 1622.47802734375
-65675 1620.156005859375
-65665 1617.468994140625
-65655 1612.843994140625
-65645 1608.14501953125
-65635 1603.885009765625
-65625 1600.010009765625
-65615 1596.3349609375
-65605 1592.93505859375
-65595 1590.906005859375
-65585 1587.9620361328125
-65575 1585.531005859375
-65565 1582
-65555 1580.0830078125
-65545 1578.345947265625
-65535 1576.2230224609375
-65525 1578.218017578125
-65515 1577.10302734375
-65505 1576.2440185546875
-65495 1575.7869873046875
-65485 1573.866943359375
-65475 1573.447021484375
-65465 1572.093994140625
-65455 1570.6490478515625
-65445 1572
-65435 1572.2010498046875
-65425 1572.0389404296875
-65415 1571.56298828125
-65405 1571.43603515625
-65395 1571.72802734375
-65385 1571.2340087890625
-65375 1574.6529541015625
-65365 1579.6619873046875
-65355 1585.01904296875
-65345 1590.594970703125
-65335 1596.4449462890625
-65325 1602.5880126953125
-65315 1608.3280029296875
-65305 1614.0140380859375
-65295 1619.47998046875
-65285 1624.343017578125
-65275 1631.9840087890625
-65265 1644.0870361328125
-65255 1649.8089599609375
-65245 1657.3409423828125
-65235 1666.04296875
-65225 1674.708984375
-65215 1683.8680419921875
-65205 1693.8680419921875
-65195 1704.8370361328125
-65185 1716.6650390625
-65175 1731.947998046875
-65165 1745.5870361328125
-65155 1755.220947265625
-65145 1762.386962890625
-65135 1768.6209716796875
-65125 1776.9759521484375
-65115 1780.998046875
-65105 1785.7330322265625
-65095 1790.833984375
-65085 1797.56103515625
-65075 1803.5030517578125
-65065 1811.948974609375
-65055 1819.6639404296875
-65045 1830.0660400390625
-65035 1847.4339599609375
-65025 1876.4100341796875
-65015 1885.751953125
-65005 1894.4990234375
-64995 1894.531982421875
-64985 1910.468994140625
-64975 1909.2679443359375
-64965 1926.0780029296875
-64955 1924.865966796875
-64945 1924.4300537109375
-64935 1928.748046875
-64925 1938.0360107421875
-64915 1942.5450439453125
-64905 1950.3470458984375
-64895 1962.178955078125
-64885 1977.8160400390625
-64875 1994.866943359375
-64865 2011.404052734375
-64855 2016.322998046875
-64845 2025.3919677734375
-64835 2037.949951171875
-64825 2044.010009765625
-64815 2042.02294921875
-64805 2043.322021484375
-64795 2042.8470458984375
-64785 2042.322998046875
-64775 2040.1939697265625
-64765 2033.302978515625
-64755 2025.970947265625
-64745 2018.551025390625
-64735 2010.60205078125
-64725 2002.488037109375
-64715 1994.969970703125
-64705 1986.43701171875
-64695 1978.885986328125
-64685 1971.4000244140625
-64675 1964.008056640625
-64665 1956.5389404296875
-64655 1949.9210205078125
-64645 1943.1290283203125
-64635 1935.77001953125
-64625 1929.2889404296875
-64615 1922.4100341796875
-64605 1913.93603515625
-64595 1903.8299560546875
-64585 1894.989990234375
-64575 1890.0059814453125
-64565 1875.008056640625
-64555 1863.717041015625
-64545 1854.6259765625
-64535 1845.0389404296875
-64525 1836.5
-64515 1827.1689453125
-64505 1819.18701171875
-64495 1812.3070068359375
-64485 1807.0770263671875
-64475 1799.8370361328125
-64465 1788.5460205078125
-64455 1778.009033203125
-64445 1770.02099609375
-64435 1760.4659423828125
-64425 1750.468994140625
-64415 1742.258056640625
-64405 1732.39794921875
-64395 1724.3170166015625
-64385 1715.8270263671875
-64375 1707.5880126953125
-64365 1699.97705078125
-64355 1692.93994140625
-64345 1687.490966796875
-64335 1682.8719482421875
-64325 1678.029052734375
-64315 1671.6300048828125
-64305 1664.2860107421875
-64295 1659.029052734375
-64285 1641.949951171875
-64275 1634.4599609375
-64265 1624.1080322265625
-64255 1612.958984375
-64245 1604.322021484375
-64235 1596.14794921875
-64225 1588.760986328125
-64215 1581.9200439453125
-64205 1574.64794921875
-64195 1567.8280029296875
-64185 1561.41796875
-64175 1554.3699951171875
-64165 1547.6209716796875
-64155 1541.4300537109375
-64145 1535.3590087890625
-64135 1528.9820556640625
-64125 1523.10205078125
-64115 1517.489013671875
-64105 1511.5699462890625
-64095 1505.6519775390625
-64085 1500.0279541015625
-64075 1494.8580322265625
-64065 1489.239990234375
-64055 1483.873046875
-64045 1479.0789794921875
-64035 1474.5579833984375
-64025 1469.9720458984375
-64015 1466.3690185546875
-64005 1461.60205078125
-63995 1457.512939453125
-63985 1456.22998046875
-63975 1458.010009765625
-63965 1460.531982421875
-63955 1465.239013671875
-63945 1468.1209716796875
-63935 1471.7900390625
-63925 1474.97900390625
-63915 1478.56103515625
-63905 1481.9510498046875
-63895 1486.3900146484375
-63885 1490.0479736328125
-63875 1494.0880126953125
-63865 1496.8780517578125
-63855 1500.8310546875
-63845 1504.6199951171875
-63835 1507.698974609375
-63825 1512.8699951171875
-63815 1517.97998046875
-63805 1523.112060546875
-63795 1528.0810546875
-63785 1533.759033203125
-63775 1540.529052734375
-63765 1547.2989501953125
-63755 1554.468017578125
-63745 1561.281982421875
-63735 1567.801025390625
-63725 1574.3690185546875
-63715 1579.791015625
-63705 1585.490966796875
-63695 1593.801025390625
-63685 1600.822021484375
-63675 1606.1290283203125
-63665 1611.178955078125
-63655 1617.2989501953125
-63645 1622.8900146484375
-63635 1631.947998046875
-63625 1637.5989990234375
-63615 1645.449951171875
-63605 1658.427978515625
-63595 1674.1910400390625
-63585 1680.551025390625
-63575 1683.9200439453125
-63565 1687.300048828125
-63555 1697.946044921875
-63545 1712.5179443359375
-63535 1723.8089599609375
-63525 1737.010986328125
-63515 1742.126953125
-63505 1746.969970703125
-63495 1752.2490234375
-63485 1762.0770263671875
-63475 1769.9659423828125
-63465 1774.5469970703125
-63455 1774.448974609375
-63445 1778.0360107421875
-63435 1784.2110595703125
-63425 1790.7080078125
-63415 1798.7889404296875
-63405 1807.759033203125
-63395 1818.448974609375
-63385 1829.385009765625
-63375 1836.467041015625
-63365 1838.8199462890625
-63355 1842.968994140625
-63345 1849.406005859375
-63335 1856.3079833984375
-63325 1862.8489990234375
-63315 1870.115966796875
-63305 1876.176025390625
-63295 1877.2080078125
-63285 1877.5789794921875
-63275 1881.27001953125
-63265 1887.968994140625
-63255 1890.8079833984375
-63245 1894.70703125
-63235 1897.8289794921875
-63225 1902.3990478515625
-63215 1905.865966796875
-63205 1905.822998046875
-63195 1906.864990234375
-63185 1908.6180419921875
-63175 1909.89599609375
-63165 1914.52001953125
-63155 1919.9580078125
-63145 1925.8160400390625
-63135 1932.0899658203125
-63125 1937.407958984375
-63115 1942.0050048828125
-63105 1947.5849609375
-63095 1952.9239501953125
-63085 1958.219970703125
-63075 1963.7349853515625
-63065 1969.3470458984375
-63055 1975.2879638671875
-63045 1982.281982421875
-63035 1989.4119873046875
-63025 1996.5050048828125
-63015 2003.3070068359375
-63005 2010.8580322265625
-62995 2018.1739501953125
-62985 2023.8199462890625
-62975 2029.1319580078125
-62965 2032.303955078125
-62955 2032.550048828125
-62945 2032.9539794921875
-62935 2033.1829833984375
-62925 2033.052001953125
-62915 2033.4560546875
-62905 2033.657958984375
-62895 2033.39599609375
-62885 2031.9549560546875
-62875 2030.7099609375
-62865 2027.3909912109375
-62855 2024.8349609375
-62845 2022.52001953125
-62835 2020.10205078125
-62825 2017.6180419921875
-62815 2016.1319580078125
-62805 2014.1719970703125
-62795 2010.31201171875
-62785 2006.741943359375
-62775 2001.761962890625
-62765 1995.1829833984375
-62755 1989.4830322265625
-62745 1983.9090576171875
-62735 1978.656005859375
-62725 1974.1190185546875
-62715 1976.625
-62705 1974.4410400390625
-62695 1969.3260498046875
-62685 1963.532958984375
-62675 1957.6419677734375
-62665 1952.2359619140625
-62655 1947.322998046875
-62645 1941.175048828125
-62635 1934.3170166015625
-62625 1927.3289794921875
-62615 1920.406005859375
-62605 1913.008056640625
-62595 1906.095947265625
-62585 1898.4300537109375
-62575 1890.5350341796875
-62565 1882.717041015625
-62555 1875.0460205078125
-62545 1867.2159423828125
-62535 1859.697998046875
-62525 1852.2889404296875
-62515 1844.6400146484375
-62505 1836.572998046875
-62495 1828.948974609375
-62485 1821.66796875
-62475 1812.822998046875
-62465 1803.35400390625
-62455 1794.7969970703125
-62445 1787.3680419921875
-62435 1780.3580322265625
-62425 1772.449951171875
-62415 1764.27197265625
-62405 1758.218994140625
-62395 1750.4439697265625
-62385 1740.8330078125
-62375 1728.2359619140625
-62365 1717.2030029296875
-62355 1710.45703125
-62345 1703.4969482421875
-62335 1701.654052734375
-62325 1694.43798828125
-62315 1685.0999755859375
-62305 1677.0699462890625
-62295 1668.10302734375
-62285 1659.8079833984375
-62275 1650.31298828125
-62265 1642.43994140625
-62255 1635.52099609375
-62245 1629.29296875
-62235 1623.6729736328125
-62225 1617.8070068359375
-62215 1612.343994140625
-62205 1606.8570556640625
-62195 1601.1300048828125
-62185 1595.9310302734375
-62175 1590.0460205078125
-62165 1584.4949951171875
-62155 1577.927001953125
-62145 1572.2010498046875
-62135 1566.81201171875
-62125 1561.9659423828125
-62115 1555.93603515625
-62105 1550.844970703125
-62095 1545.322998046875
-62085 1540.8709716796875
-62075 1535.6309814453125
-62065 1531.468017578125
-62055 1527.89697265625
-62045 1524.26904296875
-62035 1521.4300537109375
-62025 1518.8719482421875
-62015 1516.197998046875
-62005 1510.948974609375
-61995 1508.2989501953125
-61985 1507.9520263671875
-61975 1507.4110107421875
-61965 1506.636962890625
-61955 1506.2509765625
-61945 1504.5479736328125
-61935 1504.1280517578125
-61925 1503.947021484375
-61915 1504.448974609375
-61905 1507.8800048828125
-61895 1510.0770263671875
-61885 1513.5400390625
-61875 1516.239013671875
-61865 1517.5880126953125
-61855 1519.4969482421875
-61845 1522.4830322265625
-61835 1525.1739501953125
-61825 1527.657958984375
-61815 1529.5999755859375
-61805 1534.4620361328125
-61795 1540.8389892578125
-61785 1547.7349853515625
-61775 1554.800048828125
-61765 1560.7320556640625
-61755 1564.552001953125
-61745 1568.969970703125
-61735 1572.4739990234375
-61725 1577.8389892578125
-61715 1581.324951171875
-61705 1586.9219970703125
-61695 1595.3380126953125
-61685 1603.35205078125
-61675 1611.530029296875
-61665 1619.9219970703125
-61655 1626.9229736328125
-61645 1633.6280517578125
-61635 1640.737060546875
-61625 1649.3609619140625
-61615 1656.2779541015625
-61605 1660.904052734375
-61595 1665.3699951171875
-61585 1674.281005859375
-61575 1681.8089599609375
-61565 1687.197998046875
-61555 1691.4439697265625
-61545 1695.97705078125
-61535 1699.3580322265625
-61525 1702.510009765625
-61515 1705.1009521484375
-61505 1709.1080322265625
-61495 1711.2960205078125
-61485 1712.3580322265625
-61475 1712.3409423828125
-61465 1713.2869873046875
-61455 1715.550048828125
-61445 1719.6219482421875
-61435 1723.14404296875
-61425 1725.907958984375
-61415 1730.366943359375
-61405 1736.1429443359375
-61395 1741.5479736328125
-61385 1747.260009765625
-61375 1751.3719482421875
-61365 1756.0140380859375
-61355 1760.613037109375
-61345 1765.1199951171875
-61335 1769.8270263671875
-61325 1774.532958984375
-61315 1778.802978515625
-61305 1780.8189697265625
-61295 1785.3189697265625
-61285 1788.8409423828125
-61275 1792.0159912109375
-61265 1796.18798828125
-61255 1800.0140380859375
-61245 1803.583984375
-61235 1807.7230224609375
-61225 1812.5770263671875
-61215 1817.1510009765625
-61205 1823.43701171875
-61195 1828.2659912109375
-61185 1832.8160400390625
-61175 1837.218017578125
-61165 1841.6600341796875
-61155 1847.0660400390625
-61145 1852.529052734375
-61135 1857.5
-61125 1861.2840576171875
-61115 1866.5830078125
-61105 1870.302001953125
-61095 1874.3990478515625
-61085 1879.6070556640625
-61075 1884.9630126953125
-61065 1889.1500244140625
-61055 1893.0419921875
-61045 1895.4610595703125
-61035 1897.072998046875
-61025 1898.9000244140625
-61015 1899.8709716796875
-61005 1901.6719970703125
-60995 1902.6429443359375
-60985 1904.2230224609375
-60975 1905.4730224609375
-60965 1905.6219482421875
-60955 1906.321044921875
-60945 1906.3289794921875
-60935 1905.9420166015625
-60925 1905.5799560546875
-60915 1903.89404296875
-60905 1902.6510009765625
-60895 1902.248046875
-60885 1900.1090087890625
-60875 1894.72900390625
-60865 1892.407958984375
-60855 1889.677001953125
-60845 1887.3070068359375
-60835 1884.8470458984375
-60825 1881.9930419921875
-60815 1879.1619873046875
-60805 1876.52099609375
-60795 1873.8800048828125
-60785 1870.7049560546875
-60775 1866.821044921875
-60765 1861.1529541015625
-60755 1859.64501953125
-60745 1854.6929931640625
-60735 1851.22900390625
-60725 1849.550048828125
-60715 1847.5679931640625
-60705 1845.552001953125
-60695 1843.60400390625
-60685 1841.906982421875
-60675 1839.751953125
-60665 1836.510009765625
-60655 1835.719970703125
-60645 1834.51904296875
-60635 1835.7120361328125
-60625 1835.531005859375
-60615 1834.8499755859375
-60605 1833.1529541015625
-60595 1832.66796875
-60585 1830.1419677734375
-60575 1829.237060546875
-60565 1828.0770263671875
-60555 1826.7769775390625
-60545 1827.10595703125
-60535 1826.1519775390625
-60525 1824.843994140625
-60515 1824.991943359375
-60505 1824.498046875
-60495 1824.5469970703125
-60485 1824.9010009765625
-60475 1824.012939453125
-60465 1823.5679931640625
-60455 1822.572998046875
-60445 1822.9599609375
-60435 1822.449951171875
-60425 1824.3990478515625
-60415 1825.3780517578125
-60405 1825.35400390625
-60395 1825.2060546875
-60385 1824.843994140625
-60375 1824.383056640625
-60365 1822.9510498046875
-60355 1822.696044921875
-60345 1822.4990234375
-60335 1821.8330078125
-60325 1821.511962890625
-60315 1821.6190185546875
-60305 1821.708984375
-60295 1821.593994140625
-60285 1821.5030517578125
-60275 1821.469970703125
-60265 1821.157958984375
-60255 1820.532958984375
-60245 1819.95703125
-60235 1819.4139404296875
-60225 1819.1669921875
-60215 1818.550048828125
-60205 1818.4100341796875
-60195 1818.1629638671875
-60185 1817.5460205078125
-60175 1816.5830078125
-60165 1815.0279541015625
-60155 1813.7860107421875
-60145 1812.281005859375
-60135 1808.998046875
-60125 1809.219970703125
-60115 1806.5870361328125
-60105 1804.0860595703125
-60095 1801.781982421875
-60085 1799.3389892578125
-60075 1797.364013671875
-60065 1794.5999755859375
-60055 1792.616943359375
-60045 1789.9100341796875
-60035 1787.18701171875
-60025 1784.751953125
-60015 1782.719970703125
-60005 1780.3170166015625
-59995 1778.2650146484375
-59985 1775.2889404296875
-59975 1772.5760498046875
-59965 1769.6259765625
-59955 1766.884033203125
-59945 1762.927001953125
-59935 1759.3349609375
-59925 1752.845947265625
-59915 1746.6820068359375
-59905 1740.6929931640625
-59895 1736.4320068359375
-59885 1732.262939453125
-59875 1727.844970703125
-59865 1722.574951171875
-59855 1717.43603515625
-59845 1711.5240478515625
-59835 1704.655029296875
-59825 1696.60302734375
-59815 1688.345947265625
-59805 1682.10595703125
-59795 1676.8360595703125
-59785 1669.0880126953125
-59775 1663.083984375
-59765 1657.5250244140625
-59755 1651.4549560546875
-59745 1646.407958984375
-59735 1640.114990234375
-59725 1635.093994140625
-59715 1628.4090576171875
-59705 1623.0469970703125
-59695 1616.5970458984375
-59685 1612.166015625
-59675 1609.4520263671875
-59665 1607.3409423828125
-59655 1605.0340576171875
-59645 1602.595947265625
-59635 1599.3179931640625
-59625 1596.5260009765625
-59615 1594.2049560546875
-59605 1591.0069580078125
-59595 1587.113037109375
-59585 1585.291015625
-59575 1583.6650390625
-59565 1581.39697265625
-59555 1579.6929931640625
-59545 1578.197998046875
-59535 1575.4580078125
-59525 1573.5450439453125
-59515 1571.7750244140625
-59505 1570.4110107421875
-59495 1565.4300537109375
-59485 1561.35302734375
-59475 1557.2230224609375
-59465 1551.6910400390625
-59455 1546.8399658203125
-59445 1542.383056640625
-59435 1538.0699462890625
-59425 1534.6739501953125
-59415 1530.491943359375
-59405 1527.843994140625
-59395 1530.6099853515625
-59385 1531.9739990234375
-59375 1532.9439697265625
-59365 1534.844970703125
-59355 1536.0250244140625
-59345 1538.791015625
-59335 1541.635009765625
-59325 1545.031005859375
-59315 1544.9649658203125
-59305 1548.3480224609375
-59295 1549.0560302734375
-59285 1547.9539794921875
-59275 1547.10205078125
-59265 1545.43701171875
-59255 1544.532958984375
-59245 1544.5460205078125
-59235 1544.1259765625
-59225 1543.719970703125
-59215 1543.0250244140625
-59205 1543.3919677734375
-59195 1543.5360107421875
-59185 1542.6710205078125
-59175 1543.0379638671875
-59165 1542.81494140625
-59155 1541.2030029296875
-59145 1540.9010009765625
-59135 1539.7740478515625
-59125 1539.0660400390625
-59115 1537.0870361328125
-59105 1534.64794921875
-59095 1532.77294921875
-59085 1531.8160400390625
-59075 1530.8990478515625
-59065 1530.06005859375
-59055 1528.9189453125
-59045 1527.89697265625
-59035 1526.781982421875
-59025 1525.824951171875
-59015 1524.3310546875
-59005 1523.0989990234375
-58995 1522.1409912109375
-58985 1520.634033203125
-58975 1520.0439453125
-58965 1518.116943359375
-58955 1516.373046875
-58945 1514.0269775390625
-58935 1510.81494140625
-58925 1507.95703125
-58915 1505.3609619140625
-58905 1503.093017578125
-58895 1501.166015625
-58885 1499.8289794921875
-58875 1498.5179443359375
-58865 1499.2650146484375
-58855 1498.9239501953125
-58845 1497.9019775390625
-58835 1496.0269775390625
-58825 1494.5059814453125
-58815 1493.2349853515625
-58805 1491.072021484375
-58795 1489.2760009765625
-58785 1487.8199462890625
-58775 1484.9620361328125
-58765 1483.3499755859375
-58755 1482.301025390625
-58745 1481.2659912109375
-58735 1479.7049560546875
-58725 1478.447021484375
-58715 1476.7159423828125
-58705 1475.0250244140625
-58695 1472.4560546875
-58685 1470.175048828125
-58675 1468.2869873046875
-58665 1466.2679443359375
-58655 1464.2359619140625
-58645 1462.9639892578125
-58635 1462.0469970703125
-58625 1461.364990234375
-58615 1459.948974609375
-58605 1458.073974609375
-58595 1456.8160400390625
-58585 1455.0069580078125
-58575 1453.8270263671875
-58565 1452.47705078125
-58555 1451.4019775390625
-58545 1450.7989501953125
-58535 1450.1300048828125
-58525 1448.885009765625
-58515 1447.7960205078125
-58505 1446.4849853515625
-58495 1445.135009765625
-58485 1444.072998046875
-58475 1443.1949462890625
-58465 1442.053955078125
-58455 1440.72998046875
-58445 1438.907958984375
-58435 1437.6629638671875
-58425 1435.041015625
-58415 1431.43603515625
-58405 1428.56494140625
-58395 1426.467041015625
-58385 1422.074951171875
-58375 1421.7740478515625
-58365 1420.33203125
-58355 1415.7559814453125
-58345 1414.510986328125
-58335 1416.7659912109375
-58325 1420.541015625
-58315 1420.791015625
-58305 1419.990966796875
-58295 1419.217041015625
-58285 1423.1500244140625
-58275 1425.06396484375
-58265 1425.9820556640625
-58255 1427.2540283203125
-58245 1427.5159912109375
-58235 1427.239990234375
-58225 1427.9749755859375
-58215 1429.404052734375
-58205 1430.0849609375
-58195 1430.8590087890625
-58185 1430.386962890625
-58175 1430.2430419921875
-58165 1430.072021484375
-58155 1429.5350341796875
-58145 1428.9449462890625
-58135 1429.364013671875
-58125 1429.2860107421875
-58115 1428.970947265625
-58105 1428.696044921875
-58095 1428.4200439453125
-58085 1427.7779541015625
-58075 1427.43701171875
-58065 1427.18798828125
-58055 1426.1650390625
-58045 1425.3260498046875
-58035 1424.43505859375
-58025 1422.6390380859375
-58015 1420.85595703125
-58005 1417.998046875
-57995 1415.7559814453125
-57985 1413.7110595703125
-57975 1410.447021484375
-57965 1408.2049560546875
-57955 1407.7860107421875
-57945 1406.802001953125
-57935 1405.623046875
-57925 1404.5870361328125
-57915 1403.8270263671875
-57905 1403.157958984375
-57895 1402.344970703125
-57885 1401.7950439453125
-57875 1401.1650390625
-57865 1401.008056640625
-57855 1401.0469970703125
-57845 1400.916015625
-57835 1400.9949951171875
-57825 1401.06005859375
-57815 1400.81103515625
-57805 1400.4969482421875
-57795 1400.2340087890625
-57785 1399.906982421875
-57775 1399.7359619140625
-57765 1400.1300048828125
-57755 1399.6839599609375
-57745 1399.60498046875
-57735 1399.6309814453125
-57725 1399.4739990234375
-57715 1399.2120361328125
-57705 1399.2769775390625
-57695 1399.2249755859375
-57685 1399.2769775390625
-57675 1399.0150146484375
-57665 1398.884033203125
-57655 1398.9100341796875
-57645 1398.7139892578125
-57635 1397.7440185546875
-57625 1400.654052734375
-57615 1400.9560546875
-57605 1401.4410400390625
-57595 1402.4239501953125
-57585 1402.68603515625
-57575 1403.0140380859375
-57565 1403.4730224609375
-57555 1403.7349853515625
-57545 1404.56103515625
-57535 1404.9930419921875
-57525 1405.0980224609375
-57515 1405.9110107421875
-57505 1405.7939453125
-57495 1406.7469482421875
-57485 1407.511962890625
-57475 1407.7569580078125
-57465 1407.81494140625
-57455 1408.261962890625
-57445 1409.2440185546875
-57435 1409.574951171875
-57425 1409.22900390625
-57415 1409.22900390625
-57405 1409.3160400390625
-57395 1409.4739990234375
-57385 1409.4310302734375
-57375 1409.18603515625
-57365 1409.18603515625
-57355 1409.2440185546875
-57345 1409.4019775390625
-57335 1409.0699462890625
-57325 1409.18603515625
-57315 1407.426025390625
-57305 1407.511962890625
-57295 1407.6710205078125
-57285 1407.136962890625
-57275 1407.958984375
-57265 1407.136962890625
-57255 1405.14599609375
-57245 1405.0009765625
-57235 1405.6650390625
-57225 1409.156982421875
-57215 1409.64794921875
-57205 1409.0849609375
-57195 1408.85400390625
-57185 1408.5799560546875
-57175 1408.6090087890625
-57165 1408.4210205078125
-57155 1408.6090087890625
-57145 1408.666015625
-57135 1409.114013671875
-57125 1408.9840087890625
-57115 1408.7530517578125
-57105 1408.4210205078125
-57095 1408.2049560546875
-57085 1407.9449462890625
-57075 1407.6280517578125
-57065 1407.35302734375
-57055 1407.136962890625
-57045 1406.876953125
-57035 1406.573974609375
-57025 1406.386962890625
-57015 1406.083984375
-57005 1405.81005859375
-56995 1405.6080322265625
-56985 1405.362060546875
-56975 1405.1309814453125
-56965 1404.928955078125
-56955 1404.6839599609375
-56945 1404.4530029296875
-56935 1404.2509765625
-56925 1404.093017578125
-56915 1403.947998046875
-56905 1403.7030029296875
-56895 1403.615966796875
-56885 1403.385009765625
-56875 1403.2120361328125
-56865 1403.0970458984375
-56855 1402.89501953125
-56845 1402.7220458984375
-56835 1402.5340576171875
-56825 1402.375
-56815 1402.1300048828125
-56805 1401.7979736328125
-56795 1401.322021484375
-56785 1400.35498046875
-56775 1399.4029541015625
-56765 1398.7249755859375
-56755 1398.406982421875
-56745 1398.927001953125
-56735 1399.0140380859375
-56725 1395.2760009765625
-56715 1393.68896484375
-56705 1391.987060546875
-56695 1390.97705078125
-56685 1390.5
-56675 1390.427978515625
-56665 1390.5150146484375
-56655 1390.5870361328125
-56645 1390.5150146484375
-56635 1390.572998046875
-56625 1390.5439453125
-56615 1390.4000244140625
-56605 1390.385009765625
-56595 1390.31298828125
-56585 1389.75
-56575 1389.5479736328125
-56565 1389.5050048828125
-56555 1388.970947265625
-56545 1388.885009765625
-56535 1389.2020263671875
-56525 1389.375
-56515 1389.779052734375
-56505 1390.385009765625
-56495 1391.135009765625
-56485 1392.0439453125
-56475 1392.7950439453125
-56465 1393.8050537109375
-56455 1394.800048828125
-56445 1395.636962890625
-56435 1396.489013671875
-56425 1395.376953125
-56415 1397.4990234375
-56405 1399.4029541015625
-56395 1399.4749755859375
-56385 1400.26904296875
-56375 1400.904052734375
-56365 1401.885009765625
-56355 1403.5439453125
-56345 1404.77099609375
-56335 1405.218017578125
-56325 1407.2239990234375
-56315 1407.4539794921875
-56305 1408.739013671875
-56295 1409.7340087890625
-56285 1410.0799560546875
-56275 1411.032958984375
-56265 1411.3790283203125
-56255 1411.0899658203125
-56245 1410.7440185546875
-56235 1411.0469970703125
-56225 1410.8160400390625
-56215 1410.4410400390625
-56205 1410.9029541015625
-56195 1410.759033203125
-56185 1410.8160400390625
-56175 1410.3399658203125
-56165 1409.821044921875
-56155 1411.177001953125
-56145 1410.5849609375
-56135 1410.2540283203125
-56125 1410.512939453125
-56115 1410.0799560546875
-56105 1408.968994140625
-56095 1407.4830322265625
-56085 1406.60302734375
-56075 1405.781005859375
-56065 1404.39599609375
-56055 1403.1259765625
-56045 1402.1300048828125
-56035 1401.20703125
-56025 1400.197021484375
-56015 1398.9990234375
-56005 1398.696044921875
-55995 1398.6240234375
-55985 1398.6820068359375
-55975 1398.884033203125
-55965 1399.634033203125
-55955 1400.8170166015625
-55945 1402.2459716796875
-55935 1403.4139404296875
-55925 1403.97705078125
-55915 1404.0059814453125
-55905 1403.8759765625
-55895 1404.2939453125
-55885 1405.14599609375
-55875 1406.198974609375
-55865 1407.7139892578125
-55855 1409.7340087890625
-55845 1409.864013671875
-55835 1411.0469970703125
-55825 1411.0469970703125
-55815 1413.5150146484375
-55805 1414.39501953125
-55795 1416.385986328125
-55785 1418.116943359375
-55775 1419.343994140625
-55765 1419.6610107421875
-55755 1421.2769775390625
-55745 1422.8790283203125
-55735 1424.3360595703125
-55725 1426.97705078125
-55715 1428.0589599609375
-55705 1428.18896484375
-55695 1429.876953125
-55685 1429.9630126953125
-55675 1431.52197265625
-55665 1432.9210205078125
-55655 1434.406982421875
-55645 1435.8360595703125
-55635 1436.68701171875
-55625 1437.552978515625
-55615 1438.635009765625
-55605 1439.64501953125
-55595 1440.81396484375
-55585 1442.156005859375
-55575 1443.426025390625
-55565 1443.498046875
-55555 1445.633056640625
-55545 1444.8399658203125
-55535 1445.3160400390625
-55525 1446.3690185546875
-55515 1446.802001953125
-55505 1448.0140380859375
-55495 1449.4420166015625
-55485 1450.5679931640625
-55475 1450.9859619140625
-55465 1452.5159912109375
-55455 1453.5400390625
-55445 1454.6219482421875
-55435 1456.166015625
-55425 1458.0269775390625
-55415 1457.8260498046875
-55405 1456.7869873046875
-55395 1459.614990234375
-55385 1460.4949951171875
-55375 1461.2159423828125
-55365 1463.2650146484375
-55355 1464.218017578125
-55345 1464.93896484375
-55335 1465.300048828125
-55325 1465.97802734375
-55315 1466.5260009765625
-55305 1466.9449462890625
-55295 1467.8680419921875
-55285 1468.5169677734375
-55275 1469.1519775390625
-55265 1469.7149658203125
-55255 1470.2340087890625
-55245 1470.7679443359375
-55235 1471.1429443359375
-55225 1471.7349853515625
-55215 1471.864990234375
-55205 1472.2540283203125
-55195 1472.427001953125
-55185 1472.384033203125
-55175 1472.2960205078125
-55165 1472.0379638671875
-55155 1471.5469970703125
-55145 1470.7540283203125
-55135 1470.637939453125
-55125 1470.89794921875
-55115 1470.9849853515625
-55105 1470.9849853515625
-55095 1470.262939453125
-55085 1470.14794921875
-55075 1470.10400390625
-55065 1470.06103515625
-55055 1470.10400390625
-55045 1469.5849609375
-55035 1468.8060302734375
-55025 1467.6080322265625
-55015 1467.3919677734375
-55005 1467.1719970703125
-54995 1466.467041015625
-54985 1466.446044921875
-54975 1465.0419921875
-54965 1465.2869873046875
-54955 1464.6719970703125
-54945 1463.7249755859375
-54935 1463.3740234375
-54925 1463.02294921875
-54915 1463.1190185546875
-54905 1461.0250244140625
-54895 1462.1519775390625
-54885 1461.1629638671875
-54875 1460.281005859375
-54865 1459.4410400390625
-54855 1458.324951171875
-54845 1456.8480224609375
-54835 1455.177978515625
-54825 1454.2750244140625
-54815 1452.0009765625
-54805 1450.342041015625
-54795 1449.364990234375
-54785 1448.5989990234375
-54775 1446.5689697265625
-54765 1445.3360595703125
-54755 1443.8690185546875
-54745 1441.6259765625
-54735 1441.2650146484375
-54725 1439.97900390625
-54715 1438.7349853515625
-54705 1437.7459716796875
-54695 1437.001953125
-54685 1434.6109619140625
-54675 1433.633056640625
-54665 1432.60205078125
-54655 1431.5479736328125
-54645 1430.529052734375
-54635 1428.636962890625
-54625 1427.6800537109375
-54615 1425.47998046875
-54605 1425.458984375
-54595 1425.406005859375
-54585 1425.385009765625
-54575 1424.7469482421875
-54565 1423.1309814453125
-54555 1425.2349853515625
-54545 1425.7989501953125
-54535 1425.916015625
-54525 1425.926025390625
-54515 1426.7020263671875
-54505 1428.8919677734375
-54495 1430.625
-54485 1430.114013671875
-54475 1427.7120361328125
-54465 1425.39501953125
-54455 1424.2259521484375
-54445 1423.31201171875
-54435 1422.5989990234375
-54425 1421.738037109375
-54415 1421.344970703125
-54405 1421.5789794921875
-54395 1422.780029296875
-54385 1424.490966796875
-54375 1426.39404296875
-54365 1428.47802734375
-54355 1429.16796875
-54345 1431.9639892578125
-54335 1434.344970703125
-54325 1433.866943359375
-54315 1436.758056640625
-54305 1440.2869873046875
-54295 1442.178955078125
-54285 1444.9110107421875
-54275 1448.1739501953125
-54265 1451.89404296875
-54255 1456.198974609375
-54245 1457.613037109375
-54235 1458.0909423828125
-54225 1454.47705078125
-54215 1452.4580078125
-54205 1454.4029541015625
-54195 1464.43701171875
-54185 1471.197998046875
-54175 1477.1390380859375
-54165 1481.508056640625
-54155 1485.781005859375
-54145 1488.0670166015625
-54135 1484.22900390625
-54125 1475.8740234375
-54115 1487.93896484375
-54105 1496.9949951171875
-54095 1503.2769775390625
-54085 1507.719970703125
-54075 1509.31494140625
-54065 1510.4630126953125
-54055 1510.0589599609375
-54045 1518.2650146484375
-54035 1519.9339599609375
-54025 1515.02294921875
-54015 1513.39697265625
-54005 1512.6629638671875
-53995 1515.458984375
-53985 1523.9410400390625
-53975 1524.376953125
-53965 1519.9119873046875
-53955 1511.886962890625
-53945 1516.510986328125
-53935 1524.68505859375
-53925 1531.010009765625
-53915 1529.489990234375
-53905 1521.8260498046875
-53895 1529.7449951171875
-53885 1537.9510498046875
-53875 1538.89697265625
-53865 1545.8480224609375
-53855 1552.1939697265625
-53845 1559.5389404296875
-53835 1560.8890380859375
-53825 1562.4200439453125
-53815 1563.822998046875
-53805 1565.85302734375
-53795 1567.553955078125
-53785 1568.5849609375
-53775 1571.2740478515625
-53765 1573.31494140625
-53755 1575.0799560546875
-53745 1576.8759765625
-53735 1577.737060546875
-53725 1579.0760498046875
-53715 1580.1070556640625
-53705 1580.3310546875
-53695 1578.6719970703125
-53685 1573.9849853515625
-53675 1575.1219482421875
-53665 1574.697021484375
-53655 1573.0069580078125
-53645 1570.4449462890625
-53635 1567.1070556640625
-53625 1564.1099853515625
-53615 1562.376953125
-53605 1563.68505859375
-53595 1563.759033203125
-53585 1562.9189453125
-53575 1561.739990234375
-53565 1560.8800048828125
-53555 1559.4329833984375
-53545 1557.9239501953125
-53535 1556.2340087890625
-53525 1554.7769775390625
-53515 1553.821044921875
-53505 1552.85302734375
-53495 1550.9610595703125
-53485 1548.75
-53475 1546.677001953125
-53465 1543.594970703125
-53455 1541.447998046875
-53445 1539.343994140625
-53435 1535.5479736328125
-53425 1533.10400390625
-53415 1530.552978515625
-53405 1528.1080322265625
-53395 1526.406982421875
-53385 1524.9300537109375
-53375 1523.6650390625
-53365 1522.0810546875
-53355 1520.3380126953125
-53345 1518.4029541015625
-53335 1516.7130126953125
-53325 1516.2979736328125
-53315 1514.97998046875
-53305 1513.801025390625
-53295 1512.81201171875
-53285 1512.259033203125
-53275 1512.2060546875
-53265 1512.1529541015625
-53255 1511.907958984375
-53245 1511.89794921875
-53235 1511.9940185546875
-53225 1512.1209716796875
-53215 1511.907958984375
-53205 1510.22900390625
-53195 1506.8800048828125
-53185 1503.0970458984375
-53175 1498.9940185546875
-53165 1493.4560546875
-53155 1486.738037109375
-53145 1479.2969970703125
-53135 1472.0479736328125
-53125 1468.656982421875
-53115 1465.404052734375
-53105 1459.0899658203125
-53095 1452.39404296875
-53085 1449.427978515625
-53075 1441.467041015625
-53065 1434.1219482421875
-53055 1430.635009765625
-53045 1424.97998046875
-53035 1417.093017578125
-53025 1409.85498046875
-53015 1401.60595703125
-53005 1394.3570556640625
-52995 1389.031005859375
-52985 1384.5880126953125
-52975 1384.43896484375
-52965 1383.407958984375
-52955 1386.6290283203125
-52945 1390.1259765625
-52935 1389.3719482421875
-52925 1389.094970703125
-52915 1393.77197265625
-52905 1399.7139892578125
-52895 1398.39599609375
-52885 1397.1199951171875
-52875 1399.884033203125
-52865 1401.3189697265625
-52855 1403.9549560546875
-52845 1408.886962890625
-52835 1416.18994140625
-52825 1422.3759765625
-52815 1424.43798828125
-52805 1420.4310302734375
-52795 1418.5810546875
-52785 1414.083984375
-52775 1412.873046875
-52765 1411.958984375
-52755 1412.384033203125
-52745 1413.4580078125
-52735 1416.030029296875
-52725 1422.1419677734375
-52715 1427.095947265625
-52705 1441.988037109375
-52695 1449.1729736328125
-52685 1455.9019775390625
-52675 1465.404052734375
-52665 1476.0870361328125
-52655 1489.0550537109375
-52645 1494.8160400390625
-52635 1500.2049560546875
-52625 1506.030029296875
-52615 1512.0889892578125
-52605 1518.64794921875
-52595 1524.6309814453125
-52585 1530.052978515625
-52575 1535.4949951171875
-52565 1540.52294921875
-52555 1546.4649658203125
-52545 1551.864990234375
-52535 1557.7540283203125
-52525 1563.1209716796875
-52515 1568.7869873046875
-52505 1574.2259521484375
-52495 1579.155029296875
-52485 1585.31201171875
-52475 1591.8800048828125
-52465 1597.7010498046875
-52455 1602.6109619140625
-52445 1607.0550537109375
-52435 1611.260986328125
-52425 1615.053955078125
-52415 1617.4820556640625
-52405 1622.0889892578125
-52395 1627.323974609375
-52385 1630.6839599609375
-52375 1634.989013671875
-52365 1640.677978515625
-52355 1644.8179931640625
-52345 1648.926025390625
-52335 1653.3919677734375
-52325 1658.02197265625
-52315 1662.9090576171875
-52305 1666.615966796875
-52295 1670.4739990234375
-52285 1673.823974609375
-52275 1675.7330322265625
-52265 1678.02001953125
-52255 1680.1650390625
-52245 1682.2349853515625
-52235 1684.1319580078125
-52225 1686.550048828125
-52215 1689.238037109375
-52205 1691.406005859375
-52195 1694.35400390625
-52185 1695.2099609375
-52175 1698.1800537109375
-52165 1700.8680419921875
-52155 1703.468994140625
-52145 1705.9739990234375
-52135 1708.6829833984375
-52125 1710.991943359375
-52115 1713.116943359375
-52105 1714.93798828125
-52095 1716.737060546875
-52085 1719.2950439453125
-52075 1721.7550048828125
-52065 1723.8470458984375
-52055 1726.0799560546875
-52045 1728.1070556640625
-52035 1730.5570068359375
-52025 1731.738037109375
-52015 1732.5400390625
-52005 1732.822021484375
-51995 1732.3780517578125
-51985 1733.906005859375
-51975 1734.4150390625
-51965 1734.1009521484375
-51955 1735.25
-51945 1735.0439453125
-51935 1734.3179931640625
-51925 1735.1409912109375
-51915 1736.344970703125
-51905 1735.81396484375
-51895 1736.1929931640625
-51885 1738.3070068359375
-51875 1739.845947265625
-51865 1740.2249755859375
-51855 1740.85400390625
-51845 1741.18994140625
-51835 1741.7969970703125
-51825 1742.3489990234375
-51815 1742.489990234375
-51805 1742.8909912109375
-51795 1743.324951171875
-51785 1742.9560546875
-51775 1742.3280029296875
-51765 1741.7969970703125
-51755 1743.1949462890625
-51745 1742.97802734375
-51735 1741.178955078125
-51725 1742.0240478515625
-51715 1742.696044921875
-51705 1744.9830322265625
-51695 1745.5040283203125
-51685 1745.2440185546875
-51675 1745.0810546875
-51665 1744.875
-51655 1744.635986328125
-51645 1744.072998046875
-51635 1744.343994140625
-51625 1743.6070556640625
-51615 1739.574951171875
-51605 1731.9439697265625
-51595 1731.18505859375
-51585 1736.2469482421875
-51575 1733.071044921875
-51565 1734.6429443359375
-51555 1739.987060546875
-51545 1739.8780517578125
-51535 1740.387939453125
-51525 1740.01904296875
-51515 1741.4930419921875
-51505 1740.2139892578125
-51495 1738.262939453125
-51485 1736.9410400390625
-51475 1735.7159423828125
-51465 1736.4210205078125
-51455 1734.72998046875
-51445 1733.5810546875
-51435 1733.14697265625
-51425 1732.9840087890625
-51415 1726.719970703125
-51405 1730.8380126953125
-51395 1731.0340576171875
-51385 1728.530029296875
-51375 1729.10400390625
-51365 1728.7569580078125
-51355 1725.8199462890625
-51345 1724.0419921875
-51335 1724.2049560546875
-51325 1723.446044921875
-51315 1722.7960205078125
-51305 1721.571044921875
-51295 1721.7230224609375
-51285 1719.012939453125
-51275 1720.6929931640625
-51265 1719.489990234375
-51255 1719.0889892578125
-51245 1718.4820556640625
-51235 1718.5689697265625
-51225 1717.083984375
-51215 1713.821044921875
-51205 1708.1939697265625
-51195 1702.428955078125
-51185 1695.112060546875
-51175 1686.126953125
-51165 1690.4200439453125
-51155 1699.2750244140625
-51145 1705.3990478515625
-51135 1711.0899658203125
-51125 1711.989013671875
-51115 1711.0140380859375
-51105 1709.4310302734375
-51095 1707.93603515625
-51085 1706.9169921875
-51075 1706.1800537109375
-51065 1703.9449462890625
-51055 1702.2449951171875
-51045 1700.738037109375
-51035 1698.2449951171875
-51025 1695.3280029296875
-51015 1693.552001953125
-51005 1692.3709716796875
-50995 1690.4200439453125
-50985 1687.3299560546875
-50975 1684.43603515625
-50965 1681.4229736328125
-50955 1680.0030517578125
-50945 1678.35400390625
-50935 1675.33203125
-50925 1672.5560302734375
-50915 1670.2259521484375
-50905 1667.407958984375
-50895 1664.654052734375
-50885 1660.676025390625
-50875 1655.9930419921875
-50865 1652.5799560546875
-50855 1648.3189697265625
-50845 1644.385009765625
-50835 1640.3740234375
-50825 1636.43994140625
-50815 1633.2750244140625
-50805 1628.1590576171875
-50795 1623.801025390625
-50785 1616.7340087890625
-50775 1610.675048828125
-50765 1605.678955078125
-50755 1601.4510498046875
-50745 1598.0150146484375
-50735 1594.199951171875
-50725 1589.7669677734375
-50715 1585.322998046875
-50705 1581.7130126953125
-50695 1578.8409423828125
-50685 1574.89599609375
-50675 1570.06103515625
-50665 1566.625
-50655 1562.657958984375
-50645 1560.155029296875
-50635 1557.52099609375
-50625 1554.2569580078125
-50615 1550.4310302734375
-50605 1546.366943359375
-50595 1540.7080078125
-50585 1536.43701171875
-50575 1533.760986328125
-50565 1530.866943359375
-50555 1528.916015625
-50545 1525.2509765625
-50535 1521.5439453125
-50525 1516.89501953125
-50515 1512.89501953125
-50505 1507.6600341796875
-50495 1502.011962890625
-50485 1495.281005859375
-50475 1489.5909423828125
-50465 1485.6240234375
-50455 1478.5350341796875
-50445 1471.9119873046875
-50435 1465.115966796875
-50425 1458.178955078125
-50415 1451.3489990234375
-50405 1443.113037109375
-50395 1433.9639892578125
-50385 1423.699951171875
-50375 1415.5909423828125
-50365 1406.7679443359375
-50355 1394.52197265625
-50345 1381.68701171875
-50335 1372.5059814453125
-50325 1361.4610595703125
-50315 1369.883056640625
-50305 1378.8690185546875
-50295 1389.677001953125
-50285 1401.0780029296875
-50275 1411.364990234375
-50265 1422.1500244140625
-50255 1432.6949462890625
-50245 1441.031005859375
-50235 1443.68798828125
-50225 1449.010009765625
-50215 1452.8990478515625
-50205 1459.3389892578125
-50195 1460.9539794921875
-50185 1461.875
-50175 1466.178955078125
-50165 1471.2080078125
-50155 1475.3050537109375
-50145 1482.8060302734375
-50135 1492.1490478515625
-50125 1501.6009521484375
-50115 1510.760009765625
-50105 1517.2850341796875
-50095 1523.3759765625
-50085 1529.532958984375
-50075 1536.427001953125
-50065 1542.4849853515625
-50055 1547.9820556640625
-50045 1554.322998046875
-50035 1558.592041015625
-50025 1561.8349609375
-50015 1565.1070556640625
-50005 1568.133056640625
-49995 1569.322998046875
-49985 1572.0909423828125
-49975 1574.6290283203125
-49965 1576.4739990234375
-49955 1578.3089599609375
-49945 1580.68896484375
-49935 1582.9639892578125
-49925 1584.7989501953125
-49915 1586.2669677734375
-49905 1588.583984375
-49895 1591.0899658203125
-49885 1593.8480224609375
-49875 1595.4200439453125
-49865 1597.2659912109375
-49855 1599.56201171875
-49845 1602.1729736328125
-49835 1604.113037109375
-49825 1605.4969482421875
-49815 1606.9329833984375
-49805 1607.342041015625
-49795 1607.572998046875
-49785 1606.261962890625
-49775 1606.06298828125
-49765 1602.906982421875
-49755 1600.7569580078125
-49745 1598.7860107421875
-49735 1596.071044921875
-49725 1593.7640380859375
-49715 1590.8070068359375
-49705 1583.0589599609375
-49695 1574.282958984375
-49685 1565.1080322265625
-49675 1555.7969970703125
-49665 1544.1590576171875
-49655 1548.73095703125
-49645 1564.43701171875
-49635 1573.3809814453125
-49625 1580.0179443359375
-49615 1586.1099853515625
-49605 1590.4189453125
-49595 1593.48095703125
-49585 1595.2530517578125
-49575 1596.343017578125
-49565 1597.5169677734375
-49555 1598.2509765625
-49545 1599.1009521484375
-49535 1600.3170166015625
-49525 1600.7469482421875
-49515 1602.60302734375
-49505 1602.529052734375
-49495 1603.6829833984375
-49485 1604.238037109375
-49475 1604.657958984375
-49465 1605.633056640625
-49455 1606.8070068359375
-49445 1607.802978515625
-49435 1608.6419677734375
-49425 1609.323974609375
-49415 1610.1619873046875
-49405 1610.969970703125
-49395 1611.6829833984375
-49385 1612.364013671875
-49375 1612.8360595703125
-49365 1613.6639404296875
-49355 1614.5870361328125
-49345 1615.8349609375
-49335 1616.4849853515625
-49325 1617.177001953125
-49315 1618.0469970703125
-49305 1618.885986328125
-49295 1620.281005859375
-49285 1621.2559814453125
-49275 1622.6190185546875
-49265 1623.625
-49255 1624.6419677734375
-49245 1625.5439453125
-49235 1625.428955078125
-49225 1626.2879638671875
-49215 1627.6199951171875
-49205 1629.822021484375
-49195 1630.6400146484375
-49185 1631.803955078125
-49175 1633.6490478515625
-49165 1634.404052734375
-49155 1635.4730224609375
-49145 1635.8609619140625
-49135 1635.7769775390625
-49125 1635.2010498046875
-49115 1635.4420166015625
-49105 1635.998046875
-49095 1637.1409912109375
-49085 1638.9749755859375
-49075 1639.447021484375
-49065 1638.7869873046875
-49055 1640.905029296875
-49045 1642.2469482421875
-49035 1642.906982421875
-49025 1643.7039794921875
-49015 1642.635009765625
-49005 1641.9639892578125
-48995 1641.39697265625
-48985 1641.5760498046875
-48975 1641.5970458984375
-48965 1641.8800048828125
-48955 1642.1939697265625
-48945 1640.5269775390625
-48935 1639.321044921875
-48925 1638.219970703125
-48915 1637.56005859375
-48905 1637.93701171875
-48895 1638.27294921875
-48885 1638.4090576171875
-48875 1638.240966796875
-48865 1638.27294921875
-48855 1637.0780029296875
-48845 1634.47705078125
-48835 1630.4930419921875
-48825 1625.407958984375
-48815 1619.9139404296875
-48805 1617.9530029296875
-48795 1617.8480224609375
-48785 1618.551025390625
-48775 1615.781982421875
-48765 1614.5240478515625
-48755 1611.6829833984375
-48745 1611.3790283203125
-48735 1609.333984375
-48725 1607.468017578125
-48715 1606.8809814453125
-48705 1607.0479736328125
-48695 1604.291015625
-48685 1603.6409912109375
-48675 1601.6910400390625
-48665 1598.5350341796875
-48655 1596.175048828125
-48645 1595.126953125
-48635 1592.7989501953125
-48625 1590.491943359375
-48615 1589.0670166015625
-48605 1587.3160400390625
-48595 1584.3380126953125
-48585 1581.696044921875
-48575 1579.5780029296875
-48565 1577.7010498046875
-48555 1576.0860595703125
-48545 1575.68798828125
-48535 1574.9749755859375
-48525 1572.133056640625
-48515 1567.697998046875
-48505 1563.6610107421875
-48495 1563.27294921875
-48485 1556.447998046875
-48475 1546.864013671875
-48465 1552.1910400390625
-48455 1554.0050048828125
-48445 1555.2099609375
-48435 1555.3260498046875
-48425 1555.4930419921875
-48415 1555.8289794921875
-48405 1555.9859619140625
-48395 1554.89599609375
-48385 1554.0050048828125
-48375 1553.239013671875
-48365 1550.8380126953125
-48355 1548.925048828125
-48345 1547.9129638671875
-48335 1545.8580322265625
-48325 1540.248046875
-48315 1533.0030517578125
-48305 1529.468994140625
-48295 1528.489013671875
-48285 1530.239990234375
-48275 1533.0240478515625
-48265 1533.4539794921875
-48255 1532.43701171875
-48245 1531.948974609375
-48235 1531.39404296875
-48225 1530.48095703125
-48215 1528.6519775390625
-48205 1526.0989990234375
-48195 1522.3759765625
-48185 1519.6290283203125
-48175 1517.489990234375
-48165 1514.8800048828125
-48155 1513.1500244140625
-48145 1514.2080078125
-48135 1512.342041015625
-48125 1509.636962890625
-48115 1509.0810546875
-48105 1510.0150146484375
-48095 1510.76904296875
-48085 1510.822021484375
-48075 1510.595947265625
-48065 1508.3890380859375
-48055 1506.4599609375
-48045 1503.6920166015625
-48035 1500.7979736328125
-48025 1498.009033203125
-48015 1494.916015625
-48005 1493.5009765625
-47995 1491.739013671875
-47985 1490.030029296875
-47975 1488.18505859375
-47965 1486.2030029296875
-47955 1484.6300048828125
-47945 1483.0159912109375
-47935 1481.3900146484375
-47925 1478.83203125
-47915 1476.8709716796875
-47905 1474.8900146484375
-47895 1472.91796875
-47885 1472.321044921875
-47875 1472.2889404296875
-47865 1471.6810302734375
-47855 1471.1669921875
-47845 1469.5
-47835 1465.967041015625
-47825 1462.3280029296875
-47815 1458.9210205078125
-47805 1454.0350341796875
-47795 1450.25
-47785 1447.6600341796875
-47775 1445.1639404296875
-47765 1441.8199462890625
-47755 1439.407958984375
-47745 1437.9820556640625
-47735 1437.1429443359375
-47725 1434.9630126953125
-47715 1433.0860595703125
-47705 1430.5379638671875
-47695 1426.4169921875
-47685 1421.824951171875
-47675 1416.948974609375
-47665 1413.416015625
-47655 1411.633056640625
-47645 1410.447998046875
-47635 1409.7139892578125
-47625 1408.383056640625
-47615 1406.873046875
-47605 1404.4300537109375
-47595 1401.10595703125
-47585 1398.4539794921875
-47575 1394.375
-47565 1390.800048828125
-47555 1387.76904296875
-47545 1384.2039794921875
-47535 1380.4610595703125
-47525 1377.0009765625
-47515 1372.5350341796875
-47505 1367.4100341796875
-47495 1361.5579833984375
-47485 1355.9090576171875
-47475 1348.1400146484375
-47465 1340.1409912109375
-47455 1329.3780517578125
-47445 1322.1510009765625
-47435 1315.967041015625
-47425 1310.0269775390625
-47415 1306.071044921875
-47405 1304.656005859375
-47395 1296.58203125
-47385 1290.0999755859375
-47375 1280.02099609375
-47365 1272.969970703125
-47355 1266.3189697265625
-47345 1259.5999755859375
-47335 1252.1419677734375
-47325 1245.4100341796875
-47315 1237.4100341796875
-47305 1232.987060546875
-47295 1232.696044921875
-47285 1240.97998046875
-47275 1240.491943359375
-47265 1250.239013671875
-47255 1262.9530029296875
-47245 1270.991943359375
-47235 1279.7979736328125
-47225 1288.0069580078125
-47215 1292.531005859375
-47205 1293.98095703125
-47195 1297.3070068359375
-47185 1303.7010498046875
-47175 1310.43994140625
-47165 1313.4200439453125
-47155 1316.8809814453125
-47145 1317.031005859375
-47135 1319.698974609375
-47125 1322.4759521484375
-47115 1324.9759521484375
-47105 1327.6510009765625
-47095 1331.18701171875
-47085 1334.958984375
-47075 1339.301025390625
-47065 1343.27001953125
-47055 1347.2060546875
-47045 1349.718017578125
-47035 1353.490966796875
-47025 1357.3990478515625
-47015 1359.4580078125
-47005 1361.6669921875
-46995 1362.5670166015625
-46985 1364.761962890625
-46975 1367.68798828125
-46965 1370.77001953125
-46955 1373.5810546875
-46945 1376.2900390625
-46935 1379.1280517578125
-46925 1381.5870361328125
-46915 1384.906005859375
-46905 1389.5860595703125
-46895 1394.050048828125
-46885 1397.720947265625
-46875 1400.97900390625
-46865 1404.48095703125
-46855 1407.866943359375
-46845 1411.051025390625
-46835 1414.18701171875
-46825 1417.052001953125
-46815 1419.8699951171875
-46805 1422.68701171875
-46795 1425.20703125
-46785 1428.0849609375
-46775 1431.1669921875
-46765 1435.739013671875
-46755 1435.928955078125
-46745 1439.7359619140625
-46735 1442.3160400390625
-46725 1444.6800537109375
-46715 1446.637939453125
-46705 1451.06103515625
-46695 1453.77001953125
-46685 1456.43798828125
-46675 1458.8289794921875
-46665 1460.6109619140625
-46655 1461.5389404296875
-46645 1462.196044921875
-46635 1463.969970703125
-46625 1465.6099853515625
-46615 1467.39794921875
