-72275 2098.498046875
-72265 2103.806884765625
-72255 2106.93798828125
-72245 2107.050048828125
-72235 2106.929931640625
-72225 2111.886962890625
-72215 2121.087890625
-72205 2128.27099609375
-72195 2137.85595703125
-72185 2142.30908203125
-72175 2147.5380859375
-72165 2153.68798828125
-72155 2159.18896484375
-72145 2164.402099609375
-72135 2168.10205078125
-72125 2174.989013671875
-72115 2180.843017578125
-72105 2189.866943359375
-72095 2196.258056640625
-72085 2203.361083984375
-72075 2208.862060546875
-72065 2214.346923828125
-72055 2218.76806640625
-72045 2223.2919921875
-72035 2227.672119140625
-72025 2231.612060546875
-72015 2233.927001953125
-72005 2237.0009765625
-71995 2239.444091796875
-71985 2241.8779296875
-71975 2244.31298828125
-71965 2246.85888671875
-71955 2248.653076171875
-71945 2251.1669921875
-71935 2254.779052734375
-71925 2257.81396484375
-71915 2260.575927734375
-71905 2262.330078125
-71895 2261.240966796875
-71885 2261.208984375
-71875 2262.201904296875
-71865 2263.123046875
-71855 2263.6201171875
-71845 2264.132080078125
-71835 2264.26806640625
-71825 2264.236083984375
-71815 2264.508056640625
-71805 2266.75
-71795 2270.154052734375
-71785 2272.756103515625
-71775 2271.178955078125
-71765 2270.802001953125
-71755 2272.85302734375
-71745 2276.47998046875
-71735 2279.322998046875
-71725 2282.677978515625
-71715 2287.010009765625
-71705 2290.701904296875
-71695 2294.39404296875
-71685 2297.43701171875
-71675 2300.27099609375
-71665 2303.010009765625
-71655 2304.138916015625
-71645 2305.172119140625
-71635 2308.10302734375
-71625 2310.761962890625
-71615 2313.5
-71605 2316.591064453125
-71595 2319.169921875
-71585 2321.14794921875
-71575 2322.700927734375
-71565 2324.462890625
-71555 2328.2509765625
-71545 2330.18896484375
-71535 2334.153076171875
-71525 2337.93994140625
-71515 2342.529052734375
-71505 2346.43701171875
-71495 2350.471923828125
-71485 2354.613037109375
-71475 2358.93701171875
-71465 2363.837890625
-71455 2369.01904296875
-71445 2373.950927734375
-71435 2379.31689453125
-71425 2384.674072265625
-71415 2389.910888671875
-71405 2393.305908203125
-71395 2396.8779296875
-71385 2401.60302734375
-71375 2406.35107421875
-71365 2411.1240234375
-71355 2417.281982421875
-71345 2422.51904296875
-71335 2424.281005859375
-71325 2424.2490234375
-71315 2425.74609375
-71305 2428.301025390625
-71295 2430.10205078125
-71285 2429.637939453125
-71275 2425.85791015625
-71265 2420.861083984375
-71255 2417.258056640625
-71245 2413.55810546875
-71235 2412.18896484375
-71225 2410.010986328125
-71215 2407.7919921875
-71205 2405.662109375
-71195 2401.4580078125
-71185 2397.60693359375
-71175 2392.85009765625
-71165 2389.110107421875
-71155 2383.64892578125
-71145 2378.260009765625
-71135 2374.39208984375
-71125 2368.41796875
-71115 2358.9609375
-71105 2350.39990234375
-71095 2343.31298828125
-71085 2337.22802734375
-71075 2330.740966796875
-71065 2324.43896484375
-71055 2319.4580078125
-71045 2315.590087890625
-71035 2312.60400390625
-71025 2309.952880859375
-71015 2307.285888671875
-71005 2306.6220703125
-70995 2302.2890625
-70985 2298.926025390625
-70975 2298.012939453125
-70965 2297.6689453125
-70955 2297.541015625
-70945 2298.926025390625
-70935 2299.221923828125
-70925 2299.55908203125
-70915 2296.72412109375
-70905 2295.14599609375
-70895 2293.01611328125
-70885 2290.27001953125
-70875 2287.571044921875
-70865 2284.152099609375
-70855 2282.927001953125
-70845 2283.886962890625
-70835 2286.298095703125
-70825 2291.070068359375
-70815 2294.570068359375
-70805 2295.77099609375
-70795 2296.242919921875
-70785 2296.242919921875
-70775 2297.532958984375
-70765 2299.261962890625
-70755 2299.18994140625
-70745 2299.782958984375
-70735 2298.093017578125
-70725 2300.583984375
-70715 2305.27587890625
-70705 2305.556884765625
-70695 2305.94091796875
-70685 2309.35205078125
-70675 2314.589111328125
-70665 2322.4609375
-70655 2329.347900390625
-70645 2335.85009765625
-70635 2343.23291015625
-70625 2350.152099609375
-70615 2356.967041015625
-70605 2365.822998046875
-70595 2372.55810546875
-70585 2378.739990234375
-70575 2383.593017578125
-70565 2386.14697265625
-70555 2390.912109375
-70545 2396.637939453125
-70535 2403.132080078125
-70525 2411.90087890625
-70515 2419.659912109375
-70505 2427.451904296875
-70495 2434.467041015625
-70485 2443.10693359375
-70475 2450.85888671875
-70465 2459.282958984375
-70455 2468.676025390625
-70445 2461.948974609375
-70435 2454.5419921875
-70425 2445.662109375
-70415 2441.136962890625
-70405 2440.697021484375
-70395 2439.366943359375
-70385 2437.966064453125
-70375 2437.388916015625
-70365 2433.882080078125
-70355 2433.802001953125
-70345 2434.14599609375
-70335 2434.739013671875
-70325 2435.4599609375
-70315 2433.697998046875
-70305 2436.781005859375
-70295 2441.48095703125
-70285 2438.950927734375
-70275 2438.51904296875
-70265 2434.02587890625
-70255 2428.172119140625
-70245 2424.841064453125
-70235 2418.01904296875
-70225 2411.9970703125
-70215 2400.0810546875
-70205 2392.8740234375
-70195 2384.570068359375
-70185 2379.8369140625
-70175 2373.6708984375
-70165 2361.827880859375
-70155 2353.947998046875
-70145 2343.7939453125
-70135 2334.055908203125
-70125 2322.47705078125
-70115 2310.64892578125
-70105 2300.672119140625
-70095 2291.070068359375
-70085 2282.7900390625
-70075 2275.68701171875
-70065 2262.93896484375
-70055 2252.673095703125
-70045 2244.135986328125
-70035 2236.257080078125
-70025 2224.4130859375
-70015 2210.10302734375
-70005 2192.924072265625
-69995 2184.322998046875
-69985 2176.56494140625
-69975 2170.2958984375
-69965 2163.304931640625
-69955 2157.155029296875
-69945 2151.00390625
-69935 2144.927001953125
-69925 2138.9541015625
-69915 2133.3349609375
-69905 2127.656005859375
-69895 2122.803955078125
-69885 2117.596923828125
-69875 2112.802978515625
-69865 2108.14306640625
-69855 2103.39404296875
-69845 2099.0869140625
-69835 2095.074951171875
-69825 2091.343017578125
-69815 2087.715087890625
-69805 2084.55908203125
-69795 2082.56689453125
-69785 2080.9599609375
-69775 2079.39599609375
-69765 2078.555908203125
-69755 2078.333984375
-69745 2078.1279296875
-69735 2077.966064453125
-69725 2077.094970703125
-69715 2074.9130859375
-69705 2071.283935546875
-69695 2067.154052734375
-69685 2063.18701171875
-69675 2060.4580078125
-69665 2059.455078125
-69655 2058.52587890625
-69645 2059.205078125
-69635 2059.366943359375
-69625 2058.260009765625
-69615 2060.678955078125
-69605 2058.510986328125
-69595 2056.72705078125
-69585 2056.22509765625
-69575 2055.797119140625
-69565 2056.196044921875
-69555 2056.785888671875
-69545 2057.375
-69535 2058.304931640625
-69525 2060.1630859375
-69515 2060.97412109375
-69505 2063.364013671875
-69495 2065.118896484375
-69485 2065.85595703125
-69475 2065.635009765625
-69465 2064.262939453125
-69455 2066.2548828125
-69445 2072.7890625
-69435 2077.876953125
-69425 2079.056884765625
-69415 2077.6259765625
-69405 2076.6240234375
-69395 2077.6259765625
-69385 2078.053955078125
-69375 2078.1279296875
-69365 2078.998046875
-69355 2080.826904296875
-69345 2079.823974609375
-69335 2080.945068359375
-69325 2082.464111328125
-69315 2079.883056640625
-69305 2080.340087890625
-69295 2084.366943359375
-69285 2087.5380859375
-69275 2091.373046875
-69265 2095.72412109375
-69255 2100.10400390625
-69245 2103.718017578125
-69235 2106.962890625
-69225 2109.513916015625
-69215 2112.242919921875
-69205 2114.736083984375
-69195 2116.22509765625
-69185 2118.7919921875
-69175 2122.361083984375
-69165 2125.575927734375
-69155 2128.64404296875
-69145 2132.6708984375
-69135 2137.18408203125
-69125 2142.77392578125
-69115 2147.361083984375
-69105 2149.89794921875
-69095 2150.193115234375
-69085 2149.337890625
-69075 2151.56494140625
-69065 2154.30810546875
-69055 2159.70703125
-69045 2166.6240234375
-69035 2176.403076171875
-69025 2183.27587890625
-69015 2187.64208984375
-69005 2189.95703125
-68995 2192.214111328125
-68985 2192.89208984375
-68975 2191.033935546875
-68965 2189.530029296875
-68955 2189.219970703125
-68945 2190.90087890625
-68935 2196.534912109375
-68925 2201.093017578125
-68915 2207.465087890625
-68905 2210.06103515625
-68895 2214.677001953125
-68885 2219.05810546875
-68875 2224.60400390625
-68865 2231.41796875
-68855 2239.0869140625
-68845 2250.0458984375
-68835 2256.343994140625
-68825 2262.406005859375
-68815 2268.48291015625
-68805 2272.99609375
-68795 2279.04296875
-68785 2285.489013671875
-68775 2293.0400390625
-68765 2303.3798828125
-68755 2312.626953125
-68745 2318.424072265625
-68735 2324.987060546875
-68725 2332.951904296875
-68715 2339.9140625
-68705 2345.35595703125
-68695 2347.318115234375
-68685 2347.14111328125
-68675 2349.013916015625
-68665 2352.47998046875
-68655 2351.654052734375
-68645 2350.342041015625
-68635 2354.64794921875
-68625 2357.656982421875
-68615 2358.631103515625
-68605 2361.43310546875
-68595 2363.659912109375
-68585 2363.969970703125
-68575 2363.041015625
-68565 2360.65087890625
-68555 2358.85205078125
-68545 2355.60693359375
-68535 2351.594970703125
-68525 2347.5830078125
-68515 2346.6689453125
-68505 2343.3798828125
-68495 2346.56591796875
-68485 2348.218017578125
-68475 2349.162109375
-68465 2346.802001953125
-68455 2338.556884765625
-68445 2335.39990234375
-68435 2334.573974609375
-68425 2326.93408203125
-68415 2318.09912109375
-68405 2309.264892578125
-68395 2301.875
-68385 2295.2080078125
-68375 2289.04296875
-68365 2285.548095703125
-68355 2282.967041015625
-68345 2279.0869140625
-68335 2273.305908203125
-68325 2267.18505859375
-68315 2260.666015625
-68305 2254.794921875
-68295 2248.64501953125
-68285 2241.0048828125
-68275 2235.65087890625
-68265 2231.2548828125
-68255 2225.074951171875
-68245 2216.56494140625
-68235 2209.263916015625
-68225 2204.44091796875
-68215 2198.8359375
-68205 2193.1279296875
-68195 2186.844970703125
-68185 2175.325927734375
-68175 2166.653076171875
-68165 2159.883056640625
-68155 2150.2080078125
-68145 2139.012939453125
-68135 2130.193115234375
-68125 2121.962890625
-68115 2111.35791015625
-68105 2101.06298828125
-68095 2091.756103515625
-68085 2081.93310546875
-68075 2073.52587890625
-68065 2065.76806640625
-68055 2059.485107421875
-68045 2053.864990234375
-68035 2046.991943359375
-68025 2041.31396484375
-68015 2034.3370361328125
-68005 2026.489990234375
-67995 2019.6910400390625
-67985 2011.135986328125
-67975 2003.6729736328125
-67965 1997.2869873046875
-67955 1991.97705078125
-67945 1986.9029541015625
-67935 1983.2449951171875
-67925 1980.2659912109375
-67915 1978.053955078125
-67905 1975.6500244140625
-67895 1969.719970703125
-67885 1967.4339599609375
-67875 1962.9649658203125
-67865 1962.68505859375
-67855 1963.303955078125
-67845 1960.85595703125
-67835 1958.791015625
-67825 1951.2540283203125
-67815 1944.8819580078125
-67805 1941.81494140625
-67795 1937.9210205078125
-67785 1931.1949462890625
-67775 1926.135986328125
-67765 1918.5550537109375
-67755 1912.4339599609375
-67745 1908.2159423828125
-67735 1904.3370361328125
-67725 1899.7349853515625
-67715 1895.427978515625
-67705 1889.85302734375
-67695 1888.93798828125
-67685 1887.655029296875
-67675 1884.1739501953125
-67665 1880.487060546875
-67655 1875.885009765625
-67645 1870.8699951171875
-67635 1863.6429443359375
-67625 1853.583984375
-67615 1845.2060546875
-67605 1836.81396484375
-67595 1827.93505859375
-67585 1818.68701171875
-67575 1810.5159912109375
-67565 1802.7430419921875
-67555 1798.7459716796875
-67545 1793.833984375
-67535 1789.2330322265625
-67525 1785.9139404296875
-67515 1782.06494140625
-67505 1775.237060546875
-67495 1767.907958984375
-67485 1759.64501953125
-67475 1749.991943359375
-67465 1742.16796875
-67455 1735.823974609375
-67445 1731.637939453125
-67435 1724.2130126953125
-67425 1717.177001953125
-67415 1710.4129638671875
-67405 1702.9169921875
-67395 1696.9759521484375
-67385 1693.1180419921875
-67375 1688.7490234375
-67365 1684.0140380859375
-67355 1680.137939453125
-67345 1677.0849609375
-67335 1671.1619873046875
-67325 1665.8050537109375
-67315 1659.9530029296875
-67305 1657.780029296875
-67295 1654.0479736328125
-67285 1653.593017578125
-67275 1651.6190185546875
-67265 1648.822021484375
-67255 1641.802001953125
-67245 1634.5260009765625
-67235 1626.5
-67225 1620.5040283203125
-67215 1614.8179931640625
-67205 1609.1689453125
-67195 1607.85302734375
-67185 1607.780029296875
-67175 1610.3570556640625
-67165 1613.64794921875
-67155 1615.6590576171875
-67145 1617.9599609375
-67135 1621.2349853515625
-67125 1624.5069580078125
-67115 1628.2550048828125
-67105 1631.781005859375
-67095 1636.35400390625
-67085 1638.4930419921875
-67075 1640.448974609375
-67065 1642.8990478515625
-67055 1646.572998046875
-67045 1649.3890380859375
-67035 1652.29296875
-67025 1654.1600341796875
-67015 1656.884033203125
-67005 1660.97900390625
-66995 1662.60595703125
-66985 1667.0849609375
-66975 1674.470947265625
-66965 1679.77294921875
-66955 1685.1839599609375
-66945 1690.3580322265625
-66935 1695.7330322265625
-66925 1701.0889892578125
-66915 1706.93896484375
-66905 1715.43994140625
-66895 1720.6689453125
-66885 1729.3890380859375
-66875 1751.802001953125
-66865 1765.7330322265625
-66855 1773.155029296875
-66845 1781.7840576171875
-66835 1791.6199951171875
-66825 1798.14599609375
-66815 1800.68798828125
-66805 1804.6729736328125
-66795 1811.1259765625
-66785 1818.0369873046875
-66775 1839.3900146484375
-66765 1839.6639404296875
-66755 1847.9639892578125
-66745 1857.6529541015625
-66735 1867.2139892578125
-66725 1885.6240234375
-66715 1895.18505859375
-66705 1911.7669677734375
-66695 1925.5150146484375
-66685 1936.1729736328125
-66675 1939.7010498046875
-66665 1941.0169677734375
-66655 1938.073974609375
-66645 1937.27001953125
-66635 1927.1600341796875
-66625 1922.791015625
-66615 1923.8330078125
-66605 1929.134033203125
-66595 1937.3060302734375
-66585 1951.1090087890625
-66575 1959.427001953125
-66565 1973.4310302734375
-66555 1984.7650146484375
-66545 1995.9539794921875
-66535 1999.7020263671875
-66525 2003.9429931640625
-66515 2007.616943359375
-66505 2010.177001953125
-66495 2020.2320556640625
-66485 2030.1949462890625
-66475 2042.48095703125
-66465 2051.1279296875
-66455 2069.903076171875
-66445 2068.89697265625
-66435 2076.375
-66425 2077.1240234375
-66415 2083.4130859375
-66405 2084.382080078125
-66395 2087.39892578125
-66385 2090.14111328125
-66375 2093.925048828125
-66365 2098.805908203125
-66355 2105.863037109375
-66345 2108.513916015625
-66335 2101.89599609375
-66325 2091.803955078125
-66315 2080.799072265625
-66305 2071.419921875
-66295 2062.4990234375
-66285 2054.052978515625
-66275 2047.708984375
-66265 2041.60302734375
-66255 2035.31396484375
-66245 2028.677978515625
-66235 2022.553955078125
-66225 2017.10595703125
-66215 2009.6280517578125
-66205 2002.7359619140625
-66195 1994.6920166015625
-66185 1986.5389404296875
-66175 1982.4439697265625
-66165 1977.177978515625
-66155 1971.7120361328125
-66145 1965.18603515625
-66135 1959.95703125
-66125 1955.9169921875
-66115 1947.0689697265625
-66105 1941.6390380859375
-66095 1937.123046875
-66085 1929.6280517578125
-66075 1921.053955078125
-66065 1910.85302734375
-66055 1901.7120361328125
-66045 1893.321044921875
-66035 1885.6419677734375
-66025 1880.614990234375
-66015 1875.751953125
-66005 1866.9949951171875
-65995 1861.364013671875
-65985 1856.9949951171875
-65975 1851.9129638671875
-65965 1844.9110107421875
-65955 1837.1590576171875
-65945 1829.5360107421875
-65935 1823.1190185546875
-65925 1815.14794921875
-65915 1810.322021484375
-65905 1801.0159912109375
-65895 1793.1739501953125
-65885 1785.166015625
-65875 1778.4749755859375
-65865 1770.9429931640625
-65855 1765.2030029296875
-65845 1761.344970703125
-65835 1756.0069580078125
-65825 1747.615966796875
-65815 1741.1259765625
-65805 1735.4219970703125
-65795 1729.114990234375
-65785 1720.8699951171875
-65775 1710.06298828125
-65765 1697.1219482421875
-65755 1687.3409423828125
-65745 1678.053955078125
-65735 1669.06005859375
-65725 1662.5150146484375
-65715 1655.385009765625
-65705 1648.7120361328125
-65695 1643.1729736328125
-65685 1638.4560546875
-65675 1632.7340087890625
-65665 1625.9329833984375
-65655 1619.4429931640625
-65645 1614.26904296875
-65635 1608.27294921875
-65625 1602.02099609375
-65615 1595.5670166015625
-65605 1589.31494140625
-65595 1583.5379638671875
-65585 1577.7430419921875
-65575 1572.7149658203125
-65565 1568.2550048828125
-65555 1563.93994140625
-65545 1560.1009521484375
-65535 1557.5050048828125
-65525 1555.8780517578125
-65515 1555.01904296875
-65505 1553.9219970703125
-65495 1551.3990478515625
-65485 1552.6240234375
-65475 1550.905029296875
-65465 1551.6729736328125
-65455 1550.66796875
-65445 1549.5889892578125
-65435 1548.9129638671875
-65425 1549.114013671875
-65415 1548.948974609375
-65405 1549.677978515625
-65395 1553.4830322265625
-65385 1557.7060546875
-65375 1562.0570068359375
-65365 1567.157958984375
-65355 1572.47802734375
-65345 1578.14501953125
-65335 1583.9580078125
-65325 1589.8089599609375
-65315 1595.89599609375
-65305 1602.093994140625
-65295 1608.31005859375
-65285 1615.073974609375
-65275 1621.782958984375
-65265 1628.4010009765625
-65255 1635.291015625
-65245 1642.33203125
-65235 1649.498046875
-65225 1656.6829833984375
-65215 1664.050048828125
-65205 1670.52197265625
-65195 1676.93896484375
-65185 1681.56396484375
-65175 1689.2430419921875
-65165 1702.33203125
-65155 1712.1309814453125
-65145 1719.864013671875
-65135 1726.6650390625
-65125 1742.990966796875
-65115 1756.9029541015625
-65105 1769.5360107421875
-65095 1773.6490478515625
-65085 1776.446044921875
-65075 1777.4329833984375
-65065 1780.302978515625
-65055 1795.6419677734375
-65045 1807.8170166015625
-65035 1824.5269775390625
-65025 1833.1739501953125
-65015 1857.6529541015625
-65005 1862.3900146484375
-64995 1870.7049560546875
-64985 1869.0670166015625
-64975 1864.8470458984375
-64965 1872.3759765625
-64955 1878.2779541015625
-64945 1879.3699951171875
-64935 1885.2659912109375
-64925 1893.5379638671875
-64915 1906.904052734375
-64905 1924.0970458984375
-64895 1942.4310302734375
-64885 1959.56298828125
-64875 1970.5980224609375
-64865 1983.2430419921875
-64855 1992.501953125
-64845 2001.7130126953125
-64835 2009.0999755859375
-64825 2011.4530029296875
-64815 2015.1820068359375
-64805 2015.7989501953125
-64795 2011.0489501953125
-64785 2011.1309814453125
-64775 2013.321044921875
-64765 2010.613037109375
-64755 2005.884033203125
-64745 2002.739990234375
-64735 1999.4749755859375
-64725 1994.0799560546875
-64715 1988.260009765625
-64705 1981.2440185546875
-64695 1973.3709716796875
-64685 1964.9580078125
-64675 1957.886962890625
-64665 1952.14404296875
-64655 1946.0780029296875
-64645 1940.4110107421875
-64635 1934.77099609375
-64625 1929.5460205078125
-64615 1922.9549560546875
-64605 1917.5069580078125
-64595 1914.968017578125
-64585 1910.8680419921875
-64575 1906.428955078125
-64565 1901.2039794921875
-64555 1893.467041015625
-64545 1885.196044921875
-64535 1878.0269775390625
-64525 1869.3179931640625
-64515 1859.5999755859375
-64505 1850.72802734375
-64495 1842.6689453125
-64485 1834.14599609375
-64475 1826.3060302734375
-64465 1817.9200439453125
-64455 1810.8060302734375
-64445 1803.718994140625
-64435 1796.8179931640625
-64425 1789.6109619140625
-64415 1782.0269775390625
-64405 1775.2459716796875
-64395 1770.927001953125
-64385 1762.3280029296875
-64375 1754.248046875
-64365 1746.0799560546875
-64355 1733.1070556640625
-64345 1720.958984375
-64335 1708.635986328125
-64325 1695.3360595703125
-64315 1682.801025390625
-64305 1673.928955078125
-64295 1662.8399658203125
-64285 1648.51904296875
-64275 1639.9300537109375
-64265 1631.260009765625
-64255 1623.93896484375
-64245 1616.6280517578125
-64235 1610.1419677734375
-64225 1602.68896484375
-64215 1593.3470458984375
-64205 1585.031982421875
-64195 1574.02001953125
-64185 1562.3409423828125
-64175 1552.989013671875
-64165 1543.531982421875
-64155 1535.2879638671875
-64145 1527.9990234375
-64135 1520.928955078125
-64125 1514.8900146484375
-64115 1508.218017578125
-64105 1502.1300048828125
-64095 1496.31005859375
-64085 1490.5889892578125
-64075 1485.571044921875
-64065 1479.9530029296875
-64055 1473.5589599609375
-64045 1466.01904296875
-64035 1461.8699951171875
-64025 1455.7110595703125
-64015 1451.633056640625
-64005 1451.031982421875
-63995 1452.1080322265625
-63985 1447.718017578125
-63975 1448.219970703125
-63965 1449.0889892578125
-63955 1449.26904296875
-63945 1449.5799560546875
-63935 1451.490966796875
-63925 1452.33203125
-63915 1453.489013671875
-63905 1453.593017578125
-63895 1455.781982421875
-63885 1456.56298828125
-63875 1458.6810302734375
-63865 1461.9189453125
-63855 1465.947998046875
-63845 1469.8690185546875
-63835 1475.2080078125
-63825 1480.8480224609375
-63815 1486.220947265625
-63805 1492.5379638671875
-63795 1497.7080078125
-63785 1502.47998046875
-63775 1507.251953125
-63765 1512.989990234375
-63755 1518.23095703125
-63745 1523.428955078125
-63735 1528.22802734375
-63725 1532.1209716796875
-63715 1536.1180419921875
-63705 1541.22802734375
-63695 1547.3699951171875
-63685 1554.10205078125
-63675 1560.758056640625
-63665 1567.3590087890625
-63655 1574.5880126953125
-63645 1582.5369873046875
-63635 1590.3280029296875
-63625 1605.010009765625
-63615 1619.030029296875
-63605 1622.7969970703125
-63595 1634.6619873046875
-63585 1639.52099609375
-63575 1645.8599853515625
-63565 1649.9599609375
-63555 1651.18798828125
-63545 1655.2509765625
-63535 1657.3580322265625
-63525 1661.22900390625
-63515 1666.967041015625
-63505 1674.0269775390625
-63495 1681.866943359375
-63485 1691.968017578125
-63475 1707.801025390625
-63465 1718.47998046875
-63455 1727.3800048828125
-63445 1728.1500244140625
-63435 1734.9580078125
-63425 1742.95703125
-63415 1749.3780517578125
-63405 1753.571044921875
-63395 1756.51904296875
-63385 1761.176025390625
-63375 1761.0400390625
-63365 1763.5780029296875
-63355 1769.14697265625
-63345 1776.386962890625
-63335 1789.4580078125
-63325 1801.906005859375
-63315 1807.3060302734375
-63305 1811.47705078125
-63295 1819.2679443359375
-63285 1826.656005859375
-63275 1833.376953125
-63265 1838.14794921875
-63255 1842.199951171875
-63245 1848.7569580078125
-63235 1854.8280029296875
-63225 1860.947998046875
-63215 1865.9169921875
-63205 1872.47998046875
-63195 1878.14697265625
-63185 1883.0989990234375
-63175 1889.115966796875
-63165 1896.3280029296875
-63155 1903.616943359375
-63145 1911.239013671875
-63135 1918.6090087890625
-63125 1924.876953125
-63115 1932.739990234375
-63105 1939.782958984375
-63095 1944.6639404296875
-63085 1950.489013671875
-63075 1957.592041015625
-63065 1963.2320556640625
-63055 1968.1240234375
-63045 1972.552001953125
-63035 1974.987060546875
-63025 1973.9659423828125
-63015 1971.3680419921875
-63005 1968.9539794921875
-62995 1966.2030029296875
-62985 1963.876953125
-62975 1960.512939453125
-62965 1956.762939453125
-62955 1952.8919677734375
-62945 1950.052001953125
-62935 1948.071044921875
-62925 1946.968017578125
-62915 1946.8480224609375
-62905 1947.1209716796875
-62895 1947.91796875
-62885 1948.8790283203125
-62875 1949.60498046875
-62865 1950.697021484375
-62855 1950.8709716796875
-62845 1949.8179931640625
-62835 1949.1190185546875
-62825 1948.626953125
-62815 1948.0489501953125
-62805 1945.39501953125
-62795 1944.1070556640625
-62785 1945.947021484375
-62775 1946.64599609375
-62765 1951.001953125
-62755 1953.5689697265625
-62745 1958.7659912109375
-62735 1962.43505859375
-62725 1962.958984375
-62715 1963.1610107421875
-62705 1961.906005859375
-62695 1960.583984375
-62685 1958.635009765625
-62675 1956.407958984375
-62665 1953.9449462890625
-62655 1950.8709716796875
-62645 1947.322998046875
-62635 1942.4310302734375
-62625 1934.8690185546875
-62615 1926.7340087890625
-62605 1918.2869873046875
-62595 1910.6490478515625
-62585 1903.720947265625
-62575 1897.708984375
-62565 1891.6600341796875
-62555 1884.8680419921875
-62545 1877.2080078125
-62535 1869.0179443359375
-62525 1860.2659912109375
-62515 1852.239990234375
-62505 1843.7679443359375
-62495 1836.1500244140625
-62485 1828.6529541015625
-62475 1819.6109619140625
-62465 1810.6099853515625
-62455 1801.9310302734375
-62445 1793.1600341796875
-62435 1785.260009765625
-62425 1778.0550537109375
-62415 1770.458984375
-62405 1763.2030029296875
-62395 1756.3330078125
-62385 1747.4969482421875
-62375 1740.04296875
-62365 1733.47705078125
-62355 1727.7099609375
-62345 1720.3299560546875
-62335 1711.3699951171875
-62325 1699.1529541015625
-62315 1689.593017578125
-62305 1681.3900146484375
-62295 1675.1209716796875
-62285 1668.572021484375
-62275 1661.791015625
-62265 1655.406005859375
-62255 1648.6929931640625
-62245 1642.5799560546875
-62235 1636.467041015625
-62225 1630.9219970703125
-62215 1625.6810302734375
-62205 1620.16796875
-62195 1614.3759765625
-62185 1608.35400390625
-62175 1602.1829833984375
-62165 1595.8480224609375
-62155 1590.41796875
-62145 1584.239990234375
-62135 1578.20703125
-62125 1571.364013671875
-62115 1564.1240234375
-62105 1559.1610107421875
-62095 1553.8709716796875
-62085 1547.6920166015625
-62075 1542.0400390625
-62065 1537.8599853515625
-62055 1533.0970458984375
-62045 1528.5880126953125
-62035 1524.5899658203125
-62025 1521.3070068359375
-62015 1517.531005859375
-62005 1514.363037109375
-61995 1511.532958984375
-61985 1509.196044921875
-61975 1506.76904296875
-61965 1504.5069580078125
-61955 1501.0260009765625
-61945 1497.52197265625
-61935 1497.281005859375
-61925 1497.387939453125
-61915 1496.6309814453125
-61905 1494.970947265625
-61895 1495.6190185546875
-61885 1499.6610107421875
-61875 1502.9189453125
-61865 1504.3089599609375
-61855 1505.7239990234375
-61845 1507.3199462890625
-61835 1508.0439453125
-61825 1509.5009765625
-61815 1511.3599853515625
-61805 1517.06201171875
-61795 1520.9530029296875
-61785 1525.4119873046875
-61775 1530.9410400390625
-61765 1535.5400390625
-61755 1539.3330078125
-61745 1545.239990234375
-61735 1551.27099609375
-61725 1557.1390380859375
-61715 1563.16796875
-61705 1568.06494140625
-61695 1569.248046875
-61685 1571.698974609375
-61675 1577.47705078125
-61665 1581.31103515625
-61655 1583.9189453125
-61645 1586.0909423828125
-61635 1586.8480224609375
-61625 1594.489013671875
-61615 1603.219970703125
-61605 1611.8509521484375
-61595 1618.3170166015625
-61585 1625.4090576171875
-61575 1634.6400146484375
-61565 1641.6910400390625
-61555 1649.2540283203125
-61545 1654.633056640625
-61535 1661.52099609375
-61525 1668.7760009765625
-61515 1676.220947265625
-61505 1682.97802734375
-61495 1688.5970458984375
-61485 1693.5660400390625
-61475 1699.301025390625
-61465 1704.5909423828125
-61455 1710.572021484375
-61445 1716.2330322265625
-61435 1721.2919921875
-61425 1723.990966796875
-61415 1726.3929443359375
-61405 1727.947998046875
-61395 1731.947021484375
-61385 1735.7559814453125
-61375 1737.9530029296875
-61365 1742.3399658203125
-61355 1743.458984375
-61345 1745.6309814453125
-61335 1748.4759521484375
-61325 1752.7869873046875
-61315 1756.241943359375
-61305 1758.3489990234375
-61295 1759.4110107421875
-61285 1762.1500244140625
-61275 1764.43798828125
-61265 1766.759033203125
-61255 1768.248046875
-61245 1770.7550048828125
-61235 1771.8179931640625
-61225 1775.2330322265625
-61215 1776.365966796875
-61205 1779.89794921875
-61195 1781.6810302734375
-61185 1783.77294921875
-61175 1787.18701171875
-61165 1789.5479736328125
-61155 1791.4000244140625
-61145 1793.3489990234375
-61135 1796.0069580078125
-61125 1798.3929443359375
-61115 1800.572998046875
-61105 1802.260009765625
-61095 1804.5389404296875
-61085 1806.6610107421875
-61075 1808.4139404296875
-61065 1809.803955078125
-61055 1810.0589599609375
-61045 1809.885986328125
-61035 1809.5489501953125
-61025 1809.467041015625
-61015 1809.573974609375
-61005 1808.9239501953125
-60995 1809.803955078125
-60985 1810.6429443359375
-60975 1811.26904296875
-60965 1811.8199462890625
-60955 1812.0909423828125
-60945 1813.2509765625
-60935 1813.85205078125
-60925 1814.2469482421875
-60915 1815.0780029296875
-60905 1816.220947265625
-60895 1816.781005859375
-60885 1816.7230224609375
-60875 1815.5799560546875
-60865 1813.9100341796875
-60855 1812.1490478515625
-60845 1809.9029541015625
-60835 1807.845947265625
-60825 1805.9620361328125
-60815 1804.6619873046875
-60805 1804.2669677734375
-60795 1803.31298828125
-60785 1802.7779541015625
-60775 1801.758056640625
-60765 1800.927001953125
-60755 1800.5400390625
-60745 1798.541015625
-60735 1796.550048828125
-60725 1795.7440185546875
-60715 1795.8919677734375
-60705 1795.7679443359375
-60695 1795.373046875
-60685 1795.8089599609375
-60675 1794.863037109375
-60665 1794.739990234375
-60655 1793.5880126953125
-60645 1793.6519775390625
-60635 1792.739990234375
-60625 1794.123046875
-60615 1793.9659423828125
-60605 1793.719970703125
-60595 1794.9539794921875
-60585 1794.197021484375
-60575 1793.06103515625
-60565 1787.623046875
-60555 1785.072998046875
-60545 1789.8280029296875
-60535 1788.8409423828125
-60525 1789.696044921875
-60515 1788.989013671875
-60505 1788.31396484375
-60495 1788.47900390625
-60485 1787.302001953125
-60475 1786.2979736328125
-60465 1785.7230224609375
-60455 1786.7919921875
-60445 1787.2359619140625
-60435 1787.031005859375
-60425 1785.5660400390625
-60415 1785.072998046875
-60405 1784.5770263671875
-60395 1784.6280517578125
-60385 1782.6190185546875
-60375 1782.0699462890625
-60365 1781.1240234375
-60355 1780.498046875
-60345 1778.77099609375
-60335 1778.9520263671875
-60325 1775.6689453125
-60315 1774.1300048828125
-60305 1773.52099609375
-60295 1771.9749755859375
-60285 1770.385009765625
-60275 1768.864990234375
-60265 1769.29296875
-60255 1769.3580322265625
-60245 1768.781982421875
-60235 1767.407958984375
-60225 1766.6099853515625
-60215 1764.883056640625
-60205 1763.072998046875
-60195 1761.5
-60185 1759.7080078125
-60175 1758.6610107421875
-60165 1756.9090576171875
-60155 1755.625
-60145 1754.1300048828125
-60135 1752.876953125
-60125 1751.9310302734375
-60115 1750.2359619140625
-60105 1748.968994140625
-60095 1747.241943359375
-60085 1744.8800048828125
-60075 1743.407958984375
-60065 1742.9959716796875
-60055 1741.4169921875
-60045 1740.06103515625
-60035 1737.0400390625
-60025 1734.8759765625
-60015 1732.9429931640625
-60005 1730.4300537109375
-59995 1728.5009765625
-59985 1726.2330322265625
-59975 1725.0269775390625
-59965 1722.7850341796875
-59955 1721.60498046875
-59945 1719.8089599609375
-59935 1717.3580322265625
-59925 1715.404052734375
-59915 1713.3719482421875
-59905 1711.31396484375
-59895 1708.9539794921875
-59885 1706.5030517578125
-59875 1703.85498046875
-59865 1700.35400390625
-59855 1697.0770263671875
-59845 1693.2750244140625
-59835 1688.843994140625
-59825 1685.9990234375
-59815 1680.9649658203125
-59805 1676.9010009765625
-59795 1671.8409423828125
-59785 1665.9549560546875
-59775 1660.68505859375
-59765 1655.1519775390625
-59755 1648.925048828125
-59745 1642.251953125
-59735 1636.70703125
-59725 1631.6070556640625
-59715 1626.5340576171875
-59705 1622.2080078125
-59695 1617.8160400390625
-59685 1613.18798828125
-59675 1608.428955078125
-59665 1603.053955078125
-59655 1597.45703125
-59645 1592.18701171875
-59635 1586.56298828125
-59625 1583.1409912109375
-59615 1579.45703125
-59605 1576.1009521484375
-59595 1574.89501953125
-59585 1571.5780029296875
-59575 1569.113037109375
-59565 1568.719970703125
-59555 1567.18603515625
-59545 1563.6199951171875
-59535 1560.198974609375
-59525 1556.2919921875
-59515 1553.8409423828125
-59505 1552.18896484375
-59495 1550.208984375
-59485 1549.2259521484375
-59475 1547.822998046875
-59465 1546.1190185546875
-59455 1545.2540283203125
-59445 1544.4150390625
-59435 1544.0350341796875
-59425 1542.5660400390625
-59415 1540.967041015625
-59405 1538.5159912109375
-59395 1535.2509765625
-59385 1530.7679443359375
-59375 1525.824951171875
-59365 1522.3380126953125
-59355 1517.6710205078125
-59345 1515.6920166015625
-59335 1514.800048828125
-59325 1513.449951171875
-59315 1512.676025390625
-59305 1510.656982421875
-59295 1508.9530029296875
-59285 1508.5469970703125
-59275 1509.6739501953125
-59265 1508.8740234375
-59255 1510.697021484375
-59245 1512.6500244140625
-59235 1514.6429443359375
-59225 1518.405029296875
-59215 1519.8470458984375
-59205 1519.375
-59195 1521.2239990234375
-59185 1522.31201171875
-59175 1521.4859619140625
-59165 1520.280029296875
-59155 1520.1619873046875
-59145 1520.593994140625
-59135 1519.532958984375
-59125 1518.9300537109375
-59115 1518.0770263671875
-59105 1517.946044921875
-59095 1517.029052734375
-59085 1513.9090576171875
-59075 1511.7850341796875
-59065 1510.7879638671875
-59055 1509.373046875
-59045 1508.2060546875
-59035 1507.1829833984375
-59025 1506.135009765625
-59015 1504.9420166015625
-59005 1503.7879638671875
-58995 1502.5159912109375
-58985 1501.2969970703125
-58975 1499.9339599609375
-58965 1498.635986328125
-58955 1497.4029541015625
-58945 1496.1839599609375
-58935 1494.7550048828125
-58925 1493.5889892578125
-58915 1491.3070068359375
-58905 1488.6070556640625
-58895 1484.7659912109375
-58885 1481.094970703125
-58875 1478.9449462890625
-58865 1478.157958984375
-58855 1477.280029296875
-58845 1475.8380126953125
-58835 1473.426025390625
-58825 1471.5250244140625
-58815 1470.239990234375
-58805 1468.864013671875
-58795 1469.7159423828125
-58785 1469.4010009765625
-58775 1470.4759521484375
-58765 1468.6929931640625
-58755 1466.22900390625
-58745 1465.0489501953125
-58735 1463.343994140625
-58725 1462.072998046875
-58715 1461.0240478515625
-58705 1459.699951171875
-58695 1458.7430419921875
-58685 1458.114013671875
-58675 1456.0159912109375
-58665 1454.260009765625
-58655 1453.3809814453125
-58645 1453.0400390625
-58635 1450.719970703125
-58625 1450.196044921875
-58615 1449.291015625
-58605 1447.6920166015625
-58595 1446.1309814453125
-58585 1444.97802734375
-58575 1443.7060546875
-58565 1443.156005859375
-58555 1442.238037109375
-58545 1441.083984375
-58535 1439.7340087890625
-58525 1438.6719970703125
-58515 1437.1639404296875
-58505 1435.8929443359375
-58495 1433.468017578125
-58485 1432.824951171875
-58475 1433.2969970703125
-58465 1432.5369873046875
-58455 1432.2879638671875
-58445 1430.4649658203125
-58435 1429.20703125
-58425 1427.68603515625
-58415 1426.2440185546875
-58405 1424.552978515625
-58395 1423.780029296875
-58385 1422.9539794921875
-58375 1422.364013671875
-58365 1420.93505859375
-58355 1419.93798828125
-58345 1419.2039794921875
-58335 1417.9720458984375
-58325 1416.9620361328125
-58315 1416.385986328125
-58305 1415.927001953125
-58295 1415.6910400390625
-58285 1416.425048828125
-58275 1416.0050048828125
-58265 1415.8609619140625
-58255 1415.717041015625
-58245 1414.864990234375
-58235 1412.780029296875
-58225 1412.3609619140625
-58215 1410.14501953125
-58205 1408.9659423828125
-58195 1411.4959716796875
-58185 1412.885009765625
-58175 1412.531005859375
-58165 1412.0860595703125
-58155 1410.6300048828125
-58145 1409.883056640625
-58135 1409.2020263671875
-58125 1410.7349853515625
-58115 1410.656982421875
-58105 1410.4339599609375
-58095 1409.2149658203125
-58085 1408.47998046875
-58075 1408.5460205078125
-58065 1409.280029296875
-58055 1408.7950439453125
-58045 1408.1529541015625
-58035 1407.824951171875
-58025 1407.824951171875
-58015 1407.655029296875
-58005 1407.3919677734375
-57995 1407.365966796875
-57985 1407.301025390625
-57975 1406.8160400390625
-57965 1406.3570556640625
-57955 1406.134033203125
-57945 1406.1080322265625
-57935 1405.844970703125
-57925 1405.635986328125
-57915 1405.7669677734375
-57905 1405.1639404296875
-57895 1404.967041015625
-57885 1404.4560546875
-57875 1403.9580078125
-57865 1403.8270263671875
-57855 1403.5780029296875
-57845 1403.7220458984375
-57835 1403.14501953125
-57825 1403.0009765625
-57815 1402.7120361328125
-57805 1402.39794921875
-57795 1402.0040283203125
-57785 1401.741943359375
-57775 1401.375
-57765 1401.0340576171875
-57755 1401.072998046875
-57745 1400.7060546875
-57735 1402.43701171875
-57725 1403.511962890625
-57715 1404.114990234375
-57705 1404.9539794921875
-57695 1406.1600341796875
-57685 1407.31396484375
-57675 1408.3759765625
-57665 1409.47705078125
-57655 1410.2110595703125
-57645 1411.1939697265625
-57635 1412.4000244140625
-57625 1413.3310546875
-57615 1413.7239990234375
-57605 1414.5770263671875
-57595 1415.06201171875
-57585 1415.822021484375
-57575 1416.9759521484375
-57565 1417.8800048828125
-57555 1418.364990234375
-57545 1419.375
-57535 1420.7640380859375
-57525 1420.3050537109375
-57515 1421.0660400390625
-57505 1422.0999755859375
-57495 1422.7779541015625
-57485 1424.0040283203125
-57475 1424.9129638671875
-57465 1425.447021484375
-57455 1426.2259521484375
-57445 1426.8470458984375
-57435 1428.303955078125
-57425 1428.7230224609375
-57415 1428.9100341796875
-57405 1429.053955078125
-57395 1429.2850341796875
-57385 1429.906005859375
-57375 1430.06396484375
-57365 1429.906005859375
-57355 1430.5260009765625
-57345 1430.323974609375
-57335 1430.1219482421875
-57325 1430.323974609375
-57315 1430.988037109375
-57305 1432.0989990234375
-57295 1432.60400390625
-57285 1432.93603515625
-57275 1432.7049560546875
-57265 1432.5030517578125
-57255 1431.7239990234375
-57245 1430.916015625
-57235 1431.824951171875
-57225 1432.199951171875
-57215 1432.0269775390625
-57205 1432.416015625
-57195 1432.4449462890625
-57185 1432.5169677734375
-57175 1432.8780517578125
-57165 1432.9210205078125
-57155 1433.7149658203125
-57145 1433.4549560546875
-57135 1432.949951171875
-57125 1432.3590087890625
-57115 1432.22900390625
-57105 1432.156982421875
-57095 1431.926025390625
-57085 1431.551025390625
-57075 1430.9449462890625
-57065 1430.1939697265625
-57055 1429.6319580078125
-57045 1429.0260009765625
-57035 1428.3179931640625
-57025 1427.9720458984375
-57015 1426.9329833984375
-57005 1426.0679931640625
-56995 1425.029052734375
-56985 1424.2349853515625
-56975 1423.4420166015625
-56965 1422.907958984375
-56955 1422.4320068359375
-56945 1422.5040283203125
-56935 1421.7969970703125
-56925 1421.4649658203125
-56915 1420.801025390625
-56905 1420.5269775390625
-56895 1420.8160400390625
-56885 1420.123046875
-56875 1420.2669677734375
-56865 1420.123046875
-56855 1420.656982421875
-56845 1419.1710205078125
-56835 1419.113037109375
-56825 1418.1610107421875
-56815 1417.237060546875
-56805 1416.2130126953125
-56795 1414.9859619140625
-56785 1414.4090576171875
-56775 1413.3270263671875
-56765 1413.197021484375
-56755 1412.6629638671875
-56745 1411.3499755859375
-56735 1410.7149658203125
-56725 1409.7919921875
-56715 1408.8680419921875
-56705 1407.426025390625
-56695 1407.093994140625
-56685 1406.501953125
-56675 1406.126953125
-56665 1405.448974609375
-56655 1405.0589599609375
-56645 1404.135986328125
-56635 1403.4139404296875
-56625 1403.1109619140625
-56615 1402.404052734375
-56605 1401.7259521484375
-56595 1400.7449951171875
-56585 1399.8790283203125
-56575 1398.9990234375
-56565 1398.2060546875
-56555 1397.426025390625
-56545 1396.633056640625
-56535 1396.113037109375
-56525 1395.738037109375
-56515 1396.64697265625
-56505 1397.7440185546875
-56495 1398.2060546875
-56485 1398.696044921875
-56475 1399.93701171875
-56465 1401.2640380859375
-56455 1402.4329833984375
-56445 1403.428955078125
-56435 1405.6939697265625
-56425 1407.72900390625
-56415 1408.363037109375
-56405 1409.9940185546875
-56395 1412.1290283203125
-56385 1414.43798828125
-56375 1415.9530029296875
-56365 1418.0450439453125
-56355 1419.4739990234375
-56345 1420.7139892578125
-56335 1422.762939453125
-56325 1424.134033203125
-56315 1425.5770263671875
-56305 1426.947998046875
-56295 1427.2220458984375
-56285 1427.7989501953125
-56275 1428.866943359375
-56265 1429.7760009765625
-56255 1431.1180419921875
-56245 1431.3919677734375
-56235 1433.39697265625
-56225 1434.10400390625
-56215 1434.43603515625
-56205 1434.0179443359375
-56195 1434.9410400390625
-56185 1434.5660400390625
-56175 1434.9119873046875
-56165 1432.7769775390625
-56155 1431.5360107421875
-56145 1430.7860107421875
-56135 1430.5260009765625
-56125 1432.4739990234375
-56115 1436.4849853515625
-56105 1440.4959716796875
-56095 1443.208984375
-56085 1445.5179443359375
-56075 1447.3070068359375
-56065 1447.6099853515625
-56055 1448.6490478515625
-56045 1450.510009765625
-56035 1453.3809814453125
-56025 1456.3809814453125
-56015 1457.7969970703125
-56005 1459.845947265625
-55995 1461.9949951171875
-55985 1463.7559814453125
-55975 1465.675048828125
-55965 1467.2330322265625
-55955 1469.68603515625
-55945 1470.927001953125
-55935 1469.123046875
-55925 1472.759033203125
-55915 1476.135986328125
-55905 1475.0970458984375
-55895 1469.699951171875
-55885 1479.9310302734375
-55875 1484.6629638671875
-55865 1487.2459716796875
-55855 1490.06005859375
-55845 1491.416015625
-55835 1492.2669677734375
-55825 1491.5169677734375
-55815 1494.2440185546875
-55805 1495.1390380859375
-55795 1498.45703125
-55785 1500.7080078125
-55775 1500.115966796875
-55765 1496.9420166015625
-55755 1502.81298828125
-55745 1506.10400390625
-55735 1507.114990234375
-55725 1506.884033203125
-55715 1502.916015625
-55705 1512.77099609375
-55695 1519.970947265625
-55685 1524.0250244140625
-55675 1525.0059814453125
-55665 1525.885986328125
-55655 1525.987060546875
-55645 1524.9339599609375
-55635 1523.9959716796875
-55625 1521.9759521484375
-55615 1521.3270263671875
-55605 1520.489990234375
-55595 1519.0469970703125
-55585 1516.4639892578125
-55575 1514.010986328125
-55565 1512.9000244140625
-55555 1512.72705078125
-55545 1507.446044921875
-55535 1510.0150146484375
-55525 1510.2889404296875
-55515 1510.6500244140625
-55505 1510.0439453125
-55495 1508.875
-55485 1506.552001953125
-55475 1505.4549560546875
-55465 1504.373046875
-55455 1503.1610107421875
-55445 1501.616943359375
-55435 1501.343017578125
-55425 1492.5989990234375
-55415 1486.7259521484375
-55405 1492.2239990234375
-55395 1494.3160400390625
-55385 1491.5169677734375
-55375 1489.2659912109375
-55365 1486.2650146484375
-55355 1483.52294921875
-55345 1481.2869873046875
-55335 1484.5050048828125
-55325 1483.4659423828125
-55315 1483.594970703125
-55305 1484.0570068359375
-55295 1485.8609619140625
-55285 1486.06298828125
-55275 1487.1590576171875
-55265 1487.9100341796875
-55255 1489.1650390625
-55245 1490.4639892578125
-55235 1491.386962890625
-55225 1491.906005859375
-55215 1492.511962890625
-55205 1492.885986328125
-55195 1493.14697265625
-55185 1493.3060302734375
-55175 1493.5660400390625
-55165 1493.7969970703125
-55155 1493.883056640625
-55145 1493.6090087890625
-55135 1492.989013671875
-55125 1492.6280517578125
-55115 1492.656982421875
-55105 1492.511962890625
-55095 1492.1949462890625
-55085 1491.64697265625
-55075 1491.2569580078125
-55065 1491.0260009765625
-55055 1490.5360107421875
-55045 1489.9150390625
-55035 1488.9339599609375
-55025 1488.2559814453125
-55015 1489.237060546875
-55005 1488.1280517578125
-54995 1487.280029296875
-54985 1487.2049560546875
-54975 1486.0889892578125
-54965 1485.175048828125
-54955 1484.0379638671875
-54945 1483.071044921875
-54935 1481.677978515625
-54925 1480.3489990234375
-54915 1478.97802734375
-54905 1477.3199462890625
-54895 1475.7039794921875
-54885 1474.343994140625
-54875 1472.4840087890625
-54865 1470.9739990234375
-54855 1469.4329833984375
-54845 1467.52001953125
-54835 1466.0849609375
-54825 1464.6920166015625
-54815 1463.447998046875
-54805 1462.1729736328125
-54795 1461.758056640625
-54785 1463.33203125
-54775 1464.363037109375
-54765 1465.416015625
-54755 1466.404052734375
-54745 1465.7230224609375
-54735 1464.6070556640625
-54725 1464.447998046875
-54715 1463.6719970703125
-54705 1463.0340576171875
-54695 1463.52197265625
-54685 1464.947021484375
-54675 1464.5970458984375
-54665 1466.6689453125
-54655 1469.614013671875
-54645 1472.5050048828125
-54635 1475.39599609375
-54625 1477.8299560546875
-54615 1479.1910400390625
-54605 1479.3179931640625
-54595 1478.489013671875
-54585 1477.7349853515625
-54575 1481.3380126953125
-54565 1483.72998046875
-54555 1484.0379638671875
-54545 1485.387939453125
-54535 1485.654052734375
-54525 1484.3360595703125
-54515 1477.989990234375
-54505 1470.9210205078125
-54495 1465.416015625
-54485 1463.6929931640625
-54475 1462.800048828125
-54465 1468.2960205078125
-54455 1480.541015625
-54445 1489.5970458984375
-54435 1495.8580322265625
-54425 1496.4429931640625
-54415 1494.2850341796875
-54405 1498.5899658203125
-54395 1506.4019775390625
-54385 1507.572021484375
-54375 1505.4239501953125
-54365 1509.3790283203125
-54355 1516.362060546875
-54345 1519.635986328125
-54335 1520.4859619140625
-54325 1519.0830078125
-54315 1513.1839599609375
-54305 1514.458984375
-54295 1529.574951171875
-54285 1530.8399658203125
-54275 1529.7869873046875
-54265 1533.3909912109375
-54255 1540.2030029296875
-54245 1543.7760009765625
-54235 1544.2330322265625
-54225 1541.7879638671875
-54215 1551.31201171875
-54205 1550.791015625
-54195 1547.9849853515625
-54185 1538.9820556640625
-54175 1533.3270263671875
-54165 1540.7139892578125
-54155 1548.31396484375
-54145 1556.64794921875
-54135 1565.6829833984375
-54125 1579.5439453125
-54115 1584.7960205078125
-54105 1586.5489501953125
-54095 1587.781982421875
-54085 1587.10205078125
-54075 1588.7919921875
-54065 1591.2259521484375
-54055 1593.2239990234375
-54045 1597.125
-54035 1599.14501953125
-54025 1600.5269775390625
-54015 1601.9189453125
-54005 1602.5570068359375
-53995 1603.41796875
-53985 1604.0880126953125
-53975 1607.594970703125
-53965 1609.178955078125
-53955 1610.06103515625
-53945 1611.9429931640625
-53935 1612.22998046875
-53925 1613.1650390625
-53915 1614.781005859375
-53905 1616.280029296875
-53895 1617.1300048828125
-53885 1617.512939453125
-53875 1619.5849609375
-53865 1620.06396484375
-53855 1621.1689453125
-53845 1621.989013671875
-53835 1622.157958984375
-53825 1622.614990234375
-53815 1623.2740478515625
-53805 1622.16796875
-53795 1622.2640380859375
-53785 1621.4560546875
-53775 1621.115966796875
-53765 1620.2869873046875
-53755 1618.52197265625
-53745 1616.5989990234375
-53735 1615.0999755859375
-53725 1614.5050048828125
-53715 1614.365966796875
-53705 1614.5789794921875
-53695 1614.0369873046875
-53685 1610.625
-53675 1610.008056640625
-53665 1605.7779541015625
-53655 1603.322021484375
-53645 1601.4090576171875
-53635 1599.760986328125
-53625 1598.06103515625
-53615 1596.998046875
-53605 1596.8060302734375
-53595 1596.498046875
-53585 1594.1700439453125
-53575 1588.9300537109375
-53565 1583.2430419921875
-53555 1579.2249755859375
-53545 1576.6739501953125
-53535 1575.6109619140625
-53525 1575.5999755859375
-53515 1574.697021484375
-53505 1574.9410400390625
-53495 1574.823974609375
-53485 1571.60400390625
-53475 1568.3719482421875
-53465 1565.6300048828125
-53455 1564.737060546875
-53445 1563.333984375
-53435 1560.5379638671875
-53425 1557.530029296875
-53415 1555.925048828125
-53405 1553.6080322265625
-53395 1551.322998046875
-53385 1548.14404296875
-53375 1545.5400390625
-53365 1544.4560546875
-53355 1542.2030029296875
-53345 1539.2159423828125
-53335 1536.281982421875
-53325 1532.66796875
-53315 1530.3079833984375
-53305 1526.0350341796875
-53295 1520.8900146484375
-53285 1514.458984375
-53275 1507.9969482421875
-53265 1500.843017578125
-53255 1493.7850341796875
-53245 1487.0889892578125
-53235 1480.3809814453125
-53225 1473.2919921875
-53215 1465.8719482421875
-53205 1458.0059814453125
-53195 1449.85302734375
-53185 1441.9449462890625
-53175 1431.3790283203125
-53165 1422.9930419921875
-53155 1417.16796875
-53145 1413.531982421875
-53135 1411.0460205078125
-53125 1407.887939453125
-53115 1407.6650390625
-53105 1405.613037109375
-53095 1401.510009765625
-53085 1403.8489990234375
-53075 1408.2919921875
-53065 1416.551025390625
-53055 1422.6839599609375
-53045 1428.93505859375
-53035 1430.125
-53025 1427.3079833984375
-53015 1431.10302734375
-53005 1431.3690185546875
-52995 1433.5479736328125
-52985 1439.6700439453125
-52975 1439.89501953125
-52965 1434.0260009765625
-52955 1429.10498046875
-52945 1420.0699462890625
-52935 1420.260986328125
-52925 1425.8089599609375
-52915 1438.93701171875
-52905 1447.0369873046875
-52895 1453.967041015625
-52885 1461.238037109375
-52875 1467.18994140625
-52865 1472.81298828125
-52855 1476.0550537109375
-52845 1479.0419921875
-52835 1480.7430419921875
-52825 1481.508056640625
-52815 1484.366943359375
-52805 1490.2669677734375
-52795 1494.9539794921875
-52785 1498.25
-52775 1500.875
-52765 1503.7130126953125
-52755 1506.041015625
-52745 1508.1669921875
-52735 1511.376953125
-52725 1511.4420166015625
-52715 1504.2020263671875
-52705 1502.2569580078125
-52695 1506.7969970703125
-52685 1507.2850341796875
-52675 1498.9620361328125
-52665 1489.7030029296875
-52655 1477.9580078125
-52645 1480.10498046875
-52635 1476.458984375
-52625 1474.5780029296875
-52615 1472.0579833984375
-52605 1478.7969970703125
-52595 1488.491943359375
-52585 1498.802001953125
-52575 1506.2540283203125
-52565 1513.843017578125
-52555 1524.9720458984375
-52545 1535.239990234375
-52535 1543.0849609375
-52525 1554.06494140625
-52515 1568.2979736328125
-52505 1574.6500244140625
-52495 1580.6719970703125
-52485 1587.0570068359375
-52475 1593.06201171875
-52465 1600.51904296875
-52455 1609.0389404296875
-52445 1611.9110107421875
-52435 1613.7320556640625
-52425 1623.281005859375
-52415 1630.0450439453125
-52405 1636.60205078125
-52395 1642.8349609375
-52385 1649.6629638671875
-52375 1656.4169921875
-52365 1662.0419921875
-52355 1667.06103515625
-52345 1673.0970458984375
-52335 1678.39794921875
-52325 1684.27197265625
-52315 1689.6600341796875
-52305 1694.98095703125
-52295 1700.011962890625
-52285 1704.1639404296875
-52275 1709.8740234375
-52265 1714.4169921875
-52255 1719.0350341796875
-52245 1723.9449462890625
-52235 1728.4000244140625
-52225 1733.0059814453125
-52215 1737.98095703125
-52205 1742.489990234375
-52195 1747.1729736328125
-52185 1750.8909912109375
-52175 1754.489013671875
-52165 1757.2640380859375
-52155 1760.8189697265625
-52145 1764.115966796875
-52135 1766.8349609375
-52125 1768.4820556640625
-52115 1770.47705078125
-52105 1772.8089599609375
-52095 1774.3680419921875
-52085 1775.7340087890625
-52075 1777.3809814453125
-52065 1779.1590576171875
-52055 1781.2509765625
-52045 1782.9859619140625
-52035 1784.5260009765625
-52025 1785.717041015625
-52015 1787.083984375
-52005 1788.47998046875
-51995 1790.301025390625
-51985 1792.5780029296875
-51975 1794.031005859375
-51965 1796.93603515625
-51955 1800.5780029296875
-51945 1804.2640380859375
-51935 1804.0030517578125
-51925 1805.9859619140625
-51915 1810.5389404296875
-51905 1812.9329833984375
-51895 1815.10302734375
-51885 1816.9649658203125
-51875 1817.9420166015625
-51865 1819.6639404296875
-51855 1822.0400390625
-51845 1823.8499755859375
-51835 1822.7550048828125
-51825 1817.366943359375
-51815 1814.7340087890625
-51805 1814.4830322265625
-51795 1815.7960205078125
-51785 1817.4320068359375
-51775 1817.6710205078125
-51765 1815.677001953125
-51755 1816.218994140625
-51745 1817.552001953125
-51735 1818.875
-51725 1818.178955078125
-51715 1817.56298828125
-51705 1817.9840087890625
-51695 1817.758056640625
-51685 1817.4649658203125
-51675 1816.3489990234375
-51665 1817.595947265625
-51655 1816.3060302734375
-51645 1817.8330078125
-51635 1818.0179443359375
-51625 1817.4420166015625
-51615 1813.9539794921875
-51605 1811.2320556640625
-51595 1811.383056640625
-51585 1809.47705078125
-51575 1810.2569580078125
-51565 1813.6600341796875
-51555 1812.0999755859375
-51545 1813.073974609375
-51535 1811.512939453125
-51525 1811.8389892578125
-51515 1814.6259765625
-51505 1814.56103515625
-51495 1811.18798828125
-51485 1811.39599609375
-51475 1810.4739990234375
-51465 1809.345947265625
-51455 1806.10595703125
-51445 1807.656005859375
-51435 1808.1219482421875
-51425 1806.1810302734375
-51415 1805.22802734375
-51405 1803.1800537109375
-51395 1803.4930419921875
-51385 1802.3780517578125
-51375 1800.1009521484375
-51365 1797.9649658203125
-51355 1795.2349853515625
-51345 1792.5889892578125
-51335 1790.7130126953125
-51325 1788.925048828125
-51315 1786.8759765625
-51305 1785.3280029296875
-51295 1784.241943359375
-51285 1782.1090087890625
-51275 1778.9429931640625
-51265 1772.3089599609375
-51255 1765.8160400390625
-51245 1758.489013671875
-51235 1749.2969970703125
-51225 1743.3470458984375
-51215 1748.85302734375
-51205 1752.906982421875
-51195 1756.906005859375
-51185 1760.2139892578125
-51175 1764.0379638671875
-51165 1768.16796875
-51155 1772.385009765625
-51145 1772.698974609375
-51135 1771.5389404296875
-51125 1771.137939453125
-51115 1769.3499755859375
-51105 1767.843017578125
-51095 1766.22802734375
-51085 1764.657958984375
-51075 1762.6939697265625
-51065 1761.2740478515625
-51055 1758.6510009765625
-51045 1755.7249755859375
-51035 1753.5350341796875
-51025 1751.7139892578125
-51015 1749.4820556640625
-51005 1746.9560546875
-50995 1744.593017578125
-50985 1741.656005859375
-50975 1738.3170166015625
-50965 1735.3470458984375
-50955 1731.8360595703125
-50945 1728.9849853515625
-50935 1724.02099609375
-50925 1719.3060302734375
-50915 1715.0999755859375
-50905 1710.125
-50895 1704.9659423828125
-50885 1699.3599853515625
-50875 1693.27001953125
-50865 1687.3070068359375
-50855 1680.383056640625
-50845 1670.6929931640625
-50835 1667.8399658203125
-50825 1661.239990234375
-50815 1655.592041015625
-50805 1649.5880126953125
-50795 1644.0379638671875
-50785 1638.25
-50775 1633.97900390625
-50765 1626.43701171875
-50755 1620.093994140625
-50745 1613.7860107421875
-50735 1608.1719970703125
-50725 1601.9720458984375
-50715 1596.3349609375
-50705 1589.6910400390625
-50695 1587.2960205078125
-50685 1582.125
-50675 1577.7569580078125
-50665 1574.342041015625
-50655 1569.9310302734375
-50645 1563.8719482421875
-50635 1556.9560546875
-50625 1547.625
-50615 1538.1949462890625
-50605 1529.1319580078125
-50595 1519.541015625
-50585 1518.4439697265625
-50575 1513.123046875
-50565 1509.7950439453125
-50555 1506.8470458984375
-50545 1501.373046875
-50535 1495.9429931640625
-50525 1488.864990234375
-50515 1481.677978515625
-50505 1474.904052734375
-50495 1464.4329833984375
-50485 1452.4019775390625
-50475 1442.4300537109375
-50465 1433.22705078125
-50455 1424.75
-50445 1417.0760498046875
-50435 1409.2509765625
-50425 1397.97802734375
-50415 1390.3690185546875
-50405 1391.9949951171875
-50395 1400.14599609375
-50385 1412.2099609375
-50375 1421.7049560546875
-50365 1418.7349853515625
-50355 1420.70703125
-50345 1421.04296875
-50335 1423.93798828125
-50325 1427.5140380859375
-50315 1430.843017578125
-50305 1434.4849853515625
-50295 1440.1219482421875
-50285 1447.176025390625
-50275 1454.08203125
-50265 1462.5689697265625
-50255 1469.625
-50245 1478.7840576171875
-50235 1487.06494140625
-50225 1496.137939453125
-50215 1502.97705078125
-50205 1511.322998046875
-50195 1519.7340087890625
-50185 1528.7099609375
-50175 1536.916015625
-50165 1545.6839599609375
-50155 1553.7149658203125
-50145 1558.7769775390625
-50135 1562.9940185546875
-50125 1566.60205078125
-50115 1570.864013671875
-50105 1572.9549560546875
-50095 1576.3590087890625
-50085 1580.5860595703125
-50075 1583.72900390625
-50065 1586.905029296875
-50055 1589.9510498046875
-50045 1593.1590576171875
-50035 1597.300048828125
-50025 1601.06103515625
-50015 1604.9200439453125
-50005 1607.9610595703125
-49995 1611.3260498046875
-49985 1615.33203125
-49975 1618.2879638671875
-49965 1621.927001953125
-49955 1624.862060546875
-49945 1627.3060302734375
-49935 1629.83203125
-49925 1633.52294921875
-49915 1635.3790283203125
-49905 1637.89501953125
-49895 1639.8349609375
-49885 1640.9150390625
-49875 1641.470947265625
-49865 1643.2220458984375
-49855 1644.8050537109375
-49845 1645.4129638671875
-49835 1646.3780517578125
-49825 1647.625
-49815 1647.93994140625
-49805 1648.1180419921875
-49795 1647.9930419921875
-49785 1645.885009765625
-49775 1643.6519775390625
-49765 1641.9010009765625
-49755 1639.39501953125
-49745 1634.3409423828125
-49735 1629.8740234375
-49725 1622.198974609375
-49715 1614.5980224609375
-49705 1605.885009765625
-49695 1594.0989990234375
-49685 1584.7779541015625
-49675 1585.239990234375
-49665 1595.3260498046875
-49655 1604.1650390625
-49645 1612.9310302734375
-49635 1620.762939453125
-49625 1626.864990234375
-49615 1631.342041015625
-49605 1636.406005859375
-49595 1640.6839599609375
-49585 1643.7669677734375
-49575 1645.4239501953125
-49565 1647.656982421875
-49555 1648.7469482421875
-49545 1651.02294921875
-49535 1652.427978515625
-49525 1652.636962890625
-49515 1653.68603515625
-49505 1655.552001953125
-49495 1657.093994140625
-49485 1658.0269775390625
-49475 1659.8509521484375
-49465 1661.4239501953125
-49455 1663.259033203125
-49445 1664.863037109375
-49435 1664.926025390625
-49425 1665.449951171875
-49415 1665.114990234375
-49405 1664.884033203125
-49395 1664.989013671875
-49385 1664.9150390625
-49375 1664.3070068359375
-49365 1664.4749755859375
-49355 1664.3389892578125
-49345 1664.800048828125
-49335 1664.1600341796875
-49325 1663.7099609375
-49315 1664.968017578125
-49305 1667.2640380859375
-49295 1668.7840576171875
-49285 1669.3399658203125
-49275 1669.958984375
-49265 1670.10498046875
-49255 1670.6090087890625
-49245 1671.06005859375
-49235 1671.385009765625
-49225 1671.77294921875
-49215 1671.4580078125
-49205 1672.1610107421875
-49195 1673.5030517578125
-49185 1674.625
-49175 1675.5469970703125
-49165 1676.427978515625
-49155 1676.8890380859375
-49145 1677.56005859375
-49135 1677.70703125
-49125 1677.958984375
-49115 1678.27294921875
-49105 1678.7979736328125
-49095 1679.8360595703125
-49085 1680.916015625
-49075 1680.916015625
-49065 1678.9649658203125
-49055 1680.4439697265625
-49045 1680.2659912109375
-49035 1678.3260498046875
-49025 1675.4320068359375
-49015 1676.375
-49005 1677.906005859375
-48995 1675.4000244140625
-48985 1676.10302734375
-48975 1676.7530517578125
-48965 1678.27294921875
-48955 1679.468994140625
-48945 1679.301025390625
-48935 1678.5560302734375
-48925 1678.3050537109375
-48915 1677.4759521484375
-48905 1677.0889892578125
-48895 1677.0780029296875
-48885 1676.43798828125
-48875 1676.4169921875
-48865 1676.9420166015625
-48855 1676.64794921875
-48845 1676.56396484375
-48835 1676.155029296875
-48825 1675.93505859375
-48815 1675.1590576171875
-48805 1674.6669921875
-48795 1673.9639892578125
-48785 1673.7020263671875
-48775 1672.863037109375
-48765 1672.1710205078125
-48755 1671.489990234375
-48745 1670.178955078125
-48735 1669.3709716796875
-48725 1668.8050537109375
-48715 1668.68994140625
-48705 1668.01904296875
-48695 1667.4420166015625
-48685 1666.81298828125
-48675 1665.6490478515625
-48665 1662.8289794921875
-48655 1657.6070556640625
-48645 1654.5350341796875
-48635 1654.5880126953125
-48625 1655.572998046875
-48615 1655.782958984375
-48605 1654.4930419921875
-48595 1652.8370361328125
-48585 1649.7540283203125
-48575 1647.1429443359375
-48565 1644.7740478515625
-48555 1642.990966796875
-48545 1641.7750244140625
-48535 1636.22802734375
-48525 1629.70703125
-48515 1623.64599609375
-48505 1619.6929931640625
-48495 1612.8780517578125
-48485 1606.010009765625
-48475 1612.64697265625
-48465 1618.64501953125
-48455 1623.93994140625
-48445 1628.81494140625
-48435 1634.990966796875
-48425 1639.1639404296875
-48415 1639.416015625
-48405 1640.842041015625
-48395 1639.866943359375
-48385 1638.16796875
-48375 1636.68994140625
-48365 1635.2850341796875
-48355 1633.197998046875
-48345 1631.447021484375
-48335 1629.68603515625
-48325 1628.8890380859375
-48315 1627.4940185546875
-48305 1625.3759765625
-48295 1623.677978515625
-48285 1621.2559814453125
-48275 1618.0159912109375
-48265 1616.81005859375
-48255 1613.89501953125
-48245 1610.3719482421875
-48235 1608.4639892578125
-48225 1605.885009765625
-48215 1603.7139892578125
-48205 1601.5860595703125
-48195 1598.4610595703125
-48185 1595.8289794921875
-48175 1593.093017578125
-48165 1589.89501953125
-48155 1587.178955078125
-48145 1583.760986328125
-48135 1581.0660400390625
-48125 1578.508056640625
-48115 1574.282958984375
-48105 1570.906005859375
-48095 1565.4959716796875
-48085 1562.97998046875
-48075 1557.842041015625
-48065 1552.6519775390625
-48055 1547.7449951171875
-48045 1542.1829833984375
-48035 1539.3780517578125
-48025 1533.968017578125
-48015 1526.333984375
-48005 1519.572021484375
-47995 1513.6739501953125
-47985 1505.5579833984375
-47975 1498.7750244140625
-47965 1493.280029296875
-47955 1487.4189453125
-47945 1482.156005859375
-47935 1477.008056640625
-47925 1473.0970458984375
-47915 1469.8360595703125
-47905 1467.1519775390625
-47895 1465.0340576171875
-47885 1460.5780029296875
-47875 1454.5799560546875
-47865 1450.490966796875
-47855 1446.0660400390625
-47845 1443.4659423828125
-47835 1442.47998046875
-47825 1439.8699951171875
-47815 1436.220947265625
-47805 1433.5360107421875
-47795 1431.7330322265625
-47785 1428.7869873046875
-47775 1425.8819580078125
-47765 1421.72998046875
-47755 1418.43798828125
-47745 1415.491943359375
-47735 1410.7110595703125
-47725 1407.9739990234375
-47715 1403.2869873046875
-47705 1397.9610595703125
-47695 1390.0870361328125
-47685 1387.696044921875
-47675 1385.011962890625
-47665 1380.5350341796875
-47655 1373.708984375
-47645 1369.7449951171875
-47635 1364.093994140625
-47625 1359.56494140625
-47615 1357.6669921875
-47605 1354.583984375
-47595 1351.8370361328125
-47585 1346.9620361328125
-47575 1341.677001953125
-47565 1337.157958984375
-47555 1333.1739501953125
-47545 1329.06298828125
-47535 1324.7120361328125
-47525 1319.8370361328125
-47515 1315.947021484375
-47505 1313.2919921875
-47495 1309.9119873046875
-47485 1304.927001953125
-47475 1298.8170166015625
-47465 1293.7509765625
-47455 1288.291015625
-47445 1280.6309814453125
-47435 1274.8599853515625
-47425 1268.3780517578125
-47415 1261.7060546875
-47405 1253.3680419921875
-47395 1251.1669921875
-47385 1250.739990234375
-47375 1248.6610107421875
-47365 1248.8780517578125
-47355 1249.68994140625
-47345 1248.0780029296875
-47335 1251.3289794921875
-47325 1252.3179931640625
-47315 1254.6820068359375
-47305 1256.8900146484375
-47295 1259.5999755859375
-47285 1269.008056640625
-47275 1279.1409912109375
-47265 1288.176025390625
-47255 1293.3709716796875
-47245 1297.7469482421875
-47235 1302.27099609375
-47225 1308.5159912109375
-47215 1316.197021484375
-47205 1323.0989990234375
-47195 1327.2509765625
-47185 1330.197998046875
-47175 1333.95703125
-47165 1339.301025390625
-47155 1346.43994140625
-47145 1352.2860107421875
-47135 1357.6910400390625
-47125 1353.5789794921875
-47115 1359.81103515625
-47105 1370.18701171875
-47095 1376.3580322265625
-47085 1381.376953125
-47075 1386.2869873046875
-47065 1390.6490478515625
-47055 1395.3499755859375
-47045 1398.3780517578125
-47035 1402.3599853515625
-47025 1406.3699951171875
-47015 1411.8909912109375
-47005 1416.5780029296875
-46995 1419.97802734375
-46985 1422.0780029296875
-46975 1426.31103515625
-46965 1432.5760498046875
-46955 1436.20703125
-46945 1440.02001953125
-46935 1443.718017578125
-46925 1448.0870361328125
-46915 1451.845947265625
-46905 1455.72705078125
-46895 1458.5179443359375
-46885 1461.1390380859375
-46875 1464.675048828125
-46865 1467.2349853515625
-46855 1469.9990234375
-46845 1472.20703125
-46835 1474.5570068359375
-46825 1476.906982421875
-46815 1479.2099609375
-46805 1481.3509521484375
-46795 1483.3489990234375
-46785 1485.2049560546875
-46775 1488.2869873046875
-46765 1488.801025390625
-46755 1490.636962890625
-46745 1493.489013671875
-46735 1495.14794921875
-46725 1496.2449951171875
-46715 1498.5679931640625
-46705 1500.39697265625
-46695 1501.8260498046875
