-72995 2132.719970703125
-72985 2133.15087890625
-72975 2132.553955078125
-72965 2131.989990234375
-72955 2130.382080078125
-72945 2133.034912109375
-72935 2133.447998046875
-72925 2138.222900390625
-72915 2144.257080078125
-72905 2147.803955078125
-72895 2151.18603515625
-72885 2155.08203125
-72875 2159.4580078125
-72865 2162.52392578125
-72855 2166.535888671875
-72845 2168.3759765625
-72835 2168.989990234375
-72825 2169.18798828125
-72815 2168.676025390625
-72805 2167.712890625
-72795 2168.177001953125
-72785 2170.06689453125
-72775 2170.10009765625
-72765 2171.906982421875
-72755 2174.343994140625
-72745 2176.033935546875
-72735 2178.951904296875
-72725 2179.73095703125
-72715 2179.448974609375
-72705 2181.239990234375
-72695 2185.799072265625
-72685 2189.14697265625
-72675 2194.48388671875
-72665 2199.555908203125
-72655 2202.541015625
-72645 2208.242919921875
-72635 2215.221923828125
-72625 2220.2109375
-72615 2225.39892578125
-72605 2229.79296875
-72595 2235.114013671875
-72585 2241.280029296875
-72575 2247.181884765625
-72565 2253.0830078125
-72555 2258.4541015625
-72545 2264.123046875
-72535 2270.256103515625
-72525 2275.677001953125
-72515 2282.506103515625
-72505 2289.924072265625
-72495 2297.0869140625
-72485 2303.4609375
-72475 2309.783935546875
-72465 2316.429931640625
-72455 2322.922119140625
-72445 2328.60107421875
-72435 2334.5849609375
-72425 2340.97705078125
-72415 2347.656005859375
-72405 2353.096923828125
-72395 2358.9140625
-72385 2364.9150390625
-72375 2370.541015625
-72365 2376.575927734375
-72355 2381.73095703125
-72345 2384.544921875
-72335 2386.037109375
-72325 2386.93603515625
-72315 2387.596923828125
-72305 2387.427001953125
-72295 2387.0029296875
-72285 2386.6650390625
-72275 2386.596923828125
-72265 2386.596923828125
-72255 2386.81494140625
-72245 2386.81494140625
-72235 2386.39306640625
-72225 2386.614013671875
-72215 2386.56298828125
-72205 2386.0859375
-72195 2385.6298828125
-72185 2384.833984375
-72175 2383.866943359375
-72165 2383.76611328125
-72155 2384.3759765625
-72145 2384.053955078125
-72135 2384.340087890625
-72125 2384.4951171875
-72115 2384.322998046875
-72105 2384.1220703125
-72095 2382.12109375
-72085 2377.219970703125
-72075 2373.10302734375
-72065 2368.794921875
-72055 2364.575927734375
-72045 2361.388916015625
-72035 2359.06396484375
-72025 2358.826904296875
-72015 2361.3359375
-72005 2363.69189453125
-71995 2365.52294921875
-71985 2366.591064453125
-71975 2366.81298828125
-71965 2369.238037109375
-71955 2373.54296875
-71945 2375.6630859375
-71935 2377.135009765625
-71925 2376.407958984375
-71915 2374.81494140625
-71905 2371.781005859375
-71895 2368.916015625
-71885 2367.153076171875
-71875 2366.2880859375
-71865 2364.593017578125
-71855 2362.3720703125
-71845 2359.43798828125
-71835 2356.283935546875
-71825 2354.320068359375
-71815 2349.571044921875
-71805 2340.14599609375
-71795 2336.77197265625
-71785 2334.97509765625
-71775 2335.822998046875
-71765 2333.384033203125
-71755 2332.551025390625
-71745 2330.466064453125
-71735 2327.56689453125
-71725 2324.111083984375
-71715 2309.547119140625
-71705 2304.529052734375
-71695 2299.85107421875
-71685 2294.426025390625
-71675 2288.136962890625
-71665 2283.847900390625
-71655 2280.06689453125
-71645 2275.947998046875
-71635 2271.35400390625
-71625 2261.35205078125
-71615 2257.52099609375
-71605 2256.096923828125
-71595 2255.673095703125
-71585 2254.927001953125
-71575 2251.095947265625
-71565 2251.215087890625
-71555 2253.70703125
-71545 2255.131103515625
-71535 2256.656005859375
-71525 2257.283935546875
-71515 2256.843017578125
-71505 2256.282958984375
-71495 2256.77490234375
-71485 2256.216064453125
-71475 2256.23291015625
-71465 2257.14794921875
-71455 2260.385986328125
-71445 2265.675048828125
-71435 2271.235107421875
-71425 2284.762939453125
-71415 2294.81591796875
-71405 2296.426025390625
-71395 2304.681884765625
-71385 2313.14306640625
-71375 2321.14306640625
-71365 2328.39794921875
-71355 2336.31494140625
-71345 2343.5869140625
-71335 2348.319091796875
-71325 2351.589111328125
-71315 2356.845947265625
-71305 2361.590087890625
-71295 2366.81298828125
-71285 2372.18701171875
-71275 2377.375
-71265 2382.02001953125
-71255 2385.93603515625
-71245 2389.239013671875
-71235 2384.138916015625
-71225 2376.135009765625
-71215 2371.034912109375
-71205 2363.048095703125
-71195 2353.43603515625
-71185 2342.722900390625
-71175 2332.533935546875
-71165 2323.616943359375
-71155 2314.971923828125
-71145 2306.64794921875
-71135 2297.239990234375
-71125 2288.81494140625
-71115 2280.846923828125
-71105 2272.947998046875
-71095 2265.97998046875
-71085 2258.589111328125
-71075 2251.89306640625
-71065 2244.739013671875
-71055 2236.97509765625
-71045 2230.737060546875
-71035 2223.85400390625
-71025 2217.85302734375
-71015 2211.6650390625
-71005 2206.444091796875
-70995 2202.037109375
-70985 2197.799072265625
-70975 2192.696044921875
-70965 2187.3369140625
-70955 2182.846923828125
-70945 2179.387939453125
-70935 2178.012939453125
-70925 2177.7080078125
-70915 2177.18505859375
-70905 2174.014892578125
-70895 2167.319091796875
-70885 2162.028076171875
-70875 2159.33203125
-70865 2156.383056640625
-70855 2152.635986328125
-70845 2148.02490234375
-70835 2144.31298828125
-70825 2141.514892578125
-70815 2139.056884765625
-70805 2136.157958984375
-70795 2132.361083984375
-70785 2126.376953125
-70775 2121.697998046875
-70765 2116.035888671875
-70755 2110.35693359375
-70745 2104.491943359375
-70735 2098.35498046875
-70725 2093.863037109375
-70715 2091.778076171875
-70705 2091.405029296875
-70695 2090.929931640625
-70685 2090.573974609375
-70675 2088.52294921875
-70665 2087.43798828125
-70655 2086.590087890625
-70645 2085.777099609375
-70635 2084.8779296875
-70625 2085.217041015625
-70615 2086.72607421875
-70605 2087.69189453125
-70595 2088.693115234375
-70585 2088.9130859375
-70575 2087.60791015625
-70565 2086.64111328125
-70555 2086.89599609375
-70545 2087.031005859375
-70535 2089.471923828125
-70525 2091.35400390625
-70515 2092.625
-70505 2093.930908203125
-70495 2095.16796875
-70485 2093.778076171875
-70475 2093.014892578125
-70465 2092.16796875
-70455 2092.81201171875
-70445 2093.06591796875
-70435 2093.845947265625
-70425 2094.2529296875
-70415 2094.52392578125
-70405 2095.507080078125
-70395 2096.9140625
-70385 2101.406982421875
-70375 2099.322021484375
-70365 2100.677978515625
-70355 2100.7958984375
-70345 2102.575927734375
-70335 2104.660888671875
-70325 2107.593994140625
-70315 2112.714111328125
-70305 2116.90087890625
-70295 2120.986083984375
-70285 2130.428955078125
-70275 2139.464111328125
-70265 2146.010009765625
-70255 2150.1630859375
-70245 2145.990966796875
-70235 2155.22998046875
-70225 2157.077880859375
-70215 2160.383056640625
-70205 2166.791015625
-70195 2174.554931640625
-70185 2182.5419921875
-70175 2191.118896484375
-70165 2204.20703125
-70155 2216.361083984375
-70145 2224.22705078125
-70135 2232.346923828125
-70125 2228.10888671875
-70115 2226.787109375
-70105 2228.97412109375
-70095 2235.48291015625
-70085 2240.89111328125
-70075 2246.12890625
-70065 2247.85791015625
-70055 2244.4169921875
-70045 2228.532958984375
-70035 2220.85400390625
-70025 2210.375
-70015 2193.6279296875
-70005 2183.093994140625
-69995 2169.239013671875
-69985 2160.93408203125
-69975 2150.69189453125
-69965 2140.43505859375
-69955 2127.405029296875
-69945 2113.27490234375
-69935 2102.52197265625
-69925 2086.919921875
-69915 2079.343017578125
-69905 2072.866943359375
-69895 2067.64501953125
-69885 2061.3701171875
-69875 2054.304931640625
-69865 2046.8370361328125
-69855 2040.08203125
-69845 2033.572021484375
-69835 2026.6949462890625
-69825 2020.156005859375
-69815 2013.758056640625
-69805 2006.5660400390625
-69795 1999.51904296875
-69785 1992.60595703125
-69775 1986.0389404296875
-69765 1979.1729736328125
-69755 1972.4019775390625
-69745 1965.9720458984375
-69735 1959.6219482421875
-69725 1953.4219970703125
-69715 1948.9749755859375
-69705 1941.739990234375
-69695 1935.41796875
-69685 1928.7559814453125
-69675 1922.387939453125
-69665 1916.31396484375
-69655 1910.364990234375
-69645 1904.864013671875
-69635 1899.177978515625
-69625 1893.802001953125
-69615 1888.7969970703125
-69605 1883.56005859375
-69595 1879.0980224609375
-69585 1875.6429443359375
-69575 1871.8160400390625
-69565 1869.135986328125
-69555 1868.237060546875
-69545 1868.237060546875
-69535 1868.6090087890625
-69525 1870.4530029296875
-69515 1873.3189697265625
-69505 1875.8289794921875
-69495 1879.238037109375
-69485 1882.8480224609375
-69475 1887.093017578125
-69465 1891.416015625
-69455 1897.4739990234375
-69445 1905.0040283203125
-69435 1913.092041015625
-69425 1921.0870361328125
-69415 1929.0040283203125
-69405 1935.883056640625
-69395 1943.93994140625
-69385 1958.2740478515625
-69375 1966.3599853515625
-69365 1975.5159912109375
-69355 1982.3360595703125
-69345 1989.6619873046875
-69335 2000.04296875
-69325 2010.968994140625
-69315 2020.4510498046875
-69305 2026.2919921875
-69295 2032.1619873046875
-69285 2035.60400390625
-69275 2039.1829833984375
-69265 2043.39697265625
-69255 2044.1099853515625
-69245 2049.905029296875
-69235 2052.260009765625
-69225 2051.701904296875
-69215 2052.926025390625
-69205 2054.39794921875
-69195 2056.56689453125
-69185 2060.905029296875
-69175 2062.764892578125
-69165 2060.6259765625
-69155 2060.93603515625
-69145 2064.034912109375
-69135 2069.64404296875
-69125 2074.215087890625
-69115 2078.7080078125
-69105 2085.447998046875
-69095 2091.69189453125
-69085 2098.447021484375
-69075 2112.2060546875
-69065 2114.637939453125
-69055 2126.506103515625
-69045 2130.364990234375
-69035 2139.382080078125
-69025 2147.85693359375
-69015 2154.922119140625
-69005 2159.802978515625
-68995 2165.195068359375
-68985 2169.702880859375
-68975 2173.31298828125
-68965 2172.011962890625
-68955 2176.659912109375
-68945 2184.903076171875
-68935 2192.4951171875
-68925 2199.947021484375
-68915 2201.97705078125
-68905 2194.029052734375
-68895 2187.800048828125
-68885 2180.22412109375
-68875 2171.701904296875
-68865 2163.47509765625
-68855 2153.9150390625
-68845 2147.376953125
-68835 2141.7060546875
-68825 2136.051025390625
-68815 2129.06298828125
-68805 2124.553955078125
-68795 2120.696044921875
-68785 2118.572998046875
-68775 2115.846923828125
-68765 2114.35888671875
-68755 2112.576904296875
-68745 2111.35400390625
-68735 2110.097900390625
-68725 2107.35595703125
-68715 2104.56689453125
-68705 2101.126953125
-68695 2098.47802734375
-68685 2100.553955078125
-68675 2104.924072265625
-68665 2107.18603515625
-68655 2108.471923828125
-68645 2110.14501953125
-68635 2111.260009765625
-68625 2109.29296875
-68615 2106.1630859375
-68605 2106.14697265625
-68595 2105.43505859375
-68585 2105.373046875
-68575 2103.947021484375
-68565 2104.969970703125
-68555 2108.301025390625
-68545 2110.362060546875
-68535 2111.972900390625
-68525 2109.64892578125
-68515 2110.114013671875
-68505 2109.555908203125
-68495 2107.697021484375
-68485 2108.532958984375
-68475 2111.802978515625
-68465 2114.9169921875
-68455 2118.49609375
-68445 2121.7958984375
-68435 2126.087890625
-68425 2129.884033203125
-68415 2135.135986328125
-68405 2139.241943359375
-68395 2143.2548828125
-68385 2148.27490234375
-68375 2155.386962890625
-68365 2163.862060546875
-68355 2171.68701171875
-68345 2177.9619140625
-68335 2182.362060546875
-68325 2183.385009765625
-68315 2190.715087890625
-68305 2195.873046875
-68295 2200.22607421875
-68285 2200.800048828125
-68275 2203.4951171875
-68265 2203.77392578125
-68255 2206.593994140625
-68245 2208.905029296875
-68235 2215.64306640625
-68225 2209.39892578125
-68215 2200.89306640625
-68205 2195.547119140625
-68195 2191.426025390625
-68185 2186.157958984375
-68175 2182.376953125
-68165 2183.94189453125
-68155 2177.54296875
-68145 2170.16796875
-68135 2164.125
-68125 2158.73388671875
-68115 2153.868896484375
-68105 2148.260009765625
-68095 2143.053955078125
-68085 2137.739990234375
-68075 2134.19091796875
-68065 2127.90087890625
-68055 2122.1220703125
-68045 2116.264892578125
-68035 2110.73388671875
-68025 2107.97607421875
-68015 2102.863037109375
-68005 2097.346923828125
-67995 2092.60595703125
-67985 2086.672119140625
-67975 2081.68310546875
-67965 2077.762939453125
-67955 2073.33203125
-67945 2069.412109375
-67935 2064.344970703125
-67925 2060.31689453125
-67915 2053.97998046875
-67905 2046.85205078125
-67895 2040.31396484375
-67885 2035.9759521484375
-67875 2032.2239990234375
-67865 2027.8409423828125
-67855 2022.6669921875
-67845 2017.6929931640625
-67835 2014.14501953125
-67825 2011.510986328125
-67815 2005.156005859375
-67805 1997.1610107421875
-67795 1989.8480224609375
-67785 1981.156005859375
-67775 1973.501953125
-67765 1964.051025390625
-67755 1952.1519775390625
-67745 1941.988037109375
-67735 1928.4000244140625
-67725 1921.5050048828125
-67715 1908.7840576171875
-67705 1894.5150146484375
-67695 1878.3389892578125
-67685 1868.3609619140625
-67675 1859.1729736328125
-67665 1850.7440185546875
-67655 1842.873046875
-67645 1833.9949951171875
-67635 1825.5360107421875
-67625 1818.3470458984375
-67615 1810.0260009765625
-67605 1808.802001953125
-67595 1816.0999755859375
-67585 1811.218994140625
-67575 1799.0880126953125
-67565 1778.7750244140625
-67555 1756.7120361328125
-67545 1747.2120361328125
-67535 1739.6070556640625
-67525 1733.31396484375
-67515 1725.89501953125
-67505 1712.9300537109375
-67495 1703.447021484375
-67485 1693.06298828125
-67475 1683.89794921875
-67465 1674.93603515625
-67455 1666.7869873046875
-67445 1659.824951171875
-67435 1653.81494140625
-67425 1648.14794921875
-67415 1642.4320068359375
-67405 1636.2340087890625
-67395 1630.3759765625
-67385 1623.6639404296875
-67375 1617.2869873046875
-67365 1611.6199951171875
-67355 1607.008056640625
-67345 1602.510986328125
-67335 1598.134033203125
-67325 1593.5250244140625
-67315 1590.072998046875
-67305 1586.9129638671875
-67295 1583.0670166015625
-67285 1579.1309814453125
-67275 1575.1629638671875
-67265 1574.0760498046875
-67255 1571.6669921875
-67245 1570.27197265625
-67235 1567.4959716796875
-67225 1564.2939453125
-67215 1561.4029541015625
-67205 1557.27294921875
-67195 1554.9820556640625
-67185 1550.56103515625
-67175 1548.7860107421875
-67165 1544.113037109375
-67155 1538.593017578125
-67145 1532.3189697265625
-67135 1527.4449462890625
-67125 1524.0670166015625
-67115 1522.406982421875
-67105 1520.876953125
-67095 1518.072021484375
-67085 1515.8270263671875
-67075 1510.595947265625
-67065 1509.302978515625
-67055 1510.9630126953125
-67045 1510.904052734375
-67035 1510.9630126953125
-67025 1512.4930419921875
-67015 1514.6939697265625
-67005 1517.0169677734375
-66995 1520.0400390625
-66985 1524.093994140625
-66975 1527.1490478515625
-66965 1529.998046875
-66955 1533.364013671875
-66945 1535.0679931640625
-66935 1539.56005859375
-66925 1543.4840087890625
-66915 1545.8780517578125
-66905 1548.81298828125
-66895 1553.365966796875
-66885 1559.7430419921875
-66875 1567.2340087890625
-66865 1574.35498046875
-66855 1581.552001953125
-66845 1588.3399658203125
-66835 1595.5369873046875
-66825 1602.9959716796875
-66815 1610.6209716796875
-66805 1617.8330078125
-66795 1625.969970703125
-66785 1634.0159912109375
-66775 1641.7440185546875
-66765 1647.5579833984375
-66755 1658.35595703125
-66745 1670.0770263671875
-66735 1682.428955078125
-66725 1693.0479736328125
-66715 1701.27294921875
-66705 1709.3370361328125
-66695 1718.237060546875
-66685 1726.8740234375
-66675 1735.1719970703125
-66665 1745.0570068359375
-66655 1750.66796875
-66645 1755.2359619140625
-66635 1762.241943359375
-66625 1773.5660400390625
-66615 1784.6109619140625
-66605 1794.0699462890625
-66595 1801.677978515625
-66585 1810.1820068359375
-66575 1818.8179931640625
-66565 1827.9539794921875
-66555 1835.3709716796875
-66545 1842.3330078125
-66535 1850.5439453125
-66525 1858.5040283203125
-66515 1871.7669677734375
-66505 1879.552001953125
-66495 1889.2159423828125
-66485 1897.4560546875
-66475 1905.2259521484375
-66465 1912.467041015625
-66455 1919.884033203125
-66445 1926.6839599609375
-66435 1932.8680419921875
-66425 1938.72802734375
-66415 1943.634033203125
-66405 1946.8360595703125
-66395 1949.4940185546875
-66385 1949.2449951171875
-66375 1947.7459716796875
-66365 1946.8060302734375
-66355 1945.1610107421875
-66345 1946.43896484375
-66335 1949.2149658203125
-66325 1955.2659912109375
-66315 1961.259033203125
-66305 1963.9610595703125
-66295 1965.5479736328125
-66285 1967.5159912109375
-66275 1972.376953125
-66265 1978.737060546875
-66255 1985.08203125
-66245 1991.5889892578125
-66235 1994.9229736328125
-66225 1995.43701171875
-66215 1994.6729736328125
-66205 1992.5880126953125
-66195 1991.06005859375
-66185 1990.135009765625
-66175 1988.4749755859375
-66165 1987.2850341796875
-66155 1987.02099609375
-66145 1987.6090087890625
-66135 1986.0660400390625
-66125 1983.93701171875
-66115 1981.9100341796875
-66105 1978.3260498046875
-66095 1974.095947265625
-66085 1965.7969970703125
-66075 1961.43505859375
-66065 1956.10400390625
-66055 1953.0780029296875
-66045 1947.93701171875
-66035 1944.1920166015625
-66025 1938.758056640625
-66015 1931.9720458984375
-66005 1925.5970458984375
-65995 1918.9730224609375
-65985 1910.322021484375
-65975 1902.2440185546875
-65965 1894.489013671875
-65955 1888.0560302734375
-65945 1881.06396484375
-65935 1876.071044921875
-65925 1873.4560546875
-65915 1868.97705078125
-65905 1861.10400390625
-65895 1855.8160400390625
-65885 1848.10498046875
-65875 1840.718017578125
-65865 1832.5660400390625
-65855 1824.56103515625
-65845 1816.2039794921875
-65835 1807.9940185546875
-65825 1798.8280029296875
-65815 1791.25
-65805 1784.0970458984375
-65795 1776.7239990234375
-65785 1769.218017578125
-65775 1761.625
-65765 1753.987060546875
-65755 1748.8170166015625
-65745 1743.0150146484375
-65735 1736.656005859375
-65725 1729.531982421875
-65715 1719.573974609375
-65705 1713.199951171875
-65695 1707.14599609375
-65685 1697.425048828125
-65675 1688.8179931640625
-65665 1681.4599609375
-65655 1674.3360595703125
-65645 1667.9739990234375
-65635 1661.64599609375
-65625 1650.512939453125
-65615 1637.5579833984375
-65605 1629.0980224609375
-65595 1622.01904296875
-65585 1614.9219970703125
-65575 1604.4940185546875
-65565 1591.8330078125
-65555 1580.93505859375
-65545 1572.1810302734375
-65535 1563.2239990234375
-65525 1554.426025390625
-65515 1545.9659423828125
-65505 1536.6689453125
-65495 1529.4840087890625
-65485 1523.094970703125
-65475 1516.635009765625
-65465 1510.4659423828125
-65455 1504.3389892578125
-65445 1498.9339599609375
-65435 1494.64501953125
-65425 1490.4000244140625
-65415 1485.8349609375
-65405 1481.6319580078125
-65395 1479.1939697265625
-65385 1477.4749755859375
-65375 1478.135986328125
-65365 1476.2440185546875
-65355 1475.626953125
-65345 1476.9610595703125
-65335 1476.31494140625
-65325 1475.741943359375
-65315 1476.1240234375
-65305 1477.489990234375
-65295 1479.4580078125
-65285 1479.634033203125
-65275 1480.06005859375
-65265 1482.425048828125
-65255 1484.8189697265625
-65245 1489.666015625
-65235 1492.4859619140625
-65225 1495.717041015625
-65215 1500.7550048828125
-65205 1506.115966796875
-65195 1511.91796875
-65185 1517.60205078125
-65175 1522.68603515625
-65165 1528.64697265625
-65155 1534.947998046875
-65145 1540.5439453125
-65135 1545.6700439453125
-65125 1550.6490478515625
-65115 1556.5560302734375
-65105 1563.1920166015625
-65095 1570.125
-65085 1576.14697265625
-65075 1584.0780029296875
-65065 1591.5269775390625
-65055 1599.7669677734375
-65045 1606.9639892578125
-65035 1614.7459716796875
-65025 1625.468017578125
-65015 1637.469970703125
-65005 1653.06494140625
-64995 1661.6070556640625
-64985 1668.8790283203125
-64975 1674.865966796875
-64965 1680.9649658203125
-64955 1686.800048828125
-64945 1693.5350341796875
-64935 1699.8470458984375
-64925 1704.261962890625
-64915 1707.33203125
-64905 1706.3070068359375
-64895 1704.800048828125
-64885 1699.573974609375
-64875 1706.14697265625
-64865 1718.2440185546875
-64855 1725.3160400390625
-64845 1728.446044921875
-64835 1729.094970703125
-64825 1732.238037109375
-64815 1739.634033203125
-64805 1746.97998046875
-64795 1752.5179443359375
-64785 1759.7130126953125
-64775 1767.633056640625
-64765 1776.4759521484375
-64755 1784.5340576171875
-64745 1792.2559814453125
-64735 1799.875
-64725 1806.635009765625
-64715 1813.64501953125
-64705 1820.10498046875
-64695 1826.4169921875
-64685 1832.9150390625
-64675 1838.552001953125
-64665 1843.6910400390625
-64655 1849.3160400390625
-64645 1854.990966796875
-64635 1859.97998046875
-64625 1864.02099609375
-64615 1865.905029296875
-64605 1866.6400146484375
-64595 1868.135986328125
-64585 1868.4990234375
-64575 1867.2020263671875
-64565 1863.6099853515625
-64555 1858.9429931640625
-64545 1854.0179443359375
-64535 1846.9840087890625
-64525 1839.4749755859375
-64515 1831.842041015625
-64505 1825.093994140625
-64495 1817.885009765625
-64485 1810.5889892578125
-64475 1803.467041015625
-64465 1796.2340087890625
-64455 1789
-64445 1781.7020263671875
-64435 1774.70703125
-64425 1767.3599853515625
-64415 1759.6400146484375
-64405 1752.7049560546875
-64395 1746.7060546875
-64385 1740.656982421875
-64375 1734.6080322265625
-64365 1728.4840087890625
-64355 1722.64599609375
-64345 1716.31005859375
-64335 1709.613037109375
-64325 1699.748046875
-64315 1688.885009765625
-64305 1680.1669921875
-64295 1672.134033203125
-64285 1663.541015625
-64275 1655.4210205078125
-64265 1647.3389892578125
-64255 1639.0570068359375
-64245 1630.9000244140625
-64235 1622.3060302734375
-64225 1613.1510009765625
-64215 1604.385009765625
-64205 1596.5400390625
-64195 1588.4320068359375
-64185 1581.9969482421875
-64175 1574.426025390625
-64165 1568.2139892578125
-64155 1562.364990234375
-64145 1555.9410400390625
-64135 1549.7049560546875
-64125 1543.14501953125
-64115 1538.29296875
-64105 1532.8800048828125
-64095 1528.1669921875
-64085 1523.9739990234375
-64075 1520.696044921875
-64065 1516.092041015625
-64055 1514.2349853515625
-64045 1510.7669677734375
-64035 1507.0760498046875
-64025 1504.14404296875
-64015 1501.3759765625
-64005 1498.530029296875
-63995 1494.279052734375
-63985 1491.2349853515625
-63975 1485.4849853515625
-63965 1479.635986328125
-63955 1472.2149658203125
-63945 1467.1629638671875
-63935 1460.81494140625
-63925 1454.4539794921875
-63915 1448.35498046875
-63905 1441.406982421875
-63895 1436.5810546875
-63885 1432.47900390625
-63875 1428.5479736328125
-63865 1425.85400390625
-63855 1422.762939453125
-63845 1423.0250244140625
-63835 1422.18701171875
-63825 1422.3740234375
-63815 1421.9010009765625
-63805 1421.751953125
-63795 1420.8399658203125
-63785 1420.2430419921875
-63775 1419.3580322265625
-63765 1421.041015625
-63755 1423.3740234375
-63745 1425.616943359375
-63735 1428.9119873046875
-63725 1431.6409912109375
-63715 1435.77099609375
-63705 1440.3470458984375
-63695 1446.208984375
-63685 1451.68505859375
-63675 1457.6219482421875
-63665 1462.3360595703125
-63655 1465.7540283203125
-63645 1469.95703125
-63635 1474.3480224609375
-63625 1479.5360107421875
-63615 1484.2879638671875
-63605 1489.3270263671875
-63595 1494.3909912109375
-63585 1499.5550537109375
-63575 1504.0570068359375
-63565 1508.4219970703125
-63555 1512.6619873046875
-63545 1516.654052734375
-63535 1520.010009765625
-63525 1523.425048828125
-63515 1526.2569580078125
-63505 1529.3270263671875
-63495 1532.26904296875
-63485 1537.73095703125
-63475 1545.177978515625
-63465 1552.760986328125
-63455 1561.342041015625
-63445 1569.3370361328125
-63435 1576.64599609375
-63425 1582.79296875
-63415 1589.156005859375
-63405 1592.1619873046875
-63395 1595.2030029296875
-63385 1601.2039794921875
-63375 1607.9749755859375
-63365 1614.1510009765625
-63355 1618.4019775390625
-63345 1619.8370361328125
-63335 1620.81005859375
-63325 1621.532958984375
-63315 1623.60302734375
-63305 1625.3990478515625
-63295 1627.8809814453125
-63285 1630.18896484375
-63275 1634.10498046875
-63265 1637.31103515625
-63255 1641.0780029296875
-63245 1646.927001953125
-63235 1651.2679443359375
-63225 1656.97998046875
-63215 1663.1409912109375
-63205 1670.425048828125
-63195 1677.009033203125
-63185 1684.1829833984375
-63175 1690.6180419921875
-63165 1694.0340576171875
-63155 1695.7060546875
-63145 1696.279052734375
-63135 1696.1419677734375
-63125 1697.31494140625
-63115 1697.1419677734375
-63105 1696.303955078125
-63095 1696.22900390625
-63085 1695.6070556640625
-63075 1694.4329833984375
-63065 1693.1610107421875
-63055 1692.6510009765625
-63045 1693.1610107421875
-63035 1691.7640380859375
-63025 1688.77197265625
-63015 1685.240966796875
-63005 1680.0040283203125
-62995 1676.300048828125
-62985 1674.052978515625
-62975 1673.531005859375
-62965 1671.7230224609375
-62955 1669.614990234375
-62945 1669.7640380859375
-62935 1669.8270263671875
-62925 1669.115966796875
-62915 1668.491943359375
-62905 1666.135009765625
-62895 1658.126953125
-62885 1648.56103515625
-62875 1635.0279541015625
-62865 1624.416015625
-62855 1617.39404296875
-62845 1609.385009765625
-62835 1600.9420166015625
-62825 1593.1099853515625
-62815 1594.6939697265625
-62805 1597.68505859375
-62795 1601.0899658203125
-62785 1604.1839599609375
-62775 1608.68603515625
-62765 1612.9639892578125
-62755 1619.06298828125
-62745 1624.0899658203125
-62735 1630.3890380859375
-62725 1638.1710205078125
-62715 1637.68505859375
-62705 1637.64697265625
-62695 1635.802001953125
-62685 1634.4549560546875
-62675 1632.31103515625
-62665 1629.5400390625
-62655 1625.4739990234375
-62645 1626.6610107421875
-62635 1628.5179443359375
-62625 1629.739990234375
-62615 1629.178955078125
-62605 1628.47998046875
-62595 1627.6820068359375
-62585 1627.469970703125
-62575 1627.1829833984375
-62565 1626.2969970703125
-62555 1625.4620361328125
-62545 1624.762939453125
-62535 1622.48095703125
-62525 1621.64501953125
-62515 1619.427001953125
-62505 1617.06103515625
-62495 1613.873046875
-62485 1611.4969482421875
-62475 1610.112060546875
-62465 1608.72705078125
-62455 1606.72705078125
-62445 1604.39697265625
-62435 1601.0030517578125
-62425 1597.9110107421875
-62415 1594.865966796875
-62405 1591.0679931640625
-62395 1586.719970703125
-62385 1583.114990234375
-62375 1584.97705078125
-62365 1583.5269775390625
-62355 1580.592041015625
-62345 1578.2159423828125
-62335 1574.18896484375
-62325 1568.593017578125
-62315 1566.529052734375
-62305 1563.9599609375
-62295 1560.8499755859375
-62285 1557.14404296875
-62275 1552.4019775390625
-62265 1547.208984375
-62255 1545.06298828125
-62245 1541.60400390625
-62235 1538.862060546875
-62225 1537.375
-62215 1534.677978515625
-62205 1530.31201171875
-62195 1527.7979736328125
-62185 1525.5689697265625
-62175 1523.697998046875
-62165 1521.073974609375
-62155 1518.073974609375
-62145 1515.02001953125
-62135 1514.029052734375
-62125 1515.1939697265625
-62115 1515.615966796875
-62105 1514.9189453125
-62095 1512.6710205078125
-62085 1512.9739990234375
-62075 1509.5340576171875
-62065 1505.9560546875
-62055 1504.85498046875
-62045 1505.157958984375
-62035 1505.0389404296875
-62025 1503.8740234375
-62015 1501.9110107421875
-62005 1497.552978515625
-61995 1492.85595703125
-61985 1489.0589599609375
-61975 1485.489990234375
-61965 1482.1689453125
-61955 1478.1510009765625
-61945 1474.592041015625
-61935 1472.3079833984375
-61925 1468.573974609375
-61915 1464.262939453125
-61905 1461.6209716796875
-61895 1459.3179931640625
-61885 1461.7769775390625
-61875 1463.720947265625
-61865 1469.7939453125
-61855 1472.866943359375
-61845 1472.949951171875
-61835 1472.7020263671875
-61825 1472.72998046875
-61815 1474.7659912109375
-61805 1477.9949951171875
-61795 1482.572998046875
-61785 1487.6639404296875
-61775 1493.8289794921875
-61765 1499.572021484375
-61755 1505.2960205078125
-61745 1509.7540283203125
-61735 1513.9830322265625
-61725 1517.93701171875
-61715 1520.551025390625
-61705 1523.8809814453125
-61695 1528.0830078125
-61685 1531.8809814453125
-61675 1536.3389892578125
-61665 1540.6689453125
-61655 1543.31103515625
-61645 1545.7509765625
-61635 1547.208984375
-61625 1547.1910400390625
-61615 1547.823974609375
-61605 1548.740966796875
-61595 1549.1080322265625
-61585 1551.1820068359375
-61575 1552.4840087890625
-61565 1554.7779541015625
-61555 1556.7679443359375
-61545 1557.6209716796875
-61535 1558.68603515625
-61525 1560.4189453125
-61515 1561.9150390625
-61505 1563.8590087890625
-61495 1566.3819580078125
-61485 1567.27197265625
-61475 1568.1800537109375
-61465 1565.81298828125
-61455 1566.373046875
-61445 1570.2440185546875
-61435 1574.3360595703125
-61425 1578.4730224609375
-61415 1580.3170166015625
-61405 1582.4169921875
-61395 1584.031982421875
-61385 1585.1600341796875
-61375 1584.6280517578125
-61365 1583.031982421875
-61355 1585.656005859375
-61345 1587.0780029296875
-61335 1588.4720458984375
-61325 1592.2239990234375
-61315 1592.79296875
-61305 1593.9759521484375
-61295 1593.489990234375
-61285 1596.5999755859375
-61275 1600.470947265625
-61265 1604.2230224609375
-61255 1606.31396484375
-61245 1605.947021484375
-61235 1602.9110107421875
-61225 1600.011962890625
-61215 1599.031005859375
-61205 1601.77294921875
-61195 1604.708984375
-61185 1607.18603515625
-61175 1607.77294921875
-61165 1607.406005859375
-61155 1605.2960205078125
-61145 1604.8470458984375
-61135 1608.2679443359375
-61125 1612.9100341796875
-61115 1614.4420166015625
-61105 1615.0660400390625
-61095 1615.615966796875
-61085 1615.991943359375
-61075 1615.029052734375
-61065 1613.6529541015625
-61055 1611.31396484375
-61045 1609.3599853515625
-61035 1606.5899658203125
-61025 1604.2230224609375
-61015 1600.9300537109375
-61005 1599.699951171875
-60995 1599.47998046875
-60985 1600.8189697265625
-60975 1605.3790283203125
-60965 1607.93798828125
-60955 1606.39697265625
-60945 1607.0670166015625
-60935 1607.928955078125
-60925 1606.16796875
-60915 1603.928955078125
-60905 1603.18603515625
-60895 1603.8740234375
-60885 1605.2039794921875
-60875 1609.47900390625
-60865 1614.31396484375
-60855 1616.0469970703125
-60845 1617.258056640625
-60835 1618.3680419921875
-60825 1619.6529541015625
-60815 1620.697998046875
-60805 1621.2860107421875
-60795 1620.77197265625
-60785 1616.8360595703125
-60775 1611.030029296875
-60765 1607.0670166015625
-60755 1605.4429931640625
-60745 1604.26904296875
-60735 1602.0670166015625
-60725 1601.7459716796875
-60715 1607.0479736328125
-60705 1612.2769775390625
-60695 1615.7080078125
-60685 1617.64404296875
-60675 1617.5059814453125
-60665 1616.93701171875
-60655 1616.23095703125
-60645 1616.1390380859375
-60635 1616.47900390625
-60625 1616.845947265625
-60615 1615.991943359375
-60605 1615.2130126953125
-60595 1615.010986328125
-60585 1615.010986328125
-60575 1612.406005859375
-60565 1611.7540283203125
-60555 1608.3330078125
-60545 1611.112060546875
-60535 1612.8370361328125
-60525 1612.762939453125
-60515 1611.9100341796875
-60505 1611.947021484375
-60495 1612.322998046875
-60485 1611.4420166015625
-60475 1609.698974609375
-60465 1610.883056640625
-60455 1610.9100341796875
-60445 1610.23095703125
-60435 1609.2039794921875
-60425 1608.5799560546875
-60415 1607.8919677734375
-60405 1605.6810302734375
-60395 1604.0030517578125
-60385 1603.2049560546875
-60375 1602.4610595703125
-60365 1601.6629638671875
-60355 1601.177001953125
-60345 1601.0670166015625
-60335 1601.6629638671875
-60325 1599.708984375
-60315 1599.1219482421875
-60305 1597.655029296875
-60295 1590.050048828125
-60285 1580.9219970703125
-60275 1574.1610107421875
-60265 1567.364013671875
-60255 1560.969970703125
-60245 1555.60302734375
-60235 1556.7320556640625
-60225 1556.2359619140625
-60215 1557.0799560546875
-60205 1558.4100341796875
-60195 1558.0889892578125
-60185 1563.217041015625
-60175 1566.2259521484375
-60165 1569.3270263671875
-60155 1573.2900390625
-60145 1576.3719482421875
-60135 1575.0880126953125
-60125 1572.3719482421875
-60115 1570.373046875
-60105 1568.583984375
-60095 1566.217041015625
-60085 1563.7769775390625
-60075 1561.5479736328125
-60065 1559.8780517578125
-60055 1559.281982421875
-60045 1558.9610595703125
-60035 1557.22705078125
-60025 1555.218017578125
-60015 1553.511962890625
-60005 1552.93994140625
-59995 1552.9730224609375
-59985 1550.947998046875
-59975 1549.6729736328125
-59965 1547.8389892578125
-59955 1547.4339599609375
-59945 1543.39599609375
-59935 1546.552001953125
-59925 1547.791015625
-59915 1549.803955078125
-59905 1549.4949951171875
-59895 1549.125
-59885 1548.7440185546875
-59875 1549.208984375
-59865 1548.530029296875
-59855 1548.0179443359375
-59845 1546.5050048828125
-59835 1545.4449462890625
-59825 1544.0150146484375
-59815 1542.0970458984375
-59805 1540.072021484375
-59795 1538.75
-59785 1535.5340576171875
-59775 1532.781982421875
-59765 1532.6510009765625
-59755 1529.9229736328125
-59745 1527.2550048828125
-59735 1524.56298828125
-59725 1521.8470458984375
-59715 1520.0250244140625
-59705 1518.3690185546875
-59695 1516.58203125
-59685 1514.2120361328125
-59675 1512.60400390625
-59665 1510.5550537109375
-59655 1506.4100341796875
-59645 1503.0860595703125
-59635 1499.239013671875
-59625 1494.9150390625
-59615 1490.614990234375
-59605 1485.552001953125
-59595 1484.47998046875
-59585 1487.14794921875
-59575 1490.3170166015625
-59565 1487.81494140625
-59555 1485.06396484375
-59545 1481.6929931640625
-59535 1482.2049560546875
-59525 1482.884033203125
-59515 1482.3709716796875
-59505 1481.6929931640625
-59495 1479.1080322265625
-59485 1476.2490234375
-59475 1476.0460205078125
-59465 1476.7010498046875
-59455 1477.52294921875
-59445 1478.177978515625
-59435 1478.2860107421875
-59425 1477.571044921875
-59415 1476.510986328125
-59405 1475.260009765625
-59395 1473.9739990234375
-59385 1472.7469482421875
-59375 1471.614990234375
-59365 1470.5550537109375
-59355 1469.614013671875
-59345 1468.625
-59335 1467.886962890625
-59325 1467.375
-59315 1467.8509521484375
-59305 1468.85205078125
-59295 1469.9239501953125
-59285 1471.281005859375
-59275 1471.8289794921875
-59265 1471.2220458984375
-59255 1470.4720458984375
-59245 1469.7449951171875
-59235 1470.60302734375
-59225 1472.2340087890625
-59215 1474.85498046875
-59205 1476.510986328125
-59195 1476.593994140625
-59185 1476.2960205078125
-59175 1475.85595703125
-59165 1475.7490234375
-59155 1476.2850341796875
-59145 1476.666015625
-59135 1476.3680419921875
-59125 1475.6650390625
-59115 1475.35498046875
-59105 1475.5579833984375
-59095 1475.7490234375
-59085 1475.9510498046875
-59075 1476.1650390625
-59065 1476.2960205078125
-59055 1476.7130126953125
-59045 1474.699951171875
-59035 1471.7340087890625
-59025 1470.43603515625
-59015 1469.4949951171875
-59005 1469.10205078125
-58995 1470.04296875
-58985 1469.553955078125
-58975 1471.2459716796875
-58965 1471.508056640625
-58955 1471.1739501953125
-58945 1470.6259765625
-58935 1470.781005859375
-58925 1471.4959716796875
-58915 1472.925048828125
-58905 1474.4859619140625
-58895 1476.2490234375
-58885 1477.8330078125
-58875 1479.6910400390625
-58865 1481.3349609375
-58855 1482.967041015625
-58845 1484.0870361328125
-58835 1484.5989990234375
-58825 1483.8489990234375
-58815 1482.4549560546875
-58805 1478.7139892578125
-58795 1479.261962890625
-58785 1478.1190185546875
-58775 1476.8800048828125
-58765 1475.93896484375
-58755 1475.3790283203125
-58745 1475.2359619140625
-58735 1475.593994140625
-58725 1476.2249755859375
-58715 1477.427978515625
-58705 1476.8089599609375
-58695 1473.676025390625
-58685 1473.2230224609375
-58675 1473.782958984375
-58665 1480.2149658203125
-58655 1482.5140380859375
-58645 1482.5140380859375
-58635 1478.6910400390625
-58625 1475.5340576171875
-58615 1478.6910400390625
-58605 1486.4930419921875
-58595 1488.125
-58585 1489.2679443359375
-58575 1489.947021484375
-58565 1489.6610107421875
-58555 1488.875
-58545 1488.4820556640625
-58535 1489.030029296875
-58525 1488.9940185546875
-58515 1487.052978515625
-58505 1484.5989990234375
-58495 1482.406982421875
-58485 1480.06103515625
-58475 1478.3330078125
-58465 1475.83203125
-58455 1475.677001953125
-58445 1476.343994140625
-58435 1476.7969970703125
-58425 1479.9410400390625
-58415 1482.7760009765625
-58405 1482.4549560546875
-58395 1481.1090087890625
-58385 1479.583984375
-58375 1479.5250244140625
-58365 1476.5469970703125
-58355 1474.27099609375
-58345 1473.615966796875
-58335 1473.3179931640625
-58325 1472.615966796875
-58315 1470.7220458984375
-58305 1465.9329833984375
-58295 1461.501953125
-58285 1462.5379638671875
-58275 1463.657958984375
-58265 1470.18603515625
-58255 1469.7449951171875
-58245 1468.780029296875
-58235 1467.5889892578125
-58225 1466.135986328125
-58215 1465.9449462890625
-58205 1466.779052734375
-58195 1467.719970703125
-58185 1469.3759765625
-58175 1470.43603515625
-58165 1472.0439453125
-58155 1473.8070068359375
-58145 1474.6650390625
-58135 1474.5689697265625
-58125 1474.4019775390625
-58115 1474.35498046875
-58105 1475.5340576171875
-58095 1476.1300048828125
-58085 1476.8089599609375
-58075 1476.9749755859375
-58065 1476.7850341796875
-58055 1474.616943359375
-58045 1474.6409912109375
-58035 1476.8680419921875
-58025 1478.1309814453125
-58015 1478.833984375
-58005 1479.656005859375
-57995 1479.906005859375
-57985 1479.8819580078125
-57975 1479.595947265625
-57965 1479.22705078125
-57955 1479.2030029296875
-57945 1479.3819580078125
-57935 1479.72705078125
-57925 1479.2149658203125
-57915 1477.6419677734375
-57905 1473.85400390625
-57895 1467.9339599609375
-57885 1461.72802734375
-57875 1460.56103515625
-57865 1464.4439697265625
-57855 1474.0450439453125
-57845 1480.91796875
-57835 1483.384033203125
-57825 1483.81298828125
-57815 1484.2889404296875
-57805 1484.885009765625
-57795 1484.7779541015625
-57785 1484.6939697265625
-57775 1484.4320068359375
-57765 1487.1719970703125
-57755 1491.04296875
-57745 1496.27294921875
-57735 1501.251953125
-57725 1505.1710205078125
-57715 1509.4229736328125
-57705 1512.865966796875
-57695 1517.02294921875
-57685 1522.1209716796875
-57675 1525.218017578125
-57665 1527.9339599609375
-57655 1528.8280029296875
-57645 1530.387939453125
-57635 1534.426025390625
-57625 1537.18994140625
-57615 1538.905029296875
-57605 1539.739013671875
-57595 1540.5369873046875
-57585 1541.1209716796875
-57575 1541.56103515625
-57565 1545.89697265625
-57555 1548.6610107421875
-57545 1550.781005859375
-57535 1552.10302734375
-57525 1551.3409423828125
-57515 1551.6739501953125
-57505 1552.8740234375
-57495 1555.5460205078125
-57485 1556.0460205078125
-57475 1554.6080322265625
-57465 1553.593017578125
-57455 1554.0469970703125
-57445 1556.8480224609375
-57435 1561.616943359375
-57425 1564.3580322265625
-57415 1563.251953125
-57405 1559.81494140625
-57395 1560.60302734375
-57385 1562.9639892578125
-57375 1563.281982421875
-57365 1563.0550537109375
-57355 1563.7060546875
-57345 1562.97900390625
-57335 1560.43603515625
-57325 1560.406005859375
-57315 1562.887939453125
-57305 1563.5550537109375
-57295 1561.6619873046875
-57285 1558.845947265625
-57275 1554.470947265625
-57265 1549.85400390625
-57255 1546.2359619140625
-57245 1540.6810302734375
-57235 1535.032958984375
-57225 1534.866943359375
-57215 1535.2760009765625
-57205 1535.8360595703125
-57195 1536.123046875
-57185 1536.093994140625
-57175 1536.093994140625
-57165 1536.8349609375
-57155 1537.364990234375
-57145 1534.3370361328125
-57135 1529.97705078125
-57125 1530.7039794921875
-57115 1540.6500244140625
-57105 1551.094970703125
-57095 1557.8929443359375
-57085 1561.93505859375
-57075 1564.886962890625
-57065 1564.4329833984375
-57055 1559.906005859375
-57045 1555.2430419921875
-57035 1552.9420166015625
-57025 1553.7900390625
-57015 1556.802978515625
-57005 1561.510986328125
-56995 1567.2640380859375
-56985 1572.6529541015625
-56975 1578.14794921875
-56965 1582.947021484375
-56955 1585.4010009765625
-56945 1590.1080322265625
-56935 1596.739013671875
-56925 1602.279052734375
-56915 1607.2449951171875
-56905 1610.302978515625
-56895 1612.5579833984375
-56885 1614.5260009765625
-56875 1616.7060546875
-56865 1618.614013671875
-56855 1620.823974609375
-56845 1622.56494140625
-56835 1622.7919921875
-56825 1620.7030029296875
-56815 1618.47802734375
-56805 1618.85595703125
-56795 1621.7020263671875
-56785 1622.02001953125
-56775 1629.7860107421875
-56765 1633.8280029296875
-56755 1635.386962890625
-56745 1634.5849609375
-56735 1631.6939697265625
-56725 1627.7120361328125
-56715 1626.426025390625
-56705 1630.9820556640625
-56695 1635.842041015625
-56685 1638.2030029296875
-56675 1638.2490234375
-56665 1636.4630126953125
-56655 1636.780029296875
-56645 1642.8809814453125
-56635 1648.906005859375
-56625 1654.8260498046875
-56615 1658.094970703125
-56605 1661.697998046875
-56595 1663.802978515625
-56585 1665.10498046875
-56575 1667.300048828125
-56565 1669.1929931640625
-56555 1670.8280029296875
-56545 1672.508056640625
-56535 1673.8399658203125
-56525 1675.2320556640625
-56515 1677.0340576171875
-56505 1677.7449951171875
-56495 1680.39501953125
-56485 1682.574951171875
-56475 1683.77099609375
-56465 1685.406005859375
-56455 1686.782958984375
-56445 1687.81298828125
-56435 1689.1600341796875
-56425 1690.1300048828125
-56415 1690.4169921875
-56405 1689.4930419921875
-56395 1689.342041015625
-56385 1687.6009521484375
-56375 1685.6929931640625
-56365 1680.759033203125
-56355 1675.79296875
-56345 1673.1429443359375
-56335 1671.52294921875
-56325 1667.300048828125
-56315 1663.8780517578125
-56305 1660.865966796875
-56295 1657.29296875
-56285 1653.97802734375
-56275 1652.2969970703125
-56265 1651.20703125
-56255 1649.9510498046875
-56245 1648.9969482421875
-56235 1646.5
-56225 1644.1529541015625
-56215 1643.426025390625
-56205 1640.56494140625
-56195 1637.989990234375
-56185 1635.114990234375
-56175 1629.635009765625
-56165 1622.35302734375
-56155 1615.782958984375
-56145 1608.470947265625
-56135 1605.8370361328125
-56125 1602.35498046875
-56115 1596.0570068359375
-56105 1587.625
-56095 1575.43798828125
-56085 1565.2650146484375
-56075 1555.803955078125
-56065 1549.9749755859375
-56055 1548.7030029296875
-56045 1551.7159423828125
-56035 1563.4940185546875
-56025 1576.43701171875
-56015 1586.68603515625
-56005 1595.81494140625
-55995 1604.35302734375
-55985 1614.31396484375
-55975 1622.156005859375
-55965 1631.98095703125
-55955 1641.0340576171875
-55945 1650.10302734375
-55935 1658.156005859375
-55925 1666.2860107421875
-55915 1672.0989990234375
-55905 1678.3360595703125
-55895 1683.906982421875
-55885 1688.386962890625
-55875 1691.9759521484375
-55865 1694.7010498046875
-55855 1698.5460205078125
-55845 1701.029052734375
-55835 1704.7230224609375
-55825 1708.219970703125
-55815 1709.5970458984375
-55805 1713.56396484375
-55795 1717.39404296875
-55785 1720.9820556640625
-55775 1724.41796875
-55765 1728.0360107421875
-55755 1729.9739990234375
-55745 1732.6829833984375
-55735 1733.8800048828125
-55725 1734.5460205078125
-55715 1735.6810302734375
-55705 1736.2259521484375
-55695 1736.8470458984375
-55685 1737.5579833984375
-55675 1738.6939697265625
-55665 1739.6929931640625
-55655 1740.5260009765625
-55645 1741.14599609375
-55635 1741.64599609375
-55625 1741.91796875
-55615 1741.3580322265625
-55605 1741.237060546875
-55595 1741.20703125
-55585 1741.31298828125
-55575 1741.31298828125
-55565 1740.782958984375
-55555 1739.6929931640625
-55545 1738.1639404296875
-55535 1736.407958984375
-55525 1734.77294921875
-55515 1732.4420166015625
-55505 1729.3680419921875
-55495 1726.218994140625
-55485 1721.9949951171875
-55475 1718.3919677734375
-55465 1714.7750244140625
-55455 1710.8079833984375
-55445 1706.4029541015625
-55435 1700.3170166015625
-55425 1692.4150390625
-55415 1684.3759765625
-55405 1677.6090087890625
-55395 1672.7039794921875
-55385 1671.0689697265625
-55375 1668.0260009765625
-55365 1667.60302734375
-55355 1663.4849853515625
-55345 1653.2359619140625
-55335 1644.2740478515625
-55325 1648.135009765625
-55315 1645.333984375
-55305 1634.9329833984375
-55295 1638.612060546875
-55285 1648.634033203125
-55275 1652.9029541015625
-55265 1652.9029541015625
-55255 1652.4339599609375
-55245 1649.6619873046875
-55235 1647.876953125
-55225 1646.2569580078125
-55215 1639.6109619140625
-55205 1632.5870361328125
-55195 1629.573974609375
-55185 1627.2430419921875
-55175 1626.123046875
-55165 1629.135009765625
-55155 1627.864013671875
-55145 1628.635986328125
-55135 1628.4090576171875
-55125 1628.0450439453125
-55115 1619.218994140625
-55105 1605.625
-55095 1595.7550048828125
-55085 1585.748046875
-55075 1581.97802734375
-55065 1586.958984375
-55055 1590.22900390625
-55045 1591.4110107421875
-55035 1592.22705078125
-55025 1593.10498046875
-55015 1593.740966796875
-55005 1594.4119873046875
-54995 1595.3380126953125
-54985 1595.676025390625
-54975 1596.595947265625
-54965 1597.572998046875
-54955 1598.4639892578125
-54945 1599.822998046875
-54935 1607.863037109375
-54925 1618.052978515625
-54915 1627.875
-54905 1638.0240478515625
-54895 1647.1820068359375
-54885 1655.56103515625
-54875 1661.363037109375
-54865 1666.1180419921875
-54855 1671.9210205078125
-54845 1676.875
-54835 1684.77294921875
-54825 1692.3160400390625
-54815 1700.5250244140625
-54805 1708.112060546875
-54795 1715.6829833984375
-54785 1720.6939697265625
-54775 1726.8079833984375
-54765 1731.9599609375
-54755 1735.5550537109375
-54745 1741.571044921875
-54735 1747.614013671875
-54725 1752.4830322265625
-54715 1757.0550537109375
-54705 1761.2159423828125
-54695 1765.6319580078125
-54685 1769.467041015625
-54675 1773.2889404296875
-54665 1776.7139892578125
-54655 1779.2049560546875
-54645 1781.9649658203125
-54635 1784.654052734375
-54625 1787.2440185546875
-54615 1788.64501953125
-54605 1790.031982421875
-54595 1790.2869873046875
-54585 1790.385986328125
-54575 1790.2449951171875
-54565 1789.593017578125
-54555 1788.2349853515625
-54545 1786.2960205078125
-54535 1785.02099609375
-54525 1784.0169677734375
-54515 1782.842041015625
-54505 1777.64697265625
-54495 1770.0050048828125
-54485 1767.0040283203125
-54475 1765.5040283203125
-54465 1767.074951171875
-54455 1766.35302734375
-54445 1765.5040283203125
-54435 1762.1500244140625
-54425 1759.3900146484375
-54415 1759.3050537109375
-54405 1751.0250244140625
-54395 1744.740966796875
-54385 1741.6839599609375
-54375 1735.654052734375
-54365 1735.2159423828125
-54355 1742.68896484375
-54345 1750.4169921875
-54335 1759.72900390625
-54325 1768.321044921875
-54315 1778.738037109375
-54305 1784.385009765625
-54295 1789.47998046875
-54285 1794.1929931640625
-54275 1799.2320556640625
-54265 1804.0159912109375
-54255 1807.199951171875
-54245 1810.739013671875
-54235 1812.8050537109375
-54225 1817.60302734375
-54215 1819.613037109375
-54205 1821.35400390625
-54195 1824.240966796875
-54185 1827.3409423828125
-54175 1828.7840576171875
-54165 1831.885009765625
-54155 1833.5260009765625
-54145 1836.10205078125
-54135 1836.9940185546875
-54125 1838.6080322265625
-54115 1839.9659423828125
-54105 1841.0560302734375
-54095 1842.89599609375
-54085 1842.3580322265625
-54075 1841.43798828125
-54065 1845.217041015625
-54055 1847.0849609375
-54045 1848.1319580078125
-54035 1848.8819580078125
-54025 1850.04296875
-54015 1851.9539794921875
-54005 1852.0250244140625
-53995 1852.3780517578125
-53985 1852.3499755859375
-53975 1852.322998046875
-53965 1852.29296875
-53955 1851.5870361328125
-53945 1850.3690185546875
-53935 1849.3070068359375
-53925 1847.97705078125
-53915 1846.406005859375
-53905 1845.5150146484375
-53895 1844.2679443359375
-53885 1842.3719482421875
-53875 1840.9560546875
-53865 1838.5789794921875
-53855 1835.2099609375
-53845 1833.31396484375
-53835 1832.9019775390625
-53825 1829.60498046875
-53815 1825.698974609375
-53805 1820.759033203125
-53795 1814.759033203125
-53785 1808.5009765625
-53775 1801.2130126953125
-53765 1793.217041015625
-53755 1783.989013671875
-53745 1776.0770263671875
-53735 1768.843994140625
-53725 1762.0789794921875
-53715 1755.4129638671875
-53705 1747.968017578125
-53695 1741.3719482421875
-53685 1734.197021484375
-53675 1727.5439453125
-53665 1722.987060546875
-53655 1717.5250244140625
-53645 1712.7540283203125
-53635 1708.0689697265625
-53625 1703.865966796875
-53615 1698.530029296875
-53605 1693.64697265625
-53595 1686.0040283203125
-53585 1678.10595703125
-53575 1670.68994140625
-53565 1664.8160400390625
-53555 1659.0980224609375
-53545 1651.696044921875
-53535 1644.3929443359375
-53525 1639.9339599609375
-53515 1634.583984375
-53505 1625.31396484375
-53495 1616.637939453125
-53485 1608.6409912109375
-53475 1602.8380126953125
-53465 1594.6429443359375
-53455 1585.3299560546875
-53445 1586.843994140625
-53435 1589.490966796875
-53425 1585.0469970703125
-53415 1575.677001953125
-53405 1570.0870361328125
-53395 1565.68505859375
-53385 1562.85400390625
-53375 1557.6180419921875
-53365 1552.155029296875
-53355 1541.27001953125
-53345 1530.4000244140625
-53335 1523.7340087890625
-53325 1518.6949462890625
-53315 1507.613037109375
-53305 1498.06005859375
-53295 1491.3370361328125
-53285 1487.0909423828125
-53275 1478.1739501953125
-53265 1472.89501953125
-53255 1481.8260498046875
-53245 1495.18701171875
-53235 1504.655029296875
-53225 1511.052001953125
-53215 1523.155029296875
-53205 1534.2640380859375
-53195 1543.2239990234375
-53185 1552.8189697265625
-53175 1561.4530029296875
-53165 1566.4639892578125
-53155 1574.3050537109375
-53145 1581.6639404296875
-53135 1587.4530029296875
-53125 1593.97802734375
-53115 1600.5030517578125
-53105 1607.52294921875
-53095 1614.4010009765625
-53085 1620.3740234375
-53075 1625.738037109375
-53065 1630.2249755859375
-53055 1635.093994140625
-53045 1640.9530029296875
-53035 1647.47802734375
-53025 1654.18701171875
-53015 1659.43798828125
-53005 1666.4720458984375
-52995 1673.47802734375
-52985 1682.041015625
-52975 1687.574951171875
-52965 1694.1710205078125
-52955 1700.39697265625
-52945 1706.385009765625
-52935 1711.635009765625
-52925 1717.113037109375
-52915 1722.7750244140625
-52905 1727.7569580078125
-52895 1731.8330078125
-52885 1734.7060546875
-52875 1736.262939453125
-52865 1737.677978515625
-52855 1737.677978515625
-52845 1737.366943359375
-52835 1736.970947265625
-52825 1733.8570556640625
-52815 1726.31298828125
-52805 1719.364990234375
-52795 1712.9229736328125
-52785 1705.6070556640625
-52775 1703.97900390625
-52765 1703.18603515625
-52755 1703.696044921875
-52745 1705.2669677734375
-52735 1701.81298828125
-52725 1698.10400390625
-52715 1692.4439697265625
-52705 1686.2159423828125
-52695 1682.8759765625
-52685 1684.405029296875
-52675 1683.866943359375
-52665 1677.3699951171875
-52655 1668.22705078125
-52645 1666.2879638671875
-52635 1674.751953125
-52625 1683.9219970703125
-52615 1694.666015625
-52605 1702.125
-52595 1707.447021484375
-52585 1714.552001953125
-52575 1721.7840576171875
-52565 1732.0880126953125
-52555 1744.1319580078125
-52545 1752.7239990234375
-52535 1761.31494140625
-52525 1769.5379638671875
-52515 1777.7330322265625
-52505 1786.6590576171875
-52495 1793.2540283203125
-52485 1800.385009765625
-52475 1806.7559814453125
-52465 1814.8179931640625
-52455 1822.133056640625
-52445 1827.85498046875
-52435 1829.237060546875
-52425 1830.4410400390625
-52415 1830.1839599609375
-52405 1827.5169677734375
-52395 1824.7869873046875
-52385 1821.8489990234375
-52375 1817.6180419921875
-52365 1812.8160400390625
-52355 1809.823974609375
-52345 1802.7249755859375
-52335 1802.2760009765625
-52325 1809.988037109375
-52315 1818.968017578125
-52305 1824.9739990234375
-52295 1826.5860595703125
-52285 1824.6109619140625
-52275 1819.2679443359375
-52265 1816.927978515625
-52255 1820.2530517578125
-52245 1833.7010498046875
-52235 1846.345947265625
-52225 1857.8189697265625
-52215 1862.551025390625
-52205 1865.4859619140625
-52195 1869.178955078125
-52185 1869.9659423828125
-52175 1863.9329833984375
-52165 1872.573974609375
-52155 1882.300048828125
-52145 1887.14501953125
-52135 1895.095947265625
-52125 1902.06298828125
-52115 1907.9219970703125
-52105 1913.06201171875
-52095 1917.8370361328125
-52085 1922.3929443359375
-52075 1927.7359619140625
-52065 1934.23095703125
-52055 1938.89794921875
-52045 1941.7900390625
-52035 1944.8089599609375
-52025 1947.4580078125
-52015 1949.2840576171875
-52005 1951.760009765625
-51995 1954.4239501953125
-51985 1957.4969482421875
-51975 1960.362060546875
-51965 1963.2569580078125
-51955 1967.112060546875
-51945 1970.52294921875
-51935 1973.2530517578125
-51925 1974.8489990234375
-51915 1975.76904296875
-51905 1977.2840576171875
-51895 1978.990966796875
-51885 1980.6519775390625
-51875 1982.2889404296875
-51865 1983.156982421875
-51855 1983.9549560546875
-51845 1983.927978515625
-51835 1983.739013671875
-51825 1982.9539794921875
-51815 1982.074951171875
-51805 1981.0579833984375
-51795 1980.0460205078125
-51785 1978.8800048828125
-51775 1978.0169677734375
-51765 1976.7860107421875
-51755 1976.218017578125
-51745 1975.68798828125
-51735 1975.22802734375
-51725 1975.1739501953125
-51715 1975.511962890625
-51705 1975.822998046875
-51695 1975.9339599609375
-51685 1976.447998046875
-51675 1976.8800048828125
-51665 1977.2459716796875
-51655 1977.3380126953125
-51645 1977.4329833984375
-51635 1977.594970703125
-51625 1977.7869873046875
-51615 1977.6219482421875
-51605 1977.2030029296875
-51595 1976.623046875
-51585 1975.8499755859375
-51575 1975.135009765625
-51565 1974.0780029296875
-51555 1973.1180419921875
-51545 1972.240966796875
-51535 1971.3070068359375
-51525 1969.9549560546875
-51515 1968.343017578125
-51505 1966.3299560546875
-51495 1965.0830078125
-51485 1963.9219970703125
-51475 1963.04296875
-51465 1961.758056640625
-51455 1960.4730224609375
-51445 1958.875
-51435 1957.1429443359375
-51425 1955.5489501953125
-51415 1953.5469970703125
-51405 1951.7320556640625
-51395 1950.0439453125
-51385 1948.77001953125
-51375 1947.0250244140625
-51365 1945.6070556640625
-51355 1945.011962890625
-51345 1943.7650146484375
-51335 1942.8719482421875
-51325 1941.9820556640625
-51315 1939.7769775390625
-51305 1937.35595703125
-51295 1934.675048828125
-51285 1933.1600341796875
-51275 1931.9840087890625
-51265 1930.68701171875
-51255 1928.6419677734375
-51245 1926.6689453125
-51235 1924.8409423828125
-51225 1923.2340087890625
-51215 1919.781982421875
-51205 1916.3330078125
-51195 1913.8060302734375
-51185 1910.39697265625
-51175 1907.5970458984375
-51165 1904.052978515625
-51155 1900.4119873046875
-51145 1895.1390380859375
-51135 1890.77001953125
-51125 1886.1280517578125
-51115 1882.343017578125
-51105 1877.1729736328125
-51095 1872.7120361328125
-51085 1868.43505859375
-51075 1864.0260009765625
-51065 1858.9119873046875
-51055 1852.1090087890625
-51045 1845.6180419921875
-51035 1839.3389892578125
-51025 1833.593017578125
-51015 1828.385009765625
-51005 1822.91796875
-50995 1816.1409912109375
-50985 1809.9210205078125
-50975 1805.6600341796875
-50965 1801.9539794921875
-50955 1796.0810546875
-50945 1789.116943359375
-50935 1781.9320068359375
-50925 1774.6300048828125
-50915 1766.9310302734375
-50905 1763.60498046875
-50895 1757.9649658203125
-50885 1752.9739990234375
-50875 1748.60400390625
-50865 1742.81298828125
-50855 1736.1719970703125
-50845 1729.85595703125
-50835 1724.2550048828125
-50825 1719.9119873046875
-50815 1712.0150146484375
-50805 1709.8079833984375
-50795 1705.697998046875
-50785 1701.4219970703125
-50775 1697.447021484375
-50765 1692.157958984375
-50755 1686.0439453125
-50745 1681.2149658203125
-50735 1677.1409912109375
-50725 1673.0159912109375
-50715 1667.9019775390625
-50705 1662.843994140625
-50695 1658.89599609375
-50685 1654.56494140625
-50675 1649.9530029296875
-50665 1645.35400390625
-50655 1640.14794921875
-50645 1634.885986328125
-50635 1629.6920166015625
-50625 1624.2110595703125
-50615 1620.02001953125
-50605 1615.635009765625
-50595 1611.4580078125
-50585 1607.261962890625
-50575 1600.85302734375
-50565 1596.18603515625
-50555 1592.572021484375
-50545 1587.759033203125
-50535 1582.416015625
-50525 1576.85400390625
-50515 1568.8759765625
-50505 1559.4210205078125
-50495 1547.218994140625
-50485 1534.260986328125
-50475 1528.6719970703125
-50465 1523.5050048828125
-50455 1512.010009765625
-50445 1510.656982421875
-50435 1524.072998046875
-50425 1536.3580322265625
-50415 1545.2449951171875
-50405 1549.489990234375
-50395 1555.3740234375
-50385 1563.43798828125
-50375 1572.1739501953125
-50365 1583.18701171875
-50355 1592.844970703125
-50345 1599.446044921875
-50335 1605.6929931640625
-50325 1610.2919921875
-50315 1617.2879638671875
-50305 1623.428955078125
-50295 1629.406005859375
-50285 1634.89697265625
-50275 1640.512939453125
-50265 1644.8389892578125
-50255 1651.551025390625
-50245 1657.906005859375
-50235 1663.4520263671875
-50225 1668.7950439453125
-50215 1674.93603515625
-50205 1681.1309814453125
-50195 1687.77294921875
-50185 1694.4549560546875
-50175 1701.072021484375
-50165 1709.375
-50155 1714.5040283203125
-50145 1722.5660400390625
-50135 1729.5589599609375
-50125 1736.468994140625
-50115 1743.1669921875
-50105 1749.45703125
-50095 1755.8929443359375
-50085 1762.0909423828125
-50075 1767.0660400390625
-50065 1771.5570068359375
-50055 1775.5770263671875
-50045 1778.68798828125
-50035 1780.9849853515625
-50025 1783.677001953125
-50015 1784.125
-50005 1786.2490234375
-49995 1786.927001953125
-49985 1786.623046875
-49975 1786.4119873046875
-49965 1785.4169921875
-49955 1785.072998046875
-49945 1783.4000244140625
-49935 1781.4110107421875
-49925 1779.48095703125
-49915 1776.238037109375
-49905 1774.18798828125
-49895 1771.9119873046875
-49885 1769.5479736328125
-49875 1764.0889892578125
-49865 1759.0550537109375
-49855 1753.68896484375
-49845 1746.968994140625
-49835 1739.4300537109375
-49825 1729.904052734375
-49815 1733.385986328125
-49805 1739.595947265625
-49795 1743.9219970703125
-49785 1747.6319580078125
-49775 1753.115966796875
-49765 1756.7359619140625
-49755 1758.197998046875
-49745 1761.5870361328125
-49735 1765.5989990234375
-49725 1767.5260009765625
-49715 1768.2340087890625
-49705 1768.718994140625
-49695 1771.2359619140625
-49685 1770.43798828125
-49675 1774.1729736328125
-49665 1778.7550048828125
-49655 1781.7120361328125
-49645 1784.2740478515625
-49635 1785.6910400390625
-49625 1786.5350341796875
-49615 1787.7559814453125
-49605 1790.5260009765625
-49595 1792.68505859375
-49585 1793.8280029296875
-49575 1794.5989990234375
-49565 1795.7750244140625
-49555 1796.2869873046875
-49545 1796.6639404296875
-49535 1797.0860595703125
-49525 1798.0179443359375
-49515 1799.54296875
-49505 1800.115966796875
-49495 1800.885009765625
-49485 1801.530029296875
-49475 1801.803955078125
-49465 1802.2860107421875
-49455 1802.904052734375
-49445 1803.2960205078125
-49435 1804.001953125
-49425 1804.031982421875
-49415 1803.35400390625
-49405 1803.5799560546875
-49395 1804.4239501953125
-49385 1805.345947265625
-49375 1804.6829833984375
-49365 1804.2130126953125
-49355 1803.958984375
-49345 1802.904052734375
-49335 1802.739013671875
-49325 1803.762939453125
-49315 1805.0269775390625
-49305 1804.9239501953125
-49295 1804.2760009765625
-49285 1804.7430419921875
-49275 1806.2349853515625
-49265 1806.9439697265625
-49255 1806.25
-49245 1805.81298828125
-49235 1803.68798828125
-49225 1802.31298828125
-49215 1800.89697265625
-49205 1797.2039794921875
-49195 1800.2640380859375
-49185 1805.4940185546875
-49175 1810.4229736328125
-49165 1812.4150390625
-49155 1815.0679931640625
-49145 1816.81298828125
-49135 1818.3990478515625
-49125 1820.9010009765625
-49115 1823.509033203125
-49105 1826.115966796875
-49095 1828.3170166015625
-49085 1830.759033203125
-49075 1833.2760009765625
-49065 1835.18994140625
-49055 1837.0589599609375
-49045 1838.7320556640625
-49035 1840.8270263671875
-49025 1842.6209716796875
-49015 1843.43505859375
-49005 1845.0150146484375
-48995 1846.6300048828125
-48985 1848.27294921875
-48975 1850.18798828125
-48965 1850.760009765625
-48955 1851.5439453125
-48945 1852.4029541015625
-48935 1852.7950439453125
-48925 1854.1669921875
-48915 1853.7449951171875
-48905 1853.18701171875
-48895 1852.1319580078125
-48885 1850.7149658203125
-48875 1849.0419921875
-48865 1846.5250244140625
-48855 1844.9840087890625
-48845 1843.676025390625
-48835 1842.5
-48825 1840.4630126953125
-48815 1839.154052734375
-48805 1838.8680419921875
-48795 1837.4659423828125
-48785 1834.616943359375
-48775 1832.613037109375
-48765 1828.93505859375
-48755 1821.4739990234375
-48745 1817.9169921875
-48735 1810.8179931640625
-48725 1803.594970703125
-48715 1795.2320556640625
-48705 1785.5830078125
-48695 1774.8509521484375
-48685 1765.0570068359375
-48675 1759.9139404296875
-48665 1753.7969970703125
-48655 1741.2540283203125
-48645 1729.030029296875
-48635 1719.416015625
-48625 1712.947021484375
-48615 1710.8370361328125
-48605 1711.759033203125
-48595 1710.718994140625
-48585 1710.4000244140625
-48575 1708.7569580078125
-48565 1706.5260009765625
-48555 1703.1199951171875
-48545 1705.907958984375
-48535 1713.279052734375
-48525 1713.987060546875
-48515 1708.39501953125
-48505 1698.85400390625
-48495 1703.5419921875
-48485 1702.155029296875
-48475 1701.2960205078125
-48465 1705.6090087890625
-48455 1708.7139892578125
-48445 1709.8570556640625
-48435 1710.0830078125
-48425 1701.4189453125
-48415 1695.7640380859375
-48405 1679.0030517578125
-48395 1667.8189697265625
-48385 1652.552978515625
-48375 1642.239990234375
-48365 1634.1309814453125
-48355 1628.282958984375
-48345 1622.0279541015625
-48335 1619.751953125
-48325 1617.35498046875
-48315 1613.6619873046875
-48305 1607.27197265625
-48295 1597.7459716796875
-48285 1584.10498046875
-48275 1566.635009765625
-48265 1560.72705078125
-48255 1553.4010009765625
-48245 1551.156005859375
-48235 1550.884033203125
-48225 1540.3179931640625
-48215 1529.6619873046875
-48205 1521.491943359375
-48195 1508.60498046875
-48185 1501.416015625
-48175 1497.345947265625
-48165 1483.1619873046875
-48155 1481.4139404296875
-48145 1477.1180419921875
-48135 1473.3349609375
-48125 1472.0389404296875
-48115 1465.904052734375
-48105 1465.572021484375
-48095 1461.6080322265625
-48085 1459.197021484375
-48075 1450.093017578125
-48065 1446.5810546875
-48055 1438.39599609375
-48045 1429.0810546875
-48035 1421.530029296875
-48025 1410.60205078125
-48015 1407.9189453125
-48005 1411.2650146484375
-47995 1414.85302734375
-47985 1421.845947265625
-47975 1422.10302734375
-47965 1424.5589599609375
-47955 1422.3740234375
-47945 1418.696044921875
-47935 1419.9019775390625
-47925 1420.1729736328125
-47915 1419.9019775390625
-47905 1424.77001953125
-47895 1427.27197265625
-47885 1428.824951171875
-47875 1424.8759765625
-47865 1423.262939453125
-47855 1417.3089599609375
-47845 1405.31103515625
-47835 1402.5830078125
-47825 1399.47802734375
-47815 1398.1519775390625
-47805 1400.1259765625
-47795 1401.241943359375
-47785 1401.6639404296875
-47775 1401.54296875
-47765 1397.6240234375
-47755 1393.47900390625
-47745 1387.781982421875
-47735 1381.5870361328125
-47725 1378.7080078125
-47715 1370.010986328125
-47705 1360.5
-47695 1351.487060546875
-47685 1343.43798828125
-47675 1336.89599609375
-47665 1331.303955078125
-47655 1326.541015625
-47645 1326.4959716796875
-47635 1324.927978515625
-47625 1326.2249755859375
-47615 1325.636962890625
-47605 1327.4300537109375
-47595 1329.344970703125
-47585 1331.333984375
-47575 1339.6240234375
-47565 1348.427001953125
-47555 1358.10400390625
-47545 1371.6390380859375
-47535 1380.18505859375
-47525 1387.178955078125
-47515 1395.2130126953125
-47505 1402.39501953125
-47495 1410.1739501953125
-47485 1417.35302734375
-47475 1422.988037109375
-47465 1428.43603515625
-47455 1434.1180419921875
-47445 1439.7159423828125
-47435 1444.612060546875
-47425 1450.22802734375
-47415 1455.760009765625
-47405 1460.074951171875
-47395 1464.614990234375
-47385 1465.4300537109375
-47375 1474.697021484375
-47365 1480.761962890625
-47355 1487.6240234375
-47345 1494.157958984375
-47335 1500.6629638671875
-47325 1507.364990234375
-47315 1513.5150146484375
-47305 1519.3280029296875
-47295 1524.467041015625
-47285 1529.4010009765625
-47275 1534.0899658203125
-47265 1538.56494140625
-47255 1543.676025390625
-47245 1548.0660400390625
-47235 1554.2060546875
-47225 1559.7659912109375
-47215 1564.4000244140625
-47205 1569.5860595703125
-47195 1574.2850341796875
-47185 1578.833984375
-47175 1583.8699951171875
-47165 1588.72802734375
-47155 1593.0899658203125
