-73115 2192.777099609375
-73105 2191.81396484375
-73095 2190.803955078125
-73085 2190.6220703125
-73075 2192.0810546875
-73065 2193.506103515625
-73055 2194.68310546875
-73045 2195.876953125
-73035 2197.135986328125
-73025 2198.72802734375
-73015 2199.873046875
-73005 2201.511962890625
-72995 2203.219970703125
-72985 2206.486083984375
-72975 2209.9169921875
-72965 2213.0830078125
-72955 2216.4150390625
-72945 2219.18505859375
-72935 2221.50390625
-72925 2222.962890625
-72915 2224.123046875
-72905 2225.282958984375
-72895 2228.18505859375
-72885 2230.903076171875
-72875 2234.284912109375
-72865 2237.931884765625
-72855 2242.47412109375
-72845 2247.197998046875
-72835 2253.216064453125
-72825 2258.76904296875
-72815 2262.431884765625
-72805 2265.48193359375
-72795 2268.117919921875
-72785 2270.073974609375
-72775 2271.681884765625
-72765 2273.489990234375
-72755 2274.83203125
-72745 2277.135009765625
-72735 2279.323974609375
-72725 2281.677001953125
-72715 2283.616943359375
-72705 2285.14208984375
-72695 2286.485107421875
-72685 2287.861083984375
-72675 2286.76708984375
-72665 2288.176025390625
-72655 2289.81689453125
-72645 2290.843994140625
-72635 2292.10400390625
-72625 2294.027099609375
-72615 2297.343017578125
-72605 2301.0390625
-72595 2305.06689453125
-72585 2311.117919921875
-72575 2315.0458984375
-72565 2319.720947265625
-72555 2325.389892578125
-72545 2330.097900390625
-72535 2337.375
-72525 2343.873046875
-72515 2351.89599609375
-72505 2358.365966796875
-72495 2364.013916015625
-72485 2369.43896484375
-72475 2375.985107421875
-72465 2384.2060546875
-72455 2390.343017578125
-72445 2389.30908203125
-72435 2395.73193359375
-72425 2403.718017578125
-72415 2407.31201171875
-72405 2409.31298828125
-72395 2404.736083984375
-72385 2405.02392578125
-72375 2405.802978515625
-72365 2405.29296875
-72355 2404.241943359375
-72345 2404.736083984375
-72335 2406.177001953125
-72325 2407.531982421875
-72315 2408.97412109375
-72305 2409.31298828125
-72295 2409.701904296875
-72285 2407.531982421875
-72275 2401.58203125
-72265 2393.4619140625
-72255 2385.47802734375
-72245 2378.47705078125
-72235 2371.762939453125
-72225 2365.593017578125
-72215 2360.946044921875
-72205 2357.845947265625
-72195 2352.0458984375
-72185 2347.366943359375
-72175 2344.197998046875
-72165 2339.094970703125
-72155 2334.262939453125
-72145 2328.466064453125
-72135 2322.837890625
-72125 2318.48095703125
-72115 2314.362060546875
-72105 2311.56396484375
-72095 2305.054931640625
-72085 2300.833984375
-72075 2298.544921875
-72065 2295.035888671875
-72055 2292.221923828125
-72045 2286.93310546875
-72035 2280.89794921875
-72025 2277.7958984375
-72015 2278.032958984375
-72005 2268.69189453125
-71995 2262.368896484375
-71985 2262.946044921875
-71975 2261.72509765625
-71965 2254.282958984375
-71955 2259.43701171875
-71945 2257.9619140625
-71935 2248.60400390625
-71925 2244.823974609375
-71915 2241.68798828125
-71905 2239.093994140625
-71895 2229.074951171875
-71885 2221.4130859375
-71875 2218.10693359375
-71865 2219.428955078125
-71855 2215.56396484375
-71845 2213.054931640625
-71835 2212.39404296875
-71825 2212.155029296875
-71815 2214.446044921875
-71805 2218.175048828125
-71795 2221.125
-71785 2224.514892578125
-71775 2230.532958984375
-71765 2230.22802734375
-71755 2236.43310546875
-71745 2230.68603515625
-71735 2225.39697265625
-71725 2222.514892578125
-71715 2219.633056640625
-71705 2214.784912109375
-71695 2205.867919921875
-71685 2196.407958984375
-71675 2191.763916015625
-71665 2193.576904296875
-71655 2191.322998046875
-71645 2188.302978515625
-71635 2188
-71625 2187.780029296875
-71615 2188.302978515625
-71605 2187.81396484375
-71595 2188.302978515625
-71585 2192.9990234375
-71575 2195.763916015625
-71565 2193.458984375
-71555 2188.760986328125
-71545 2187.966064453125
-71535 2187.966064453125
-71525 2188.693115234375
-71515 2190.574951171875
-71505 2191.797119140625
-71495 2192.64306640625
-71485 2198.052978515625
-71475 2205.529052734375
-71465 2211.632080078125
-71455 2217.090087890625
-71445 2223.19091796875
-71435 2233.279052734375
-71425 2245.248046875
-71415 2248.7060546875
-71405 2252.23193359375
-71395 2262.488037109375
-71385 2270.827880859375
-71375 2276.98193359375
-71365 2283.033935546875
-71355 2290.305908203125
-71345 2297.257080078125
-71335 2305.123046875
-71325 2312.85302734375
-71315 2319.873046875
-71305 2328.823974609375
-71295 2338.875
-71285 2349.35302734375
-71275 2357.625
-71265 2366.695068359375
-71255 2374.968017578125
-71245 2376.117919921875
-71235 2376.306884765625
-71225 2376.93408203125
-71215 2374.72802734375
-71205 2371.845947265625
-71195 2366.844970703125
-71185 2358.657958984375
-71175 2349.927001953125
-71165 2342.26708984375
-71155 2333.196044921875
-71145 2324.05810546875
-71135 2315.2939453125
-71125 2307.241943359375
-71115 2298.884033203125
-71105 2291.594970703125
-71095 2285.0849609375
-71085 2279.47412109375
-71075 2270.7099609375
-71065 2261.4541015625
-71055 2250.468994140625
-71045 2242.196044921875
-71035 2233.22900390625
-71025 2225.243896484375
-71015 2217.055908203125
-71005 2208.39404296875
-70995 2199.884033203125
-70985 2192.18701171875
-70975 2185.06689453125
-70965 2177.470947265625
-70955 2170.506103515625
-70945 2164.385986328125
-70935 2158.43603515625
-70925 2152.568115234375
-70915 2146.261962890625
-70905 2140.802978515625
-70895 2135.447021484375
-70885 2130.326904296875
-70875 2127.27587890625
-70865 2123.4609375
-70855 2120.715087890625
-70845 2117.155029296875
-70835 2113.5439453125
-70825 2107.83203125
-70815 2102.5419921875
-70805 2097.7451171875
-70795 2093.201904296875
-70785 2090.60791015625
-70775 2089.573974609375
-70765 2088.251953125
-70755 2086.72607421875
-70745 2084.52197265625
-70735 2081.555908203125
-70725 2079.181884765625
-70715 2077.572021484375
-70705 2076.758056640625
-70695 2075.656005859375
-70685 2074.402099609375
-70675 2071.028076171875
-70665 2064.654052734375
-70655 2059.347900390625
-70645 2053.177978515625
-70635 2049.803955078125
-70625 2047.616943359375
-70615 2044.5489501953125
-70605 2041.9549560546875
-70595 2039.1409912109375
-70585 2036.6319580078125
-70575 2035.0050048828125
-70565 2036.5479736328125
-70555 2034.0560302734375
-70545 2028.7840576171875
-70535 2027.75
-70525 2024.9520263671875
-70515 2022.3929443359375
-70505 2019.9520263671875
-70495 2017.748046875
-70485 2017.6610107421875
-70475 2018.5439453125
-70465 2018.322021484375
-70455 2017.136962890625
-70445 2014.865966796875
-70435 2014.6290283203125
-70425 2014.7469482421875
-70415 2013.4759521484375
-70405 2014.136962890625
-70395 2014.136962890625
-70385 2015.0860595703125
-70375 2014.0670166015625
-70365 2014.883056640625
-70355 2016.6290283203125
-70345 2018.322021484375
-70335 2020.323974609375
-70325 2021.18701171875
-70315 2023.3759765625
-70305 2022.239990234375
-70295 2022.593994140625
-70285 2023.2060546875
-70275 2023.7659912109375
-70265 2024.10498046875
-70255 2026.2239990234375
-70245 2026.3929443359375
-70235 2025.7149658203125
-70225 2028.833984375
-70215 2031.512939453125
-70205 2031.8690185546875
-70195 2034.156982421875
-70185 2038.175048828125
-70175 2041.0059814453125
-70165 2040.175048828125
-70155 2041.3280029296875
-70145 2043.125
-70135 2046.4139404296875
-70125 2049.4140625
-70115 2057.39892578125
-70105 2052.635009765625
-70095 2053.94091796875
-70085 2054.02490234375
-70075 2058.51806640625
-70065 2069.637939453125
-70055 2083.72607421875
-70045 2074.927001953125
-70035 2066.06103515625
-70025 2046.363037109375
-70015 2054.448974609375
-70005 2048.988037109375
-69995 2061.013916015625
-69985 2070.047119140625
-69975 2076.615966796875
-69965 2087.073974609375
-69955 2083.262939453125
-69945 2078.8779296875
-69935 2071.781982421875
-69925 2059.60400390625
-69915 2049.843017578125
-69905 2041.52294921875
-69895 2032.5980224609375
-69885 2023.612060546875
-69875 2015.740966796875
-69865 2006.490966796875
-69855 1998.5269775390625
-69845 1991.2760009765625
-69835 1983.448974609375
-69825 1976.123046875
-69815 1968.85400390625
-69805 1962.470947265625
-69795 1954.8170166015625
-69785 1948.5260009765625
-69775 1941.5069580078125
-69765 1935.0469970703125
-69755 1928.6939697265625
-69745 1922.60498046875
-69735 1917.0269775390625
-69725 1912.177001953125
-69715 1907.5140380859375
-69705 1902.8499755859375
-69695 1897.5360107421875
-69685 1893.197998046875
-69675 1887.6510009765625
-69665 1882.0419921875
-69655 1877.75
-69645 1875.008056640625
-69635 1873.302978515625
-69625 1872.60595703125
-69615 1871.134033203125
-69605 1869.553955078125
-69595 1866.8270263671875
-69585 1863.262939453125
-69575 1858.9100341796875
-69565 1855.873046875
-69555 1854.5560302734375
-69545 1852.6810302734375
-69535 1852.18505859375
-69525 1851.27099609375
-69515 1851.781982421875
-69505 1852.324951171875
-69495 1854.136962890625
-69485 1857.81005859375
-69475 1860.876953125
-69465 1864.9830322265625
-69455 1869.291015625
-69445 1875.488037109375
-69435 1882.383056640625
-69425 1889.092041015625
-69415 1895.552978515625
-69405 1901.1920166015625
-69395 1906.9720458984375
-69385 1913.092041015625
-69375 1919.0570068359375
-69365 1926.8349609375
-69355 1933.6669921875
-69345 1938.4549560546875
-69335 1941.926025390625
-69325 1950.7569580078125
-69315 1956.258056640625
-69305 1961.447998046875
-69295 1967.2889404296875
-69285 1980.676025390625
-69275 1992.2960205078125
-69265 1997.998046875
-69255 2006.5350341796875
-69245 2010.4239501953125
-69235 2009.4969482421875
-69225 2011.5860595703125
-69215 2014.3929443359375
-69205 2013.696044921875
-69195 2014.375
-69185 2011.697021484375
-69175 2011.4639892578125
-69165 2010.9820556640625
-69155 2011.5419921875
-69145 2013.7889404296875
-69135 2016.2060546875
-69125 2015.833984375
-69115 2019.1650390625
-69105 2023.843994140625
-69095 2031.093017578125
-69085 2039.22900390625
-69075 2047.5810546875
-69065 2058.115966796875
-69055 2069.39599609375
-69045 2076.787109375
-69035 2083.945068359375
-69025 2089.305908203125
-69015 2092.636962890625
-69005 2095.239990234375
-68995 2095.426025390625
-68985 2094.6201171875
-68975 2094.06201171875
-68965 2094.85302734375
-68955 2097.672119140625
-68945 2100.8330078125
-68935 2101.530029296875
-68925 2102.02587890625
-68915 2106.287109375
-68905 2113.445068359375
-68895 2127.31201171875
-68885 2135.72509765625
-68875 2133.8349609375
-68865 2131.556884765625
-68855 2122.881103515625
-68845 2113.7548828125
-68835 2102.197021484375
-68825 2095.02294921875
-68815 2088.096923828125
-68805 2079.822998046875
-68795 2074.864990234375
-68785 2072.10693359375
-68775 2072.23095703125
-68765 2071.56494140625
-68755 2069.27197265625
-68745 2063.27587890625
-68735 2059.279052734375
-68725 2057.806884765625
-68715 2055.931884765625
-68705 2055.993896484375
-68695 2060.239013671875
-68685 2060.052978515625
-68675 2060.673095703125
-68665 2059.866943359375
-68655 2058.472900390625
-68645 2057.43505859375
-68635 2056.195068359375
-68625 2054.506103515625
-68615 2052.8330078125
-68605 2051.949951171875
-68595 2050.22998046875
-68585 2049.06591796875
-68575 2048.634033203125
-68565 2046.9759521484375
-68555 2044.885009765625
-68545 2043.10302734375
-68535 2042.592041015625
-68525 2042.43701171875
-68515 2041.2259521484375
-68505 2039.3380126953125
-68495 2038.0360107421875
-68485 2037.958984375
-68475 2034.488037109375
-68465 2032.1180419921875
-68455 2031.6219482421875
-68445 2033.6829833984375
-68435 2034.1629638671875
-68425 2036.93603515625
-68415 2040.9959716796875
-68405 2042.4210205078125
-68395 2043.22705078125
-68385 2044.032958984375
-68375 2046.60400390625
-68365 2048.35498046875
-68355 2050.757080078125
-68345 2053.530029296875
-68335 2057.325927734375
-68325 2061.24609375
-68315 2065.5380859375
-68305 2068.3740234375
-68295 2071.81298828125
-68285 2074.943115234375
-68275 2077.80908203125
-68265 2079.1259765625
-68255 2081.590087890625
-68245 2085.555908203125
-68235 2088.00390625
-68225 2091.76904296875
-68215 2097.5791015625
-68205 2104.0400390625
-68195 2111.152099609375
-68185 2120.510009765625
-68175 2128.39697265625
-68165 2134.672119140625
-68155 2143.069091796875
-68145 2145.73388671875
-68135 2147.4541015625
-68125 2152.303955078125
-68115 2154.3330078125
-68105 2154.674072265625
-68095 2152.071044921875
-68085 2146.7099609375
-68075 2141.720947265625
-68065 2136.251953125
-68055 2131.680908203125
-68045 2124.305908203125
-68035 2119.115966796875
-68025 2111.2919921875
-68015 2102.8779296875
-68005 2096.866943359375
-67995 2089.971923828125
-67985 2083.9140625
-67975 2077.157958984375
-67965 2070.65087890625
-67955 2064.00390625
-67945 2058.844970703125
-67935 2050.757080078125
-67925 2043.614013671875
-67915 2036.56494140625
-67905 2027.887939453125
-67895 2018.387939453125
-67885 2010.0389404296875
-67875 1998.60400390625
-67865 1988.655029296875
-67855 1978.0889892578125
-67845 1968.68603515625
-67835 1960.1309814453125
-67825 1950.60205078125
-67815 1941.2750244140625
-67805 1933.373046875
-67795 1926.8809814453125
-67785 1918.06494140625
-67775 1909.4510498046875
-67765 1900.9129638671875
-67755 1892.56201171875
-67745 1885.3580322265625
-67735 1881.655029296875
-67725 1876.386962890625
-67715 1869.739990234375
-67705 1866.3780517578125
-67695 1859.43603515625
-67685 1852.18505859375
-67675 1846.375
-67665 1837.760009765625
-67655 1833.2669677734375
-67645 1823.8470458984375
-67635 1816.9830322265625
-67625 1807.8570556640625
-67615 1799.6610107421875
-67605 1792.1619873046875
-67595 1783.5159912109375
-67585 1773.135986328125
-67575 1764.5989990234375
-67565 1758.8480224609375
-67555 1752.0150146484375
-67545 1744.4100341796875
-67535 1737.18994140625
-67525 1734.1839599609375
-67515 1726.7159423828125
-67505 1719.677001953125
-67495 1711.260986328125
-67485 1700.949951171875
-67475 1691.3740234375
-67465 1682.073974609375
-67455 1674.248046875
-67445 1666.1820068359375
-67435 1658.4439697265625
-67425 1650.43701171875
-67415 1642.802001953125
-67405 1635.238037109375
-67395 1627.7149658203125
-67385 1620.490966796875
-67375 1613.9549560546875
-67365 1607.5050048828125
-67355 1601.030029296875
-67345 1594.843994140625
-67335 1588.9420166015625
-67325 1583.1259765625
-67315 1577.3070068359375
-67305 1571.508056640625
-67295 1564.719970703125
-67285 1558.654052734375
-67275 1553.6920166015625
-67265 1550.8570556640625
-67255 1547.9930419921875
-67245 1543.762939453125
-67235 1539.56005859375
-67225 1535.094970703125
-67215 1531.2320556640625
-67205 1527.4129638671875
-67195 1524.123046875
-67185 1521.011962890625
-67175 1517.925048828125
-67165 1514.3409423828125
-67155 1511.800048828125
-67145 1510.0550537109375
-67135 1508.1429443359375
-67125 1506.43896484375
-67115 1504.9119873046875
-67105 1503.35498046875
-67095 1501.782958984375
-67085 1500.1529541015625
-67075 1498.9949951171875
-67065 1497.39404296875
-67055 1496.175048828125
-67045 1494.8680419921875
-67035 1493.5579833984375
-67025 1490.6820068359375
-67015 1490.16796875
-67005 1488.343994140625
-66995 1488.1240234375
-66985 1488.18505859375
-66975 1489.0489501953125
-66965 1488.873046875
-66955 1492.9849853515625
-66945 1497.218017578125
-66935 1502.2850341796875
-66925 1507.322998046875
-66915 1513.093017578125
-66905 1519.614013671875
-66895 1525.81201171875
-66885 1531.1729736328125
-66875 1535.9320068359375
-66865 1541.54296875
-66855 1548.386962890625
-66845 1555.0260009765625
-66835 1562.9010009765625
-66825 1570.7149658203125
-66815 1582.5679931640625
-66805 1596.9029541015625
-66795 1605.8480224609375
-66785 1617.4189453125
-66775 1626.364013671875
-66765 1635.35498046875
-66755 1646.3270263671875
-66745 1656.5789794921875
-66735 1660.3680419921875
-66725 1664.6839599609375
-66715 1672.7349853515625
-66705 1692.6510009765625
-66695 1705.385986328125
-66685 1713.5350341796875
-66675 1720.6610107421875
-66665 1724.4210205078125
-66655 1727.843017578125
-66645 1731.8380126953125
-66635 1736.58203125
-66625 1740.3570556640625
-66615 1746.583984375
-66605 1749.3599853515625
-66595 1756.39599609375
-66585 1764.5469970703125
-66575 1776.4739990234375
-66565 1785.0660400390625
-66555 1790.10400390625
-66545 1793.1739501953125
-66535 1795.4940185546875
-66525 1796.9339599609375
-66515 1798.447021484375
-66505 1800.2239990234375
-66495 1801.487060546875
-66485 1803.8070068359375
-66475 1800.5469970703125
-66465 1797.5799560546875
-66455 1796.8160400390625
-66445 1799.4449462890625
-66435 1800.488037109375
-66425 1803.616943359375
-66415 1812.0030517578125
-66405 1819.362060546875
-66395 1826.2359619140625
-66385 1832.345947265625
-66375 1831.5379638671875
-66365 1829.5400390625
-66355 1834.136962890625
-66345 1839.365966796875
-66335 1845.27099609375
-66325 1851.8360595703125
-66315 1859.0179443359375
-66305 1867.0970458984375
-66295 1878.93505859375
-66285 1888.114990234375
-66275 1896.39794921875
-66265 1904.3740234375
-66255 1905.9599609375
-66245 1904.447021484375
-66235 1900.4820556640625
-66225 1896.2509765625
-66215 1893.137939453125
-66205 1891.801025390625
-66195 1892.094970703125
-66185 1890.656005859375
-66175 1891.2139892578125
-66165 1891.008056640625
-66155 1891.405029296875
-66145 1891.625
-66135 1892.5360107421875
-66125 1894.6949462890625
-66115 1897.7939453125
-66105 1901.47998046875
-66095 1905.2259521484375
-66085 1908.8089599609375
-66075 1911.571044921875
-66065 1914.698974609375
-66055 1917.6510009765625
-66045 1920.883056640625
-66035 1922.8360595703125
-66025 1926.33203125
-66015 1928.9169921875
-66005 1928.56396484375
-65995 1927.5360107421875
-65985 1927.1099853515625
-65975 1926.08203125
-65965 1923.1590576171875
-65955 1919.031982421875
-65945 1913.2010498046875
-65935 1906.7239990234375
-65925 1897.6319580078125
-65915 1890.009033203125
-65905 1883.531982421875
-65895 1876.467041015625
-65885 1870.3570556640625
-65875 1863.9239501953125
-65865 1856.551025390625
-65855 1849.0159912109375
-65845 1842.3480224609375
-65835 1834.8570556640625
-65825 1826.177001953125
-65815 1818.0250244140625
-65805 1810.240966796875
-65795 1803.9539794921875
-65785 1798.593017578125
-65775 1790.677001953125
-65765 1782.43701171875
-65755 1776.3709716796875
-65745 1770.4959716796875
-65735 1765.178955078125
-65725 1756.1309814453125
-65715 1747.2750244140625
-65705 1738.491943359375
-65695 1727.0059814453125
-65685 1717.3409423828125
-65675 1708.0150146484375
-65665 1696.1319580078125
-65655 1684.1009521484375
-65645 1674.0279541015625
-65635 1663.0389404296875
-65625 1653.2010498046875
-65615 1645.3280029296875
-65605 1638.4959716796875
-65595 1632.697021484375
-65585 1628.7020263671875
-65575 1623.927978515625
-65565 1618.758056640625
-65555 1611.6199951171875
-65545 1601.5439453125
-65535 1592.4820556640625
-65525 1581.3170166015625
-65515 1572.989013671875
-65505 1564.426025390625
-65495 1555.998046875
-65485 1548.947998046875
-65475 1542.39697265625
-65465 1536.31396484375
-65455 1529.89794921875
-65445 1523.41796875
-65435 1516.470947265625
-65425 1509.93505859375
-65415 1503.7540283203125
-65405 1497.39404296875
-65395 1492.14794921875
-65385 1486.948974609375
-65375 1481.9840087890625
-65365 1476.81396484375
-65355 1471.7320556640625
-65345 1467.2110595703125
-65335 1462.7139892578125
-65325 1458.89501953125
-65315 1458.675048828125
-65305 1458.56005859375
-65295 1458.0460205078125
-65285 1456.8709716796875
-65275 1456.237060546875
-65265 1456.7950439453125
-65255 1456.166015625
-65245 1455.27001953125
-65235 1454.81201171875
-65225 1456.85400390625
-65215 1458.7509765625
-65205 1460.833984375
-65195 1464.1240234375
-65185 1467.4580078125
-65175 1470.9539794921875
-65165 1474.302978515625
-65155 1478.740966796875
-65145 1485.113037109375
-65135 1491.251953125
-65125 1497.114990234375
-65115 1502.31201171875
-65105 1506.262939453125
-65095 1508.6300048828125
-65085 1514.886962890625
-65075 1523.344970703125
-65065 1528.5760498046875
-65055 1532.864990234375
-65045 1538.884033203125
-65035 1545.3470458984375
-65025 1551.06298828125
-65015 1557.3489990234375
-65005 1562.0169677734375
-64995 1568.06494140625
-64985 1575
-64975 1581.0360107421875
-64965 1587.1729736328125
-64955 1592.5479736328125
-64945 1598.4599609375
-64935 1604.2340087890625
-64925 1610.509033203125
-64915 1616.718994140625
-64905 1623.7159423828125
-64895 1631.2860107421875
-64885 1638.7950439453125
-64875 1646.5400390625
-64865 1654.4229736328125
-64855 1661.9189453125
-64845 1670.2239990234375
-64835 1677.833984375
-64825 1684.8310546875
-64815 1690.654052734375
-64805 1696.3809814453125
-64795 1702.4420166015625
-64785 1708.10302734375
-64775 1713.5059814453125
-64765 1718.66796875
-64755 1723.73095703125
-64745 1729.2569580078125
-64735 1734.6080322265625
-64725 1740.8310546875
-64715 1748.2030029296875
-64705 1757.5069580078125
-64695 1764.1929931640625
-64685 1770.4659423828125
-64675 1777.06298828125
-64665 1782.6500244140625
-64655 1788.5889892578125
-64645 1794.873046875
-64635 1801.1839599609375
-64625 1807.14599609375
-64615 1813.0460205078125
-64605 1819.1319580078125
-64595 1824.6700439453125
-64585 1830.071044921875
-64575 1833.1390380859375
-64565 1833.31396484375
-64555 1831.5550537109375
-64545 1829.634033203125
-64535 1826.4539794921875
-64525 1823.260986328125
-64515 1819.032958984375
-64505 1813.407958984375
-64495 1807.8199462890625
-64485 1801.4339599609375
-64475 1795.0360107421875
-64465 1788.1259765625
-64455 1781.0799560546875
-64445 1774.071044921875
-64435 1766.31298828125
-64425 1759.365966796875
-64415 1751.89501953125
-64405 1745.844970703125
-64395 1739.634033203125
-64385 1734.0340576171875
-64375 1728.259033203125
-64365 1721.885986328125
-64355 1715.2249755859375
-64345 1708.1529541015625
-64335 1700.8580322265625
-64325 1693.7120361328125
-64315 1684.8189697265625
-64305 1675.8740234375
-64295 1667.3070068359375
-64285 1658.7760009765625
-64275 1650.4940185546875
-64265 1642.4620361328125
-64255 1633.906005859375
-64245 1625.738037109375
-64235 1617.3299560546875
-64225 1608.5369873046875
-64215 1602.2010498046875
-64205 1596.1259765625
-64195 1587.43505859375
-64185 1579.72705078125
-64175 1573.1910400390625
-64165 1565.70703125
-64155 1558.8349609375
-64145 1553.4840087890625
-64135 1547.2850341796875
-64125 1542.719970703125
-64115 1538.1810302734375
-64105 1534.177001953125
-64095 1530.25
-64085 1527.10498046875
-64075 1523.7249755859375
-64065 1519.883056640625
-64055 1515.89404296875
-64045 1512.5489501953125
-64035 1508.135986328125
-64025 1505.0050048828125
-64015 1501.4749755859375
-64005 1498.6070556640625
-63995 1493.3060302734375
-63985 1487.6810302734375
-63975 1482.5670166015625
-63965 1477.279052734375
-63955 1472.676025390625
-63945 1466.31494140625
-63935 1460.489990234375
-63925 1454.8280029296875
-63915 1449.9139404296875
-63905 1447.45703125
-63895 1443.8790283203125
-63885 1440.0250244140625
-63875 1435.3580322265625
-63865 1430.27001953125
-63855 1427.1650390625
-63845 1424.5460205078125
-63835 1422.10205078125
-63825 1419.8809814453125
-63815 1419.0460205078125
-63805 1417.1619873046875
-63795 1415.989990234375
-63785 1415.2149658203125
-63775 1414.7049560546875
-63765 1413.79296875
-63755 1412.760009765625
-63745 1412.2340087890625
-63735 1410.7640380859375
-63725 1411.0260009765625
-63715 1410.302001953125
-63705 1409.529052734375
-63695 1413.633056640625
-63685 1418.6820068359375
-63675 1421.4649658203125
-63665 1423.1099853515625
-63655 1424.85595703125
-63645 1426.47900390625
-63635 1429.1490478515625
-63625 1431.428955078125
-63615 1433.7239990234375
-63605 1436.3580322265625
-63595 1438.81298828125
-63585 1441.45703125
-63575 1444.115966796875
-63565 1446.9580078125
-63555 1449.864013671875
-63545 1453.218994140625
-63535 1456.2249755859375
-63525 1460.2540283203125
-63515 1463.6090087890625
-63505 1467.4000244140625
-63495 1470.3809814453125
-63485 1474.1600341796875
-63475 1478.1639404296875
-63465 1481.5689697265625
-63455 1485.6099853515625
-63445 1489.676025390625
-63435 1493.3809814453125
-63425 1497.384033203125
-63415 1504.2569580078125
-63405 1509.8690185546875
-63395 1514.0340576171875
-63385 1518.4749755859375
-63375 1523.301025390625
-63365 1527.989990234375
-63355 1532.1939697265625
-63345 1537.197021484375
-63335 1540.737060546875
-63325 1543.77001953125
-63315 1547.5469970703125
-63305 1550.4530029296875
-63295 1554.5570068359375
-63285 1558.68505859375
-63275 1561.9659423828125
-63265 1564.7840576171875
-63255 1568.8499755859375
-63245 1572.093017578125
-63235 1574.5260009765625
-63225 1577.2449951171875
-63215 1580.324951171875
-63205 1582.968994140625
-63195 1584.5889892578125
-63185 1584.81494140625
-63175 1585.3389892578125
-63165 1585.25
-63155 1586.3489990234375
-63145 1586.7110595703125
-63135 1585.9010009765625
-63125 1584.7659912109375
-63115 1584.416015625
-63105 1583.093994140625
-63095 1581.8699951171875
-63085 1580.262939453125
-63075 1580.5369873046875
-63065 1579.43994140625
-63055 1578.5169677734375
-63045 1577.8929443359375
-63035 1575.0489501953125
-63025 1576.446044921875
-63015 1577.1949462890625
-63005 1576.3590087890625
-62995 1575.0369873046875
-62985 1573.739990234375
-62975 1573.22802734375
-62965 1571.52001953125
-62955 1568.5889892578125
-62945 1567.677978515625
-62935 1567.217041015625
-62925 1565.781982421875
-62915 1564.5350341796875
-62905 1564.31005859375
-62895 1565.5699462890625
-62885 1564.8590087890625
-62875 1564.2860107421875
-62865 1564.072998046875
-62855 1563.93603515625
-62845 1562.926025390625
-62835 1560.9930419921875
-62825 1556.876953125
-62815 1552.175048828125
-62805 1544.85302734375
-62795 1536.3470458984375
-62785 1534.0040283203125
-62775 1532.5050048828125
-62765 1532.406005859375
-62755 1538.0560302734375
-62745 1545.7640380859375
-62735 1549.23095703125
-62725 1549.6800537109375
-62715 1550.739990234375
-62705 1551.7760009765625
-62695 1551.551025390625
-62685 1549.5179443359375
-62675 1547.7340087890625
-62665 1542.595947265625
-62655 1535.8360595703125
-62645 1540.675048828125
-62635 1545.739013671875
-62625 1547.135986328125
-62615 1546.386962890625
-62605 1545.60205078125
-62595 1545.0780029296875
-62585 1543.7060546875
-62575 1540.9620361328125
-62565 1538.2430419921875
-62555 1535.06201171875
-62545 1536.4219970703125
-62535 1537.5689697265625
-62525 1534.7879638671875
-62515 1531.469970703125
-62505 1528.4830322265625
-62495 1523.4959716796875
-62485 1520.0379638671875
-62475 1517.2490234375
-62465 1514.6529541015625
-62455 1513.8270263671875
-62445 1514.2490234375
-62435 1512.23095703125
-62425 1509.2769775390625
-62415 1505.8280029296875
-62405 1508.47900390625
-62395 1510.0479736328125
-62385 1508.2679443359375
-62375 1506.31396484375
-62365 1504.654052734375
-62355 1501.9019775390625
-62345 1499.708984375
-62335 1498.3609619140625
-62325 1496.2320556640625
-62315 1493.5450439453125
-62305 1490.737060546875
-62295 1489.27001953125
-62285 1487.81103515625
-62275 1485.9580078125
-62265 1482.9219970703125
-62255 1481.050048828125
-62245 1479.2430419921875
-62235 1477.64697265625
-62225 1477.041015625
-62215 1475.5279541015625
-62205 1474.6009521484375
-62195 1473.10595703125
-62185 1469.7669677734375
-62175 1464.2540283203125
-62165 1456.81396484375
-62155 1455.0980224609375
-62145 1453.998046875
-62135 1453.501953125
-62125 1452.68603515625
-62115 1452.4010009765625
-62105 1450.5389404296875
-62095 1448.906005859375
-62085 1447.6590576171875
-62075 1446.4940185546875
-62065 1445.5579833984375
-62055 1444.6409912109375
-62045 1444.0989990234375
-62035 1441.4759521484375
-62025 1443.531005859375
-62015 1443.4659423828125
-62005 1444.1090087890625
-61995 1444.887939453125
-61985 1445.823974609375
-61975 1446.887939453125
-61965 1448.887939453125
-61955 1449.511962890625
-61945 1450.66796875
-61935 1451.89697265625
-61925 1454.0989990234375
-61915 1454.7130126953125
-61905 1456.657958984375
-61895 1458.1619873046875
-61885 1461.758056640625
-61875 1468.27099609375
-61865 1474.4539794921875
-61855 1477.4630126953125
-61845 1480.2060546875
-61835 1482.260986328125
-61825 1485.5179443359375
-61815 1487.4990234375
-61805 1489.5260009765625
-61795 1490.9940185546875
-61785 1491.947998046875
-61775 1494.4429931640625
-61765 1496.0670166015625
-61755 1498.5169677734375
-61745 1501.02099609375
-61735 1502.9010009765625
-61725 1503.6259765625
-61715 1505.0570068359375
-61705 1506.9560546875
-61695 1508.552001953125
-61685 1509.5159912109375
-61675 1510.54296875
-61665 1512.4420166015625
-61655 1513.4599609375
-61645 1515.4599609375
-61635 1517.5059814453125
-61625 1518.9000244140625
-61615 1521.77099609375
-61605 1522.761962890625
-61595 1524.3489990234375
-61585 1525.9639892578125
-61575 1527.68798828125
-61565 1530.39404296875
-61555 1531.8709716796875
-61545 1535.4580078125
-61535 1537.1280517578125
-61525 1538.531005859375
-61515 1542.22802734375
-61505 1543.5679931640625
-61495 1544.7969970703125
-61485 1544.9339599609375
-61475 1544.2559814453125
-61465 1544.9620361328125
-61455 1545.1729736328125
-61445 1545.8790283203125
-61435 1546.7230224609375
-61425 1547.3289794921875
-61415 1548.052978515625
-61405 1548.8609619140625
-61395 1549.6500244140625
-61385 1550.1910400390625
-61375 1549.970947265625
-61365 1551.3189697265625
-61355 1554.27294921875
-61345 1556.1080322265625
-61335 1557.208984375
-61325 1559.68505859375
-61315 1561.0159912109375
-61305 1562.262939453125
-61295 1560.73095703125
-61285 1560.383056640625
-61275 1560.4840087890625
-61265 1561.2359619140625
-61255 1561.8050537109375
-61245 1567.2259521484375
-61235 1570.217041015625
-61225 1572.1519775390625
-61215 1572.510009765625
-61205 1570.758056640625
-61195 1568.64794921875
-61185 1568.593017578125
-61175 1568.720947265625
-61165 1569.0699462890625
-61155 1567.73095703125
-61145 1564.0980224609375
-61135 1564.73095703125
-61125 1568.4739990234375
-61115 1569.4090576171875
-61105 1568.9969482421875
-61095 1568.115966796875
-61085 1566.676025390625
-61075 1566.446044921875
-61065 1565.73095703125
-61055 1565.18994140625
-61045 1565.739990234375
-61035 1564.14404296875
-61025 1563.217041015625
-61015 1560.8499755859375
-61005 1559.52001953125
-60995 1558.5389404296875
-60985 1557.612060546875
-60975 1557.593994140625
-60965 1556.97900390625
-60955 1556.0989990234375
-60945 1555.6400146484375
-60935 1555.2359619140625
-60925 1555.5389404296875
-60915 1555.27294921875
-60905 1554.8790283203125
-60895 1554.35595703125
-60885 1554.06201171875
-60875 1554.1910400390625
-60865 1553.5389404296875
-60855 1552.0439453125
-60845 1551.0899658203125
-60835 1550.5760498046875
-60825 1550.116943359375
-60815 1549.4940185546875
-60805 1549.3189697265625
-60795 1549.282958984375
-60785 1549.43896484375
-60775 1549.8330078125
-60765 1549.5670166015625
-60755 1547.0899658203125
-60745 1544.5489501953125
-60735 1542.3199462890625
-60725 1540.614013671875
-60715 1540.696044921875
-60705 1540.4580078125
-60695 1539.29296875
-60685 1538.448974609375
-60675 1537.8890380859375
-60665 1538.053955078125
-60655 1538.31103515625
-60645 1538.22900390625
-60635 1538.52197265625
-60625 1541.8800048828125
-60615 1547.22802734375
-60605 1548.7779541015625
-60595 1546.4210205078125
-60585 1547.0169677734375
-60575 1547.5400390625
-60565 1547.5489501953125
-60555 1546.35595703125
-60545 1543.76904296875
-60535 1539.3480224609375
-60525 1542.4580078125
-60515 1545.97998046875
-60505 1546.8790283203125
-60495 1545.89794921875
-60485 1544.1090087890625
-60475 1540.6600341796875
-60465 1541.8699951171875
-60455 1542.2099609375
-60445 1541.2010498046875
-60435 1541.365966796875
-60425 1539.696044921875
-60415 1537.1739501953125
-60405 1536.4859619140625
-60395 1535.2110595703125
-60385 1533.1009521484375
-60375 1529.9730224609375
-60365 1530.1099853515625
-60355 1527.863037109375
-60345 1528.248046875
-60335 1527.551025390625
-60325 1525.376953125
-60315 1523.1839599609375
-60305 1520.385986328125
-60295 1520.1109619140625
-60285 1516.3499755859375
-60275 1514.93701171875
-60265 1515.258056640625
-60255 1515.386962890625
-60245 1515.386962890625
-60235 1515.0379638671875
-60225 1514.64404296875
-60215 1514.3499755859375
-60205 1515.3499755859375
-60195 1515.991943359375
-60185 1515.6619873046875
-60175 1515.322021484375
-60165 1514.8179931640625
-60155 1514.4420166015625
-60145 1516.166015625
-60135 1518.010009765625
-60125 1518.717041015625
-60115 1519.60595703125
-60105 1519.761962890625
-60095 1519.14794921875
-60085 1518.9639892578125
-60075 1520.3399658203125
-60065 1520.532958984375
-60055 1520.2120361328125
-60045 1522.634033203125
-60035 1521.4139404296875
-60025 1521.14794921875
-60015 1519.7900390625
-60005 1518.1199951171875
-59995 1518.8929443359375
-59985 1521.47802734375
-59975 1522.97900390625
-59965 1522.72900390625
-59955 1529.4110107421875
-59945 1531.2220458984375
-59935 1531.6629638671875
-59925 1532.008056640625
-59915 1532.0560302734375
-59905 1532.4840087890625
-59895 1533.93798828125
-59885 1533.6400146484375
-59875 1530.29296875
-59865 1529.553955078125
-59855 1528.9229736328125
-59845 1528.780029296875
-59835 1526.6949462890625
-59825 1525.5159912109375
-59815 1524.1219482421875
-59805 1522.47900390625
-59795 1521.4300537109375
-59785 1520.2989501953125
-59775 1519.1669921875
-59765 1518.1669921875
-59755 1517.571044921875
-59745 1516.9630126953125
-59735 1516.2249755859375
-59725 1515.5579833984375
-59715 1515.116943359375
-59705 1515.843994140625
-59695 1515.85595703125
-59685 1514.5810546875
-59675 1513.532958984375
-59665 1514.4139404296875
-59655 1518.6429443359375
-59645 1521.656982421875
-59635 1523.073974609375
-59625 1524.0150146484375
-59615 1524.741943359375
-59605 1525.0400390625
-59595 1525.0159912109375
-59585 1525.1109619140625
-59575 1525.5880126953125
-59565 1526.135009765625
-59555 1526.4100341796875
-59545 1526.6600341796875
-59535 1527.23095703125
-59525 1526.6949462890625
-59515 1526.8260498046875
-59505 1527.4820556640625
-59495 1528.6490478515625
-59485 1529.697021484375
-59475 1530.7220458984375
-59465 1532.1390380859375
-59455 1533.02099609375
-59445 1529.1729736328125
-59435 1530.51904296875
-59425 1537.844970703125
-59415 1542.656982421875
-59405 1544.8489990234375
-59395 1545.7779541015625
-59385 1545.8380126953125
-59375 1546.1949462890625
-59365 1546.802978515625
-59355 1547.625
-59345 1548.1839599609375
-59335 1548.0059814453125
-59325 1547.1839599609375
-59315 1546.06396484375
-59305 1546.23095703125
-59295 1547.218994140625
-59285 1548.969970703125
-59275 1550.6500244140625
-59265 1551.864990234375
-59255 1552.9010009765625
-59245 1553.2349853515625
-59235 1553.259033203125
-59225 1554.60498046875
-59215 1554.7359619140625
-59205 1554.510009765625
-59195 1554.949951171875
-59185 1555.343017578125
-59175 1554.7120361328125
-59165 1552.7469482421875
-59155 1551.626953125
-59145 1551.1500244140625
-59135 1551.126953125
-59125 1550.8289794921875
-59115 1549.5899658203125
-59105 1548.93505859375
-59095 1549.8160400390625
-59085 1551.364990234375
-59075 1554.0810546875
-59065 1553.842041015625
-59055 1552.3179931640625
-59045 1551.29296875
-59035 1551.3890380859375
-59025 1553.52099609375
-59015 1560.81103515625
-59005 1555.7359619140625
-58995 1551.0069580078125
-58985 1548.5660400390625
-58975 1549.93505859375
-58965 1549.887939453125
-58955 1546.14697265625
-58945 1551.18603515625
-58935 1553.949951171875
-58925 1555.1290283203125
-58915 1555.6650390625
-58905 1555.4620361328125
-58895 1551.114990234375
-58885 1546.0880126953125
-58875 1542.8480224609375
-58865 1537.677978515625
-58855 1531.447998046875
-58845 1531.9599609375
-58835 1537.93994140625
-58825 1539.7750244140625
-58815 1542.6929931640625
-58805 1545.6949462890625
-58795 1545.2659912109375
-58785 1545.0400390625
-58775 1544.623046875
-58765 1544.2530517578125
-58755 1544.5159912109375
-58745 1544.718017578125
-58735 1544.6109619140625
-58725 1545.14697265625
-58715 1544.81298828125
-58705 1544.468017578125
-58695 1545.4090576171875
-58685 1544.991943359375
-58675 1543.740966796875
-58665 1544.22998046875
-58655 1544.824951171875
-58645 1543.5860595703125
-58635 1545.5159912109375
-58625 1545.9449462890625
-58615 1546.135009765625
-58605 1545.56396484375
-58595 1545.95703125
-58585 1550.114013671875
-58575 1552.52001953125
-58565 1553.259033203125
-58555 1553.6400146484375
-58545 1552.8299560546875
-58535 1552.865966796875
-58525 1553.10400390625
-58515 1553.9849853515625
-58505 1555.4150390625
-58495 1554.7950439453125
-58485 1555.2840576171875
-58475 1555.616943359375
-58465 1555.58203125
-58455 1555.7239990234375
-58445 1556.3079833984375
-58435 1556.27197265625
-58425 1555.68896484375
-58415 1556.7850341796875
-58405 1557.594970703125
-58395 1558.9649658203125
-58385 1558.2860107421875
-58375 1558.0240478515625
-58365 1558.9649658203125
-58355 1558.678955078125
-58345 1559.1070556640625
-58335 1558.6910400390625
-58325 1558.3690185546875
-58315 1558.594970703125
-58305 1558.655029296875
-58295 1557.0350341796875
-58285 1553.60400390625
-58275 1548.31494140625
-58265 1545.2900390625
-58255 1543.323974609375
-58245 1539.2149658203125
-58235 1532.448974609375
-58225 1522.300048828125
-58215 1529.614013671875
-58205 1538.488037109375
-58195 1548.5660400390625
-58185 1558.1309814453125
-58175 1563.4200439453125
-58165 1567.9219970703125
-58155 1571.447998046875
-58145 1574.6639404296875
-58135 1577.3330078125
-58125 1580.2509765625
-58115 1582.550048828125
-58105 1585.741943359375
-58095 1588.31494140625
-58085 1590.6500244140625
-58075 1587.56494140625
-58065 1588.0059814453125
-58055 1590.01904296875
-58045 1592.4610595703125
-58035 1595.6650390625
-58025 1596.760986328125
-58015 1597.2490234375
-58005 1598.177978515625
-57995 1598.2969970703125
-57985 1598.7979736328125
-57975 1599.572021484375
-57965 1601.156005859375
-57955 1602.14501953125
-57945 1601.7039794921875
-57935 1601.8349609375
-57925 1601.8590087890625
-57915 1601.9420166015625
-57905 1601.41796875
-57895 1601.012939453125
-57885 1600.095947265625
-57875 1597.2249755859375
-57865 1594.032958984375
-57855 1591.508056640625
-57845 1588.56494140625
-57835 1584.885009765625
-57825 1581.31103515625
-57815 1577.093994140625
-57805 1571.864990234375
-57795 1563.72900390625
-57785 1554.7359619140625
-57775 1545.552001953125
-57765 1536.7490234375
-57755 1534.60498046875
-57745 1539.81005859375
-57735 1550.3759765625
-57725 1563.717041015625
-57715 1573.6519775390625
-57705 1581.41796875
-57695 1588.5179443359375
-57685 1595.1650390625
-57675 1601.633056640625
-57665 1608.56494140625
-57655 1614.85498046875
-57645 1621.5970458984375
-57635 1625.70703125
-57625 1629.9949951171875
-57615 1633.9849853515625
-57605 1638.2020263671875
-57595 1641.2989501953125
-57585 1643.4549560546875
-57575 1644.72998046875
-57565 1644.968017578125
-57555 1645.873046875
-57545 1646.2779541015625
-57535 1646.5159912109375
-57525 1647.468994140625
-57515 1649.0179443359375
-57505 1650.6820068359375
-57495 1652.4949951171875
-57485 1654.083984375
-57475 1655.052978515625
-57465 1655.8399658203125
-57455 1656.8389892578125
-57445 1657.595947265625
-57435 1658.0050048828125
-57425 1658.322998046875
-57415 1659.5489501953125
-57405 1659.927001953125
-57395 1660.093994140625
-57385 1659.9730224609375
-57375 1660.3360595703125
-57365 1660.865966796875
-57355 1660.18505859375
-57345 1658.9429931640625
-57335 1656.5970458984375
-57325 1652.2220458984375
-57315 1646.696044921875
-57305 1641.51904296875
-57295 1636.2659912109375
-57285 1631.875
-57275 1627.5760498046875
-57265 1623.125
-57255 1619.5980224609375
-57245 1616.3580322265625
-57235 1614.1180419921875
-57225 1608.6070556640625
-57215 1600.8260498046875
-57205 1592.1669921875
-57195 1583.18896484375
-57185 1576.498046875
-57175 1575.1810302734375
-57165 1575.4840087890625
-57155 1576.1800537109375
-57145 1573.5760498046875
-57135 1567.9449462890625
-57125 1566.885009765625
-57115 1569.3380126953125
-57105 1571.032958984375
-57095 1575.166015625
-57085 1585.9139404296875
-57075 1595.1490478515625
-57065 1593.93798828125
-57055 1591.60595703125
-57045 1593.9219970703125
-57035 1598.14599609375
-57025 1603.0059814453125
-57015 1608.39501953125
-57005 1614.9649658203125
-56995 1622.383056640625
-56985 1629.1510009765625
-56975 1636.3709716796875
-56965 1644
-56955 1651.4649658203125
-56945 1656.85400390625
-56935 1661.7750244140625
-56925 1664.8780517578125
-56915 1667.5870361328125
-56905 1670.842041015625
-56895 1673.5069580078125
-56885 1674.884033203125
-56875 1678.154052734375
-56865 1680.925048828125
-56855 1683.9520263671875
-56845 1686.2080078125
-56835 1688.7969970703125
-56825 1690.4010009765625
-56815 1693.717041015625
-56805 1695.95703125
-56795 1697.0159912109375
-56785 1699.22705078125
-56775 1701.93701171875
-56765 1703.844970703125
-56755 1706.009033203125
-56745 1707.947021484375
-56735 1711.18798828125
-56725 1713.2760009765625
-56715 1714.698974609375
-56705 1717.72705078125
-56695 1719.5889892578125
-56685 1722.010986328125
-56675 1724.0849609375
-56665 1725.97705078125
-56655 1728.5360107421875
-56645 1731.427001953125
-56635 1733.6219482421875
-56625 1736.2259521484375
-56615 1739.60205078125
-56605 1741.7060546875
-56595 1743.6739501953125
-56585 1747.4139404296875
-56575 1750.39599609375
-56565 1752.0460205078125
-56555 1754.4530029296875
-56545 1757.0870361328125
-56535 1759.4940185546875
-56525 1761.552978515625
-56515 1763.5970458984375
-56505 1765.56494140625
-56495 1767.427001953125
-56485 1769.5460205078125
-56475 1769.8189697265625
-56465 1771.4840087890625
-56455 1772.60400390625
-56445 1772.8160400390625
-56435 1772.801025390625
-56425 1771.696044921875
-56415 1771.5150146484375
-56405 1771.06005859375
-56395 1771.4840087890625
-56385 1768.3349609375
-56375 1766.4730224609375
-56365 1765.06494140625
-56355 1762.5980224609375
-56345 1760.64501953125
-56335 1758.2080078125
-56325 1754.6800537109375
-56315 1750.56201171875
-56305 1745.85400390625
-56295 1744.385986328125
-56285 1740.2530517578125
-56275 1736.5889892578125
-56265 1732.4420166015625
-56255 1729.1719970703125
-56245 1725.3409423828125
-56235 1722.70703125
-56225 1720.1639404296875
-56215 1717.907958984375
-56205 1714.9560546875
-56195 1711.489990234375
-56185 1708.4630126953125
-56175 1704.4949951171875
-56165 1700.4530029296875
-56155 1695.6240234375
-56145 1689.886962890625
-56135 1684.0579833984375
-56125 1676.5040283203125
-56115 1668.0260009765625
-56105 1659.39697265625
-56095 1652.0550537109375
-56085 1646.696044921875
-56075 1642.654052734375
-56065 1640.4739990234375
-56055 1637.885009765625
-56045 1630.2550048828125
-56035 1626.0469970703125
-56025 1615.9649658203125
-56015 1608.7430419921875
-56005 1601.0830078125
-55995 1595.906005859375
-55985 1594.60400390625
-55975 1606.3060302734375
-55965 1617.81201171875
-55955 1627.7120361328125
-55945 1635.2659912109375
-55935 1642.427001953125
-55925 1649.5269775390625
-55915 1655.052978515625
-55905 1662.426025390625
-55895 1670.8280029296875
-55885 1678.9410400390625
-55875 1687.6300048828125
-55865 1693.4749755859375
-55855 1701.0140380859375
-55845 1708.97705078125
-55835 1717.863037109375
-55825 1726.18896484375
-55815 1735.2879638671875
-55805 1744.0069580078125
-55795 1750.1080322265625
-55785 1753.2569580078125
-55775 1756.2239990234375
-55765 1759.251953125
-55755 1762.779052734375
-55745 1766.39599609375
-55735 1771.166015625
-55725 1775.677001953125
-55715 1779.81103515625
-55705 1783.0050048828125
-55695 1784.72998046875
-55685 1786.3349609375
-55675 1787.303955078125
-55665 1787.6669921875
-55655 1785.4720458984375
-55645 1785.3360595703125
-55635 1786.697998046875
-55625 1789.0889892578125
-55615 1790.739990234375
-55605 1792.905029296875
-55595 1794.9949951171875
-55585 1796.083984375
-55575 1796.5389404296875
-55565 1797.1739501953125
-55555 1798.385009765625
-55545 1798.6429443359375
-55535 1799.552001953125
-55525 1799.9599609375
-55515 1800.322998046875
-55505 1800.0360107421875
-55495 1800.322998046875
-55485 1799.68701171875
-55475 1798.385009765625
-55465 1796.675048828125
-55455 1794.6009521484375
-55445 1792.43603515625
-55435 1789.27197265625
-55425 1783.9429931640625
-55415 1778.47802734375
-55405 1772.740966796875
-55395 1765.5350341796875
-55385 1757.43505859375
-55375 1749.06396484375
-55365 1753.4239501953125
-55355 1755.9219970703125
-55345 1757.010986328125
-55335 1757.3900146484375
-55325 1756.27001953125
-55315 1754.876953125
-55305 1759.5849609375
-55295 1761.7349853515625
-55285 1761.7349853515625
-55275 1762.4010009765625
-55265 1763.4610595703125
-55255 1763.9599609375
-55245 1763.9749755859375
-55235 1763.3389892578125
-55225 1762.416015625
-55215 1760.5989990234375
-55205 1758.2080078125
-55195 1754.376953125
-55185 1748.1710205078125
-55175 1741.2220458984375
-55165 1734.0159912109375
-55155 1726.824951171875
-55145 1719.468017578125
-55135 1711.261962890625
-55125 1702.739013671875
-55115 1693.7469482421875
-55105 1681.5
-55095 1670.9940185546875
-55085 1665.196044921875
-55075 1665.1800537109375
-55065 1665.2559814453125
-55055 1665.93701171875
-55045 1661.3199462890625
-55035 1653.7039794921875
-55025 1647.876953125
-55015 1638.85400390625
-55005 1630.93505859375
-54995 1626.615966796875
-54985 1625.93701171875
-54975 1626.02099609375
-54965 1629.4749755859375
-54955 1630.197021484375
-54945 1631.4849853515625
-54935 1632.3060302734375
-54925 1633.1259765625
-54915 1633.9329833984375
-54905 1634.626953125
-54895 1634.98095703125
-54885 1636.720947265625
-54875 1640.883056640625
-54865 1645.552978515625
-54855 1652.8280029296875
-54845 1661.177978515625
-54835 1670.1090087890625
-54825 1678.3609619140625
-54815 1686.0889892578125
-54805 1693.8170166015625
-54795 1701.5159912109375
-54785 1709.343017578125
-54775 1718.0050048828125
-54765 1726.384033203125
-54755 1733.758056640625
-54745 1739.5469970703125
-54735 1746.4820556640625
-54725 1751.4639892578125
-54715 1757.322998046875
-54705 1762.405029296875
-54695 1766.7919921875
-54685 1770.9820556640625
-54675 1774.094970703125
-54665 1774.406982421875
-54655 1778.9219970703125
-54645 1786.0550537109375
-54635 1790.9110107421875
-54625 1797.0240478515625
-54615 1800.844970703125
-54605 1804.384033203125
-54595 1810.27197265625
-54585 1817.7030029296875
-54575 1823.675048828125
-54565 1827.3270263671875
-54555 1832.5489501953125
-54545 1835.91796875
-54535 1843.64599609375
-54525 1851.5999755859375
-54515 1859.342041015625
-54505 1864.989013671875
-54495 1869.9150390625
-54485 1873
-54475 1874.7969970703125
-54465 1876.5240478515625
-54455 1877.2320556640625
-54445 1876.8780517578125
-54435 1875.2650146484375
-54425 1872.20703125
-54415 1869.4759521484375
-54405 1865.5550537109375
-54395 1861.39404296875
-54385 1856.114990234375
-54375 1852.5340576171875
-54365 1852.166015625
-54355 1849.7740478515625
-54345 1846.9429931640625
-54335 1843.0789794921875
-54325 1837.8280029296875
-54315 1843.2779541015625
-54305 1850.821044921875
-54295 1858.449951171875
-54285 1864.6209716796875
-54275 1870.0140380859375
-54265 1874.925048828125
-54255 1879.780029296875
-54245 1883.8270263671875
-54235 1887.1390380859375
-54225 1890.748046875
-54215 1893.635986328125
-54205 1896.6929931640625
-54195 1899.6090087890625
-54185 1901.5760498046875
-54175 1902.594970703125
-54165 1902.35400390625
-54155 1903.7130126953125
-54145 1904.5909423828125
-54135 1906.883056640625
-54125 1908.5830078125
-54115 1910.9169921875
-54105 1912.7149658203125
-54095 1913.8330078125
-54085 1914.7540283203125
-54075 1916.0269775390625
-54065 1917.3570556640625
-54055 1918.2060546875
-54045 1918.4610595703125
-54035 1918.06396484375
-54025 1916.947021484375
-54015 1916.3380126953125
-54005 1915.261962890625
-53995 1914.0030517578125
-53985 1911.427001953125
-53975 1908.8370361328125
-53965 1906.06201171875
-53955 1902.636962890625
-53945 1899.126953125
-53935 1894.89501953125
-53925 1888.072998046875
-53915 1881.0250244140625
-53905 1875.5899658203125
-53895 1871.0040283203125
-53885 1865.3709716796875
-53875 1858.1529541015625
-53865 1854.345947265625
-53855 1851.4439697265625
-53845 1846.873046875
-53835 1844.0989990234375
-53825 1842.3719482421875
-53815 1840.7440185546875
-53805 1838.239990234375
-53795 1836.18701171875
-53785 1834.0059814453125
-53775 1831.0069580078125
-53765 1825.175048828125
-53755 1818.35400390625
-53745 1813.1729736328125
-53735 1807.8370361328125
-53725 1804.2559814453125
-53715 1803.095947265625
-53705 1798.3260498046875
-53695 1792.8060302734375
-53685 1789.2960205078125
-53675 1788.3759765625
-53665 1783.364990234375
-53655 1776.54296875
-53645 1768.3070068359375
-53635 1761.2440185546875
-53625 1755.114990234375
-53615 1749.97802734375
-53605 1745.1939697265625
-53595 1739.2349853515625
-53585 1733.1490478515625
-53575 1726.625
-53565 1718.1319580078125
-53555 1708.2960205078125
-53545 1700.0439453125
-53535 1692.5150146484375
-53525 1686.7259521484375
-53515 1689.85400390625
-53505 1683.3699951171875
-53495 1678.1910400390625
-53485 1671.97802734375
-53475 1665.6939697265625
-53465 1661.2779541015625
-53455 1655.843017578125
-53445 1653.39404296875
-53435 1650.238037109375
-53425 1647.0250244140625
-53415 1642.7080078125
-53405 1637.27294921875
-53395 1630.947021484375
-53385 1624.875
-53375 1619.31298828125
-53365 1614.1309814453125
-53355 1608.31494140625
-53345 1602.2149658203125
-53335 1594.5999755859375
-53325 1585.2449951171875
-53315 1574.657958984375
-53305 1565.7559814453125
-53295 1554.9139404296875
-53285 1542.345947265625
-53275 1533.626953125
-53265 1524.8800048828125
-53255 1515.114990234375
-53245 1506.6929931640625
-53235 1499.6719970703125
-53225 1496.72900390625
-53215 1504.89599609375
-53205 1513.9110107421875
-53195 1520.677001953125
-53185 1526.508056640625
-53175 1534.0240478515625
-53165 1542.6009521484375
-53155 1549.947021484375
-53145 1560.8170166015625
-53135 1572.2239990234375
-53125 1578.0550537109375
-53115 1584.70703125
-53105 1592.010009765625
-53095 1600.405029296875
-53085 1608.5989990234375
-53075 1617.4429931640625
-53065 1624.364990234375
-53055 1632.7869873046875
-53045 1638.7449951171875
-53035 1644.47802734375
-53025 1653.0260009765625
-53015 1660.7259521484375
-53005 1667.760009765625
-52995 1673.5059814453125
-52985 1679.7760009765625
-52975 1685.3389892578125
-52965 1692.925048828125
-52955 1697.8499755859375
-52945 1704.177001953125
-52935 1710.5179443359375
-52925 1717.0570068359375
-52915 1723.43994140625
-52905 1730.4029541015625
-52895 1736.56005859375
-52885 1742.675048828125
-52875 1749.18505859375
-52865 1755.157958984375
-52855 1760.904052734375
-52845 1766.3819580078125
-52835 1772.6519775390625
-52825 1778.2559814453125
-52815 1784.7099609375
-52805 1791.0369873046875
-52795 1797.56201171875
-52785 1802.926025390625
-52775 1808.3179931640625
-52765 1814.4610595703125
-52755 1818.2259521484375
-52745 1822.7969970703125
-52735 1827.2130126953125
-52725 1817.81494140625
-52715 1810.498046875
-52705 1805.14794921875
-52695 1802.93994140625
-52685 1803.7469482421875
-52675 1794.7449951171875
-52665 1788.02197265625
-52655 1786.0830078125
-52645 1786.0550537109375
-52635 1786.2249755859375
-52625 1785.7440185546875
-52615 1784.14404296875
-52605 1780.5780029296875
-52595 1776.387939453125
-52585 1772.18505859375
-52575 1777.64697265625
-52565 1784.3280029296875
-52555 1787.6689453125
-52545 1792.282958984375
-52535 1800.364013671875
-52525 1808.135009765625
-52515 1818.324951171875
-52505 1827.1400146484375
-52495 1833.363037109375
-52485 1837.095947265625
-52475 1840.6240234375
-52465 1846.18603515625
-52455 1852.541015625
-52445 1856.56103515625
-52435 1863.9439697265625
-52425 1871.9520263671875
-52415 1880.947021484375
-52405 1890.1070556640625
-52395 1899.02099609375
-52385 1909.0150146484375
-52375 1916.697998046875
-52365 1924.6669921875
-52355 1929.72705078125
-52345 1932.9730224609375
-52335 1935.2989501953125
-52325 1936.6500244140625
-52315 1937.677978515625
-52305 1938.6409912109375
-52295 1938.31396484375
-52285 1936.9229736328125
-52275 1936.89599609375
-52265 1937.501953125
-52255 1940.8050537109375
-52245 1947.4849853515625
-52235 1954.06103515625
-52225 1957.1309814453125
-52215 1960.2159423828125
-52205 1964.0169677734375
-52195 1968.9539794921875
-52185 1972.60400390625
-52175 1976.175048828125
-52165 1978.7449951171875
-52155 1981.6529541015625
-52145 1984.574951171875
-52135 1986.3360595703125
-52125 1991.053955078125
-52115 1993.8160400390625
-52105 1995.25
-52095 1996.4110107421875
-52085 1999.8599853515625
-52075 2000.876953125
-52065 2001.4840087890625
-52055 2002.5679931640625
-52045 2003.1199951171875
-52035 2003.5009765625
-52025 2003.5009765625
-52015 2004
-52005 2004.7860107421875
-51995 2006.123046875
-51985 2007.6920166015625
-51975 2009.5450439453125
-51965 2011.8199462890625
-51955 2014.52294921875
-51945 2016.824951171875
-51935 2018.3399658203125
-51925 2019.35205078125
-51915 2019.81201171875
-51905 2020.2869873046875
-51895 2020.2869873046875
-51885 2020.529052734375
-51875 2020.2449951171875
-51865 2020.0689697265625
-51855 2020.31494140625
-51845 2020.5450439453125
-51835 2020.47705078125
-51825 2019.8819580078125
-51815 2019.947021484375
-51805 2021.1510009765625
-51795 2021.6650390625
-51785 2022.5059814453125
-51775 2023.885986328125
-51765 2024.925048828125
-51755 2025.5760498046875
-51745 2025.657958984375
-51735 2026.1180419921875
-51725 2026.5369873046875
-51715 2026.428955078125
-51705 2026.0889892578125
-51695 2025.7120361328125
-51685 2025.3060302734375
-51675 2024.614013671875
-51665 2023.7099609375
-51655 2022.6929931640625
-51645 2021.6109619140625
-51635 2020.219970703125
-51625 2019.4219970703125
-51615 2017.634033203125
-51605 2017.2850341796875
-51595 2016.053955078125
-51585 2015.1070556640625
-51575 2014.06298828125
-51565 2012.969970703125
-51555 2011.9959716796875
-51545 2011.2249755859375
-51535 2010.43798828125
-51525 2008.7359619140625
-51515 2007.5989990234375
-51505 2006.5159912109375
-51495 2005.0679931640625
-51485 2003.8909912109375
-51475 2002.676025390625
-51465 2001.593994140625
-51455 1999.95703125
-51445 1998.4150390625
-51435 1997.262939453125
-51425 1995.342041015625
-51415 1993.5050048828125
-51405 1991.85400390625
-51395 1990.052978515625
-51385 1987.916015625
-51375 1986.281005859375
-51365 1984.4530029296875
-51355 1982.47900390625
-51345 1980.3570556640625
-51335 1978.449951171875
-51325 1975.9720458984375
-51315 1974.4730224609375
-51305 1971.9840087890625
-51295 1969.238037109375
-51285 1966.762939453125
-51275 1963.8680419921875
-51265 1960.9599609375
-51255 1957.2130126953125
-51245 1953.385009765625
-51235 1949.760009765625
-51225 1945.8370361328125
-51215 1941.927978515625
-51205 1938.4219970703125
-51195 1933.7960205078125
-51185 1930.5899658203125
-51175 1927.008056640625
-51165 1923.89599609375
-51155 1919.865966796875
-51145 1916.552001953125
-51135 1912.8050537109375
-51125 1909.572021484375
-51115 1905.9200439453125
-51105 1902.822021484375
-51095 1899.8330078125
-51085 1896.97802734375
-51075 1894.9759521484375
-51065 1890.8349609375
-51055 1886.844970703125
-51045 1881.0849609375
-51035 1876.364013671875
-51025 1872.3170166015625
-51015 1867.4229736328125
-51005 1864.0260009765625
-50995 1859.197998046875
-50985 1854.54296875
-50975 1849.2969970703125
-50965 1844.3060302734375
-50955 1839.0279541015625
-50945 1833.2950439453125
-50935 1825.718017578125
-50925 1820.875
-50915 1817.073974609375
-50905 1812.5860595703125
-50895 1807.5379638671875
-50885 1802.302978515625
-50875 1794.7550048828125
-50865 1788.7239990234375
-50855 1785.3699951171875
-50845 1782.2049560546875
-50835 1777.3489990234375
-50825 1772.3170166015625
-50815 1767.0389404296875
-50805 1761.926025390625
-50795 1756.39599609375
-50785 1750.833984375
-50775 1745.43701171875
-50765 1740.5810546875
-50755 1734.0770263671875
-50745 1727.635986328125
-50735 1720.2120361328125
-50725 1713.487060546875
-50715 1706.157958984375
-50705 1701.7080078125
-50695 1695.10400390625
-50685 1688.89794921875
-50675 1682.4169921875
-50665 1677.697998046875
-50655 1672.43603515625
-50645 1666.5899658203125
-50635 1660.2349853515625
-50625 1654.8489990234375
-50615 1647.5579833984375
-50605 1641.093994140625
-50595 1636.208984375
-50585 1630.324951171875
-50575 1622.5880126953125
-50565 1614.14697265625
-50555 1603.70703125
-50545 1592.343994140625
-50535 1584.18798828125
-50525 1575.0439453125
-50515 1563.7740478515625
-50505 1554.3330078125
-50495 1545.3370361328125
-50485 1545.6639404296875
-50475 1553.64501953125
-50465 1563.260009765625
-50455 1573.1639404296875
-50445 1582.06201171875
-50435 1590.2049560546875
-50425 1593.2889404296875
-50415 1596.656982421875
-50405 1597.52294921875
-50395 1603.35302734375
-50385 1611.4010009765625
-50375 1621.43798828125
-50365 1627.4169921875
-50355 1632.626953125
-50345 1637.739990234375
-50335 1643.4620361328125
-50325 1647.1820068359375
-50315 1652.3759765625
-50305 1658.135986328125
-50295 1663.3189697265625
-50285 1667.64501953125
-50275 1671.9329833984375
-50265 1678.3199462890625
-50255 1682.5
-50245 1688.4759521484375
-50235 1695.280029296875
-50225 1701.302001953125
-50215 1707.7659912109375
-50205 1714.3389892578125
-50195 1720.6290283203125
-50185 1726.8919677734375
-50175 1734.5479736328125
-50165 1739.14697265625
-50155 1745.8179931640625
-50145 1752.906005859375
-50135 1760.56005859375
-50125 1767.864990234375
-50115 1775.0469970703125
-50105 1779.7540283203125
-50095 1785.989990234375
-50085 1791.14599609375
-50075 1796.0810546875
-50065 1800.2359619140625
-50055 1804.68603515625
-50045 1805.4169921875
-50035 1808.4849853515625
-50025 1810.85205078125
-50015 1813.4649658203125
-50005 1816.1529541015625
-49995 1819.7099609375
-49985 1822.6949462890625
-49975 1823.41796875
-49965 1823.7650146484375
-49955 1823.116943359375
-49945 1822.60400390625
-49935 1821.8480224609375
-49925 1820.31298828125
-49915 1818.291015625
-49905 1816.137939453125
-49895 1813.93505859375
-49885 1810.9530029296875
-49875 1807.8780517578125
-49865 1805.072021484375
-49855 1800.657958984375
-49845 1795.4129638671875
-49835 1789.6400146484375
-49825 1782.2669677734375
-49815 1785.208984375
-49805 1787.43701171875
-49795 1790.0770263671875
-49785 1793.2850341796875
-49775 1796.634033203125
-49765 1800.7010498046875
-49755 1804.802978515625
-49745 1808.1949462890625
-49735 1810.7569580078125
-49725 1813.469970703125
-49715 1816.5150146484375
-49705 1819.43896484375
-49695 1822.27294921875
-49685 1824.3680419921875
-49675 1826.251953125
-49665 1827.9100341796875
-49655 1830.6080322265625
-49645 1832.5069580078125
-49635 1835.08203125
-49625 1836.636962890625
-49615 1836.9539794921875
-49605 1838.446044921875
-49595 1841.927978515625
-49585 1843.2989501953125
-49575 1844.8370361328125
-49565 1846.947021484375
-49555 1848.77099609375
-49545 1849.238037109375
-49535 1850.8809814453125
-49525 1852.1619873046875
-49515 1853.6090087890625
-49505 1853.7149658203125
-49495 1854.8299560546875
-49485 1856.6839599609375
-49475 1858.3270263671875
-49465 1860.0450439453125
-49455 1860.7840576171875
-49445 1861.5980224609375
-49435 1862.1669921875
-49425 1862.9840087890625
-49415 1864.0240478515625
-49405 1864.656982421875
-49395 1865.3809814453125
-49385 1866.135009765625
-49375 1866.5870361328125
-49365 1866.887939453125
-49355 1868.093994140625
-49345 1868.697021484375
-49335 1869.64697265625
-49325 1869.91796875
-49315 1870.385009765625
-49305 1870.7320556640625
-49295 1870.7769775390625
-49285 1870.864990234375
-49275 1871.0179443359375
-49265 1871.1240234375
-49255 1870.8070068359375
-49245 1870.9129638671875
-49235 1871.0030517578125
-49225 1871.0030517578125
-49215 1870.25
-49205 1867.490966796875
-49195 1860.8590087890625
-49185 1855.177001953125
-49175 1853.3680419921875
-49165 1856.7860107421875
-49155 1861.748046875
-49145 1867.4759521484375
-49135 1871.5159912109375
-49125 1873.9420166015625
-49115 1875.2239990234375
-49105 1876.7159423828125
-49095 1878.3890380859375
-49085 1880.1669921875
-49075 1881.0260009765625
-49065 1881.4940185546875
-49055 1881.9610595703125
-49045 1882.8349609375
-49035 1883.678955078125
-49025 1884.2669677734375
-49015 1885.3370361328125
-49005 1886.498046875
-48995 1887.2969970703125
-48985 1887.4630126953125
-48975 1887.14599609375
-48965 1887.1910400390625
-48955 1887.3570556640625
-48945 1887.0560302734375
-48935 1887.220947265625
-48925 1886.875
-48915 1886.2569580078125
-48905 1885.759033203125
-48895 1885.364990234375
-48885 1885.0660400390625
-48875 1884.52294921875
-48865 1883.407958984375
-48855 1882.3380126953125
-48845 1882.18701171875
-48835 1882.217041015625
-48825 1881.282958984375
-48815 1881.2530517578125
-48805 1879.865966796875
-48795 1879.458984375
-48785 1878.9429931640625
-48775 1878.9429931640625
-48765 1878.97705078125
-48755 1877.6500244140625
-48745 1873.56298828125
-48735 1873.7159423828125
-48725 1874.469970703125
-48715 1869.4959716796875
-48705 1871.032958984375
-48695 1870.8070068359375
-48685 1869.10400390625
-48675 1866.2249755859375
-48665 1863.406005859375
-48655 1852.446044921875
-48645 1845.093017578125
-48635 1836.4990234375
-48625 1831.2559814453125
-48615 1822.81494140625
-48605 1816.2259521484375
-48595 1808.583984375
-48585 1801.9520263671875
-48575 1794.0419921875
-48565 1787.303955078125
-48555 1779.7650146484375
-48545 1774.47705078125
-48535 1767.571044921875
-48525 1761.635009765625
-48515 1754.4000244140625
-48505 1743.864013671875
-48495 1737.6839599609375
-48485 1721.2220458984375
-48475 1712.376953125
-48465 1706.0009765625
-48455 1697.8289794921875
-48445 1687.7779541015625
-48435 1694.1689453125
-48425 1695.386962890625
-48415 1694.5279541015625
-48405 1690.35302734375
-48395 1689.4940185546875
-48385 1681.9599609375
-48375 1685.4090576171875
-48365 1671.43701171875
-48355 1658.7449951171875
-48345 1647.8199462890625
-48335 1638.2159423828125
-48325 1633.81494140625
-48315 1625.6600341796875
-48305 1624.22900390625
-48295 1610.333984375
-48285 1621.5460205078125
-48275 1613.031982421875
-48265 1606.0660400390625
-48255 1597.7760009765625
-48245 1592.5150146484375
-48235 1584.1650390625
-48225 1575.81494140625
-48215 1566.9219970703125
-48205 1557.531005859375
-48195 1549.2869873046875
-48185 1542.322998046875
-48175 1530.7020263671875
-48165 1523.4219970703125
-48155 1519.72900390625
-48145 1522.593017578125
-48135 1531.3199462890625
-48125 1539.7760009765625
-48115 1547.8399658203125
-48105 1547.9150390625
-48095 1546.800048828125
-48085 1542.1419677734375
-48075 1538.2080078125
-48065 1535.43505859375
-48055 1536.3089599609375
-48045 1532.5560302734375
-48035 1529.2850341796875
-48025 1527.219970703125
-48015 1528.77294921875
-48005 1530.9129638671875
-47995 1536.0980224609375
-47985 1534.2740478515625
-47975 1528.6519775390625
-47965 1523.196044921875
-47955 1518.4930419921875
-47945 1515.7039794921875
-47935 1513.8809814453125
-47925 1509.2989501953125
-47915 1502.9830322265625
-47905 1498.8079833984375
-47895 1495.6280517578125
-47885 1492.7939453125
-47875 1488.572998046875
-47865 1480.5999755859375
-47855 1472.9730224609375
-47845 1466.010009765625
-47835 1458.7139892578125
-47825 1451.3289794921875
-47815 1444.3050537109375
-47805 1438.968994140625
-47795 1434.0999755859375
-47785 1426.926025390625
-47775 1420.95703125
-47765 1417.2640380859375
-47755 1415.72705078125
-47745 1414.2650146484375
-47735 1406.0050048828125
-47725 1400.6390380859375
-47715 1394.655029296875
-47705 1383.77197265625
-47695 1375.196044921875
-47685 1367.282958984375
-47675 1360.6810302734375
-47665 1354.8780517578125
-47655 1344.447998046875
-47645 1338.885986328125
-47635 1336.7449951171875
-47625 1336.0970458984375
-47615 1336.987060546875
-47605 1337.5439453125
-47595 1337.2430419921875
-47585 1338.0269775390625
-47575 1343.2569580078125
-47565 1349.8590087890625
-47555 1358.0579833984375
-47545 1367.282958984375
-47535 1376.0849609375
-47525 1384.0140380859375
-47515 1387.4949951171875
-47505 1386.1070556640625
-47495 1388.344970703125
-47485 1391.114990234375
-47475 1394.364013671875
-47465 1398.22900390625
-47455 1401.281005859375
-47445 1408.7320556640625
-47435 1415.593994140625
-47425 1420.011962890625
-47415 1426.39599609375
-47405 1430.7860107421875
-47395 1436.89794921875
-47385 1444.3310546875
-47375 1449.4229736328125
-47365 1453.83203125
-47355 1458.156005859375
-47345 1465.3360595703125
-47335 1471.8890380859375
-47325 1475.407958984375
-47315 1480.6219482421875
-47305 1485.883056640625
-47295 1488.5970458984375
-47285 1492.988037109375
-47275 1498.5660400390625
-47265 1503.93896484375
-47255 1505.5400390625
-47245 1507.3089599609375
-47235 1512.3270263671875
-47225 1519.759033203125
-47215 1527.0040283203125
-47205 1534.362060546875
-47195 1540.333984375
-47185 1545.490966796875
-47175 1551.52001953125
-47165 1557.22998046875
-47155 1564.634033203125
-47145 1573.2080078125
-47135 1578.0479736328125
-47125 1584.843994140625
-47115 1592.239013671875
