-73265 2197.402099609375
-73255 2197.68505859375
-73245 2197.616943359375
-73235 2196.9541015625
-73225 2197.551025390625
-73215 2198.72802734375
-73205 2200.302978515625
-73195 2201.346923828125
-73185 2201.5458984375
-73175 2202.639892578125
-73165 2202.656982421875
-73155 2203.320068359375
-73145 2204.14794921875
-73135 2202.6240234375
-73125 2200.617919921875
-73115 2200.00390625
-73105 2199.35791015625
-73095 2198.114990234375
-73085 2196.7900390625
-73075 2194.533935546875
-73065 2193.009033203125
-73055 2191.965087890625
-73045 2193.7548828125
-73035 2193.885986328125
-73025 2195.298095703125
-73015 2194.782958984375
-73005 2194.616943359375
-72995 2195.048095703125
-72985 2194.616943359375
-72975 2196.60595703125
-72965 2198.014892578125
-72955 2199.722900390625
-72945 2200.568115234375
-72935 2207.81298828125
-72925 2213.6640625
-72915 2218.322021484375
-72905 2223.24609375
-72895 2228.10302734375
-72885 2232.47900390625
-72875 2237.931884765625
-72865 2244.297119140625
-72855 2249.801025390625
-72845 2254.177001953125
-72835 2258.8349609375
-72825 2263.54296875
-72815 2269.162109375
-72805 2274.0029296875
-72795 2276.156982421875
-72785 2278.362060546875
-72775 2279.623046875
-72765 2280.35205078125
-72755 2280.51806640625
-72745 2284.097900390625
-72735 2284.47900390625
-72725 2283.616943359375
-72715 2278.7099609375
-72705 2273.406005859375
-72695 2273.35595703125
-72685 2269.593017578125
-72675 2269.260986328125
-72665 2266.69189453125
-72655 2267.405029296875
-72645 2270.073974609375
-72635 2270.339111328125
-72625 2272.261962890625
-72615 2271.18505859375
-72605 2273.222900390625
-72595 2276.14208984375
-72585 2280.51806640625
-72575 2283.865966796875
-72565 2284.344970703125
-72555 2286.8330078125
-72545 2290.281005859375
-72535 2290.861083984375
-72525 2293.530029296875
-72515 2296.6630859375
-72505 2298.248046875
-72495 2297.56201171875
-72485 2296.4599609375
-72475 2296.408935546875
-72465 2297.781982421875
-72455 2295.81591796875
-72445 2292.950927734375
-72435 2293.9169921875
-72425 2294.375
-72415 2297.222900390625
-72405 2298.5791015625
-72395 2302.444091796875
-72385 2303.782958984375
-72375 2313.971923828125
-72365 2314.700927734375
-72355 2314.68408203125
-72345 2312.904052734375
-72335 2311.072998046875
-72325 2309.090087890625
-72315 2307.716064453125
-72305 2308.176025390625
-72295 2307.9541015625
-72285 2307.8349609375
-72275 2309.9560546875
-72265 2305.8349609375
-72255 2300.717041015625
-72245 2299.037109375
-72235 2297.27392578125
-72225 2296.781982421875
-72215 2291.01904296875
-72205 2282.626953125
-72195 2276.236083984375
-72185 2268.862060546875
-72175 2261.826904296875
-72165 2251.68896484375
-72155 2247.248046875
-72145 2243.68798828125
-72135 2243.60302734375
-72125 2237.076904296875
-72115 2235.653076171875
-72105 2232.906005859375
-72095 2229.68603515625
-72085 2222.498046875
-72075 2217.85302734375
-72065 2212.85205078125
-72055 2209.5458984375
-72045 2207.071044921875
-72035 2204.0009765625
-72025 2200.426025390625
-72015 2195.52490234375
-72005 2188.509033203125
-71995 2179.303955078125
-71985 2171.333984375
-71975 2165.132080078125
-71965 2158.5859375
-71955 2153.68701171875
-71945 2153.43505859375
-71935 2147.68798828125
-71925 2143.06005859375
-71915 2139.294921875
-71905 2135.157958984375
-71895 2129.73388671875
-71885 2126.00390625
-71875 2127.698974609375
-71865 2117.137939453125
-71855 2111.27294921875
-71845 2102.931884765625
-71835 2095.01611328125
-71825 2090.1669921875
-71815 2089.1669921875
-71805 2088.251953125
-71795 2088.89599609375
-71785 2089.506103515625
-71775 2093.218994140625
-71765 2095.64306640625
-71755 2091.18505859375
-71745 2091.18505859375
-71735 2092.302978515625
-71725 2098.2529296875
-71715 2099.406005859375
-71705 2100.9150390625
-71695 2100.864013671875
-71685 2103.01708984375
-71675 2102.01708984375
-71665 2099.626953125
-71655 2099.202880859375
-71645 2099.47412109375
-71635 2097.864013671875
-71625 2099.135009765625
-71615 2101.864013671875
-71605 2096.18505859375
-71595 2096.47412109375
-71585 2099.322021484375
-71575 2107.27197265625
-71565 2107.98388671875
-71555 2111.81494140625
-71545 2116.679931640625
-71535 2122.343017578125
-71525 2131.736083984375
-71515 2137.802978515625
-71505 2143.93994140625
-71495 2150.346923828125
-71485 2157.077880859375
-71475 2163.926025390625
-71465 2171.218017578125
-71455 2179.555908203125
-71445 2188.238037109375
-71435 2196.407958984375
-71425 2205.595947265625
-71415 2222.4130859375
-71405 2234.14404296875
-71395 2246.214111328125
-71385 2257.333984375
-71375 2265.7939453125
-71365 2276.541015625
-71355 2287.798095703125
-71345 2295.951904296875
-71335 2304.240966796875
-71325 2313.58203125
-71315 2309.970947265625
-71305 2312.157958984375
-71295 2321.8369140625
-71285 2323.159912109375
-71275 2318.68408203125
-71265 2314.802001953125
-71255 2310.614990234375
-71245 2306.76708984375
-71235 2302.987060546875
-71225 2299.90087890625
-71215 2297.137939453125
-71205 2294.5439453125
-71195 2291.64599609375
-71185 2288.492919921875
-71175 2286.54296875
-71165 2285.305908203125
-71155 2281.593017578125
-71145 2277.846923828125
-71135 2270.7099609375
-71125 2267.18408203125
-71115 2260.77587890625
-71105 2258.623046875
-71095 2254.487060546875
-71085 2252.23193359375
-71075 2250.757080078125
-71065 2245.806884765625
-71055 2240.5859375
-71045 2237.111083984375
-71035 2237.635986328125
-71025 2234.97509765625
-71015 2232.02490234375
-71005 2234.160888671875
-70995 2231.05908203125
-70985 2221.56494140625
-70975 2213.614990234375
-70965 2205.0859375
-70955 2197.323974609375
-70945 2189.06591796875
-70935 2181.508056640625
-70925 2174.320068359375
-70915 2165.281982421875
-70905 2158.0458984375
-70895 2151.364990234375
-70885 2143.51806640625
-70875 2136.22607421875
-70865 2123.072021484375
-70855 2114.612060546875
-70845 2107.10302734375
-70835 2100.2880859375
-70825 2093.8291015625
-70815 2087.133056640625
-70805 2080.79296875
-70795 2076.096923828125
-70785 2071.673095703125
-70775 2068.197021484375
-70765 2065.570068359375
-70755 2063.0439453125
-70745 2060.467041015625
-70735 2057.533935546875
-70725 2053.75390625
-70715 2050.888916015625
-70705 2047.2110595703125
-70695 2043.8709716796875
-70685 2040.58203125
-70675 2036.4969482421875
-70665 2032.4449462890625
-70655 2030.3260498046875
-70645 2028.9530029296875
-70635 2024.10498046875
-70625 2021.7139892578125
-70615 2024.7659912109375
-70605 2026.240966796875
-70595 2025.291015625
-70585 2023.322998046875
-70575 2024.529052734375
-70565 2021.2740478515625
-70555 2017.883056640625
-70545 2014.4930419921875
-70535 2008.9659423828125
-70525 2001.6409912109375
-70515 1996.134033203125
-70505 1992.2349853515625
-70495 1989.404052734375
-70485 1986.8270263671875
-70475 1983.7919921875
-70465 1979.9110107421875
-70455 1976.9949951171875
-70445 1973.6529541015625
-70435 1969.468017578125
-70425 1964.2130126953125
-70415 1960.2969970703125
-70405 1957.7879638671875
-70395 1955.2769775390625
-70385 1951.5989990234375
-70375 1947.02099609375
-70365 1942.56494140625
-70355 1938.697998046875
-70345 1935.8179931640625
-70335 1933.10400390625
-70325 1930.052001953125
-70315 1926.8819580078125
-70305 1923.0169677734375
-70295 1918.5419921875
-70285 1914.9649658203125
-70275 1911.0489501953125
-70265 1907.6409912109375
-70255 1905.06494140625
-70245 1901.6240234375
-70235 1898.487060546875
-70225 1894.7750244140625
-70215 1891.5369873046875
-70205 1889.7230224609375
-70195 1888.4010009765625
-70185 1885.094970703125
-70175 1884.468017578125
-70165 1886.112060546875
-70155 1885.0780029296875
-70145 1884.8580322265625
-70135 1885.875
-70125 1886.823974609375
-70115 1888.60400390625
-70105 1887.4849853515625
-70095 1888.0279541015625
-70085 1889.248046875
-70075 1890.7740478515625
-70065 1892.2320556640625
-70055 1894.70703125
-70045 1896.8260498046875
-70035 1899.623046875
-70025 1903.166015625
-70015 1907.1669921875
-70005 1911.8990478515625
-69995 1916.43798828125
-69985 1921.0400390625
-69975 1929.81005859375
-69965 1938.6099853515625
-69955 1948.4639892578125
-69945 1956.3509521484375
-69935 1964.113037109375
-69925 1965.197998046875
-69915 1970.85498046875
-69905 1977.112060546875
-69895 1982.677001953125
-69885 1989.5560302734375
-69875 1997.81201171875
-69865 2007.3280029296875
-69855 2017.2879638671875
-69845 2028.39697265625
-69835 2039.10498046875
-69825 2043.9219970703125
-69815 2037.77294921875
-69805 2030.0419921875
-69795 2021.2259521484375
-69785 2013.2440185546875
-69775 2005.9949951171875
-69765 1996.06396484375
-69755 1981.9620361328125
-69745 1969.9849853515625
-69735 1961.5570068359375
-69725 1953.2049560546875
-69715 1945.7530517578125
-69705 1939.4310302734375
-69695 1932.9239501953125
-69685 1926.6949462890625
-69675 1919.9549560546875
-69665 1914.26904296875
-69655 1909.2490234375
-69645 1904.384033203125
-69635 1899.488037109375
-69625 1893.7860107421875
-69615 1888.7509765625
-69605 1883.3740234375
-69595 1878.6490478515625
-69585 1872.156982421875
-69575 1865.2779541015625
-69565 1859.6529541015625
-69555 1856.0589599609375
-69545 1852.821044921875
-69535 1849.9849853515625
-69525 1848.218994140625
-69515 1843.9739990234375
-69505 1841.5880126953125
-69495 1840.5489501953125
-69485 1840.5340576171875
-69475 1838.7989501953125
-69465 1837.093994140625
-69455 1834.490966796875
-69445 1830.9739990234375
-69435 1830.2149658203125
-69425 1832.260009765625
-69415 1833.4530029296875
-69405 1835.3740234375
-69395 1836.3199462890625
-69385 1837.2960205078125
-69375 1837.7449951171875
-69365 1837.6669921875
-69355 1837.218017578125
-69345 1839.4649658203125
-69335 1842.1300048828125
-69325 1847.614990234375
-69315 1846.823974609375
-69305 1845.926025390625
-69295 1846.1429443359375
-69285 1844.0670166015625
-69275 1844.9189453125
-69265 1850.822021484375
-69255 1852.0770263671875
-69245 1849.81494140625
-69235 1850.093994140625
-69225 1859.1729736328125
-69215 1859.3740234375
-69205 1862.302978515625
-69195 1870.592041015625
-69185 1877.083984375
-69175 1884.1490478515625
-69165 1893.4610595703125
-69155 1897.3189697265625
-69145 1898.2020263671875
-69135 1901.781005859375
-69125 1904.1669921875
-69115 1908.5830078125
-69105 1912.3330078125
-69095 1915.833984375
-69085 1917.77099609375
-69075 1917.95703125
-69065 1920.4820556640625
-69055 1922.9610595703125
-69045 1923.968017578125
-69035 1925.8280029296875
-69025 1936.27099609375
-69015 1943.583984375
-69005 1951.56298828125
-68995 1956.876953125
-68985 1960.5179443359375
-68975 1962.4239501953125
-68965 1964.8719482421875
-68955 1969.240966796875
-68945 1975.2840576171875
-68935 1981.342041015625
-68925 1990.4549560546875
-68915 2002.863037109375
-68905 2011.60400390625
-68895 2016.7919921875
-68885 2015.3819580078125
-68875 2019.258056640625
-68865 2026.447021484375
-68855 2034.1939697265625
-68845 2039.77197265625
-68835 2049.346923828125
-68825 2056.489990234375
-68815 2063.028076171875
-68805 2069.302978515625
-68795 2075.81103515625
-68785 2073.532958984375
-68775 2067.64501953125
-68765 2059.618896484375
-68755 2046.6199951171875
-68745 2038.9510498046875
-68735 2031.916015625
-68725 2025.3160400390625
-68715 2020.06396484375
-68705 2020.2340087890625
-68695 2018.2020263671875
-68685 2015.5860595703125
-68675 2009.7449951171875
-68665 2000.5880126953125
-68655 1995.196044921875
-68645 1992.3270263671875
-68635 1990.4549560546875
-68625 1986.8580322265625
-68615 1985.4969482421875
-68605 1986.2249755859375
-68595 1984.6910400390625
-68585 1983.25
-68575 1982.89404296875
-68565 1982.428955078125
-68555 1981.125
-68545 1979.7330322265625
-68535 1978.3050537109375
-68525 1977.1429443359375
-68515 1976.6629638671875
-68505 1976.4019775390625
-68495 1976.10498046875
-68485 1975.906005859375
-68475 1976.89501953125
-68465 1978.0419921875
-68455 1977.7939453125
-68445 1979.0050048828125
-68435 1979.6839599609375
-68425 1979.2659912109375
-68415 1977.1429443359375
-68405 1976.8489990234375
-68395 1977.5460205078125
-68385 1978.7259521484375
-68375 1980.1800537109375
-68365 1982.2559814453125
-68355 1985.0760498046875
-68345 1988.282958984375
-68335 1992.2030029296875
-68325 1996.7430419921875
-68315 2001.718994140625
-68305 2005.2669677734375
-68295 2006.968994140625
-68285 2010.6590576171875
-68275 2014.6409912109375
-68265 2018.8699951171875
-68255 2023.593994140625
-68245 2028.6629638671875
-68235 2034.4110107421875
-68225 2039.074951171875
-68215 2046.9759521484375
-68205 2053.06494140625
-68195 2055.26611328125
-68185 2061.927978515625
-68175 2070.387939453125
-68165 2079.916015625
-68155 2091.506103515625
-68145 2094.697998046875
-68135 2097.718994140625
-68125 2100.5849609375
-68115 2106.658935546875
-68105 2109.882080078125
-68095 2112.282958984375
-68085 2112.2060546875
-68075 2109.4169921875
-68065 2103.48193359375
-68055 2095.8291015625
-68045 2088.8720703125
-68035 2081.31103515625
-68025 2074.695068359375
-68015 2067.241943359375
-68005 2060.007080078125
-67995 2052.756103515625
-67985 2046.1240234375
-67975 2039.5860595703125
-67965 2033.404052734375
-67955 2026.7259521484375
-67945 2020.1099853515625
-67935 2013.958984375
-67925 2007.2039794921875
-67915 2000.6190185546875
-67905 1993.2440185546875
-67895 1986.052001953125
-67885 1978.260986328125
-67875 1971.208984375
-67865 1964.8719482421875
-67855 1958.782958984375
-67845 1954.322998046875
-67835 1948.2939453125
-67825 1941.6929931640625
-67815 1934.302978515625
-67805 1924.928955078125
-67795 1916.6240234375
-67785 1909.031982421875
-67775 1901.5799560546875
-67765 1890.5479736328125
-67755 1880.802001953125
-67745 1871.5679931640625
-67735 1866.0059814453125
-67725 1860.196044921875
-67715 1853.8740234375
-67705 1847.9859619140625
-67695 1839.7750244140625
-67685 1829.998046875
-67675 1821.3370361328125
-67665 1813.6669921875
-67655 1809.748046875
-67645 1801.969970703125
-67635 1793.9749755859375
-67625 1784.5240478515625
-67615 1776.3740234375
-67605 1768.93701171875
-67595 1761.717041015625
-67585 1756.666015625
-67575 1750.822021484375
-67565 1744.0999755859375
-67555 1735.407958984375
-67545 1725.708984375
-67535 1719.740966796875
-67525 1713.0040283203125
-67515 1704.06396484375
-67505 1697.5870361328125
-67495 1691.9759521484375
-67485 1686.072021484375
-67475 1680.093994140625
-67465 1673.0560302734375
-67455 1666.6839599609375
-67445 1663.1710205078125
-67435 1660.262939453125
-67425 1652.9949951171875
-67415 1644.77001953125
-67405 1637.68798828125
-67395 1631.2550048828125
-67385 1626.8070068359375
-67375 1621.739990234375
-67365 1615.9649658203125
-67355 1610.324951171875
-67345 1604.905029296875
-67335 1599.0770263671875
-67325 1593.3780517578125
-67315 1587.885009765625
-67305 1582.8759765625
-67295 1578.2030029296875
-67285 1573.9730224609375
-67275 1569.6719970703125
-67265 1564
-67255 1557.407958984375
-67245 1550.2550048828125
-67235 1543.5279541015625
-67225 1538.1939697265625
-67215 1532.6300048828125
-67205 1526.5760498046875
-67195 1520.968017578125
-67185 1515.31298828125
-67175 1510.552001953125
-67165 1505.4110107421875
-67155 1500.2850341796875
-67145 1495.0880126953125
-67135 1491.4310302734375
-67125 1487.6710205078125
-67115 1484.5570068359375
-67105 1481.8079833984375
-67095 1478.637939453125
-67085 1475.991943359375
-67075 1474.6259765625
-67065 1473.5679931640625
-67055 1472.4520263671875
-67045 1471.89404296875
-67035 1470.6920166015625
-67025 1469.676025390625
-67015 1469.5880126953125
-67005 1469.8399658203125
-66995 1470.7359619140625
-66985 1470.883056640625
-66975 1470.4840087890625
-66965 1471.1180419921875
-66955 1470.9539794921875
-66945 1469.7349853515625
-66935 1468.708984375
-66925 1470.6920166015625
-66915 1473.303955078125
-66905 1475.2130126953125
-66895 1480.31005859375
-66885 1483.89599609375
-66875 1489.136962890625
-66865 1495.6610107421875
-66855 1501.3719482421875
-66845 1507.5579833984375
-66835 1514.1820068359375
-66825 1520.363037109375
-66815 1526.593017578125
-66805 1532.4239501953125
-66795 1539.5770263671875
-66785 1550.3699951171875
-66775 1558.6710205078125
-66765 1565.68896484375
-66755 1571.387939453125
-66745 1583.97802734375
-66735 1594.154052734375
-66725 1596.1829833984375
-66715 1605.2750244140625
-66705 1608.06298828125
-66695 1608.1070556640625
-66685 1614.4840087890625
-66675 1626.7750244140625
-66665 1634.5179443359375
-66655 1639.218017578125
-66645 1644.447021484375
-66635 1650.1309814453125
-66625 1653.6240234375
-66615 1654.4930419921875
-66605 1651.802978515625
-66595 1648.677001953125
-66585 1646.10400390625
-66575 1644.623046875
-66565 1646.35595703125
-66555 1649.5579833984375
-66545 1654.989990234375
-66535 1658.2969970703125
-66525 1663.5970458984375
-66515 1670.531982421875
-66505 1678.0350341796875
-66495 1683.927001953125
-66485 1688.7569580078125
-66475 1697.498046875
-66465 1705.4439697265625
-66455 1713.8310546875
-66445 1723.3050537109375
-66435 1730.9720458984375
-66425 1735.4949951171875
-66415 1742.970947265625
-66405 1750.77099609375
-66395 1756.4840087890625
-66385 1762.2559814453125
-66375 1769.7469482421875
-66365 1777.7659912109375
-66355 1786.31494140625
-66345 1794.1429443359375
-66335 1802.2950439453125
-66325 1809.8289794921875
-66315 1818.6710205078125
-66305 1827.0140380859375
-66295 1834.0050048828125
-66285 1835.738037109375
-66275 1835.5770263671875
-66265 1834.4019775390625
-66255 1831.47900390625
-66245 1828.2039794921875
-66235 1823.7969970703125
-66225 1820.551025390625
-66215 1817.760986328125
-66205 1816.5269775390625
-66195 1815.366943359375
-66185 1814.573974609375
-66175 1813.384033203125
-66165 1810.4169921875
-66155 1809.1390380859375
-66145 1810.373046875
-66135 1810.739990234375
-66125 1811.06298828125
-66115 1810.197021484375
-66105 1810.1090087890625
-66095 1808.8160400390625
-66085 1810.3289794921875
-66075 1810.8580322265625
-66065 1812.6939697265625
-66055 1814.9849853515625
-66045 1817.5260009765625
-66035 1819.509033203125
-66025 1821.3740234375
-66015 1823.81201171875
-66005 1824.4000244140625
-65995 1826.9110107421875
-65985 1829.614013671875
-65975 1831.77294921875
-65965 1834.0050048828125
-65955 1836.9580078125
-65945 1839.0870361328125
-65935 1841.833984375
-65925 1844.844970703125
-65915 1847.5770263671875
-65905 1849.7359619140625
-65895 1852.011962890625
-65885 1853.656982421875
-65875 1855.3759765625
-65865 1857.0799560546875
-65855 1856.4329833984375
-65845 1855.6400146484375
-65835 1852.321044921875
-65825 1849.8680419921875
-65815 1844.97705078125
-65805 1838.1619873046875
-65795 1830.612060546875
-65785 1822.1080322265625
-65775 1814.2359619140625
-65765 1808.155029296875
-65755 1803.072998046875
-65745 1800.281982421875
-65735 1797.887939453125
-65725 1794.7159423828125
-65715 1789.634033203125
-65705 1782.510009765625
-65695 1774.385986328125
-65685 1765.135009765625
-65675 1757.0570068359375
-65665 1748.6259765625
-65655 1740.0340576171875
-65645 1732.14697265625
-65635 1721.7769775390625
-65625 1711.906982421875
-65615 1704.093017578125
-65605 1698.614990234375
-65595 1693.5009765625
-65585 1685.5870361328125
-65575 1675.614013671875
-65565 1666.155029296875
-65555 1657.5479736328125
-65545 1646.2239990234375
-65535 1638.2020263671875
-65525 1630.4200439453125
-65515 1624.6920166015625
-65505 1615.6300048828125
-65495 1607.3310546875
-65485 1598.166015625
-65475 1586.85400390625
-65465 1576.5460205078125
-65455 1564.9720458984375
-65445 1556.9229736328125
-65435 1549.708984375
-65425 1542.9820556640625
-65415 1537.1240234375
-65405 1531.1290283203125
-65395 1524.989990234375
-65385 1518.5419921875
-65375 1512.31396484375
-65365 1505.95703125
-65355 1499.491943359375
-65345 1493.5899658203125
-65335 1487.6099853515625
-65325 1481.426025390625
-65315 1475.5069580078125
-65305 1469.4849853515625
-65295 1464.1240234375
-65285 1458.6600341796875
-65275 1453.6519775390625
-65265 1448.8489990234375
-65255 1444.9420166015625
-65245 1440.947021484375
-65235 1440.83203125
-65225 1440.0660400390625
-65215 1439.8310546875
-65205 1439.258056640625
-65195 1438.802978515625
-65185 1439.23095703125
-65175 1438.699951171875
-65165 1438.3179931640625
-65155 1437.93603515625
-65145 1437.656982421875
-65135 1437.333984375
-65125 1438.362060546875
-65115 1442.3570556640625
-65105 1446.3399658203125
-65095 1450.6700439453125
-65085 1454.8270263671875
-65075 1456.958984375
-65065 1463.5830078125
-65055 1470.7359619140625
-65045 1476.16796875
-65035 1480.6650390625
-65025 1484.364013671875
-65015 1491.7220458984375
-65005 1499.281982421875
-64995 1504.968017578125
-64985 1509.5570068359375
-64975 1513.9110107421875
-64965 1517.97705078125
-64955 1522.10302734375
-64945 1526.9300537109375
-64935 1532.2330322265625
-64925 1536.696044921875
-64915 1541.7349853515625
-64905 1546.698974609375
-64895 1551.9749755859375
-64885 1557.114013671875
-64875 1561.7659912109375
-64865 1565.594970703125
-64855 1570.2969970703125
-64845 1575.498046875
-64835 1580.5369873046875
-64825 1585.9110107421875
-64815 1592.0250244140625
-64805 1598.4100341796875
-64795 1604.248046875
-64785 1610.9439697265625
-64775 1616.9200439453125
-64765 1620.81005859375
-64755 1624.6259765625
-64745 1626.510009765625
-64735 1633.593994140625
-64725 1641.4139404296875
-64715 1649.333984375
-64705 1656.1939697265625
-64695 1663.0419921875
-64685 1671.135986328125
-64675 1679.905029296875
-64665 1688.7969970703125
-64655 1696.35400390625
-64645 1699.89599609375
-64635 1702.35400390625
-64625 1705.2850341796875
-64615 1708.7149658203125
-64605 1713.7530517578125
-64595 1716.175048828125
-64585 1717.7449951171875
-64575 1718.0810546875
-64565 1717.970947265625
-64555 1717.009033203125
-64545 1716.27294921875
-64535 1715.737060546875
-64525 1715.199951171875
-64515 1714.18994140625
-64505 1712.14501953125
-64495 1710.125
-64485 1707.156005859375
-64475 1704.323974609375
-64465 1700.595947265625
-64455 1697.1519775390625
-64445 1694.322998046875
-64435 1690.4560546875
-64425 1687.114013671875
-64415 1683.89599609375
-64405 1679.092041015625
-64395 1672.633056640625
-64385 1665.635986328125
-64375 1659.7989501953125
-64365 1656.1190185546875
-64355 1653.2130126953125
-64345 1650.843994140625
-64335 1648.93505859375
-64325 1645.9169921875
-64315 1642.074951171875
-64305 1637.2860107421875
-64295 1633.3690185546875
-64285 1628.616943359375
-64275 1623.0169677734375
-64265 1616.6939697265625
-64255 1609.9229736328125
-64245 1602.9859619140625
-64235 1595.3909912109375
-64225 1588.531982421875
-64215 1581.2860107421875
-64205 1574.3759765625
-64195 1568.68798828125
-64185 1562.614013671875
-64175 1557.2879638671875
-64165 1552.0369873046875
-64155 1546.4749755859375
-64145 1542.4840087890625
-64135 1537.4449462890625
-64125 1531.9959716796875
-64115 1526.321044921875
-64105 1521.8409423828125
-64095 1517.4639892578125
-64085 1511.5279541015625
-64075 1508.009033203125
-64065 1503.5830078125
-64055 1499.614990234375
-64045 1496.0369873046875
-64035 1493.2679443359375
-64025 1490.31201171875
-64015 1487.8299560546875
-64005 1484.6500244140625
-63995 1480.9329833984375
-63985 1477.6650390625
-63975 1474.634033203125
-63965 1472.22705078125
-63955 1467.93701171875
-63945 1464.094970703125
-63935 1460.5279541015625
-63925 1456.8360595703125
-63915 1453.02001953125
-63905 1451.0880126953125
-63895 1450.0140380859375
-63885 1448.5789794921875
-63875 1445.947998046875
-63865 1442.4429931640625
-63855 1439.31396484375
-63845 1436.906005859375
-63835 1434.56201171875
-63825 1432.5780029296875
-63815 1431.156982421875
-63805 1430.008056640625
-63795 1429.633056640625
-63785 1428.2010498046875
-63775 1427.1650390625
-63765 1425.4930419921875
-63755 1424.208984375
-63745 1423.237060546875
-63735 1422.448974609375
-63725 1420.5679931640625
-63715 1417.123046875
-63705 1412.7850341796875
-63695 1408.219970703125
-63685 1403.8170166015625
-63675 1400.9610595703125
-63665 1398.0050048828125
-63655 1397.1070556640625
-63645 1398.053955078125
-63635 1402.8189697265625
-63625 1406.9830322265625
-63615 1411.2860107421875
-63605 1414.428955078125
-63595 1414.9029541015625
-63585 1416.5009765625
-63575 1417.5240478515625
-63565 1417.998046875
-63555 1417.9229736328125
-63545 1417.760009765625
-63535 1417.760009765625
-63525 1417.7989501953125
-63515 1417.93603515625
-63505 1417.93603515625
-63495 1418.0849609375
-63485 1418.89599609375
-63475 1419.2950439453125
-63465 1420.3060302734375
-63455 1420.864990234375
-63445 1422.239013671875
-63435 1423.0250244140625
-63425 1425.1929931640625
-63415 1428.2259521484375
-63405 1431.803955078125
-63395 1435.135009765625
-63385 1438.6639404296875
-63375 1441.2950439453125
-63365 1443.7650146484375
-63355 1445.6610107421875
-63345 1447.0469970703125
-63335 1448.5789794921875
-63325 1451.0360107421875
-63315 1453.8070068359375
-63305 1456.448974609375
-63295 1458.282958984375
-63285 1459.01904296875
-63275 1460.35302734375
-63265 1461.93701171875
-63255 1462.8480224609375
-63245 1463.2220458984375
-63235 1464.4439697265625
-63225 1464.9310302734375
-63215 1464.5689697265625
-63205 1463.9949951171875
-63195 1465.155029296875
-63185 1465.8790283203125
-63175 1466.7889404296875
-63165 1466.9139404296875
-63155 1467.625
-63145 1469.7950439453125
-63135 1469.39599609375
-63125 1469.2340087890625
-63115 1469.8819580078125
-63105 1469.7449951171875
-63095 1469.134033203125
-63085 1468.947021484375
-63075 1467.488037109375
-63065 1467.7120361328125
-63055 1466.7139892578125
-63045 1468.0989990234375
-63035 1468.0240478515625
-63025 1468.2359619140625
-63015 1467.113037109375
-63005 1467.512939453125
-62995 1467.512939453125
-62985 1467.2259521484375
-62975 1467.43798828125
-62965 1466.7640380859375
-62955 1464.468994140625
-62945 1464.531982421875
-62935 1465.093017578125
-62925 1466.489990234375
-62915 1466.4150390625
-62905 1466.166015625
-62895 1466.0660400390625
-62885 1466.501953125
-62875 1467.612060546875
-62865 1469.3590087890625
-62855 1471.4539794921875
-62845 1473.175048828125
-62835 1474.634033203125
-62825 1475.906982421875
-62815 1477.240966796875
-62805 1476.8050537109375
-62795 1478.426025390625
-62785 1478.2139892578125
-62775 1479.89794921875
-62765 1480.18505859375
-62755 1479.237060546875
-62745 1478.6259765625
-62735 1477.427978515625
-62725 1476.1190185546875
-62715 1474.3480224609375
-62705 1472.4139404296875
-62695 1470.4940185546875
-62685 1468.5980224609375
-62675 1467.0760498046875
-62665 1465.1929931640625
-62655 1463.583984375
-62645 1461.364013671875
-62635 1459.16796875
-62625 1457.18505859375
-62615 1455.489013671875
-62605 1453.9300537109375
-62595 1452.321044921875
-62585 1450.9119873046875
-62575 1448.7659912109375
-62565 1446.6710205078125
-62555 1446.1490478515625
-62545 1444.43798828125
-62535 1443.3409423828125
-62525 1442.2449951171875
-62515 1441.02099609375
-62505 1439.8349609375
-62495 1438.6409912109375
-62485 1437.7239990234375
-62475 1438.5679931640625
-62465 1438.970947265625
-62455 1439.237060546875
-62445 1438.2010498046875
-62435 1437.9990234375
-62425 1438.9990234375
-62415 1438.8699951171875
-62405 1436.6409912109375
-62395 1436.238037109375
-62385 1434.2840576171875
-62375 1429.8990478515625
-62365 1427.2020263671875
-62355 1425.7979736328125
-62345 1424.927001953125
-62335 1425.321044921875
-62325 1425.2850341796875
-62315 1426.137939453125
-62305 1426.6510009765625
-62295 1423.8900146484375
-62285 1424.321044921875
-62275 1426.0830078125
-62265 1426.2569580078125
-62255 1426.8809814453125
-62245 1427.7430419921875
-62235 1429.468017578125
-62225 1430.595947265625
-62215 1431.760986328125
-62205 1433.6600341796875
-62195 1436.4119873046875
-62185 1439.008056640625
-62175 1441.68701171875
-62165 1444.06298828125
-62155 1446.6590576171875
-62145 1449.31005859375
-62135 1451.3919677734375
-62125 1453.4200439453125
-62115 1455.73095703125
-62105 1459.5469970703125
-62095 1462.3360595703125
-62085 1462.14404296875
-62075 1461.676025390625
-62065 1460.345947265625
-62055 1459.427978515625
-62045 1460.06103515625
-62035 1459.822998046875
-62025 1460.7030029296875
-62015 1459.676025390625
-62005 1459.7220458984375
-61995 1461.291015625
-61985 1462.2259521484375
-61975 1462.8590087890625
-61965 1464.43701171875
-61955 1466.529052734375
-61945 1469.27099609375
-61935 1472.9959716796875
-61925 1474.9219970703125
-61915 1478.5369873046875
-61905 1481.2889404296875
-61895 1484.114013671875
-61885 1485.865966796875
-61875 1488.718994140625
-61865 1491.2509765625
-61855 1492.9759521484375
-61845 1495.5810546875
-61835 1497.81005859375
-61825 1499.416015625
-61815 1501.3790283203125
-61805 1504.9200439453125
-61795 1506.571044921875
-61785 1507.8370361328125
-61775 1509.001953125
-61765 1510.1939697265625
-61755 1511.39599609375
-61745 1513.176025390625
-61735 1515.322021484375
-61725 1517.376953125
-61715 1518.634033203125
-61705 1519.781005859375
-61695 1521.302978515625
-61685 1522.5689697265625
-61675 1523.322021484375
-61665 1525.5689697265625
-61655 1528.0830078125
-61645 1529.990966796875
-61635 1531.1190185546875
-61625 1532.77001953125
-61615 1534.2659912109375
-61605 1535.2110595703125
-61595 1536.1280517578125
-61585 1536.843017578125
-61575 1536.4029541015625
-61565 1535.862060546875
-61555 1534.7340087890625
-61545 1533.614013671875
-61535 1531.8809814453125
-61525 1528.8260498046875
-61515 1528.531982421875
-61505 1529.458984375
-61495 1528.8070068359375
-61485 1527.366943359375
-61475 1526.1290283203125
-61465 1525.6429443359375
-61455 1525.302978515625
-61445 1524.1199951171875
-61435 1523.4320068359375
-61425 1523.010009765625
-61415 1522.5789794921875
-61405 1519.9830322265625
-61395 1517.5419921875
-61385 1515.991943359375
-61375 1515.5240478515625
-61365 1514.946044921875
-61355 1515.1209716796875
-61345 1515.156982421875
-61335 1515.615966796875
-61325 1515.7540283203125
-61315 1515.85400390625
-61305 1516.5419921875
-61295 1517.3409423828125
-61285 1518.2760009765625
-61275 1518.56103515625
-61265 1518.4229736328125
-61255 1518.1109619140625
-61245 1518.1390380859375
-61235 1518.0469970703125
-61225 1518.22998046875
-61215 1518.863037109375
-61205 1519.863037109375
-61195 1520.1290283203125
-61185 1519.761962890625
-61175 1519.85400390625
-61165 1519.68896484375
-61155 1519.77197265625
-61145 1519.4599609375
-61135 1518.8819580078125
-61125 1518.717041015625
-61115 1518.3590087890625
-61105 1518.1390380859375
-61095 1518.1199951171875
-61085 1518.468994140625
-61075 1518.220947265625
-61065 1518.303955078125
-61055 1518.991943359375
-61045 1520.2120361328125
-61035 1520.9820556640625
-61025 1521.9820556640625
-61015 1523.248046875
-61005 1524.780029296875
-60995 1525.5780029296875
-60985 1525.9090576171875
-60975 1525.9090576171875
-60965 1525.7440185546875
-60955 1526.2939453125
-60945 1526.14697265625
-60935 1525.85400390625
-60925 1525.6519775390625
-60915 1524.990966796875
-60905 1524.3580322265625
-60895 1523.449951171875
-60885 1522.9730224609375
-60875 1523.248046875
-60865 1524.1009521484375
-60855 1525.6519775390625
-60845 1527.5419921875
-60835 1527.697998046875
-60825 1527.697998046875
-60815 1528.2939453125
-60805 1529.2569580078125
-60795 1530.448974609375
-60785 1531.550048828125
-60775 1532.2569580078125
-60765 1536.321044921875
-60755 1538.906982421875
-60745 1541.2469482421875
-60735 1540.6600341796875
-60725 1540.6319580078125
-60715 1542.4119873046875
-60705 1543.237060546875
-60695 1546.6500244140625
-60685 1547.0810546875
-60675 1546.4659423828125
-60665 1547.1090087890625
-60655 1548.052978515625
-60645 1547.89697265625
-60635 1552.3740234375
-60625 1555.154052734375
-60615 1556.281982421875
-60605 1557.22705078125
-60595 1555.97900390625
-60585 1554.5760498046875
-60575 1551.0439453125
-60565 1550.8609619140625
-60555 1549.0989990234375
-60545 1551.126953125
-60535 1554.4840087890625
-60525 1558.3089599609375
-60515 1557.071044921875
-60505 1558.345947265625
-60495 1559.3370361328125
-60485 1559.886962890625
-60475 1559.3089599609375
-60465 1559.7039794921875
-60455 1560.8050537109375
-60445 1561.5570068359375
-60435 1562.06103515625
-60425 1562.7220458984375
-60415 1563.427978515625
-60405 1563.6669921875
-60395 1562.18994140625
-60385 1564.2349853515625
-60375 1565.446044921875
-60365 1565.04296875
-60355 1564.3270263671875
-60345 1563.73095703125
-60335 1564.125
-60325 1564.9510498046875
-60315 1560.8499755859375
-60305 1565.97900390625
-60295 1569.9410400390625
-60285 1572.0050048828125
-60275 1571.905029296875
-60265 1572.197998046875
-60255 1574.125
-60245 1574.5830078125
-60235 1574.197998046875
-60225 1573.6929931640625
-60215 1575.0140380859375
-60205 1576.6009521484375
-60195 1577.0880126953125
-60185 1577.3170166015625
-60175 1578.7569580078125
-60165 1580.1510009765625
-60155 1580.4730224609375
-60145 1580.6839599609375
-60135 1581.8759765625
-60125 1581.3070068359375
-60115 1581.197021484375
-60105 1582.6190185546875
-60095 1582.5179443359375
-60085 1583.509033203125
-60075 1583.4720458984375
-60065 1583.9219970703125
-60055 1586.2239990234375
-60045 1587.7659912109375
-60035 1588.041015625
-60025 1589.572998046875
-60015 1590.967041015625
-60005 1592.7979736328125
-59995 1592.865966796875
-59985 1593.7469482421875
-59975 1593.8189697265625
-59965 1593.93798828125
-59955 1595.4859619140625
-59945 1597.343994140625
-59935 1598.4639892578125
-59925 1599.7740478515625
-59915 1598.9410400390625
-59905 1595.77197265625
-59895 1599.583984375
-59885 1602.883056640625
-59875 1604.3370361328125
-59865 1604.991943359375
-59855 1605.6949462890625
-59845 1605.9449462890625
-59835 1606.5279541015625
-59825 1608.875
-59815 1609.1009521484375
-59805 1610.43603515625
-59795 1611.376953125
-59785 1611.697998046875
-59775 1612.865966796875
-59765 1614.365966796875
-59755 1615.6529541015625
-59745 1615.927001953125
-59735 1615.1650390625
-59725 1613.8070068359375
-59715 1611.4239501953125
-59705 1609.2440185546875
-59695 1607.3499755859375
-59685 1610.781005859375
-59675 1610.4830322265625
-59665 1607.5169677734375
-59655 1603.823974609375
-59645 1606.362060546875
-59635 1611.197998046875
-59625 1615.5460205078125
-59615 1618.261962890625
-59605 1619.928955078125
-59595 1621.072998046875
-59585 1621.489990234375
-59575 1621.06103515625
-59565 1621.39404296875
-59555 1622.4549560546875
-59545 1622.9549560546875
-59535 1622.89501953125
-59525 1623.5150146484375
-59515 1624.56298828125
-59505 1625.574951171875
-59495 1626.779052734375
-59485 1627.1839599609375
-59475 1628.780029296875
-59465 1629.93505859375
-59455 1629.8160400390625
-59445 1628.7679443359375
-59435 1628.029052734375
-59425 1622.8599853515625
-59415 1619.31005859375
-59405 1628.06494140625
-59395 1637.18994140625
-59385 1642.2760009765625
-59375 1646.6829833984375
-59365 1648.0050048828125
-59355 1647.7080078125
-59345 1649.053955078125
-59335 1649.5179443359375
-59325 1649.053955078125
-59315 1647.4100341796875
-59305 1646.718994140625
-59295 1649.5419921875
-59285 1652.27001953125
-59275 1654.1639404296875
-59265 1657.4749755859375
-59255 1658.0350341796875
-59245 1657.093994140625
-59235 1658.0350341796875
-59225 1658.177978515625
-59215 1657.416015625
-59205 1658.571044921875
-59195 1659.4169921875
-59185 1661.81103515625
-59175 1663.7049560546875
-59165 1665.0269775390625
-59155 1667.7080078125
-59145 1669.2679443359375
-59135 1669.5899658203125
-59125 1669.197021484375
-59115 1669.113037109375
-59105 1668.2559814453125
-59095 1667.9219970703125
-59085 1666.5400390625
-59075 1662.739990234375
-59065 1665.135009765625
-59055 1667.052001953125
-59045 1664.907958984375
-59035 1662.501953125
-59025 1661.883056640625
-59015 1660.2149658203125
-59005 1659.822021484375
-58995 1659.9649658203125
-58985 1658.2020263671875
-58975 1658.010986328125
-58965 1657.9520263671875
-58955 1655.9739990234375
-58945 1654.5810546875
-58935 1653.4010009765625
-58925 1652.68701171875
-58915 1649.363037109375
-58905 1645.051025390625
-58895 1644.468017578125
-58885 1644.0150146484375
-58875 1637.904052734375
-58865 1633.52099609375
-58855 1625.6829833984375
-58845 1623.0140380859375
-58835 1617.3680419921875
-58825 1611.508056640625
-58815 1615.0570068359375
-58805 1621.156005859375
-58795 1625.6710205078125
-58785 1631.8409423828125
-58775 1639.405029296875
-58765 1643.39599609375
-58755 1649.6490478515625
-58745 1654.35400390625
-58735 1658.010986328125
-58725 1660.239013671875
-58715 1662.9189453125
-58705 1665.385009765625
-58695 1663.89599609375
-58685 1661.0250244140625
-58675 1662.0140380859375
-58665 1664.991943359375
-58655 1668.0169677734375
-58645 1668.81494140625
-58635 1667.8740234375
-58625 1667.112060546875
-58615 1668.6839599609375
-58605 1671.85302734375
-58595 1672.9959716796875
-58585 1676.4749755859375
-58575 1680.083984375
-58565 1681.41796875
-58555 1682.251953125
-58545 1682.7640380859375
-58535 1683.801025390625
-58525 1684.073974609375
-58515 1684.1700439453125
-58505 1683.2879638671875
-58495 1683.0860595703125
-58485 1683.967041015625
-58475 1683.490966796875
-58465 1683.89599609375
-58455 1683.56201171875
-58445 1684.06298828125
-58435 1683.8480224609375
-58425 1683.3480224609375
-58415 1683.573974609375
-58405 1684.7060546875
-58395 1685.552001953125
-58385 1686.56396484375
-58375 1684.907958984375
-58365 1682.1209716796875
-58355 1679.1309814453125
-58345 1676.8680419921875
-58335 1676.18896484375
-58325 1675.427001953125
-58315 1674.115966796875
-58305 1672.425048828125
-58295 1670.697998046875
-58285 1669.5179443359375
-58275 1666.1949462890625
-58265 1664.2060546875
-58255 1663.217041015625
-58245 1658.8570556640625
-58235 1655.2120361328125
-58225 1646.8260498046875
-58215 1634.4859619140625
-58205 1630.9119873046875
-58195 1643.717041015625
-58185 1652.9849853515625
-58175 1658.9639892578125
-58165 1666.89794921875
-58155 1676.1409912109375
-58145 1682.633056640625
-58135 1685.968994140625
-58125 1690.281005859375
-58115 1695.9630126953125
-58105 1702.64501953125
-58095 1709.2919921875
-58085 1711.51904296875
-58075 1712.948974609375
-58065 1713.85400390625
-58055 1714.782958984375
-58045 1715.343017578125
-58035 1715.9739990234375
-58025 1716.1650390625
-58015 1715.18798828125
-58005 1715.9029541015625
-57995 1715.1409912109375
-57985 1713.9139404296875
-57975 1711.864990234375
-57965 1708.8509521484375
-57955 1706.9329833984375
-57945 1706.302001953125
-57935 1704.3719482421875
-57925 1702.14501953125
-57915 1698.154052734375
-57905 1692.698974609375
-57895 1685.741943359375
-57885 1678.7259521484375
-57875 1670.614013671875
-57865 1663.3360595703125
-57855 1656.927001953125
-57845 1649.4949951171875
-57835 1642.7760009765625
-57825 1635.4739990234375
-57815 1627.4100341796875
-57805 1619.989013671875
-57795 1607.1719970703125
-57785 1599.2740478515625
-57775 1601.4420166015625
-57765 1613.4849853515625
-57755 1620.6319580078125
-57745 1628.0889892578125
-57735 1635.3909912109375
-57725 1642.739990234375
-57715 1649.947021484375
-57705 1656.487060546875
-57695 1662.5140380859375
-57685 1668.56494140625
-57675 1675.2960205078125
-57665 1682.739990234375
-57655 1690.0069580078125
-57645 1694.9139404296875
-57635 1698.8330078125
-57625 1701.0250244140625
-57615 1703.1810302734375
-57605 1704.5150146484375
-57595 1705.468017578125
-57585 1706.39697265625
-57575 1706.8740234375
-57565 1708.06494140625
-57555 1708.81494140625
-57545 1709.5059814453125
-57535 1710.2330322265625
-57525 1710.864013671875
-57515 1711.781005859375
-57505 1712.4730224609375
-57495 1713.39697265625
-57485 1714.2750244140625
-57475 1715.39501953125
-57465 1716.6510009765625
-57455 1717.863037109375
-57445 1719.8759765625
-57435 1721.4210205078125
-57425 1723.4639892578125
-57415 1725.18994140625
-57405 1726.916015625
-57395 1728.7779541015625
-57385 1730.866943359375
-57375 1732.1839599609375
-57365 1733.6829833984375
-57355 1734.6669921875
-57345 1735.77197265625
-57335 1735.9840087890625
-57325 1736.10498046875
-57315 1735.4840087890625
-57305 1734.5460205078125
-57295 1732.4720458984375
-57285 1728.3389892578125
-57275 1722.072021484375
-57265 1717.43896484375
-57255 1715.1090087890625
-57245 1713.654052734375
-57235 1713.532958984375
-57225 1707.9320068359375
-57215 1698.1070556640625
-57205 1689.3270263671875
-57195 1680.333984375
-57185 1670.3580322265625
-57175 1660.9420166015625
-57165 1652.81201171875
-57155 1648.2550048828125
-57145 1645.0009765625
-57135 1643.2449951171875
-57125 1640.68603515625
-57115 1635.14501953125
-57105 1629.708984375
-57095 1624.321044921875
-57085 1619.7340087890625
-57075 1617.387939453125
-57065 1615.81298828125
-57055 1617.0389404296875
-57045 1620.2640380859375
-57035 1624.654052734375
-57025 1628.5450439453125
-57015 1635.114990234375
-57005 1640.625
-56995 1648.345947265625
-56985 1656.4449462890625
-56975 1664.3179931640625
-56965 1672.5980224609375
-56955 1680.259033203125
-56945 1688.91796875
-56935 1698.6669921875
-56925 1707.2659912109375
-56915 1716.2889404296875
-56905 1723.615966796875
-56895 1731.5030517578125
-56885 1739.77001953125
-56875 1749.0489501953125
-56865 1757.7840576171875
-56855 1767.18505859375
-56845 1776.0260009765625
-56835 1784.8060302734375
-56825 1791.8759765625
-56815 1796.4930419921875
-56805 1801.39794921875
-56795 1803.4420166015625
-56785 1809.739990234375
-56775 1812.1920166015625
-56765 1815.35595703125
-56755 1819.261962890625
-56745 1822.3050537109375
-56735 1824.8780517578125
-56725 1828.406005859375
-56715 1830.404052734375
-56705 1833.447021484375
-56695 1836.6259765625
-56685 1839.39599609375
-56675 1842.3790283203125
-56665 1844.10400390625
-56655 1846.8909912109375
-56645 1850.4169921875
-56635 1853.2330322265625
-56625 1854.9129638671875
-56615 1856.4730224609375
-56605 1857.9560546875
-56595 1859.93896484375
-56585 1862.0889892578125
-56575 1864.344970703125
-56565 1866.373046875
-56555 1868.7049560546875
-56545 1869.824951171875
-56535 1872.883056640625
-56525 1876.9849853515625
-56515 1881.633056640625
-56505 1883.9189453125
-56495 1884.5999755859375
-56485 1886.385986328125
-56475 1887.613037109375
-56465 1888.656982421875
-56455 1890.0350341796875
-56445 1892.6090087890625
-56435 1891.927001953125
-56425 1890.050048828125
-56415 1886.4940185546875
-56405 1881.3609619140625
-56395 1876.5009765625
-56385 1874.987060546875
-56375 1873.72998046875
-56365 1871.7020263671875
-56355 1868.8409423828125
-56345 1866.7969970703125
-56335 1865.875
-56325 1861.7559814453125
-56315 1857.2139892578125
-56305 1851.6429443359375
-56295 1846.208984375
-56285 1843.7559814453125
-56275 1840.864990234375
-56265 1836.1259765625
-56255 1830.4339599609375
-56245 1826.998046875
-56235 1824.697021484375
-56225 1821.488037109375
-56215 1817.6419677734375
-56205 1814.85595703125
-56195 1810.9200439453125
-56185 1802.9730224609375
-56175 1797.447021484375
-56165 1790.362060546875
-56155 1782.35400390625
-56145 1774.7840576171875
-56135 1767.698974609375
-56125 1762.385986328125
-56115 1752.8330078125
-56105 1743.5830078125
-56095 1734.27294921875
-56085 1724.4630126953125
-56075 1714.8809814453125
-56065 1706.719970703125
-56055 1698.4549560546875
-56045 1690.916015625
-56035 1684.0889892578125
-56025 1678.7139892578125
-56015 1670.4949951171875
-56005 1662.2740478515625
-55995 1653.675048828125
-55985 1651.1619873046875
-55975 1658.2919921875
-55965 1665.1199951171875
-55955 1672.9010009765625
-55945 1678.3499755859375
-55935 1684.239990234375
-55925 1692.2330322265625
-55915 1701.5889892578125
-55905 1709.279052734375
-55895 1718.0450439453125
-55885 1725.8409423828125
-55875 1734.531005859375
-55865 1745.5059814453125
-55855 1755.678955078125
-55845 1764.5660400390625
-55835 1772.8470458984375
-55825 1781.0670166015625
-55815 1789.3480224609375
-55805 1795.887939453125
-55795 1802.95703125
-55785 1809.406005859375
-55775 1815.6739501953125
-55765 1821.06298828125
-55755 1825.8480224609375
-55745 1829.9949951171875
-55735 1833.81103515625
-55725 1837.760986328125
-55715 1843.10498046875
-55705 1848.0860595703125
-55695 1852.6419677734375
-55685 1857.5169677734375
-55675 1863.27001953125
-55665 1868.053955078125
-55655 1873.51904296875
-55645 1878.9840087890625
-55635 1884.41796875
-55625 1889.095947265625
-55615 1893.3050537109375
-55605 1898.512939453125
-55595 1903.97802734375
-55585 1910.56298828125
-55575 1915.906982421875
-55565 1920.64599609375
-55555 1925.18701171875
-55545 1928.987060546875
-55535 1931.10595703125
-55525 1932.166015625
-55515 1932.5439453125
-55505 1931.741943359375
-55495 1930.7869873046875
-55485 1928.427001953125
-55475 1925.051025390625
-55465 1921.0389404296875
-55455 1916.7850341796875
-55445 1913.3790283203125
-55435 1909.427978515625
-55425 1906.385009765625
-55415 1903.4630126953125
-55405 1898.406982421875
-55395 1896.574951171875
-55385 1894.8790283203125
-55375 1890.594970703125
-55365 1886.7039794921875
-55355 1882.7850341796875
-55345 1879.9530029296875
-55335 1877.0760498046875
-55325 1873.4580078125
-55315 1868.68896484375
-55305 1862.3909912109375
-55295 1857.623046875
-55285 1849.8270263671875
-55275 1843.7559814453125
-55265 1837.01904296875
-55255 1829.7979736328125
-55245 1823.1070556640625
-55235 1816.0830078125
-55225 1809.5889892578125
-55215 1800.5810546875
-55205 1790.0889892578125
-55195 1781.385009765625
-55185 1772.1199951171875
-55175 1764.18701171875
-55165 1756.406005859375
-55155 1749.427001953125
-55145 1742.2060546875
-55135 1735.2569580078125
-55125 1727.490966796875
-55115 1720.5269775390625
-55105 1715.364990234375
-55095 1708.14404296875
-55085 1700.074951171875
-55075 1691.9610595703125
-55065 1683.2559814453125
-55055 1675.1719970703125
-55045 1668.6929931640625
-55035 1667.844970703125
-55025 1667.48095703125
-55015 1666.301025390625
-55005 1664.9339599609375
-54995 1663.4150390625
-54985 1663.074951171875
-54975 1663.5989990234375
-54965 1664.4620361328125
-54955 1666.14599609375
-54945 1667.52099609375
-54935 1669.529052734375
-54925 1671.27001953125
-54915 1671.906982421875
-54905 1672.6710205078125
-54895 1674.1429443359375
-54885 1676.7900390625
-54875 1677.7669677734375
-54865 1679.1820068359375
-54855 1679.16796875
-54845 1680.4560546875
-54835 1682.6070556640625
-54825 1682.197021484375
-54815 1683.7540283203125
-54805 1686.116943359375
-54795 1687.5050048828125
-54785 1688.876953125
-54775 1690.1650390625
-54765 1691.425048828125
-54755 1692.656005859375
-54745 1693.1939697265625
-54735 1696.2650146484375
-54725 1704.02099609375
-54715 1712.613037109375
-54705 1720.594970703125
-54695 1727.9549560546875
-54685 1733.9840087890625
-54675 1740.467041015625
-54665 1747.7559814453125
-54655 1755.0009765625
-54645 1759.7149658203125
-54635 1765.6600341796875
-54625 1772.198974609375
-54615 1778.0579833984375
-54605 1784.6820068359375
-54595 1792.5799560546875
-54585 1799.18896484375
-54575 1805.9830322265625
-54565 1813.4560546875
-54555 1820.5899658203125
-54545 1828.5579833984375
-54535 1836.0030517578125
-54525 1838.635009765625
-54515 1844.678955078125
-54505 1851.10400390625
-54495 1857.2330322265625
-54485 1862.625
-54475 1867.155029296875
-54465 1871.8389892578125
-54455 1875.3489990234375
-54445 1878.9730224609375
-54435 1881.8179931640625
-54425 1884.39404296875
-54415 1890.2110595703125
-54405 1897.3160400390625
-54395 1904.2230224609375
-54385 1910.364990234375
-54375 1916.6639404296875
-54365 1923.5560302734375
-54355 1929.7840576171875
-54345 1937.31298828125
-54335 1945.012939453125
-54325 1950.363037109375
-54315 1954.97705078125
-54305 1957.241943359375
-54295 1958.0909423828125
-54285 1959.9019775390625
-54275 1961.7989501953125
-54265 1966.7099609375
-54255 1971.5369873046875
-54245 1976.5469970703125
-54235 1980.7509765625
-54225 1984.3740234375
-54215 1987.3740234375
-54205 1989.7960205078125
-54195 1991.322998046875
-54185 1993.8990478515625
-54175 1997.6070556640625
-54165 2001.81103515625
-54155 2005.406005859375
-54145 2007.4300537109375
-54135 2007.9110107421875
-54125 2007.8690185546875
-54115 2007.0899658203125
-54105 2005.4339599609375
-54095 2004.656005859375
-54085 2003.4530029296875
-54075 2000.9759521484375
-54065 1997.8759765625
-54055 1994.2950439453125
-54045 1991.0400390625
-54035 1988.5350341796875
-54025 1985.5770263671875
-54015 1983.822021484375
-54005 1981.18896484375
-53995 1978.967041015625
-53985 1977.0140380859375
-53975 1974.989990234375
-53965 1971.8759765625
-53955 1968.6629638671875
-53945 1965.1529541015625
-53935 1962.592041015625
-53925 1957.426025390625
-53915 1953.8310546875
-53905 1946.97998046875
-53895 1938.0069580078125
-53885 1933.7039794921875
-53875 1925.6510009765625
-53865 1919.1259765625
-53855 1912.4739990234375
-53845 1906.85498046875
-53835 1901.1939697265625
-53825 1896.4100341796875
-53815 1890.8050537109375
-53805 1885.35595703125
-53795 1879.7659912109375
-53785 1876.2979736328125
-53775 1870.2259521484375
-53765 1864.0970458984375
-53755 1859.93603515625
-53745 1857.4739990234375
-53735 1854.9959716796875
-53725 1851.373046875
-53715 1847.8489990234375
-53705 1842.31494140625
-53695 1838.0830078125
-53685 1836.18701171875
-53675 1828.7840576171875
-53665 1822.175048828125
-53655 1814.2349853515625
-53645 1805.06298828125
-53635 1799.133056640625
-53625 1794.2919921875
-53615 1785.20703125
-53605 1778.114990234375
-53595 1771.9859619140625
-53585 1767.4859619140625
-53575 1761.1590576171875
-53565 1752.595947265625
-53555 1744.0469970703125
-53545 1735.1729736328125
-53535 1727.303955078125
-53525 1719.7879638671875
-53515 1712.385986328125
-53505 1704.842041015625
-53495 1699.5350341796875
-53485 1692.260009765625
-53475 1685.70703125
-53465 1680.3709716796875
-53455 1674.7659912109375
-53445 1668.2550048828125
-53435 1660.5269775390625
-53425 1654.6400146484375
-53415 1650.634033203125
-53405 1643.2750244140625
-53395 1635.3060302734375
-53385 1625.9649658203125
-53375 1616.97802734375
-53365 1605.6829833984375
-53355 1595.208984375
-53345 1588.9830322265625
-53335 1585.4150390625
-53325 1580.06494140625
-53315 1577.800048828125
-53305 1572.5350341796875
-53295 1563.5050048828125
-53285 1551.0789794921875
-53275 1539.656982421875
-53265 1533.343994140625
-53255 1522.5169677734375
-53245 1522.7010498046875
-53235 1532.876953125
-53225 1539.344970703125
-53215 1550.9510498046875
-53205 1559.8819580078125
-53195 1567.552978515625
-53185 1576.5970458984375
-53175 1584.7359619140625
-53165 1596.4420166015625
-53155 1610.126953125
-53145 1621.6619873046875
-53135 1630.0830078125
-53125 1638.2640380859375
-53115 1646.302978515625
-53105 1651.553955078125
-53095 1656.3380126953125
-53085 1661.928955078125
-53075 1666.529052734375
-53065 1671.198974609375
-53055 1676.322998046875
-53045 1681.2060546875
-53035 1686.7259521484375
-53025 1692.782958984375
-53015 1698.0340576171875
-53005 1702.1109619140625
-52995 1705.0980224609375
-52985 1708.550048828125
-52975 1711.43798828125
-52965 1717.48095703125
-52955 1723.04296875
-52945 1726.8790283203125
-52935 1732.9649658203125
-52925 1737.39501953125
-52915 1741.613037109375
-52905 1744.2459716796875
-52895 1751.1949462890625
-52885 1758.654052734375
-52875 1764.655029296875
-52865 1771.0810546875
-52855 1778.2850341796875
-52845 1784.0450439453125
-52835 1789.677978515625
-52825 1795.113037109375
-52815 1800.3070068359375
-52805 1806.52099609375
-52795 1814.843017578125
-52785 1822.0050048828125
-52775 1825.6419677734375
-52765 1830.156982421875
-52755 1836.2430419921875
-52745 1843.2779541015625
-52735 1848.9530029296875
-52725 1854.93994140625
-52715 1859.18603515625
-52705 1864.281005859375
-52695 1870.39599609375
-52685 1877.2039794921875
-52675 1882.0159912109375
-52665 1887.406982421875
-52655 1890.9320068359375
-52645 1894.074951171875
-52635 1896.7640380859375
-52625 1898.843994140625
-52615 1899.3809814453125
-52605 1895.9000244140625
-52595 1894.85302734375
-52585 1897.967041015625
-52575 1901.7879638671875
-52565 1904.3489990234375
-52555 1909.2049560546875
-52545 1912.7860107421875
-52535 1913.60595703125
-52525 1915.573974609375
-52515 1915.2060546875
-52505 1918.6390380859375
-52495 1926.7239990234375
-52485 1934.134033203125
-52475 1943.0479736328125
-52465 1952.302001953125
-52455 1956.60400390625
-52445 1961.8929443359375
-52435 1965.35595703125
-52425 1968.074951171875
-52415 1969.9549560546875
-52405 1974.7679443359375
-52395 1977.7869873046875
-52385 1979.6669921875
-52375 1984.291015625
-52365 1988.0810546875
-52355 1993.625
-52345 1999.6190185546875
-52335 2003.093017578125
-52325 2006.9749755859375
-52315 2009.7750244140625
-52305 2012.050048828125
-52295 2014.10595703125
-52285 2015.6319580078125
-52275 2016.781982421875
-52265 2018.0670166015625
-52255 2020.449951171875
-52245 2023.35595703125
-52235 2027.2919921875
-52225 2030.3380126953125
-52215 2032.4320068359375
-52205 2034.1390380859375
-52195 2035.1240234375
-52185 2035.572998046875
-52175 2035.6650390625
-52165 2035.6650390625
-52155 2035.802978515625
-52145 2037.0989990234375
-52135 2039.5360107421875
-52125 2041.8349609375
-52115 2043.31005859375
-52105 2044.240966796875
-52095 2044.9739990234375
-52085 2044.9580078125
-52075 2044.7550048828125
-52065 2044.864990234375
-52055 2045.5260009765625
-52045 2045.958984375
-52035 2046.635009765625
-52025 2047.2060546875
-52015 2047.571044921875
-52005 2048.924072265625
-51995 2050.696044921875
-51985 2053.49609375
-51975 2056.239990234375
-51965 2058.176025390625
-51955 2060.053955078125
-51945 2061.7470703125
-51935 2063.218994140625
-51925 2063.925048828125
-51915 2064.114013671875
-51905 2063.843994140625
-51895 2063.7060546875
-51885 2063.678955078125
-51875 2063.802978515625
-51865 2063.556884765625
-51855 2063.678955078125
-51845 2064.2900390625
-51835 2065.033935546875
-51825 2066.264892578125
-51815 2066.98193359375
-51805 2067.22509765625
-51795 2066.98193359375
-51785 2066.843994140625
-51775 2066.72509765625
-51765 2066.4140625
-51755 2066.115966796875
-51745 2065.761962890625
-51735 2065.467041015625
-51725 2064.93701171875
-51715 2064.614990234375
-51705 2063.85693359375
-51695 2063.0859375
-51685 2062.0849609375
-51675 2060.987060546875
-51665 2059.718017578125
-51655 2058.363037109375
-51645 2056.821044921875
-51635 2054.697998046875
-51625 2053.49609375
-51615 2051.761962890625
-51605 2050.5849609375
-51595 2049.35400390625
-51585 2047.8280029296875
-51575 2045.947998046875
-51565 2043.6729736328125
-51555 2042.0770263671875
-51545 2040.3070068359375
-51535 2038.072998046875
-51525 2036.612060546875
-51515 2034.85595703125
-51505 2032.907958984375
-51495 2031.2030029296875
-51485 2029.5670166015625
-51475 2027.970947265625
-51465 2026.4560546875
-51455 2024.574951171875
-51445 2022.35498046875
-51435 2020.2869873046875
-51425 2018.0670166015625
-51415 2015.4019775390625
-51405 2012.68603515625
-51395 2009.343994140625
-51385 2005.5980224609375
-51375 2001.282958984375
-51365 1997.6820068359375
-51355 1993.5989990234375
-51345 1990.85400390625
-51335 1987.675048828125
-51325 1983.75
-51315 1981.4229736328125
-51305 1978.31201171875
-51295 1973.969970703125
-51285 1969.0760498046875
-51275 1965.6400146484375
-51265 1961.8499755859375
-51255 1958.8360595703125
-51245 1955.9820556640625
-51235 1952.925048828125
-51225 1950.135986328125
-51215 1946.553955078125
-51205 1942.9560546875
-51195 1939.1929931640625
-51185 1935.5
-51175 1931.739990234375
-51165 1926.531982421875
-51155 1919.68994140625
-51145 1912.6939697265625
-51135 1906.0550537109375
-51125 1900.7120361328125
-51115 1892.241943359375
-51105 1884.260986328125
-51095 1877.3759765625
-51085 1871.197021484375
-51075 1863.5679931640625
-51065 1857.343017578125
-51055 1852.4599609375
-51045 1849.5
-51035 1849.0260009765625
-51025 1847.06298828125
-51015 1844.1949462890625
-51005 1839.666015625
-50995 1835.1729736328125
-50985 1829.5350341796875
-50975 1824.0810546875
-50965 1817.9560546875
-50955 1811.623046875
-50945 1804.427001953125
-50935 1797.9610595703125
-50925 1790.2669677734375
-50915 1783.2869873046875
-50905 1775.6689453125
-50895 1767.241943359375
-50885 1754.9749755859375
-50875 1747.02197265625
-50865 1741.0140380859375
-50855 1736.29296875
-50845 1729.531982421875
-50835 1723.68603515625
-50825 1719.0760498046875
-50815 1715.9110107421875
-50805 1715.1400146484375
-50795 1713.7869873046875
-50785 1712.1639404296875
-50775 1706.468994140625
-50765 1708.29296875
-50755 1708.281005859375
-50745 1703.47900390625
-50735 1698.447998046875
-50725 1692.8480224609375
-50715 1686.6929931640625
-50705 1682.012939453125
-50695 1676.467041015625
-50685 1670.5830078125
-50675 1665.321044921875
-50665 1659.7049560546875
-50655 1653.928955078125
-50645 1647.655029296875
-50635 1639.698974609375
-50625 1627.8360595703125
-50615 1617.342041015625
-50605 1608.0489501953125
-50595 1595.6290283203125
-50585 1584.8780517578125
-50575 1589.123046875
-50565 1596.9820556640625
-50555 1604.0570068359375
-50545 1611.4420166015625
-50535 1616.6629638671875
-50525 1616.6629638671875
-50515 1619.3709716796875
-50505 1625.8070068359375
-50495 1632.2340087890625
-50485 1638.14599609375
-50475 1643.594970703125
-50465 1645.97802734375
-50455 1652.386962890625
-50445 1659.1639404296875
-50435 1664.2769775390625
-50425 1669.5550537109375
-50415 1675.7879638671875
-50405 1680.68505859375
-50395 1686.125
-50385 1690.261962890625
-50375 1695.375
-50365 1699.1639404296875
-50355 1703.0040283203125
-50345 1708.29296875
-50335 1713.0269775390625
-50325 1713.7060546875
-50315 1718.5889892578125
-50305 1724.7030029296875
-50295 1732.4649658203125
-50285 1736.14404296875
-50275 1743.8409423828125
-50265 1749.4300537109375
-50255 1754.323974609375
-50245 1760.66796875
-50235 1767.5150146484375
-50225 1773.7779541015625
-50215 1779.5240478515625
-50205 1786.2740478515625
-50195 1793.0240478515625
-50185 1799.6519775390625
-50175 1805.18701171875
-50165 1812.072021484375
-50155 1820.0660400390625
-50145 1826.1259765625
-50135 1829.98095703125
-50125 1832.1319580078125
-50115 1835.22705078125
-50105 1840.54296875
-50095 1845.7659912109375
-50085 1846.3070068359375
-50075 1846.7659912109375
-50065 1847.9310302734375
-50055 1850.7149658203125
-50045 1852.218994140625
-50035 1853.071044921875
-50025 1853.77197265625
-50015 1853.5150146484375
-50005 1854.2869873046875
-49995 1854.81494140625
-49985 1854.9659423828125
-49975 1854.3929443359375
-49965 1854.10400390625
-49955 1853.156982421875
-49945 1852.68994140625
-49935 1852.116943359375
-49925 1850.5340576171875
-49915 1846.9320068359375
-49905 1844.7459716796875
-49895 1843.8719482421875
-49885 1843.342041015625
-49875 1841.35498046875
-49865 1837.9940185546875
-49855 1837.1949462890625
-49845 1838.5789794921875
-49835 1844.9840087890625
-49825 1851.60400390625
-49815 1854.031005859375
-49805 1857.5579833984375
-49795 1859.925048828125
-49785 1862.60498046875
-49775 1866.073974609375
-49765 1869.6009521484375
-49755 1873.2939453125
-49745 1876.8060302734375
-49735 1878.10205078125
-49725 1880.906005859375
-49715 1884.64404296875
-49705 1888.0050048828125
-49695 1889.4219970703125
-49685 1893.0550537109375
-49675 1896.5670166015625
-49665 1899.927978515625
-49655 1902.68603515625
-49645 1905.89697265625
-49635 1907.97705078125
-49625 1909.800048828125
-49615 1911.593994140625
-49605 1913.4029541015625
-49595 1915.3470458984375
-49585 1917.1409912109375
-49575 1918.97998046875
-49565 1920.803955078125
-49555 1922.52197265625
-49545 1923.7430419921875
-49535 1925.79296875
-49525 1927.43603515625
-49515 1929.2750244140625
-49505 1931.7769775390625
-49495 1933.781005859375
-49485 1935.9969482421875
-49475 1938.001953125
-49465 1940.5040283203125
-49455 1942.7950439453125
-49445 1944.2120361328125
-49435 1945.281982421875
-49425 1946.18603515625
-49415 1947.302001953125
-49405 1948.5069580078125
-49395 1949.094970703125
-49385 1949.758056640625
-49375 1951.0849609375
-49365 1951.2659912109375
-49355 1951.35595703125
-49345 1951.748046875
-49335 1951.68798828125
-49325 1951.0550537109375
-49315 1951.009033203125
-49305 1949.833984375
-49295 1948.9139404296875
-49285 1949.321044921875
-49275 1948.4019775390625
-49265 1947.406982421875
-49255 1946.427001953125
-49245 1945.5379638671875
-49235 1943.8349609375
-49225 1942.251953125
-49215 1940.9110107421875
-49205 1939.0269775390625
-49195 1937.2330322265625
-49185 1936.31298828125
-49175 1935.56005859375
-49165 1934.428955078125
-49155 1933.26904296875
-49145 1932.1839599609375
-49135 1931.323974609375
-49125 1931.2939453125
-49115 1931.4449462890625
-49105 1931.3699951171875
-49095 1931.18896484375
-49085 1931.6109619140625
-49075 1932.093017578125
-49065 1932.5150146484375
-49055 1933.81103515625
-49045 1936.509033203125
-49035 1937.4139404296875
-49025 1939.177001953125
-49015 1940.3680419921875
-49005 1941.7550048828125
-48995 1942.614013671875
-48985 1942.8399658203125
-48975 1942.47802734375
-48965 1942.343017578125
-48955 1941.6639404296875
-48945 1941.2869873046875
-48935 1940.89599609375
-48925 1941.634033203125
-48915 1941.6939697265625
-48905 1941.4840087890625
-48895 1941.407958984375
-48885 1941.1820068359375
-48875 1940.217041015625
-48865 1939.0269775390625
-48855 1938.60498046875
-48845 1938.001953125
-48835 1937.0069580078125
-48825 1936.404052734375
-48815 1936.1929931640625
-48805 1937.35400390625
-48795 1938.092041015625
-48785 1936.7049560546875
-48775 1932.83203125
-48765 1933.7659912109375
-48755 1934.2330322265625
-48745 1934.7010498046875
-48735 1934.157958984375
-48725 1933.14794921875
-48715 1931.9580078125
-48705 1927.8580322265625
-48695 1921.345947265625
-48685 1912.8900146484375
-48675 1903.16796875
-48665 1894.9990234375
-48655 1887.5830078125
-48645 1880.136962890625
-48635 1872.6610107421875
-48625 1861.5069580078125
-48615 1851.60400390625
-48605 1843.7359619140625
-48595 1837.1650390625
-48585 1829.989990234375
-48575 1822.1669921875
-48565 1816.0150146484375
-48555 1809.156005859375
-48545 1801.9219970703125
-48535 1793.800048828125
-48525 1784.2440185546875
-48515 1776.948974609375
-48505 1767.9630126953125
-48495 1759.614990234375
-48485 1754.532958984375
-48475 1752.3800048828125
-48465 1741.6910400390625
-48455 1738.405029296875
-48445 1739.115966796875
-48435 1734.093994140625
-48425 1734.7149658203125
-48415 1729.0450439453125
-48405 1735.0439453125
-48395 1733.4610595703125
-48385 1741.60302734375
-48375 1739.7039794921875
-48365 1742.2060546875
-48355 1744.3160400390625
-48345 1739.9599609375
-48335 1737.864990234375
-48325 1726.862060546875
-48315 1717.5469970703125
-48305 1711.635986328125
-48295 1712.510009765625
-48285 1715.343994140625
-48275 1710.2039794921875
-48265 1708.154052734375
-48255 1709.676025390625
-48245 1704.9759521484375
-48235 1697.81396484375
-48225 1690.446044921875
-48215 1684.9420166015625
-48205 1679.666015625
-48195 1674.0439453125
-48185 1668.303955078125
-48175 1661.4129638671875
-48165 1652.8819580078125
-48155 1647.93798828125
-48145 1646.822998046875
-48135 1645.27001953125
-48125 1641.5770263671875
-48115 1636.2569580078125
-48105 1633.7550048828125
-48095 1632.261962890625
-48085 1633.9659423828125
-48075 1635.7440185546875
-48065 1636.93505859375
-48055 1638.52099609375
-48045 1635.654052734375
-48035 1631.916015625
-48025 1634.344970703125
-48015 1633.43798828125
-48005 1631.4639892578125
-47995 1624.5150146484375
-47985 1617.6419677734375
-47975 1608.010009765625
-47965 1605.31201171875
-47955 1600.56396484375
-47945 1596.991943359375
-47935 1591.279052734375
-47925 1584.3310546875
-47915 1580.803955078125
-47905 1576.071044921875
-47895 1573.072021484375
-47885 1568.52001953125
-47875 1563.154052734375
-47865 1557.5159912109375
-47855 1551.623046875
-47845 1544.9010009765625
-47835 1537.845947265625
-47825 1530.2950439453125
-47815 1524.0849609375
-47805 1518.9599609375
-47795 1513.262939453125
-47785 1505.8919677734375
-47775 1499.1400146484375
-47765 1492.9449462890625
-47755 1486.81005859375
-47745 1477.10302734375
-47735 1467.56201171875
-47725 1460.342041015625
-47715 1453.364013671875
-47705 1447.1080322265625
-47695 1439.1949462890625
-47685 1431.552978515625
-47675 1419.991943359375
-47665 1406.45703125
-47655 1395.4090576171875
-47645 1384.873046875
-47635 1378.782958984375
-47625 1365.7149658203125
-47615 1353.053955078125
-47605 1352.2850341796875
-47595 1354.4410400390625
-47585 1362.0830078125
-47575 1371.7900390625
-47565 1381.5870361328125
-47555 1394.458984375
-47545 1408.884033203125
-47535 1421.06298828125
-47525 1432.2769775390625
-47515 1442.3299560546875
-47505 1453.3260498046875
-47495 1460.281005859375
-47485 1465.27099609375
-47475 1471.6729736328125
-47465 1478.6839599609375
-47455 1485.1810302734375
-47445 1493.9610595703125
-47435 1500.5040283203125
-47425 1507.6929931640625
-47415 1512.093017578125
-47405 1514.6199951171875
-47395 1519.3280029296875
-47385 1524.5989990234375
-47375 1530.842041015625
-47365 1536.0469970703125
-47355 1542.35595703125
-47345 1545.7159423828125
-47335 1549.85400390625
-47325 1554.7020263671875
-47315 1560.2530517578125
-47305 1564.4090576171875
-47295 1568.387939453125
-47285 1572.8809814453125
-47275 1576.6529541015625
-47265 1582.2230224609375
-47255 1589.0279541015625
-47245 1596.3570556640625
-47235 1602.8819580078125
-47225 1606.0269775390625
-47215 1610.3890380859375
-47205 1620.2550048828125
-47195 1629.550048828125
-47185 1635.4940185546875
-47175 1640.1929931640625
-47165 1645.5849609375
-47155 1650.4530029296875
-47145 1655.9749755859375
-47135 1661.6109619140625
-47125 1665.5050048828125
-47115 1670.79296875
-47105 1673.405029296875
-47095 1675.6610107421875
-47085 1678.5810546875
-47075 1680.864990234375
-47065 1682.906005859375
-47055 1685.7139892578125
