-73505 1979.1529541015625
-73495 1983.3470458984375
-73485 1986.844970703125
-73475 1991.469970703125
-73465 1997.6700439453125
-73455 2004.135009765625
-73445 2019.0040283203125
-73435 2027.342041015625
-73425 2035.134033203125
-73415 2039.758056640625
-73405 2044.4820556640625
-73395 2049.802978515625
-73385 2053.48291015625
-73375 2046.386962890625
-73365 2038.6639404296875
-73355 2033.989013671875
-73345 2029.696044921875
-73335 2025.5849609375
-73325 2022.4849853515625
-73315 2018.489990234375
-73305 2015.291015625
-73295 2016.10302734375
-73285 2016.3179931640625
-73275 2014.2130126953125
-73265 2014.345947265625
-73255 2013.135986328125
-73245 2009.93603515625
-73235 2008.1629638671875
-73225 2008.8089599609375
-73215 2011.7430419921875
-73205 2017.511962890625
-73195 2023.927001953125
-73185 2028.60302734375
-73175 2033.4749755859375
-73165 2035.862060546875
-73155 2034.137939453125
-73145 2026.0159912109375
-73135 2027.342041015625
-73125 2030.1929931640625
-73115 2031.9169921875
-73105 2033.85595703125
-73095 2035.8289794921875
-73085 2036.8070068359375
-73075 2038.0009765625
-73065 2039.3759765625
-73055 2041.5479736328125
-73045 2046.4549560546875
-73035 2052.339111328125
-73025 2058.803955078125
-73015 2065.583984375
-73005 2073.176025390625
-72995 2078.364990234375
-72985 2083.93505859375
-72975 2089.488037109375
-72965 2095.20703125
-72955 2099.9970703125
-72945 2092.654052734375
-72935 2086.02294921875
-72925 2080.155029296875
-72915 2076.425048828125
-72905 2072.827880859375
-72895 2067.35791015625
-72885 2061.60595703125
-72875 2057.9580078125
-72865 2054.1630859375
-72855 2050.781005859375
-72845 2048.14599609375
-72835 2046.0240478515625
-72825 2041.9620361328125
-72815 2039.510009765625
-72805 2036.3929443359375
-72795 2034.43701171875
-72785 2033.22705078125
-72775 2029.89599609375
-72765 2026.31396484375
-72755 2025.2530517578125
-72745 2024.407958984375
-72735 2015.77099609375
-72725 2012.0909423828125
-72715 2007.3170166015625
-72705 2005.3780517578125
-72695 2001.6810302734375
-72685 1995.89599609375
-72675 1982.916015625
-72665 1977.31298828125
-72655 1975.1419677734375
-72645 1975.5069580078125
-72635 1977.06494140625
-72625 1977.927001953125
-72615 1981.3909912109375
-72605 1982.6669921875
-72595 1979.053955078125
-72585 1980.6290283203125
-72575 1981.4239501953125
-72565 1983.114990234375
-72555 1985.10400390625
-72545 1986.9110107421875
-72535 1987.2760009765625
-72525 1988.949951171875
-72515 1992.6800537109375
-72505 1993.6490478515625
-72495 1999.6429443359375
-72485 2000.572998046875
-72475 2004.032958984375
-72465 2008.949951171875
-72455 2015.2559814453125
-72445 2022.342041015625
-72435 2029.427978515625
-72425 2035.699951171875
-72415 2044.616943359375
-72405 2053.51708984375
-72395 2060.68798828125
-72385 2072.095947265625
-72375 2080.89501953125
-72365 2086.72607421875
-72355 2096.47412109375
-72345 2106.10205078125
-72335 2115.0869140625
-72325 2125.240966796875
-72315 2132.6669921875
-72305 2132.513916015625
-72295 2136.633056640625
-72285 2143.7529296875
-72275 2150.466064453125
-72265 2155.449951171875
-72255 2157.8740234375
-72245 2159.636962890625
-72235 2153.991943359375
-72225 2150.126953125
-72215 2146.4150390625
-72205 2143.7529296875
-72195 2140.8369140625
-72185 2135.955078125
-72175 2132.614990234375
-72165 2124.156005859375
-72155 2119.409912109375
-72145 2113.865966796875
-72135 2107.93310546875
-72125 2101.25390625
-72115 2093.06591796875
-72105 2085.031005859375
-72095 2077.487060546875
-72085 2070.927001953125
-72075 2065.89208984375
-72065 2057.991943359375
-72055 2051.0419921875
-72045 2044.39599609375
-72035 2036.1070556640625
-72025 2023.4949951171875
-72015 2015.490966796875
-72005 2003.5419921875
-71995 1995.0489501953125
-71985 1986.8780517578125
-71975 1978.5350341796875
-71965 1973.4859619140625
-71955 1970.9940185546875
-71945 1970.1099853515625
-71935 1971.655029296875
-71925 1969.501953125
-71915 1961.989990234375
-71905 1957.362060546875
-71895 1952.3270263671875
-71885 1943.5460205078125
-71875 1936.8690185546875
-71865 1928.781005859375
-71855 1924.10205078125
-71845 1920.1180419921875
-71835 1915.3890380859375
-71825 1909.6080322265625
-71815 1909.5570068359375
-71805 1909.4219970703125
-71795 1909.760009765625
-71785 1908.573974609375
-71775 1905.572998046875
-71765 1901.1829833984375
-71755 1898.876953125
-71745 1896.4019775390625
-71735 1894.8260498046875
-71725 1892.0460205078125
-71715 1891.4859619140625
-71705 1890.4010009765625
-71695 1890.4859619140625
-71685 1891.97802734375
-71675 1893.2490234375
-71665 1892.842041015625
-71655 1893.1300048828125
-71645 1896.9959716796875
-71635 1898.14794921875
-71625 1902.385986328125
-71615 1908.3199462890625
-71605 1912.625
-71595 1916.16796875
-71585 1922.0679931640625
-71575 1926.593994140625
-71565 1930.56103515625
-71555 1930.64599609375
-71545 1928.3590087890625
-71535 1928.10302734375
-71525 1932.154052734375
-71515 1934.8160400390625
-71505 1938.2230224609375
-71495 1943.156005859375
-71485 1946.93701171875
-71475 1956.633056640625
-71465 1957.615966796875
-71455 1961.2099609375
-71445 1952.5479736328125
-71435 1962.5830078125
-71425 1970.9090576171875
-71415 1985.2330322265625
-71405 1988.0980224609375
-71395 1981.60595703125
-71385 1971.6209716796875
-71375 1965.7540283203125
-71365 1965.5860595703125
-71355 1967.6519775390625
-71345 1972.2459716796875
-71335 1974.4329833984375
-71325 1975.2149658203125
-71315 1975.364990234375
-71305 1974.3819580078125
-71295 1973.22900390625
-71285 1972.6719970703125
-71275 1971.7230224609375
-71265 1971.448974609375
-71255 1970.875
-71245 1970.2139892578125
-71235 1970.31396484375
-71225 1969.68603515625
-71215 1969.2969970703125
-71205 1969.0419921875
-71195 1968.5360107421875
-71185 1967.85595703125
-71175 1967.823974609375
-71165 1967.4169921875
-71155 1967.6689453125
-71145 1968.990966796875
-71135 1972.6190185546875
-71125 1975.553955078125
-71115 1977.8909912109375
-71105 1981.2669677734375
-71095 1984.06396484375
-71085 1985.166015625
-71075 1985.9620361328125
-71065 1986.43505859375
-71055 1985.4010009765625
-71045 1984.3160400390625
-71035 1986.010986328125
-71025 1986.384033203125
-71015 1986.3330078125
-71005 1987.791015625
-70995 1992.758056640625
-70985 1998.35400390625
-70975 2005.64404296875
-70965 2012.64501953125
-70955 2019.406982421875
-70945 2025.258056640625
-70935 2031.512939453125
-70925 2036.7679443359375
-70915 2042.2939453125
-70905 2047.4139404296875
-70895 2052.39794921875
-70885 2057.906982421875
-70875 2062.569091796875
-70865 2066.179931640625
-70855 2070.095947265625
-70845 2073.80908203125
-70835 2077.77490234375
-70825 2081.7080078125
-70815 2085.555908203125
-70805 2089.89599609375
-70795 2094.422119140625
-70785 2099.7109375
-70775 2104.797119140625
-70765 2108.864990234375
-70755 2112.6630859375
-70745 2116.595947265625
-70735 2118.93505859375
-70725 2121.10498046875
-70715 2119.39306640625
-70705 2120.20703125
-70695 2119.2060546875
-70685 2117.324951171875
-70675 2115.64599609375
-70665 2112.697021484375
-70655 2107.2041015625
-70645 2098.846923828125
-70635 2091.1669921875
-70625 2083.114990234375
-70615 2076.25
-70605 2069.010986328125
-70595 2061.654052734375
-70585 2056.568115234375
-70575 2051.6689453125
-70565 2046.0069580078125
-70555 2041.362060546875
-70545 2036.5479736328125
-70535 2031.259033203125
-70525 2026.510009765625
-70515 2021.9859619140625
-70505 2016.697021484375
-70495 2010.238037109375
-70485 2003.677001953125
-70475 1997.676025390625
-70465 1989.5880126953125
-70455 1983.656982421875
-70445 1975.0770263671875
-70435 1968.77294921875
-70425 1962.77197265625
-70415 1956.9720458984375
-70405 1951.074951171875
-70395 1944.123046875
-70385 1937.239990234375
-70375 1929.7979736328125
-70365 1921.780029296875
-70355 1914.9139404296875
-70345 1908.4210205078125
-70335 1902.9969482421875
-70325 1898.487060546875
-70315 1891.5369873046875
-70305 1885.77294921875
-70295 1880.636962890625
-70285 1874.177978515625
-70275 1868.68505859375
-70265 1863.498046875
-70255 1857.8699951171875
-70245 1853.7840576171875
-70235 1850.7669677734375
-70225 1848.10498046875
-70215 1844.91796875
-70205 1841.64697265625
-70195 1838.27294921875
-70185 1834.0860595703125
-70175 1829.967041015625
-70165 1825.135009765625
-70155 1820.9630126953125
-70145 1818.1319580078125
-70135 1814.9620361328125
-70125 1811.6920166015625
-70115 1809.1319580078125
-70105 1804.9110107421875
-70095 1799.843017578125
-70085 1794.364990234375
-70075 1788.875
-70065 1783.9420166015625
-70055 1779.3310546875
-70045 1774.6180419921875
-70035 1770.988037109375
-70025 1766.072021484375
-70015 1761.47802734375
-70005 1757.093017578125
-69995 1753.0250244140625
-69985 1749.5849609375
-69975 1746.594970703125
-69965 1744.5780029296875
-69955 1743.8370361328125
-69945 1743.8060302734375
-69935 1743.322998046875
-69925 1742.532958984375
-69915 1740.365966796875
-69905 1737.6240234375
-69895 1734.029052734375
-69885 1731.238037109375
-69875 1727.9840087890625
-69865 1725.0400390625
-69855 1724.2989501953125
-69845 1723.6610107421875
-69835 1723.7540283203125
-69825 1724.9320068359375
-69815 1725.89501953125
-69805 1727.612060546875
-69795 1727.8909912109375
-69785 1727.0880126953125
-69775 1723.6300048828125
-69765 1718.0860595703125
-69755 1713.0040283203125
-69745 1706.06005859375
-69735 1702.093994140625
-69725 1698.4840087890625
-69715 1693.572021484375
-69705 1688.9549560546875
-69695 1683.052001953125
-69685 1678.1090087890625
-69675 1674.050048828125
-69665 1670.56396484375
-69655 1668.781982421875
-69645 1665.8690185546875
-69635 1663.1729736328125
-69625 1659.9659423828125
-69615 1656.324951171875
-69605 1653.1490478515625
-69595 1649.47705078125
-69585 1644.7669677734375
-69575 1640.8780517578125
-69565 1636.074951171875
-69555 1630.9930419921875
-69545 1625.8800048828125
-69535 1621.4169921875
-69525 1617.72998046875
-69515 1614.7239990234375
-69505 1611.3929443359375
-69495 1609.2550048828125
-69485 1606.3570556640625
-69475 1604.0799560546875
-69465 1601.6009521484375
-69455 1599.7569580078125
-69445 1598.4549560546875
-69435 1598.6259765625
-69425 1598.718994140625
-69415 1598.9510498046875
-69405 1599.5400390625
-69395 1600.4539794921875
-69385 1601.7559814453125
-69375 1604.947021484375
-69365 1606.2640380859375
-69355 1607.5040283203125
-69345 1609.56494140625
-69335 1610.9439697265625
-69325 1612.833984375
-69315 1615.85498046875
-69305 1618.3189697265625
-69295 1621.8509521484375
-69285 1625.04296875
-69275 1628.2039794921875
-69265 1631.8599853515625
-69255 1634.865966796875
-69245 1638.072998046875
-69235 1641.85400390625
-69225 1645.261962890625
-69215 1649.2440185546875
-69205 1653.876953125
-69195 1659.14501953125
-69185 1664.3819580078125
-69175 1669.9129638671875
-69165 1675.490966796875
-69155 1681.33203125
-69145 1688.0570068359375
-69135 1694.594970703125
-69125 1701.615966796875
-69115 1709.56201171875
-69105 1717.8070068359375
-69095 1725.4119873046875
-69085 1733.5799560546875
-69075 1740.134033203125
-69065 1748.343017578125
-69055 1755.904052734375
-69045 1764.1650390625
-69035 1772.6400146484375
-69025 1782.2149658203125
-69015 1790.75
-69005 1797.64697265625
-68995 1804.3709716796875
-68985 1811.761962890625
-68975 1815.3409423828125
-68965 1822.06494140625
-68955 1824.156982421875
-68945 1827.1629638671875
-68935 1834.52197265625
-68925 1841.385986328125
-68915 1847.8470458984375
-68905 1854.4940185546875
-68895 1861.9150390625
-68885 1870.0030517578125
-68875 1877.39404296875
-68865 1886.4580078125
-68855 1895.614990234375
-68845 1902.77294921875
-68835 1908.041015625
-68825 1913.47900390625
-68815 1919.072021484375
-68805 1926.0760498046875
-68795 1932.4119873046875
-68785 1938.4549560546875
-68775 1945.178955078125
-68765 1951.875
-68755 1958.7679443359375
-68745 1965.011962890625
-68735 1969.178955078125
-68725 1969.240966796875
-68715 1968.6240234375
-68705 1962.4859619140625
-68695 1955.2659912109375
-68685 1947.93701171875
-68675 1941.322021484375
-68665 1933.72900390625
-68655 1926.8809814453125
-68645 1919.134033203125
-68635 1911.697021484375
-68625 1903.7950439453125
-68615 1895.863037109375
-68605 1890.2230224609375
-68595 1882.4759521484375
-68585 1876.123046875
-68575 1869.95703125
-68565 1864.56494140625
-68555 1864.487060546875
-68545 1864.14697265625
-68535 1861.822998046875
-68525 1862.1629638671875
-68515 1864.39404296875
-68505 1863.572998046875
-68495 1858.0570068359375
-68485 1850.97705078125
-68475 1844.31396484375
-68465 1839.18603515625
-68455 1839.5579833984375
-68445 1843.9580078125
-68435 1847.7230224609375
-68425 1851.2249755859375
-68415 1852.9439697265625
-68405 1852.60400390625
-68395 1852.572998046875
-68385 1854.447021484375
-68375 1856.3690185546875
-68365 1858.0260009765625
-68355 1860.489990234375
-68345 1860.9549560546875
-68335 1859.7149658203125
-68325 1858.8170166015625
-68315 1858.4599609375
-68305 1860.1650390625
-68295 1859.56005859375
-68285 1856.926025390625
-68275 1858.987060546875
-68265 1861.280029296875
-68255 1867.074951171875
-68245 1874.8370361328125
-68235 1880.89501953125
-68225 1884.9239501953125
-68215 1886.39599609375
-68205 1889.60302734375
-68195 1893.197998046875
-68185 1898.0009765625
-68175 1904.291015625
-68165 1910.81396484375
-68155 1917.8790283203125
-68145 1925.1610107421875
-68135 1932.303955078125
-68125 1938.7650146484375
-68115 1945.10205078125
-68105 1951.14501953125
-68095 1955.7020263671875
-68085 1961.2159423828125
-68075 1965.5250244140625
-68065 1968.3759765625
-68055 1967.8470458984375
-68045 1968.717041015625
-68035 1969.7060546875
-68025 1972.123046875
-68015 1972.9599609375
-68005 1972.60400390625
-67995 1969.5069580078125
-67985 1966.095947265625
-67975 1962.75
-67965 1960.115966796875
-67955 1958.1319580078125
-67945 1956.876953125
-67935 1956.4429931640625
-67925 1955.5780029296875
-67915 1954.9720458984375
-67905 1954.2740478515625
-67895 1955.31298828125
-67885 1955.5469970703125
-67875 1954.614990234375
-67865 1952.89501953125
-67855 1951.593994140625
-67845 1949.177001953125
-67835 1946.156005859375
-67825 1942.85498046875
-67815 1938.656982421875
-67805 1933.7919921875
-67795 1929.5
-67785 1924.9439697265625
-67775 1919.77001953125
-67765 1913.4169921875
-67755 1907.498046875
-67745 1900.9439697265625
-67735 1894.406005859375
-67725 1888.487060546875
-67715 1883.2349853515625
-67705 1876.883056640625
-67695 1871.10302734375
-67685 1864.9210205078125
-67675 1859.85498046875
-67665 1854.77294921875
-67655 1850.18701171875
-67645 1845.6929931640625
-67635 1840.7969970703125
-67625 1835.823974609375
-67615 1829.7659912109375
-67605 1822.281982421875
-67595 1814.2869873046875
-67585 1806.509033203125
-67575 1799.0880126953125
-67565 1793.2779541015625
-67555 1786.77001953125
-67545 1782.0140380859375
-67535 1776.7459716796875
-67525 1771.7569580078125
-67515 1765.946044921875
-67505 1759.8499755859375
-67495 1753.85498046875
-67485 1745.248046875
-67475 1738.77099609375
-67465 1730.2669677734375
-67455 1721.7039794921875
-67445 1715.1090087890625
-67435 1707.5150146484375
-67425 1701.637939453125
-67415 1695.1629638671875
-67405 1689.406005859375
-67395 1685.2640380859375
-67385 1681.385986328125
-67375 1678.4169921875
-67365 1674.571044921875
-67355 1669.06298828125
-67345 1663.907958984375
-67335 1658.135986328125
-67325 1650.512939453125
-67315 1644.1529541015625
-67305 1636.45703125
-67295 1626.9830322265625
-67285 1618.009033203125
-67275 1609.281982421875
-67265 1599.7230224609375
-67255 1589.7060546875
-67245 1580.656005859375
-67235 1571.595947265625
-67225 1563.06005859375
-67215 1553.9539794921875
-67205 1546.5389404296875
-67195 1538.0030517578125
-67185 1532.9649658203125
-67175 1526.4000244140625
-67165 1519.64599609375
-67155 1514.6939697265625
-67145 1509.68505859375
-67135 1506.470947265625
-67125 1503.0050048828125
-67115 1499.9029541015625
-67105 1496.0550537109375
-67095 1491.4429931640625
-67085 1488.9169921875
-67075 1484.4959716796875
-67065 1480.3270263671875
-67055 1477.2989501953125
-67045 1474.508056640625
-67035 1470.7919921875
-67025 1468.1949462890625
-67015 1464.593994140625
-67005 1461.0250244140625
-66995 1457.969970703125
-66985 1454.592041015625
-66975 1452.406005859375
-66965 1449.7889404296875
-66955 1447.8060302734375
-66945 1446.237060546875
-66935 1445.0889892578125
-66925 1443.385009765625
-66915 1442.051025390625
-66905 1441.258056640625
-66895 1440.56494140625
-66885 1438.83203125
-66875 1438.22998046875
-66865 1436.467041015625
-66855 1437.821044921875
-66845 1438.614013671875
-66835 1438.509033203125
-66825 1437.8330078125
-66815 1439.4930419921875
-66805 1438.8609619140625
-66795 1439.5689697265625
-66785 1438.699951171875
-66775 1438.760986328125
-66765 1439.7130126953125
-66755 1441.593017578125
-66745 1444.177978515625
-66735 1447.8819580078125
-66725 1450.8759765625
-66715 1454.739013671875
-66705 1457.4410400390625
-66695 1462.845947265625
-66685 1467.7080078125
-66675 1472.260986328125
-66665 1475.8299560546875
-66655 1479.76904296875
-66645 1483.616943359375
-66635 1487.27197265625
-66625 1490.6669921875
-66615 1494.7650146484375
-66605 1497.8199462890625
-66595 1501.2569580078125
-66585 1504.14794921875
-66575 1507.5260009765625
-66565 1510.97998046875
-66555 1515.89794921875
-66545 1520.3780517578125
-66535 1526.137939453125
-66525 1531.4840087890625
-66515 1537.41796875
-66505 1542.89404296875
-66495 1548.6219482421875
-66485 1555.157958984375
-66475 1561.1090087890625
-66465 1567.0550537109375
-66455 1572.0660400390625
-66445 1577.7330322265625
-66435 1583.9019775390625
-66425 1591.3070068359375
-66415 1599.428955078125
-66405 1608.06298828125
-66395 1616.2760009765625
-66385 1622.35400390625
-66375 1627.468017578125
-66365 1632.5059814453125
-66355 1638.7039794921875
-66345 1645.2249755859375
-66335 1652.3050537109375
-66325 1659.5460205078125
-66315 1665.7120361328125
-66305 1668.9749755859375
-66295 1670.7230224609375
-66285 1672.14794921875
-66275 1672.5150146484375
-66265 1672.9530029296875
-66255 1671.925048828125
-66245 1671.06103515625
-66235 1669.4739990234375
-66225 1667.947021484375
-66215 1667.1829833984375
-66205 1666.345947265625
-66195 1664.803955078125
-66185 1665.3179931640625
-66175 1665.126953125
-66165 1664.363037109375
-66155 1663.43798828125
-66145 1662.510009765625
-66135 1661.7340087890625
-66125 1661.072998046875
-66115 1659.89794921875
-66105 1658.781982421875
-66095 1657.7099609375
-66085 1656.197021484375
-66075 1655.1689453125
-66065 1652.875
-66055 1649.4110107421875
-66045 1649.7049560546875
-66035 1651.0560302734375
-66025 1652.6719970703125
-66015 1653.81494140625
-66005 1655.2860107421875
-65995 1656.9169921875
-65985 1659.89794921875
-65975 1661.572998046875
-65965 1663.717041015625
-65955 1664.7449951171875
-65945 1666.4339599609375
-65935 1669.1219482421875
-65925 1671.6629638671875
-65915 1674.6739501953125
-65905 1677.0389404296875
-65895 1680.56396484375
-65885 1684.7060546875
-65875 1687.4229736328125
-65865 1689.4620361328125
-65855 1689.6259765625
-65845 1693.592041015625
-65835 1696.89404296875
-65825 1698.2030029296875
-65815 1699.9949951171875
-65805 1701.655029296875
-65795 1703.77001953125
-65785 1706.85400390625
-65775 1708.9110107421875
-65765 1710.364990234375
-65755 1713.18505859375
-65745 1716.2249755859375
-65735 1718.677978515625
-65725 1722.510986328125
-65715 1726.843994140625
-65705 1731.133056640625
-65695 1735.0550537109375
-65685 1737.654052734375
-65675 1741.5909423828125
-65665 1743.1920166015625
-65655 1742.5450439453125
-65645 1741.7960205078125
-65635 1741.7669677734375
-65625 1742.031005859375
-65615 1740.4449462890625
-65605 1737.375
-65595 1734.6729736328125
-65585 1732.0880126953125
-65575 1727.5469970703125
-65565 1720.7760009765625
-65555 1712.303955078125
-65545 1705.1510009765625
-65535 1698.761962890625
-65525 1692.136962890625
-65515 1685.364013671875
-65505 1678.0670166015625
-65495 1670.927978515625
-65485 1663.39404296875
-65475 1656.1820068359375
-65465 1648.280029296875
-65455 1641.447998046875
-65445 1633.7249755859375
-65435 1626.9219970703125
-65425 1619.625
-65415 1611.7960205078125
-65405 1604.6729736328125
-65395 1597.0350341796875
-65385 1589.6180419921875
-65375 1582.2130126953125
-65365 1575.7650146484375
-65355 1569.1700439453125
-65345 1562.343017578125
-65335 1554.9229736328125
-65325 1547.3759765625
-65315 1539.4449462890625
-65305 1531.364013671875
-65295 1524.137939453125
-65285 1517.4990234375
-65275 1510.9949951171875
-65265 1505.384033203125
-65255 1499.699951171875
-65245 1494.20703125
-65235 1489.1519775390625
-65225 1484.6600341796875
-65215 1480.39794921875
-65205 1477.22802734375
-65195 1474.58203125
-65185 1471.7030029296875
-65175 1469.14697265625
-65165 1465.446044921875
-65155 1459.6590576171875
-65145 1452.9200439453125
-65135 1447.4119873046875
-65125 1443.6080322265625
-65115 1440.4329833984375
-65105 1437.6419677734375
-65095 1434.7220458984375
-65085 1431.208984375
-65075 1427.9949951171875
-65065 1425.4959716796875
-65055 1423.262939453125
-65045 1421.134033203125
-65035 1418.842041015625
-65025 1414.906005859375
-65015 1412.2330322265625
-65005 1411.68896484375
-64995 1410.9139404296875
-64985 1410.427001953125
-64975 1409.72705078125
-64965 1409.302978515625
-64955 1408.16796875
-64945 1408.343994140625
-64935 1407.0469970703125
-64925 1406.89794921875
-64915 1405.1510009765625
-64905 1405.31298828125
-64895 1405.8480224609375
-64885 1405.2889404296875
-64875 1408.5810546875
-64865 1410.6639404296875
-64855 1411.675048828125
-64845 1412.4730224609375
-64835 1411.0260009765625
-64825 1410.72705078125
-64815 1410.68896484375
-64805 1412.2860107421875
-64795 1413.4210205078125
-64785 1414.093994140625
-64775 1414.7159423828125
-64765 1414.428955078125
-64755 1414.9029541015625
-64745 1414.5179443359375
-64735 1416.6259765625
-64725 1418.7320556640625
-64715 1418.9439697265625
-64705 1421.115966796875
-64695 1424.9200439453125
-64685 1428.498046875
-64675 1430.906005859375
-64665 1429.8699951171875
-64655 1430.89501953125
-64645 1432.2779541015625
-64635 1433.7989501953125
-64625 1434.612060546875
-64615 1435.7960205078125
-64605 1436.9940185546875
-64595 1437.8780517578125
-64585 1437.4930419921875
-64575 1436.8070068359375
-64565 1436.967041015625
-64555 1437.3060302734375
-64545 1436.718994140625
-64535 1436.031982421875
-64525 1435.8590087890625
-64515 1435.8199462890625
-64505 1435.282958984375
-64495 1435.8699951171875
-64485 1435.02197265625
-64475 1433.47705078125
-64465 1431.2559814453125
-64455 1430.39404296875
-64445 1429.02197265625
-64435 1428.5870361328125
-64425 1425.6419677734375
-64415 1423.64697265625
-64405 1421.10400390625
-64395 1421.0159912109375
-64385 1418.1099853515625
-64375 1415.8900146484375
-64365 1414.5810546875
-64355 1416.052001953125
-64345 1416.5260009765625
-64335 1416.427001953125
-64325 1415.365966796875
-64315 1414.1669921875
-64305 1413.27099609375
-64295 1411.6619873046875
-64285 1409.5789794921875
-64275 1408.3299560546875
-64265 1405.512939453125
-64255 1402.655029296875
-64245 1401.9090576171875
-64235 1400.487060546875
-64225 1399.5260009765625
-64215 1399.10205078125
-64205 1398.490966796875
-64195 1397.5810546875
-64185 1396.39599609375
-64175 1394.511962890625
-64165 1392.7159423828125
-64155 1390.446044921875
-64145 1388.1390380859375
-64135 1385.9560546875
-64125 1384.135009765625
-64115 1382.6259765625
-64105 1381.2540283203125
-64095 1380.4310302734375
-64085 1379.6949462890625
-64075 1379.2080078125
-64065 1378.6719970703125
-64055 1377.8609619140625
-64045 1377.175048828125
-64035 1375.7659912109375
-64025 1374.6309814453125
-64015 1373.9820556640625
-64005 1373.907958984375
-63995 1374.64404296875
-63985 1376.22802734375
-63975 1375.0679931640625
-63965 1372.18603515625
-63955 1370.6400146484375
-63945 1369.6419677734375
-63935 1368.3070068359375
-63925 1367.7340087890625
-63915 1368.6939697265625
-63905 1369.678955078125
-63895 1368.5069580078125
-63885 1366.6739501953125
-63875 1365.489013671875
-63865 1365.0770263671875
-63855 1364.739990234375
-63845 1364.3909912109375
-63835 1364.029052734375
-63825 1363.85498046875
-63815 1363.6180419921875
-63805 1363.5799560546875
-63795 1363.5679931640625
-63785 1363.656982421875
-63775 1363.1939697265625
-63765 1362.4200439453125
-63755 1361.8089599609375
-63745 1361.5469970703125
-63735 1361.260009765625
-63725 1361.072998046875
-63715 1360.9739990234375
-63705 1360.9630126953125
-63695 1360.8360595703125
-63685 1360.2769775390625
-63675 1359.68896484375
-63665 1360.0899658203125
-63655 1360.8740234375
-63645 1359.988037109375
-63635 1356.9320068359375
-63625 1354.948974609375
-63615 1355.125
-63605 1358.7659912109375
-63595 1363.5050048828125
-63585 1363.4429931640625
-63575 1363.3060302734375
-63565 1365.68798828125
-63555 1364.6409912109375
-63545 1360.489013671875
-63535 1358.654052734375
-63525 1358.092041015625
-63515 1355.5
-63505 1356.2340087890625
-63495 1357.031982421875
-63485 1357.2960205078125
-63475 1357.718017578125
-63465 1359.4520263671875
-63455 1361.9339599609375
-63445 1363.97900390625
-63435 1366.885986328125
-63425 1370.2159423828125
-63415 1372.7850341796875
-63405 1374.4560546875
-63395 1376.302001953125
-63385 1377.948974609375
-63375 1378.958984375
-63365 1379.7320556640625
-63355 1381.5159912109375
-63345 1384.4339599609375
-63335 1387.552978515625
-63325 1389.0240478515625
-63315 1388.9990234375
-63305 1388.5260009765625
-63295 1387.81494140625
-63285 1387.364990234375
-63275 1387.0909423828125
-63265 1386.904052734375
-63255 1386.990966796875
-63245 1387.0040283203125
-63235 1386.990966796875
-63225 1387.0660400390625
-63215 1386.8790283203125
-63205 1386.60498046875
-63195 1386.803955078125
-63185 1386.9539794921875
-63175 1387.115966796875
-63165 1387.2659912109375
-63155 1387.5400390625
-63145 1387.864013671875
-63135 1388.0269775390625
-63125 1388.426025390625
-63115 1388.875
-63105 1389.1739501953125
-63095 1389.3609619140625
-63085 1390.333984375
-63075 1390.595947265625
-63065 1391.0450439453125
-63055 1391.593994140625
-63045 1392.3050537109375
-63035 1395.2359619140625
-63025 1397.9300537109375
-63015 1401.5340576171875
-63005 1402.344970703125
-62995 1402.157958984375
-62985 1402.3580322265625
-62975 1402.85595703125
-62965 1403.5780029296875
-62955 1404.5780029296875
-62945 1405.6109619140625
-62935 1406.43603515625
-62925 1407.2340087890625
-62915 1407.89501953125
-62905 1408.39404296875
-62895 1408.990966796875
-62885 1410.0899658203125
-62875 1411.7850341796875
-62865 1412.844970703125
-62855 1414.0439453125
-62845 1414.7049560546875
-62835 1415.7159423828125
-62825 1417.0989990234375
-62815 1418.322021484375
-62805 1419.6300048828125
-62795 1421.3780517578125
-62785 1424.3330078125
-62775 1425.1070556640625
-62765 1425.906005859375
-62755 1428.8370361328125
-62745 1430.9949951171875
-62735 1432.9139404296875
-62725 1434.612060546875
-62715 1436.531005859375
-62705 1438.114990234375
-62695 1439.8489990234375
-62685 1441.634033203125
-62675 1443.3280029296875
-62665 1444.4010009765625
-62655 1446.1240234375
-62645 1447.39404296875
-62635 1448.9659423828125
-62625 1450.7869873046875
-62615 1452.2840576171875
-62605 1453.2440185546875
-62595 1454.4539794921875
-62585 1455.551025390625
-62575 1457.39697265625
-62565 1462.3990478515625
-62555 1464.0450439453125
-62545 1464.5689697265625
-62535 1466.802001953125
-62525 1466.5150146484375
-62515 1465.616943359375
-62505 1467.3260498046875
-62495 1468.3170166015625
-62485 1468.0789794921875
-62475 1468.8680419921875
-62465 1469.60205078125
-62455 1469.8590087890625
-62445 1470.197998046875
-62435 1471.0419921875
-62425 1471.43603515625
-62415 1471.876953125
-62405 1472.1700439453125
-62395 1473.43603515625
-62385 1474.27099609375
-62375 1475.4730224609375
-62365 1476.6839599609375
-62355 1477.821044921875
-62345 1479.4820556640625
-62335 1480.6739501953125
-62325 1481.5360107421875
-62315 1482.279052734375
-62305 1483.2979736328125
-62295 1484.3709716796875
-62285 1485.5999755859375
-62275 1487.0860595703125
-62265 1488.7010498046875
-62255 1489.93896484375
-62245 1493.93896484375
-62235 1499.0760498046875
-62225 1503.1490478515625
-62215 1506.845947265625
-62205 1510.5799560546875
-62195 1513.5789794921875
-62185 1515.7900390625
-62175 1517.322021484375
-62165 1518.468994140625
-62155 1519.7440185546875
-62145 1521.404052734375
-62135 1523.780029296875
-62125 1526.47705078125
-62115 1528.9820556640625
-62105 1532.136962890625
-62095 1534.072998046875
-62085 1535.0550537109375
-62075 1535.989990234375
-62065 1536.9630126953125
-62055 1537.7879638671875
-62045 1538.1920166015625
-62035 1538.4029541015625
-62025 1539.677978515625
-62015 1542.5579833984375
-62005 1545.76904296875
-61995 1548.0989990234375
-61985 1549.6309814453125
-61975 1553.208984375
-61965 1560.0980224609375
-61955 1563.2259521484375
-61945 1565.4830322265625
-61935 1566.6939697265625
-61925 1567.803955078125
-61915 1568.8310546875
-61905 1570.7120361328125
-61895 1572.261962890625
-61885 1579.3260498046875
-61875 1582.031982421875
-61865 1582.8759765625
-61855 1584.5460205078125
-61845 1586.967041015625
-61835 1589.6280517578125
-61825 1591.7010498046875
-61815 1588.7559814453125
-61805 1589.4530029296875
-61795 1595.72802734375
-61785 1600.6080322265625
-61775 1600.2509765625
-61765 1599.8380126953125
-61755 1604.552978515625
-61745 1611.8089599609375
-61735 1617.8270263671875
-61725 1618.9189453125
-61715 1617.4969482421875
-61705 1615.10302734375
-61695 1613.791015625
-61685 1612.8179931640625
-61675 1612.112060546875
-61665 1612.39599609375
-61655 1609.6080322265625
-61645 1607.10302734375
-61635 1613.615966796875
-61625 1622.322021484375
-61615 1631.5689697265625
-61605 1637.7430419921875
-61595 1642.512939453125
-61585 1646.6590576171875
-61575 1649.237060546875
-61565 1651.7779541015625
-61555 1653.3929443359375
-61545 1655.3470458984375
-61535 1656.383056640625
-61525 1658.1259765625
-61515 1659.81396484375
-61505 1661.345947265625
-61495 1662.5389404296875
-61485 1663.5660400390625
-61475 1664.7130126953125
-61465 1666.0889892578125
-61455 1667.4830322265625
-61445 1669.6939697265625
-61435 1671.4100341796875
-61425 1674.885986328125
-61415 1678.6109619140625
-61405 1681.720947265625
-61395 1684.5460205078125
-61385 1686.6739501953125
-61375 1690.041015625
-61365 1692.095947265625
-61355 1693.18701171875
-61345 1693.6829833984375
-61335 1694.6920166015625
-61325 1694.802001953125
-61315 1694.7559814453125
-61305 1693.718994140625
-61295 1693.58203125
-61285 1693.718994140625
-61275 1695.0589599609375
-61265 1695.4439697265625
-61255 1696.8199462890625
-61245 1699.72802734375
-61235 1703.5989990234375
-61225 1707.093994140625
-61215 1709.177001953125
-61205 1710.31396484375
-61195 1712.112060546875
-61185 1715.64404296875
-61175 1721.5980224609375
-61165 1727.6610107421875
-61155 1732.927001953125
-61145 1737.8990478515625
-61135 1741.31201171875
-61125 1743.302001953125
-61115 1744.7969970703125
-61105 1745.52197265625
-61095 1746.4759521484375
-61085 1747.4949951171875
-61075 1747.623046875
-61065 1748.6409912109375
-61055 1749.85205078125
-61045 1751.282958984375
-61035 1752.531005859375
-61025 1753.906982421875
-61015 1755.4749755859375
-61005 1756.3470458984375
-60995 1756.68603515625
-60985 1756.45703125
-60975 1755.7869873046875
-60965 1759.5389404296875
-60955 1760.3919677734375
-60945 1755.3929443359375
-60935 1749.7969970703125
-60925 1751.0260009765625
-60915 1755.60400390625
-60905 1760.7320556640625
-60895 1761.0350341796875
-60885 1760.2640380859375
-60875 1760.4200439453125
-60865 1758.3929443359375
-60855 1757.06201171875
-60845 1761.116943359375
-60835 1764.5389404296875
-60825 1764.5479736328125
-60815 1765.5570068359375
-60805 1767.0889892578125
-60795 1767.291015625
-60785 1767.6490478515625
-60775 1768.18994140625
-60765 1768.3370361328125
-60755 1770.9139404296875
-60745 1771.125
-60735 1774.446044921875
-60725 1775.1070556640625
-60715 1774.739990234375
-60705 1774.9969482421875
-60695 1776.032958984375
-60685 1775.9139404296875
-60675 1776.52001953125
-60665 1776.3079833984375
-60655 1775.510009765625
-60645 1777.197998046875
-60635 1777.6390380859375
-60625 1777.803955078125
-60615 1778.2530517578125
-60605 1779.3079833984375
-60595 1779.20703125
-60585 1780.3809814453125
-60575 1781.0699462890625
-60565 1781.4730224609375
-60555 1781.3079833984375
-60545 1781.97802734375
-60535 1782.8680419921875
-60525 1785.0689697265625
-60515 1784.133056640625
-60505 1779.9599609375
-60495 1778.885986328125
-60485 1781.739013671875
-60475 1786.7569580078125
-60465 1792.719970703125
-60455 1794.821044921875
-60445 1795.177978515625
-60435 1795.3160400390625
-60425 1796.2330322265625
-60415 1796.8389892578125
-60405 1797.1600341796875
-60395 1798.095947265625
-60385 1798.6180419921875
-60375 1798.9300537109375
-60365 1798.4630126953125
-60355 1798.0679931640625
-60345 1795.260986328125
-60335 1792.5179443359375
-60325 1792.3900146484375
-60315 1796.5909423828125
-60305 1800.0589599609375
-60295 1800.626953125
-60285 1800.3890380859375
-60275 1800.9119873046875
-60265 1801.967041015625
-60255 1802.10400390625
-60245 1800.426025390625
-60235 1797.0770263671875
-60225 1793.93994140625
-60215 1791.2889404296875
-60205 1788.8389892578125
-60195 1787.178955078125
-60185 1785.7939453125
-60175 1784.5830078125
-60165 1783.2989501953125
-60155 1781.134033203125
-60145 1780.637939453125
-60135 1780.72998046875
-60125 1777.4000244140625
-60115 1776.822021484375
-60105 1776.0699462890625
-60095 1774.9139404296875
-60085 1775.4739990234375
-60075 1777.5560302734375
-60065 1781.9959716796875
-60055 1783.134033203125
-60045 1782.6839599609375
-60035 1785.02294921875
-60025 1787.7659912109375
-60015 1788.866943359375
-60005 1789.04296875
-59995 1788.363037109375
-59985 1786.64697265625
-59975 1782.2879638671875
-59965 1778.177978515625
-59955 1778.010986328125
-59945 1780.8580322265625
-59935 1785.301025390625
-59925 1787.946044921875
-59915 1790.4000244140625
-59905 1790.470947265625
-59895 1792.675048828125
-59885 1794.282958984375
-59875 1796.1529541015625
-59865 1798.3330078125
-59855 1800.428955078125
-59845 1802.8349609375
-59835 1804.47900390625
-59825 1805.3609619140625
-59815 1806.862060546875
-59805 1808.696044921875
-59795 1809.4580078125
-59785 1810.1729736328125
-59775 1810.3280029296875
-59765 1809.697021484375
-59755 1808.6719970703125
-59745 1807.4449462890625
-59735 1808.4339599609375
-59725 1809.68505859375
-59715 1812.4840087890625
-59705 1817.7249755859375
-59695 1823.89599609375
-59685 1826.8260498046875
-59675 1831.220947265625
-59665 1833.364990234375
-59655 1835.449951171875
-59645 1836.6529541015625
-59635 1839.071044921875
-59625 1840.8819580078125
-59615 1841.89404296875
-59605 1843.7760009765625
-59595 1842.822998046875
-59585 1842.16796875
-59575 1841.8349609375
-59565 1841.406005859375
-59555 1841.156005859375
-59545 1840.155029296875
-59535 1839.3570556640625
-59525 1838.7850341796875
-59515 1837.843994140625
-59505 1837.237060546875
-59495 1836.9029541015625
-59485 1836.427001953125
-59475 1836.748046875
-59465 1837.3079833984375
-59455 1836.3909912109375
-59445 1831.387939453125
-59435 1828.302978515625
-59425 1822.4539794921875
-59415 1817.2850341796875
-59405 1809.780029296875
-59395 1808.0050048828125
-59385 1816.4630126953125
-59375 1821.7989501953125
-59365 1827.5880126953125
-59355 1832.3170166015625
-59345 1838.2249755859375
-59335 1843.56201171875
-59325 1849.1719970703125
-59315 1854.426025390625
-59305 1859.2020263671875
-59295 1863.7760009765625
-59285 1867.385986328125
-59275 1867.9339599609375
-59265 1866.8499755859375
-59255 1866.3260498046875
-59245 1865.873046875
-59235 1866.5760498046875
-59225 1867.862060546875
-59215 1866.862060546875
-59205 1865.824951171875
-59195 1865.324951171875
-59185 1865.5269775390625
-59175 1864.573974609375
-59165 1865.72998046875
-59155 1866.95703125
-59145 1868.4820556640625
-59135 1870.303955078125
-59125 1871.4239501953125
-59115 1871.7449951171875
-59105 1871.3050537109375
-59095 1869.9110107421875
-59085 1870.8280029296875
-59075 1870.637939453125
-59065 1871.2449951171875
-59055 1871.68603515625
-59045 1873.02001953125
-59035 1875.1639404296875
-59025 1877.10595703125
-59015 1879.3690185546875
-59005 1880.8580322265625
-58995 1881.8349609375
-58985 1882.8709716796875
-58975 1884.050048828125
-58965 1885.1219482421875
-58955 1886.135009765625
-58945 1887.0050048828125
-58935 1887.9449462890625
-58925 1888.625
-58915 1890.0419921875
-58905 1891.10205078125
-58895 1892.3409423828125
-58885 1894.031982421875
-58875 1894.509033203125
-58865 1896.6529541015625
-58855 1896.8790283203125
-58845 1898.3800048828125
-58835 1899.1309814453125
-58825 1899.344970703125
-58815 1901.9420166015625
-58805 1903.2760009765625
-58795 1904.907958984375
-58785 1905.384033203125
-58775 1904.217041015625
-58765 1902.501953125
-58755 1907.56396484375
-58745 1908.23095703125
-58735 1904.0379638671875
-58725 1907.56396484375
-58715 1909.8160400390625
-58705 1910.197021484375
-58695 1911.4239501953125
-58685 1911.220947265625
-58675 1910.1490478515625
-58665 1912.5789794921875
-58655 1913.425048828125
-58645 1913.531982421875
-58635 1913.1510009765625
-58625 1914.365966796875
-58615 1913.376953125
-58605 1914.0560302734375
-58595 1914.8189697265625
-58585 1913.114990234375
-58575 1910.43505859375
-58565 1908.56494140625
-58555 1906.1820068359375
-58545 1904.3719482421875
-58535 1900.5240478515625
-58525 1898.7020263671875
-58515 1895.9150390625
-58505 1892.614990234375
-58495 1888.112060546875
-58485 1885.051025390625
-58475 1882.0250244140625
-58465 1879.3690185546875
-58455 1877.427001953125
-58445 1874.2950439453125
-58435 1870.303955078125
-58425 1866.6949462890625
-58415 1862.6689453125
-58405 1857.77294921875
-58395 1851.6739501953125
-58385 1846.9090576171875
-58375 1839.094970703125
-58365 1832.04296875
-58355 1828.875
-58345 1823.050048828125
-58335 1818.093994140625
-58325 1815.7239990234375
-58315 1819.7139892578125
-58305 1829.7440185546875
-58295 1836.8079833984375
-58285 1842.2039794921875
-58275 1845.0269775390625
-58265 1847.4449462890625
-58255 1850.553955078125
-58245 1854.18701171875
-58235 1858.344970703125
-58225 1862.72802734375
-58215 1867.56396484375
-58205 1873.35400390625
-58195 1878.2139892578125
-58185 1882.383056640625
-58175 1886.468017578125
-58165 1889.68505859375
-58155 1892.614990234375
-58145 1894.9969482421875
-58135 1897.904052734375
-58125 1901.06005859375
-58115 1904.2889404296875
-58105 1906.81396484375
-58095 1908.6240234375
-58085 1909.9820556640625
-58075 1911.053955078125
-58065 1911.3280029296875
-58055 1912.68603515625
-58045 1913.7939453125
-58035 1914.282958984375
-58025 1915.5450439453125
-58015 1916.0570068359375
-58005 1917.10595703125
-57995 1917.2840576171875
-57985 1916.998046875
-57975 1917.08203125
-57965 1917.0579833984375
-57955 1916.1290283203125
-57945 1915.8790283203125
-57935 1915.7950439453125
-57925 1915.6639404296875
-57915 1915.843017578125
-57905 1914.532958984375
-57895 1912.3890380859375
-57885 1912.447998046875
-57875 1910.3280029296875
-57865 1908.696044921875
-57855 1904.6099853515625
-57845 1903.8360595703125
-57835 1898.9759521484375
-57825 1896.3079833984375
-57815 1893.258056640625
-57805 1890.76904296875
-57795 1887.0050048828125
-57785 1883.5379638671875
-57775 1881.56103515625
-57765 1879.4759521484375
-57755 1876.748046875
-57745 1873.675048828125
-57735 1869.1839599609375
-57725 1862.3470458984375
-57715 1855.10498046875
-57705 1849.2440185546875
-57695 1841.64404296875
-57685 1834.509033203125
-57675 1829.4940185546875
-57665 1826.635009765625
-57655 1825.22998046875
-57645 1823.5980224609375
-57635 1821.1319580078125
-57625 1818.7020263671875
-57615 1813.9849853515625
-57605 1807.279052734375
-57595 1798.4639892578125
-57585 1795.593017578125
-57575 1794.8189697265625
-57565 1794.759033203125
-57555 1799.1309814453125
-57545 1805.89697265625
-57535 1813.27001953125
-57525 1819.7139892578125
-57515 1827.8740234375
-57505 1834.89697265625
-57495 1840.8800048828125
-57485 1846.4510498046875
-57475 1851.491943359375
-57465 1856.8809814453125
-57455 1862.4830322265625
-57445 1868.5679931640625
-57435 1874.8809814453125
-57425 1880.7550048828125
-57415 1886.219970703125
-57405 1891.1400146484375
-57395 1896.4840087890625
-57385 1900.905029296875
-57375 1904.552978515625
-57365 1908.06494140625
-57355 1911.4110107421875
-57345 1914.0150146484375
-57335 1916.3759765625
-57325 1919.0860595703125
-57315 1921.9620361328125
-57305 1924.4749755859375
-57295 1927.625
-57285 1930.56103515625
-57275 1933.5439453125
-57265 1936.5560302734375
-57255 1939.64404296875
-57245 1942.5670166015625
-57235 1945.865966796875
-57225 1948.89501953125
-57215 1948.258056640625
-57205 1939.9169921875
-57195 1933.3919677734375
-57185 1927.7760009765625
-57175 1921.947998046875
-57165 1916.2860107421875
-57155 1908.217041015625
-57145 1900.7230224609375
-57135 1896.968994140625
-57125 1897.0439453125
-57115 1894.925048828125
-57105 1885.3570556640625
-57095 1872.489013671875
-57085 1861.6800537109375
-57075 1855.427978515625
-57065 1856.0179443359375
-57055 1853.2330322265625
-57045 1848.0400390625
-57035 1842.8330078125
-57025 1831.447998046875
-57015 1820.4429931640625
-57005 1812.615966796875
-56995 1806.864013671875
-56985 1811.405029296875
-56975 1823.2130126953125
-56965 1834.0369873046875
-56955 1840.426025390625
-56945 1845.239990234375
-56935 1851.416015625
-56925 1861.5889892578125
-56915 1872.2919921875
-56905 1885.0849609375
-56895 1887.324951171875
-56885 1878.8780517578125
-56875 1869.0980224609375
-56865 1864.64697265625
-56855 1854.0810546875
-56845 1861.3929443359375
-56835 1862.3160400390625
-56825 1851.613037109375
-56815 1850.114013671875
-56805 1852.6419677734375
-56795 1858.2740478515625
-56785 1866.947998046875
-56775 1876.803955078125
-56765 1888.762939453125
-56755 1896.10595703125
-56745 1905.7030029296875
-56735 1914.4539794921875
-56725 1916.634033203125
-56715 1912.89501953125
-56705 1911.9560546875
-56695 1912.333984375
-56685 1914.4229736328125
-56675 1916.845947265625
-56665 1917.905029296875
-56655 1921.1600341796875
-56645 1923.2039794921875
-56635 1920.8570556640625
-56625 1919.2530517578125
-56615 1919.0560302734375
-56605 1920.387939453125
-56595 1924.385009765625
-56585 1929.093017578125
-56575 1932.2259521484375
-56565 1933.906982421875
-56555 1936.14697265625
-56545 1937.873046875
-56535 1939.9019775390625
-56525 1941.552001953125
-56515 1944.7010498046875
-56505 1948.77294921875
-56495 1952.9969482421875
-56485 1955.8580322265625
-56475 1960.5670166015625
-56465 1965.093017578125
-56455 1970.4959716796875
-56445 1977.552001953125
-56435 1986.5140380859375
-56425 1993.8260498046875
-56415 1999.5030517578125
-56405 2005.134033203125
-56395 2011.552978515625
-56385 2014.8680419921875
-56375 2012.7340087890625
-56365 2008.9339599609375
-56355 2004.10498046875
-56345 1998.625
-56335 1992.176025390625
-56325 1985.77099609375
-56315 1979.3680419921875
-56305 1975.3409423828125
-56295 1972.510009765625
-56285 1968.8470458984375
-56275 1965.426025390625
-56265 1962.791015625
-56255 1959.4310302734375
-56245 1954.949951171875
-56235 1947.9560546875
-56225 1942.9749755859375
-56215 1937.64599609375
-56205 1934.93701171875
-56195 1929.925048828125
-56185 1924.0059814453125
-56175 1917.0570068359375
-56165 1911.260009765625
-56155 1905.2340087890625
-56145 1901.5400390625
-56135 1895.89404296875
-56125 1888.9150390625
-56115 1883.70703125
-56105 1880.572998046875
-56095 1877.864013671875
-56085 1874.032958984375
-56075 1870.1429443359375
-56065 1866.4940185546875
-56055 1862.0439453125
-56045 1857.364990234375
-56035 1855.2159423828125
-56025 1845.7540283203125
-56015 1838.56396484375
-56005 1832.1600341796875
-55995 1834.3399658203125
-55985 1842.030029296875
-55975 1852.2640380859375
-55965 1864.011962890625
-55955 1870.9150390625
-55945 1879.33203125
-55935 1885.7049560546875
-55925 1893.364990234375
-55915 1895.7879638671875
-55905 1900.48095703125
-55895 1909.2159423828125
-55885 1916.8609619140625
-55875 1923.416015625
-55865 1928.7900390625
-55855 1934.04296875
-55845 1940.1729736328125
-55835 1946.1240234375
-55825 1951.967041015625
-55815 1957.4019775390625
-55805 1961.8070068359375
-55795 1965.5770263671875
-55785 1968.33203125
-55775 1970.7850341796875
-55765 1972.9649658203125
-55755 1974.8580322265625
-55745 1976.9610595703125
-55735 1978.4749755859375
-55725 1979.656005859375
-55715 1981.3060302734375
-55705 1983.925048828125
-55695 1987.0439453125
-55685 1990.948974609375
-55675 1995.626953125
-55665 2002.2130126953125
-55655 2008.70703125
-55645 2015.095947265625
-55635 2020.7569580078125
-55625 2024.4659423828125
-55615 2027.8570556640625
-55605 2030.1429443359375
-55595 2026.737060546875
-55585 2018.487060546875
-55575 2008.343994140625
-55565 1999.5780029296875
-55555 1994.5989990234375
-55545 1990.6920166015625
-55535 1985.72705078125
-55525 1980.5350341796875
-55515 1971.9649658203125
-55505 1966.1820068359375
-55495 1959.885009765625
-55485 1952.1939697265625
-55475 1940.5830078125
-55465 1932.4990234375
-55455 1924.5670166015625
-55445 1917.344970703125
-55435 1910.3060302734375
-55425 1902.31298828125
-55415 1895.1669921875
-55405 1886.85595703125
-55395 1878.802001953125
-55385 1868.8709716796875
-55375 1861.4990234375
-55365 1849.373046875
-55355 1841.3189697265625
-55345 1831.3580322265625
-55335 1821.6689453125
-55325 1813.4029541015625
-55315 1808.0889892578125
-55305 1807.60498046875
-55295 1811.5570068359375
-55285 1814.52294921875
-55275 1817.4749755859375
-55265 1819.18701171875
-55255 1816.990966796875
-55245 1820.6390380859375
-55235 1820.8360595703125
-55225 1820.988037109375
-55215 1821.623046875
-55205 1822.2740478515625
-55195 1822.5770263671875
-55185 1820.7139892578125
-55175 1822.803955078125
-55165 1824.5150146484375
-55155 1824.197021484375
-55145 1823.303955078125
-55135 1823.43896484375
-55125 1824.3790283203125
-55115 1824.39404296875
-55105 1823.9849853515625
-55095 1822.833984375
-55085 1823.5009765625
-55075 1830.5250244140625
-55065 1837.6700439453125
-55055 1842.1669921875
-55045 1848.0400390625
-55035 1855.5489501953125
-55025 1861.2259521484375
-55015 1865.7979736328125
-55005 1871.7359619140625
-54995 1876.425048828125
-54985 1878.844970703125
-54975 1877.0050048828125
-54965 1871.470947265625
-54955 1865.5550537109375
-54945 1861.635009765625
-54935 1855.5479736328125
-54925 1848.6280517578125
-54915 1841
-54905 1833.97900390625
-54895 1836.1300048828125
-54885 1843.6309814453125
-54875 1849.3349609375
-54865 1863.135009765625
-54855 1875.47705078125
-54845 1884.3089599609375
-54835 1888.9649658203125
-54825 1895.64599609375
-54815 1903.10400390625
-54805 1910.634033203125
-54795 1918.219970703125
-54785 1922.083984375
-54775 1922.1829833984375
-54765 1915.06396484375
-54755 1908.3409423828125
-54745 1902.990966796875
-54735 1897.9239501953125
-54725 1898.7740478515625
-54715 1897.4849853515625
-54705 1897.1729736328125
-54695 1900.6839599609375
-54685 1890.8480224609375
-54675 1881.322021484375
-54665 1875.0379638671875
-54655 1865.2440185546875
-54645 1860.9840087890625
-54635 1871.3160400390625
-54625 1880.7559814453125
-54615 1888.9930419921875
-54605 1891.4139404296875
-54595 1890.4520263671875
-54585 1891.7960205078125
-54575 1889.68701171875
-54565 1889.77197265625
-54555 1895.447021484375
-54545 1898.3060302734375
-54535 1903.218017578125
-54525 1907.8740234375
-54515 1914.300048828125
-54505 1923.1600341796875
-54495 1932.698974609375
-54485 1940.27197265625
-54475 1948.6500244140625
-54465 1962.8179931640625
-54455 1976.3349609375
-54445 1982.5479736328125
-54435 1989.0870361328125
-54425 1997.366943359375
-54415 2006.8919677734375
-54405 2014.9320068359375
-54395 2022.616943359375
-54385 2027.9530029296875
-54375 2036.0340576171875
-54365 2044.5970458984375
-54355 2049.083984375
-54345 2050.527099609375
-54335 2052.070068359375
-54325 2056.571044921875
-54315 2060.844970703125
-54305 2063.77490234375
-54295 2070.35595703125
-54285 2077.674072265625
-54275 2083.262939453125
-54265 2082.68408203125
-54255 2081.09912109375
-54245 2078.905029296875
-54235 2075.537109375
-54225 2071.346923828125
-54215 2068.742919921875
-54205 2065.33203125
-54195 2061.722900390625
-54185 2059.10400390625
-54175 2056.4150390625
-54165 2052.8759765625
-54155 2050.527099609375
-54145 2047.06005859375
-54135 2043.9029541015625
-54125 2040.83203125
-54115 2038.1290283203125
-54105 2035.197998046875
-54095 2032.383056640625
-54085 2029.114013671875
-54075 2025.262939453125
-54065 2021.343017578125
-54055 2016.446044921875
-54045 2010.968017578125
-54035 2005.802001953125
-54025 2001.45703125
-54015 1996.7860107421875
-54005 1991.8470458984375
-53995 1985.3499755859375
-53985 1978.386962890625
-53975 1971.8909912109375
-53965 1964.800048828125
-53955 1958.0770263671875
-53945 1952.14599609375
-53935 1946.655029296875
-53925 1941.573974609375
-53915 1936.3509521484375
-53905 1931.4820556640625
-53895 1926.925048828125
-53885 1922.126953125
-53875 1918.64501953125
-53865 1914.6400146484375
-53855 1908.8929443359375
-53845 1902.2840576171875
-53835 1896.2969970703125
-53825 1891.7960205078125
-53815 1886.4599609375
-53805 1880.7139892578125
-53795 1874.9959716796875
-53785 1869.333984375
-53775 1864.011962890625
-53765 1856.595947265625
-53755 1849.3919677734375
-53745 1844.467041015625
-53735 1839.6829833984375
-53725 1836.9229736328125
-53715 1835.322998046875
-53705 1831.2760009765625
-53695 1828.2030029296875
-53685 1825.68505859375
-53675 1823.675048828125
-53665 1820.5469970703125
-53655 1818.0989990234375
-53645 1815.3389892578125
-53635 1811.81298828125
-53625 1808.64404296875
-53615 1808.8699951171875
-53605 1808.572998046875
-53595 1806.1939697265625
-53585 1802.1619873046875
-53575 1799.175048828125
-53565 1797.364013671875
-53555 1795.9339599609375
-53545 1793.9530029296875
-53535 1790.9949951171875
-53525 1786.9749755859375
-53515 1782.02099609375
-53505 1777.9449462890625
-53495 1772.8919677734375
-53485 1767.9239501953125
-53475 1764.1739501953125
-53465 1760.35205078125
-53455 1755.7239990234375
-53445 1751.60400390625
-53435 1746.4530029296875
-53425 1741.302001953125
-53415 1736.4189453125
-53405 1730.885009765625
-53395 1725.052978515625
-53385 1719.844970703125
-53375 1714.4100341796875
-53365 1707.573974609375
-53355 1701.0770263671875
-53345 1695.06201171875
-53335 1688.5799560546875
-53325 1682.862060546875
-53315 1677.3280029296875
-53305 1671.2840576171875
-53295 1661.9150390625
-53285 1653.946044921875
-53275 1647.095947265625
-53265 1637.4859619140625
-53255 1628.385009765625
-53245 1620.0059814453125
-53235 1614.7550048828125
-53225 1609.135986328125
-53215 1601.5780029296875
-53205 1593.4539794921875
-53195 1587.4110107421875
-53185 1585.0469970703125
-53175 1582.1600341796875
-53165 1578.593017578125
-53155 1583.9849853515625
-53145 1592.448974609375
-53135 1600.657958984375
-53125 1608.89599609375
-53115 1618.676025390625
-53105 1628.93701171875
-53095 1636.8349609375
-53085 1644.56201171875
-53075 1652.135009765625
-53065 1659.7490234375
-53055 1666.5150146484375
-53045 1675.260986328125
-53035 1684.573974609375
-53025 1694.0009765625
-53015 1702.5780029296875
-53005 1711.5369873046875
-52995 1719.9439697265625
-52985 1728.053955078125
-52975 1735.18701171875
-52965 1742.02197265625
-52955 1746.39697265625
-52945 1755.468994140625
-52935 1762.7159423828125
-52925 1769.9339599609375
-52915 1777.5350341796875
-52905 1785.3050537109375
-52895 1792.0560302734375
-52885 1799.0340576171875
-52875 1805.5870361328125
-52865 1812.9610595703125
-52855 1820.4200439453125
-52845 1826.844970703125
-52835 1831.9830322265625
-52825 1837.3330078125
-52815 1843.333984375
-52805 1849.7449951171875
-52795 1856.708984375
-52785 1863.8709716796875
-52775 1868.93798828125
-52765 1873.593994140625
-52755 1878.166015625
-52745 1882.0159912109375
-52735 1885.4410400390625
-52725 1891.031005859375
-52715 1896.126953125
-52705 1903.7840576171875
-52695 1910.1949462890625
-52685 1916.365966796875
-52675 1920.7540283203125
-52665 1925.4949951171875
-52655 1931.3409423828125
-52645 1936.1810302734375
-52635 1939.7760009765625
-52625 1943.6400146484375
-52615 1947.7869873046875
-52605 1952.6839599609375
-52595 1956.64697265625
-52585 1961.4739990234375
-52575 1967.2760009765625
-52565 1972.470947265625
-52555 1976.7030029296875
-52545 1980.43896484375
-52535 1984.2459716796875
-52525 1988.64794921875
-52515 1993.248046875
-52505 1998.1309814453125
-52495 2004.136962890625
-52485 2009.7750244140625
-52475 2016.135009765625
-52465 2021.6650390625
-52455 2025.97998046875
-52445 2030.863037109375
-52435 2035.1240234375
-52425 2037.47998046875
-52415 2039.2919921875
-52405 2040.4560546875
-52395 2042.387939453125
-52385 2043.946044921875
-52375 2046.6650390625
-52365 2049.925048828125
-52355 2052.60302734375
-52345 2055.98193359375
-52335 2058.4599609375
-52325 2060.97607421875
-52315 2063.05908203125
-52305 2065.927001953125
-52295 2068.8349609375
-52285 2072.052001953125
-52275 2074.39208984375
-52265 2077.465087890625
-52255 2080.451904296875
-52245 2084.198974609375
-52235 2087.81298828125
-52225 2091.0029296875
-52215 2093.531982421875
-52205 2095.02099609375
-52195 2096.158935546875
-52185 2098.02294921875
-52175 2099.18798828125
-52165 2099.48388671875
-52155 2100.30908203125
-52145 2101.052978515625
-52135 2102.257080078125
-52125 2104.259033203125
-52115 2106.073974609375
-52105 2108.06005859375
-52095 2110.510009765625
-52085 2112.471923828125
-52075 2114.217041015625
-52065 2115.635009765625
-52055 2117.01708984375
-52045 2119.27587890625
-52035 2121.33203125
-52025 2123.60205078125
-52015 2125.593017578125
-52005 2126.68603515625
-51995 2127.740966796875
-51985 2128.243896484375
-51975 2127.337890625
-51965 2125.794921875
-51955 2124.077880859375
-51945 2122.1298828125
-51935 2120.031005859375
-51925 2116.6650390625
-51915 2115.135009765625
-51905 2113.216064453125
-51895 2110.60302734375
-51885 2107.9541015625
-51875 2105.126953125
-51865 2102.513916015625
-51855 2099.822998046875
-51845 2098.847900390625
-51835 2098.306884765625
-51825 2097.79296875
-51815 2097.674072265625
-51805 2097.06494140625
-51795 2096.074951171875
-51785 2094.912109375
-51775 2093.56201171875
-51765 2091.652099609375
-51755 2090.39404296875
-51745 2089.097900390625
-51735 2087.364013671875
-51725 2085.429931640625
-51715 2084.361083984375
-51705 2083.4169921875
-51695 2082.427001953125
-51685 2079.927001953125
-51675 2077.0048828125
-51665 2074.300048828125
-51655 2070.376953125
-51645 2068.304931640625
-51635 2066.4951171875
-51625 2065.156005859375
-51615 2062.705078125
-51605 2060.259033203125
-51595 2057.175048828125
-51585 2054.06396484375
-51575 2050.449951171875
-51565 2047.988037109375
-51555 2046.012939453125
-51545 2043.1590576171875
-51535 2040.385986328125
-51525 2036.89599609375
-51515 2033.39501953125
-51505 2029.72705078125
-51495 2026.574951171875
-51485 2023.2340087890625
-51475 2020.866943359375
-51465 2017.8370361328125
-51455 2012.4129638671875
-51445 2010.7650146484375
-51435 2008.7740478515625
-51425 2005.041015625
-51415 1998.467041015625
-51405 1994.3409423828125
-51395 1992.123046875
-51385 1987.06396484375
-51375 1981.56103515625
-51365 1979.948974609375
-51355 1977.8409423828125
-51345 1976.27197265625
-51335 1971.1700439453125
-51325 1966.678955078125
-51315 1965.383056640625
-51305 1961.822998046875
-51295 1959.7020263671875
-51285 1955.845947265625
-51275 1958.470947265625
-51265 1953.385009765625
-51255 1955.9930419921875
-51245 1955.06201171875
-51235 1952.031982421875
-51225 1950.2060546875
-51215 1948.823974609375
-51205 1946.998046875
-51195 1944.56298828125
-51185 1943.68603515625
-51175 1941.708984375
-51165 1939.8580322265625
-51155 1938.126953125
-51145 1936.5689697265625
-51135 1934.0009765625
-51125 1930.1300048828125
-51115 1925.885009765625
-51105 1922.135986328125
-51095 1917.3499755859375
-51085 1914.3470458984375
-51075 1908.5279541015625
-51065 1902.281005859375
-51055 1900.8070068359375
-51045 1896.3809814453125
-51035 1891.06494140625
-51025 1885.427001953125
-51015 1883.655029296875
-51005 1881.5830078125
-50995 1880.3680419921875
-50985 1880.2459716796875
-50975 1879.7449951171875
-50965 1877.7159423828125
-50955 1875.7960205078125
-50945 1872.2249755859375
-50935 1868.9649658203125
-50925 1866.0269775390625
-50915 1863.135009765625
-50905 1860.1319580078125
-50895 1857.9110107421875
-50885 1855.1949462890625
-50875 1852.1650390625
-50865 1849.31005859375
-50855 1847.876953125
-50845 1846.0780029296875
-50835 1843.845947265625
-50825 1841.3570556640625
-50815 1838.7440185546875
-50805 1835.864990234375
-50795 1831.7640380859375
-50785 1827.2869873046875
-50775 1821.4300537109375
-50765 1815.873046875
-50755 1810.31103515625
-50745 1803.9129638671875
-50735 1797.4090576171875
-50725 1790.1829833984375
-50715 1784.1910400390625
-50705 1775.116943359375
-50695 1766.2569580078125
-50685 1758.16796875
-50675 1750.9169921875
-50665 1745.6669921875
-50655 1739.77099609375
-50645 1731.114990234375
-50635 1722.3360595703125
-50625 1714.3280029296875
-50615 1708.904052734375
-50605 1705.7659912109375
-50595 1700.258056640625
-50585 1715.718994140625
-50575 1723.5780029296875
-50565 1737.60498046875
-50555 1747.9959716796875
-50545 1749.375
-50535 1763.1190185546875
-50525 1772.842041015625
-50515 1778.9990234375
-50505 1787.7779541015625
-50495 1791.7139892578125
-50485 1795.488037109375
-50475 1798.6240234375
-50465 1802.0350341796875
-50455 1806.0770263671875
-50445 1809.5830078125
-50435 1814.39599609375
-50425 1818.074951171875
-50415 1822.217041015625
-50405 1826.6669921875
-50395 1829.1829833984375
-50385 1835.012939453125
-50375 1839.1519775390625
-50365 1843.7239990234375
-50355 1848.241943359375
-50345 1852.406005859375
-50335 1856.6259765625
-50325 1860.3079833984375
-50315 1861.780029296875
-50305 1865.2559814453125
-50295 1868.583984375
-50285 1872.7769775390625
-50275 1876.9429931640625
-50265 1881.112060546875
-50255 1886.345947265625
-50245 1891.1199951171875
-50235 1896.0050048828125
-50225 1901.7239990234375
-50215 1908.5169677734375
-50205 1912.2640380859375
-50195 1914.3470458984375
-50185 1919.322998046875
-50175 1924.218994140625
-50165 1929.239990234375
-50155 1931.9449462890625
-50145 1936.0570068359375
-50135 1939.8580322265625
-50125 1943.968017578125
-50115 1947.865966796875
-50105 1951.366943359375
-50095 1954.654052734375
-50085 1957.886962890625
-50075 1961.0679931640625
-50065 1964.4090576171875
-50055 1967.7230224609375
-50045 1969.8470458984375
-50035 1973.6590576171875
-50025 1975.906005859375
-50015 1978.0169677734375
-50005 1980.4830322265625
-49995 1982.406005859375
-49985 1984.2750244140625
-49975 1985.4659423828125
-49965 1987.2750244140625
-49955 1988.6309814453125
-49945 1989.761962890625
-49935 1991.133056640625
-49925 1992.0679931640625
-49915 1993.7860107421875
-49905 1995.384033203125
-49895 1996.635009765625
-49885 1997.47900390625
-49875 1997.7950439453125
-49865 1998.0670166015625
-49855 1999.60400390625
-49845 2000.990966796875
-49835 2002.3170166015625
-49825 2003.14599609375
-49815 2003.4930419921875
-49805 2004.366943359375
-49795 2003.9300537109375
-49785 2004.2159423828125
-49775 2004.593017578125
-49765 2004.4580078125
-49755 2004.6839599609375
-49745 2004.864990234375
-49735 2005.1810302734375
-49725 2005.10595703125
-49715 2004.6080322265625
-49705 2004.18603515625
-49695 2004.623046875
-49685 2005.135986328125
-49675 2005.7540283203125
-49665 2006.3570556640625
-49655 2007.321044921875
-49645 2007.9239501953125
-49635 2008.467041015625
-49625 2009.85400390625
-49615 2011.8280029296875
-49605 2013.697021484375
-49595 2015.053955078125
-49585 2016.1240234375
-49575 2017.47998046875
-49565 2018.85205078125
-49555 2020.2239990234375
-49545 2021.4749755859375
-49535 2022.8609619140625
-49525 2023.7960205078125
-49515 2024.5350341796875
-49505 2024.926025390625
-49495 2024.7149658203125
-49485 2024.987060546875
-49475 2025.1070556640625
-49465 2025.2879638671875
-49455 2025.4539794921875
-49445 2025.60498046875
-49435 2025.98095703125
-49425 2026.2979736328125
-49415 2026.448974609375
-49405 2026.373046875
-49395 2026.373046875
-49385 2026.64501953125
-49375 2026.885986328125
-49365 2026.9759521484375
-49355 2027.18701171875
-49345 2027.112060546875
-49335 2026.8709716796875
-49325 2026.8409423828125
-49315 2026.9010009765625
-49305 2026.8260498046875
-49295 2027.5789794921875
-49285 2028.3929443359375
-49275 2028.7249755859375
-49265 2028.8909912109375
-49255 2028.9659423828125
-49245 2028.6639404296875
-49235 2028.3929443359375
-49225 2028.0770263671875
-49215 2027.248046875
-49205 2027.655029296875
-49195 2028.197021484375
-49185 2028.5439453125
-49175 2028.5589599609375
-49165 2028.407958984375
-49155 2028.60400390625
-49145 2029.916015625
-49135 2031.4229736328125
-49125 2032.237060546875
-49115 2032.010986328125
-49105 2032.4329833984375
-49095 2033.1259765625
-49085 2033.427001953125
-49075 2033.925048828125
-49065 2033.5179443359375
-49055 2035.342041015625
-49045 2035.552978515625
-49035 2035.3570556640625
-49025 2035.7640380859375
-49015 2036.66796875
-49005 2036.833984375
-48995 2036.9539794921875
-48985 2036.697998046875
-48975 2036.1409912109375
-48965 2035.9449462890625
-48955 2035.0550537109375
-48945 2034.196044921875
-48935 2032.9449462890625
-48925 2030.7449951171875
-48915 2030.1109619140625
-48905 2027.9560546875
-48895 2024.1729736328125
-48885 2022.530029296875
-48875 2025.4840087890625
-48865 2027.3079833984375
-48855 2026.68994140625
-48845 2025.0469970703125
-48835 2022.9820556640625
-48825 2022.123046875
-48815 2020.239013671875
-48805 2018.4749755859375
-48795 2017.6610107421875
-48785 2016.2449951171875
-48775 2014.9029541015625
-48765 2013.426025390625
-48755 2011.7080078125
-48745 2010.4720458984375
-48735 2009.0400390625
-48725 2007.3819580078125
-48715 2007.06494140625
-48705 2008.738037109375
-48695 2012.009033203125
-48685 2013.4859619140625
-48675 2012.883056640625
-48665 2012.35595703125
-48655 2011.7230224609375
-48645 2010.9840087890625
-48635 2010.7430419921875
-48625 2010.501953125
-48615 2010.8179931640625
-48605 2010.7130126953125
-48595 2009.7779541015625
-48585 2007.3360595703125
-48575 2006.85400390625
-48565 2005.9649658203125
-48555 2004.366943359375
-48545 2001.1409912109375
-48535 1996.739990234375
-48525 1989.5660400390625
-48515 1985.843017578125
-48505 1980.5670166015625
-48495 1975.156005859375
-48485 1967.4239501953125
-48475 1958.8929443359375
-48465 1951.35595703125
-48455 1947.498046875
-48445 1943.095947265625
-48435 1937.5340576171875
-48425 1931.0679931640625
-48415 1928.5059814453125
-48405 1924.029052734375
-48395 1918.376953125
-48385 1911.9859619140625
-48375 1906.39404296875
-48365 1900.364990234375
-48355 1896.7320556640625
-48345 1891.427001953125
-48335 1885.1259765625
-48325 1879.262939453125
-48315 1873.8070068359375
-48305 1866.6619873046875
-48295 1859.7740478515625
-48285 1852.387939453125
-48275 1844.2640380859375
-48265 1837.3280029296875
-48255 1830.637939453125
-48245 1824.4739990234375
-48235 1817.7659912109375
-48225 1809.8380126953125
-48215 1801.260986328125
-48205 1793.3780517578125
-48195 1785.2540283203125
-48185 1775.5770263671875
-48175 1766.051025390625
-48165 1763.156982421875
-48155 1760.0369873046875
-48145 1757.0050048828125
-48135 1752.875
-48125 1747.675048828125
-48115 1744.6929931640625
-48105 1740.696044921875
-48095 1735.0439453125
-48085 1728.4119873046875
-48075 1722.717041015625
-48065 1716.384033203125
-48055 1710.177001953125
-48045 1704.8079833984375
-48035 1699.1099853515625
-48025 1693.5030517578125
-48015 1687.68505859375
-48005 1679.741943359375
-47995 1671.9940185546875
-47985 1664.5030517578125
-47975 1657.3740234375
-47965 1650.8919677734375
-47955 1642.10498046875
-47945 1635.322021484375
-47935 1628.4639892578125
-47925 1623.0679931640625
-47915 1620.5360107421875
-47905 1614.656982421875
-47895 1606.0360107421875
-47885 1601.5439453125
-47875 1599.2530517578125
-47865 1599.885986328125
-47855 1601.3480224609375
-47845 1599.2080078125
-47835 1597.927001953125
-47825 1593.7359619140625
-47815 1589.907958984375
-47805 1585.1600341796875
-47795 1580.9849853515625
-47785 1577.7740478515625
-47775 1573.4029541015625
-47765 1568.35400390625
-47755 1563.4549560546875
-47745 1558.7220458984375
-47735 1553.79296875
-47725 1548.532958984375
-47715 1542.218017578125
-47705 1536.7459716796875
-47695 1531.198974609375
-47685 1526.3609619140625
-47675 1520.3919677734375
-47665 1516.156982421875
-47655 1510.68505859375
-47645 1506.2540283203125
-47635 1500.2850341796875
-47625 1490.4580078125
-47615 1477.5400390625
-47605 1468.7230224609375
-47595 1463.6429443359375
-47585 1456.3330078125
-47575 1448.64599609375
-47565 1439.1500244140625
-47555 1431.552978515625
-47545 1426.9410400390625
-47535 1420.68603515625
-47525 1415.56103515625
-47515 1415.7120361328125
-47505 1409.583984375
-47495 1400.092041015625
-47485 1394.7850341796875
-47475 1393.718017578125
-47465 1394.72900390625
-47455 1403.761962890625
-47445 1409.48095703125
-47435 1415.4439697265625
-47425 1422.5479736328125
-47415 1430.1209716796875
-47405 1436.7110595703125
-47395 1442.5799560546875
-47385 1449.7039794921875
-47375 1456.93994140625
-47365 1463.06103515625
-47355 1471.4300537109375
-47345 1477.3929443359375
-47335 1483.6920166015625
-47325 1489.6929931640625
-47315 1496.656982421875
-47305 1505.718017578125
-47295 1522.31396484375
-47285 1531.862060546875
-47275 1542.3929443359375
-47265 1548.5899658203125
-47255 1552.5030517578125
-47245 1557.3050537109375
-47235 1562.135009765625
-47225 1567.095947265625
-47215 1571.739013671875
-47205 1576.4100341796875
-47195 1581.0989990234375
-47185 1585.0679931640625
-47175 1589.4959716796875
-47165 1592.697021484375
-47155 1594.72900390625
-47145 1598.406982421875
-47135 1600.6729736328125
-47125 1603.115966796875
-47115 1607.1219482421875
-47105 1609.8740234375
-47095 1612.7760009765625
-47085 1614.9849853515625
-47075 1616.9599609375
-47065 1617.5589599609375
-47055 1618.4580078125
-47045 1618.654052734375
-47035 1617.737060546875
-47025 1618.3179931640625
-47015 1618.157958984375
-47005 1617.614990234375
-46995 1615.0970458984375
-46985 1614.8260498046875
-46975 1615.2659912109375
-46965 1616.998046875
-46955 1618.177001953125
-46945 1618.1490478515625
-46935 1618.9539794921875
-46925 1618.0269775390625
