-73515 1962.0460205078125
-73505 1965.0799560546875
-73495 1966.886962890625
-73485 1972.60595703125
-73475 1977.2640380859375
-73465 1984.490966796875
-73455 1990.625
-73445 2001.81396484375
-73435 2007.0849609375
-73425 2013.5830078125
-73415 2022.43505859375
-73405 2030.9560546875
-73395 2034.385986328125
-73385 2024.1590576171875
-73375 2020.4959716796875
-73365 2016.7149658203125
-73355 2012.4229736328125
-73345 2009.9859619140625
-73335 2007.3499755859375
-73325 2003.77001953125
-73315 2001.4659423828125
-73305 2000.488037109375
-73295 1998.7969970703125
-73285 1997.156005859375
-73275 1994.76904296875
-73265 1993.7080078125
-73255 1995.3330078125
-73245 1996.5260009765625
-73235 1998.1820068359375
-73225 2000.322021484375
-73215 2004.1839599609375
-73205 2007.3170166015625
-73195 2010.16796875
-73185 2015.572021484375
-73175 2008.030029296875
-73165 2007.864013671875
-73155 2009.8380126953125
-73145 2010.385009765625
-73135 2011.593994140625
-73125 2015.93798828125
-73115 2016.7989501953125
-73105 2018.406982421875
-73095 2021.3409423828125
-73085 2024.1920166015625
-73075 2029.1319580078125
-73065 2035.5140380859375
-73055 2042.1939697265625
-73045 2048.510009765625
-73035 2055.919921875
-73025 2062.68310546875
-73015 2073.77294921875
-73005 2081.712890625
-72995 2088.1279296875
-72985 2091.97412109375
-72975 2093.763916015625
-72965 2093.72998046875
-72955 2085.2939453125
-72945 2068.501953125
-72935 2062.56689453125
-72925 2057.212890625
-72915 2052.572998046875
-72905 2047.9630126953125
-72895 2042.2449951171875
-72885 2037.9849853515625
-72875 2033.873046875
-72865 2030.541015625
-72855 2026.927001953125
-72845 2022.136962890625
-72835 2019.5670166015625
-72825 2016.7490234375
-72815 2016.10302734375
-72805 2015.3399658203125
-72795 2014.39501953125
-72785 2012.4730224609375
-72775 2008.4439697265625
-72765 2004.052001953125
-72755 1999.3599853515625
-72745 1994.02294921875
-72735 1988.468994140625
-72725 1982.883056640625
-72715 1977.428955078125
-72705 1973.8160400390625
-72695 1967.7159423828125
-72685 1964.333984375
-72675 1962.260986328125
-72665 1962.926025390625
-72655 1963.968994140625
-72645 1964.2340087890625
-72635 1965.14599609375
-72625 1966.322998046875
-72615 1967.8480224609375
-72605 1969.85400390625
-72595 1971.39599609375
-72585 1973.10302734375
-72575 1975.970947265625
-72565 1979.35205078125
-72555 1979.6839599609375
-72545 1980.0150146484375
-72535 1981.4739990234375
-72525 1982.7850341796875
-72515 1988.2540283203125
-72505 1993.3480224609375
-72495 1999.677001953125
-72485 2006.4239501953125
-72475 2010.491943359375
-72465 2025.7979736328125
-72455 2036.93798828125
-72445 2043.7010498046875
-72435 2050.888916015625
-72425 2061.383056640625
-72415 2072.40087890625
-72405 2077.825927734375
-72395 2083.5048828125
-72385 2093.72705078125
-72375 2098.947998046875
-72365 2106.662109375
-72355 2114.39208984375
-72345 2123.360107421875
-72335 2127.343994140625
-72325 2131.614990234375
-72315 2138.243896484375
-72305 2144.345947265625
-72295 2147.0419921875
-72285 2147.466064453125
-72275 2150.570068359375
-72265 2152.722900390625
-72255 2152.467041015625
-72245 2147.126953125
-72235 2142.447998046875
-72225 2141.514892578125
-72215 2142.31201171875
-72205 2141.4140625
-72195 2134.718017578125
-72185 2128.376953125
-72175 2123.18994140625
-72165 2114.697021484375
-72155 2106.93310546875
-72145 2101.64404296875
-72135 2096.083984375
-72125 2088.625
-72115 2083.166015625
-72105 2075.740966796875
-72095 2067.806884765625
-72085 2061.4169921875
-72075 2054.653076171875
-72065 2048.787109375
-72055 2044.22705078125
-72045 2039.2430419921875
-72035 2035.02197265625
-72025 2028.7159423828125
-72015 2021.10400390625
-72005 2005.89599609375
-71995 1996.405029296875
-71985 1986.113037109375
-71975 1976.2149658203125
-71965 1967.583984375
-71955 1961.5159912109375
-71945 1957.8050537109375
-71935 1955.2960205078125
-71925 1954.904052734375
-71915 1952.9720458984375
-71905 1946.4110107421875
-71895 1938.613037109375
-71885 1931.64599609375
-71875 1924.373046875
-71865 1917.4739990234375
-71855 1908.862060546875
-71845 1904.8270263671875
-71835 1899.927978515625
-71825 1897.0460205078125
-71815 1896.6729736328125
-71805 1897.5040283203125
-71795 1898.3690185546875
-71785 1900.52197265625
-71775 1900.0810546875
-71765 1897.927978515625
-71755 1894.029052734375
-71745 1887.197021484375
-71735 1885.094970703125
-71725 1882.4000244140625
-71715 1880.1280517578125
-71705 1878.5179443359375
-71695 1876.9239501953125
-71685 1875.7879638671875
-71675 1874.9749755859375
-71665 1874.5679931640625
-71655 1875.8389892578125
-71645 1876.126953125
-71635 1879.416015625
-71625 1881.7550048828125
-71615 1883.552001953125
-71605 1886.248046875
-71595 1888.2650146484375
-71585 1891.3330078125
-71575 1894.029052734375
-71565 1894.97802734375
-71555 1896.385009765625
-71545 1898.2159423828125
-71535 1900.5389404296875
-71525 1903.5560302734375
-71515 1904.7430419921875
-71505 1905.7430419921875
-71495 1908.6080322265625
-71485 1920.7449951171875
-71475 1916.9649658203125
-71465 1917.303955078125
-71455 1923.4239501953125
-71445 1927.949951171875
-71435 1936.781982421875
-71425 1938.427001953125
-71415 1934.8160400390625
-71405 1938.0880126953125
-71395 1940.9530029296875
-71385 1933.3580322265625
-71375 1936.7650146484375
-71365 1940.47802734375
-71355 1943.8170166015625
-71345 1945.6650390625
-71335 1947.343994140625
-71325 1948.4620361328125
-71315 1949.66796875
-71305 1949.39501953125
-71295 1948.717041015625
-71285 1947.5150146484375
-71275 1946.2760009765625
-71265 1945.885986328125
-71255 1945.5799560546875
-71245 1945.0040283203125
-71235 1945.3089599609375
-71225 1945.530029296875
-71215 1945.7349853515625
-71205 1945.5970458984375
-71195 1946.072021484375
-71185 1946.3599853515625
-71175 1947.6319580078125
-71165 1948.885986328125
-71155 1951.5479736328125
-71145 1954.4630126953125
-71135 1958.802978515625
-71125 1962.738037109375
-71115 1966.1259765625
-71105 1969.3809814453125
-71095 1971.5169677734375
-71085 1972.7230224609375
-71075 1972.2459716796875
-71065 1970.655029296875
-71055 1968.875
-71045 1970.5169677734375
-71035 1976.1619873046875
-71025 1983.012939453125
-71015 1988.9439697265625
-71005 1994.3199462890625
-70995 2000.2340087890625
-70985 2005.762939453125
-70975 2011.8819580078125
-70965 2018.6290283203125
-70955 2025.2239990234375
-70945 2033.2760009765625
-70935 2040.5479736328125
-70925 2047.7530517578125
-70915 2055.2119140625
-70905 2060.467041015625
-70895 2066.570068359375
-70885 2070.40087890625
-70875 2073.333984375
-70865 2077.096923828125
-70855 2080.656982421875
-70845 2083.72607421875
-70835 2085.6240234375
-70825 2087.87890625
-70815 2092.37109375
-70805 2095.0830078125
-70795 2098.864013671875
-70785 2101.626953125
-70775 2105
-70765 2107.407958984375
-70755 2108.6279296875
-70745 2109.18798828125
-70735 2108.18798828125
-70725 2105.27197265625
-70715 2103.491943359375
-70705 2102.0849609375
-70695 2099.966064453125
-70685 2098.337890625
-70675 2097.303955078125
-70665 2097.135009765625
-70655 2093.89697265625
-70645 2091.251953125
-70635 2086.675048828125
-70625 2080.656982421875
-70615 2072.31689453125
-70605 2064.485107421875
-70595 2060.636962890625
-70585 2054.22900390625
-70575 2049.837890625
-70565 2046.7020263671875
-70555 2044.073974609375
-70545 2041.125
-70535 2037.0050048828125
-70525 2032.29296875
-70515 2026.3929443359375
-70505 2021.155029296875
-70495 2015.239013671875
-70485 2009.2889404296875
-70475 2003.303955078125
-70465 1999.89501953125
-70455 1995.760986328125
-70445 1991.3509521484375
-70435 1984.3160400390625
-70425 1974.7550048828125
-70415 1964.6519775390625
-70405 1959.3800048828125
-70395 1954.2960205078125
-70385 1949.343994140625
-70375 1943.8509521484375
-70365 1937.5279541015625
-70355 1931.7139892578125
-70345 1926.8310546875
-70335 1920.779052734375
-70325 1914.89697265625
-70315 1909.1500244140625
-70305 1903.1319580078125
-70295 1897.2330322265625
-70285 1891.97802734375
-70275 1887.3330078125
-70265 1881.0269775390625
-70255 1878.738037109375
-70245 1873.635009765625
-70235 1868.0069580078125
-70225 1863.1419677734375
-70215 1858.58203125
-70205 1852.93701171875
-70195 1847.0880126953125
-70185 1842.3759765625
-70175 1837.9000244140625
-70165 1833.3740234375
-70155 1828.8480224609375
-70145 1823.64404296875
-70135 1819.6600341796875
-70125 1814.7440185546875
-70115 1810.862060546875
-70105 1805.7569580078125
-70095 1801.2159423828125
-70085 1797.4520263671875
-70075 1793.5030517578125
-70065 1788.4000244140625
-70055 1782.5350341796875
-70045 1776.208984375
-70035 1769.345947265625
-70025 1762.2430419921875
-70015 1757.1719970703125
-70005 1751.030029296875
-69995 1746.9949951171875
-69985 1743.248046875
-69975 1739.699951171875
-69965 1735.780029296875
-69955 1734.010986328125
-69945 1731.8909912109375
-69935 1729.9520263671875
-69925 1727.8909912109375
-69915 1725.7840576171875
-69905 1723.864990234375
-69895 1722.8270263671875
-69885 1720.1929931640625
-69875 1716.8929443359375
-69865 1713.85595703125
-69855 1712.7249755859375
-69845 1711.2969970703125
-69835 1709.6240234375
-69825 1706.927978515625
-69815 1705.3499755859375
-69805 1705.083984375
-69795 1704.448974609375
-69785 1703.7049560546875
-69775 1704.3719482421875
-69765 1701.4739990234375
-69755 1697.2440185546875
-69745 1692.02294921875
-69735 1686.135009765625
-69725 1680.3719482421875
-69715 1674.9639892578125
-69705 1670.594970703125
-69695 1667.5269775390625
-69685 1663.2509765625
-69675 1658.927978515625
-69665 1654.387939453125
-69655 1649.47705078125
-69645 1645.572021484375
-69635 1642.8759765625
-69625 1639.9019775390625
-69615 1636.678955078125
-69605 1633.7349853515625
-69595 1630.3570556640625
-69585 1627.383056640625
-69575 1623.989013671875
-69565 1620.7049560546875
-69555 1617.156982421875
-69545 1614.383056640625
-69535 1611.469970703125
-69525 1605.907958984375
-69515 1600.873046875
-69505 1597.4019775390625
-69495 1593.97802734375
-69485 1590.677978515625
-69475 1588.1829833984375
-69465 1585.843994140625
-69455 1585.114990234375
-69445 1585.56494140625
-69435 1585.7659912109375
-69425 1586.803955078125
-69415 1586.4169921875
-69405 1587.4239501953125
-69395 1590.5069580078125
-69385 1592.9859619140625
-69375 1592.4749755859375
-69365 1594.2569580078125
-69355 1595.387939453125
-69345 1597.4019775390625
-69335 1600.4539794921875
-69325 1603.366943359375
-69315 1606.125
-69305 1609.114990234375
-69295 1612.7099609375
-69285 1615.0799560546875
-69275 1618.133056640625
-69265 1620.9840087890625
-69255 1623.7569580078125
-69245 1626.6080322265625
-69235 1629.9239501953125
-69225 1633.7659912109375
-69215 1638.2750244140625
-69205 1644.7509765625
-69195 1651.0260009765625
-69185 1656.759033203125
-69175 1662.7239990234375
-69165 1668.843994140625
-69155 1674.85595703125
-69145 1681.0069580078125
-69135 1687.68505859375
-69125 1695.093017578125
-69115 1702.697998046875
-69105 1710.802001953125
-69095 1720.7509765625
-69085 1725.2569580078125
-69075 1729.81494140625
-69065 1737.66796875
-69055 1741.0479736328125
-69045 1744.8260498046875
-69035 1752.572998046875
-69025 1759.85498046875
-69015 1767.8060302734375
-69005 1776.2030029296875
-68995 1788.3819580078125
-68985 1794.7030029296875
-68975 1801.8299560546875
-68965 1809.2359619140625
-68955 1819.6949462890625
-68945 1830.2459716796875
-68935 1838.3179931640625
-68925 1844.468994140625
-68915 1851.612060546875
-68905 1856.6009521484375
-68895 1860.1490478515625
-68885 1864.02294921875
-68875 1868.468994140625
-68865 1875.0699462890625
-68855 1882.4759521484375
-68845 1889.803955078125
-68835 1897.3499755859375
-68825 1903.8260498046875
-68815 1910.3489990234375
-68805 1916.8260498046875
-68795 1923.39501953125
-68785 1930.0419921875
-68775 1936.7659912109375
-68765 1943.677001953125
-68755 1951.052001953125
-68745 1955.7640380859375
-68735 1958.3360595703125
-68725 1958.1319580078125
-68715 1953.5460205078125
-68705 1946.511962890625
-68695 1938.873046875
-68685 1932.3349609375
-68675 1925.3780517578125
-68665 1918.823974609375
-68655 1912.9830322265625
-68645 1906.197021484375
-68635 1900.123046875
-68625 1893.9410400390625
-68615 1887.9610595703125
-68605 1881.0970458984375
-68595 1874.1090087890625
-68585 1868.0980224609375
-68575 1862.737060546875
-68565 1858.4759521484375
-68555 1854.9429931640625
-68545 1853.2540283203125
-68535 1855.593994140625
-68525 1856.4930419921875
-68515 1856.1209716796875
-68505 1854.9119873046875
-68495 1852.06103515625
-68485 1845.926025390625
-68475 1838.364990234375
-68465 1831.376953125
-68455 1827.6739501953125
-68445 1827.02294921875
-68435 1830.7879638671875
-68425 1834.6929931640625
-68415 1837.125
-68405 1836.800048828125
-68395 1835.3740234375
-68385 1833.8409423828125
-68375 1835.761962890625
-68365 1836.10302734375
-68355 1836.5989990234375
-68345 1836.6290283203125
-68335 1835.7149658203125
-68325 1834.2740478515625
-68315 1834.9100341796875
-68305 1837.3580322265625
-68295 1838.9219970703125
-68285 1832.802001953125
-68275 1835.73095703125
-68265 1841.5880126953125
-68255 1846.7469482421875
-68245 1852.448974609375
-68235 1857.824951171875
-68225 1862.9840087890625
-68215 1869.011962890625
-68205 1876.324951171875
-68195 1882.89404296875
-68185 1889.3089599609375
-68175 1896.405029296875
-68165 1903.7950439453125
-68155 1911
-68145 1918.43701171875
-68135 1925.3160400390625
-68125 1929.468994140625
-68115 1930.4599609375
-68105 1931.8079833984375
-68095 1933.9620361328125
-68085 1937.72705078125
-68075 1942.592041015625
-68065 1944.6839599609375
-68055 1945.302978515625
-68045 1947.6739501953125
-68035 1952.4310302734375
-68025 1953.68603515625
-68015 1952.0899658203125
-68005 1948.7740478515625
-67995 1944.3890380859375
-67985 1940.4539794921875
-67975 1936.626953125
-67965 1934.613037109375
-67955 1932.241943359375
-67945 1930.2900390625
-67935 1930.10400390625
-67925 1930.64599609375
-67915 1930.552978515625
-67905 1931.0489501953125
-67895 1931.7769775390625
-67885 1933.373046875
-67875 1934.751953125
-67865 1934.551025390625
-67855 1932.2110595703125
-67845 1930.2740478515625
-67835 1927.593994140625
-67825 1924.386962890625
-67815 1921.364990234375
-67805 1919.1500244140625
-67795 1915.89599609375
-67785 1912.843994140625
-67775 1911.217041015625
-67765 1909.5899658203125
-67755 1907.2659912109375
-67745 1903.9969482421875
-67735 1899.0389404296875
-67725 1894.43701171875
-67715 1889.2779541015625
-67705 1885.06298828125
-67695 1880.2760009765625
-67685 1875.5040283203125
-67675 1871.3509521484375
-67665 1866.656982421875
-67655 1861.1719970703125
-67645 1855.4539794921875
-67635 1849.5980224609375
-67625 1844.4229736328125
-67615 1838.9219970703125
-67605 1832.5699462890625
-67595 1826.4959716796875
-67585 1820.8260498046875
-67575 1816.0379638671875
-67565 1810.22802734375
-67555 1803.8909912109375
-67545 1797.2440185546875
-67535 1790.75
-67525 1783.0340576171875
-67515 1775.8929443359375
-67505 1767.761962890625
-67495 1760.6700439453125
-67485 1752.85595703125
-67475 1746.8050537109375
-67465 1740.0050048828125
-67455 1734.864013671875
-67445 1729.5169677734375
-67435 1723.0260009765625
-67425 1716.4599609375
-67415 1710.3349609375
-67405 1704.6219482421875
-67395 1697.89501953125
-67385 1691.7850341796875
-67375 1686.1719970703125
-67365 1680.6810302734375
-67355 1673.93701171875
-67345 1666.875
-67335 1659.85400390625
-67325 1652.5689697265625
-67315 1645.51904296875
-67305 1637.3380126953125
-67295 1629.260009765625
-67285 1620.1240234375
-67275 1611.64697265625
-67265 1603.2330322265625
-67255 1595.8160400390625
-67245 1586.85400390625
-67235 1577.262939453125
-67225 1567.906982421875
-67215 1559.4639892578125
-67205 1551.8389892578125
-67195 1544.89404296875
-67185 1538.385009765625
-67175 1532.39501953125
-67165 1527.60400390625
-67155 1523.4940185546875
-67145 1518.5150146484375
-67135 1513.0069580078125
-67125 1507.7760009765625
-67115 1507.5579833984375
-67105 1504.458984375
-67095 1500.0379638671875
-67085 1495.85205078125
-67075 1491.4139404296875
-67065 1487.27197265625
-67055 1483.25
-67045 1478.9730224609375
-67035 1474.552001953125
-67025 1471.1180419921875
-67015 1467.9720458984375
-67005 1465.31396484375
-66995 1462.93701171875
-66985 1459.5999755859375
-66975 1454.81201171875
-66965 1449.303955078125
-66955 1443.751953125
-66945 1442.2099609375
-66935 1441.3289794921875
-66925 1440.3179931640625
-66915 1439.345947265625
-66905 1439.08203125
-66895 1438.72900390625
-66885 1438.291015625
-66875 1438.0389404296875
-66865 1437.7769775390625
-66855 1435.614990234375
-66845 1433.8089599609375
-66835 1434.7340087890625
-66825 1436.011962890625
-66815 1435.9849853515625
-66805 1434.925048828125
-66795 1434.89599609375
-66785 1434.79296875
-66775 1434.6309814453125
-66765 1434.1910400390625
-66755 1435.5419921875
-66745 1435.7330322265625
-66735 1437.4219970703125
-66725 1437.6719970703125
-66715 1440.491943359375
-66705 1445.7939453125
-66695 1450.43505859375
-66685 1455.9429931640625
-66675 1461.614990234375
-66665 1463.625
-66655 1465.7249755859375
-66645 1467.5460205078125
-66635 1469.7349853515625
-66625 1472.7020263671875
-66615 1475.1839599609375
-66605 1478.5059814453125
-66595 1482.20703125
-66585 1486.6280517578125
-66575 1491.0050048828125
-66565 1496.4219970703125
-66555 1502.093994140625
-66545 1507.176025390625
-66535 1513.1219482421875
-66525 1518.3070068359375
-66515 1523.9639892578125
-66505 1528.8380126953125
-66495 1534.2430419921875
-66485 1539.5770263671875
-66475 1544.862060546875
-66465 1550.751953125
-66455 1556.906005859375
-66445 1562.8570556640625
-66435 1569.3050537109375
-66425 1575.1920166015625
-66415 1580.97900390625
-66405 1588.176025390625
-66395 1595.72802734375
-66385 1602.39599609375
-66375 1608.0360107421875
-66365 1614.510986328125
-66355 1620.6650390625
-66345 1626.998046875
-66335 1631.343017578125
-66325 1636.573974609375
-66315 1639.64404296875
-66305 1642.2139892578125
-66295 1644.2559814453125
-66285 1645.386962890625
-66275 1646.1920166015625
-66265 1646.35595703125
-66255 1646.2239990234375
-66245 1646.0159912109375
-66235 1646.8260498046875
-66225 1647.487060546875
-66215 1647.9840087890625
-66205 1647.9840087890625
-66195 1646.573974609375
-66185 1646.988037109375
-66175 1648.6180419921875
-66165 1648.5450439453125
-66155 1647.85205078125
-66145 1647.60498046875
-66135 1646.9560546875
-66125 1646.5909423828125
-66115 1645.95703125
-66105 1647.1910400390625
-66095 1646.573974609375
-66085 1646.0479736328125
-66075 1645.02001953125
-66065 1642.300048828125
-66055 1641.27197265625
-66045 1637.0150146484375
-66035 1639.053955078125
-66025 1642.5350341796875
-66015 1643.91796875
-66005 1645.386962890625
-65995 1647.135009765625
-65985 1649.14697265625
-65975 1650.6009521484375
-65965 1652.6839599609375
-65955 1654.6839599609375
-65945 1656.7259521484375
-65935 1660.177001953125
-65925 1662.248046875
-65915 1664.2020263671875
-65905 1666.1700439453125
-65895 1667.2249755859375
-65885 1668.635009765625
-65875 1670.238037109375
-65865 1672.864990234375
-65855 1675.657958984375
-65845 1678.5660400390625
-65835 1681.385986328125
-65825 1683.45703125
-65815 1685.998046875
-65805 1687.9659423828125
-65795 1689.6259765625
-65785 1691.31494140625
-65775 1693.0479736328125
-65765 1694.2969970703125
-65755 1695.7950439453125
-65745 1697.7769775390625
-65735 1700.4949951171875
-65725 1703.7259521484375
-65715 1707.3690185546875
-65705 1710.114990234375
-65695 1714.0810546875
-65685 1717.5469970703125
-65675 1721.4100341796875
-65665 1724.6710205078125
-65655 1727.2850341796875
-65645 1729.092041015625
-65635 1730.384033203125
-65625 1730.281005859375
-65615 1729.0770263671875
-65605 1727.8580322265625
-65595 1727.0059814453125
-65585 1724.9639892578125
-65575 1722.4090576171875
-65565 1718.737060546875
-65555 1715.1090087890625
-65545 1711.333984375
-65535 1704.593017578125
-65525 1697.6600341796875
-65515 1690.31396484375
-65505 1682.7080078125
-65495 1675.3489990234375
-65485 1668.387939453125
-65475 1661.4110107421875
-65465 1654.7110595703125
-65455 1647.8079833984375
-65445 1640.22900390625
-65435 1632.197021484375
-65425 1624.031005859375
-65415 1617.2449951171875
-65405 1611.281982421875
-65395 1601.427001953125
-65385 1592.114990234375
-65375 1582.97900390625
-65365 1575.3270263671875
-65355 1568.0269775390625
-65345 1560.989013671875
-65335 1554.1619873046875
-65325 1546.991943359375
-65315 1539.31005859375
-65305 1532.93798828125
-65295 1526.281982421875
-65285 1520.39501953125
-65275 1514.10595703125
-65265 1508.5689697265625
-65255 1502.928955078125
-65245 1497.3330078125
-65235 1491.989013671875
-65225 1486.9930419921875
-65215 1482.4840087890625
-65205 1477.8719482421875
-65195 1474.655029296875
-65185 1471.468017578125
-65175 1469.9549560546875
-65165 1469.25
-65155 1466.22705078125
-65145 1463.1400146484375
-65135 1460.7459716796875
-65125 1454.739013671875
-65115 1447.821044921875
-65105 1441.843017578125
-65095 1436.8370361328125
-65085 1432.8690185546875
-65075 1430.56298828125
-65065 1427.9630126953125
-65055 1426.6409912109375
-65045 1425.114013671875
-65035 1423.968017578125
-65025 1421.633056640625
-65015 1419.56201171875
-65005 1418.81005859375
-64995 1418.0360107421875
-64985 1416.511962890625
-64975 1415.740966796875
-64965 1414.1190185546875
-64955 1412.4730224609375
-64945 1411.2860107421875
-64935 1411.572998046875
-64925 1412.0360107421875
-64915 1411.947021484375
-64905 1412.0360107421875
-64895 1409.0550537109375
-64885 1406.4110107421875
-64875 1401.3599853515625
-64865 1403.72900390625
-64855 1407.2340087890625
-64845 1408.7540283203125
-64835 1408.906005859375
-64825 1408.5419921875
-64815 1408.2320556640625
-64805 1407.7960205078125
-64795 1408.4439697265625
-64785 1410.751953125
-64775 1412.0860595703125
-64765 1410.7760009765625
-64755 1408.843017578125
-64745 1409.5789794921875
-64735 1410.2149658203125
-64725 1409.9139404296875
-64715 1411.8489990234375
-64705 1412.4730224609375
-64695 1413.1839599609375
-64685 1413.8179931640625
-64675 1414.3800048828125
-64665 1416.5260009765625
-64655 1418.4840087890625
-64645 1418.095947265625
-64635 1417.1619873046875
-64625 1412.5350341796875
-64615 1414.3800048828125
-64605 1416.8759765625
-64595 1417.237060546875
-64585 1418.43505859375
-64575 1419.2559814453125
-64565 1419.8919677734375
-64555 1420.2919921875
-64545 1420.4549560546875
-64535 1419.58203125
-64525 1418.135009765625
-64515 1418.3719482421875
-64505 1417.3599853515625
-64495 1416.2139892578125
-64485 1415.3909912109375
-64475 1414.1319580078125
-64465 1414.1920166015625
-64455 1413.39599609375
-64445 1412.6080322265625
-64435 1411.760009765625
-64425 1411.0260009765625
-64415 1409.93896484375
-64405 1408.5419921875
-64395 1408.032958984375
-64385 1406.635986328125
-64375 1405.18701171875
-64365 1403.655029296875
-64355 1403.85400390625
-64345 1403.60302734375
-64335 1402.58203125
-64325 1402.4949951171875
-64315 1400.6739501953125
-64305 1399.1650390625
-64295 1397.4560546875
-64285 1395.8089599609375
-64275 1393.114990234375
-64265 1389.4229736328125
-64255 1387.927001953125
-64245 1386.8919677734375
-64235 1386.2679443359375
-64225 1386.3680419921875
-64215 1386.3680419921875
-64205 1386.1810302734375
-64195 1385.781005859375
-64185 1385.2950439453125
-64175 1384.89599609375
-64165 1383.8480224609375
-64155 1382.31396484375
-64145 1380.7049560546875
-64135 1379.095947265625
-64125 1377.550048828125
-64115 1376.22802734375
-64105 1375.155029296875
-64095 1374.468994140625
-64085 1374.08203125
-64075 1373.0350341796875
-64065 1371.613037109375
-64055 1370.0909423828125
-64045 1368.9930419921875
-64035 1368.2080078125
-64025 1367.9959716796875
-64015 1367.072998046875
-64005 1366.261962890625
-63995 1365.875
-63985 1366.1500244140625
-63975 1366.8360595703125
-63965 1365.9129638671875
-63955 1364.5909423828125
-63945 1363.9549560546875
-63935 1363.967041015625
-63925 1364.490966796875
-63915 1364.7149658203125
-63905 1363.5179443359375
-63895 1362.6949462890625
-63885 1363.1810302734375
-63875 1362.83203125
-63865 1362.27099609375
-63855 1360.8360595703125
-63845 1360.9630126953125
-63835 1360.6619873046875
-63825 1360.5989990234375
-63815 1360.6240234375
-63805 1360.25
-63795 1359.93798828125
-63785 1359.7509765625
-63775 1359.3270263671875
-63765 1359.626953125
-63755 1360.0760498046875
-63745 1360.2249755859375
-63735 1360.6739501953125
-63725 1360.7740478515625
-63715 1360.5250244140625
-63705 1359.626953125
-63695 1357.7950439453125
-63685 1356.77001953125
-63675 1356.9449462890625
-63665 1356.9320068359375
-63655 1353.927001953125
-63645 1351.8690185546875
-63635 1351.8690185546875
-63625 1353.31494140625
-63615 1356.4580078125
-63605 1358.116943359375
-63595 1358.0550537109375
-63585 1357.1090087890625
-63575 1356.14697265625
-63565 1356.1090087890625
-63555 1356.1090087890625
-63545 1356.9449462890625
-63535 1354.301025390625
-63525 1353.678955078125
-63515 1354.550048828125
-63505 1356.384033203125
-63495 1359.06494140625
-63485 1362.083984375
-63475 1364.7149658203125
-63465 1366.7860107421875
-63455 1369.10595703125
-63445 1371.3380126953125
-63435 1372.9849853515625
-63425 1375.1920166015625
-63415 1377.8370361328125
-63405 1379.7950439453125
-63395 1381.4530029296875
-63385 1382.4639892578125
-63375 1383.0250244140625
-63365 1383.885986328125
-63355 1385.469970703125
-63345 1387.9639892578125
-63335 1390.39599609375
-63325 1391.8680419921875
-63315 1391.9549560546875
-63305 1391.64404296875
-63295 1391.08203125
-63285 1390.5830078125
-63275 1390.0469970703125
-63265 1389.4110107421875
-63255 1388.875
-63245 1388.6629638671875
-63235 1388.7249755859375
-63225 1389.1739501953125
-63215 1388.9990234375
-63205 1388.875
-63195 1388.7750244140625
-63185 1388.625
-63175 1388.613037109375
-63165 1388.574951171875
-63155 1388.4759521484375
-63145 1388.800048828125
-63135 1388.9739990234375
-63125 1389.073974609375
-63115 1389.3489990234375
-63105 1390.446044921875
-63095 1390.4339599609375
-63085 1391.48095703125
-63075 1393.8509521484375
-63065 1396.1710205078125
-63055 1398.614013671875
-63045 1400.448974609375
-63035 1402.7939453125
-63025 1406.073974609375
-63015 1409.302978515625
-63005 1411.073974609375
-62995 1411.572998046875
-62985 1412.0860595703125
-62975 1412.633056640625
-62965 1413.1710205078125
-62955 1413.9200439453125
-62945 1414.5560302734375
-62935 1415.22900390625
-62925 1415.9639892578125
-62915 1416.1650390625
-62905 1417.56201171875
-62895 1418.821044921875
-62885 1419.9560546875
-62875 1420.8289794921875
-62865 1422.4239501953125
-62855 1423.0489501953125
-62845 1422.239013671875
-62835 1425.8179931640625
-62825 1427.8759765625
-62815 1429.9329833984375
-62805 1431.1820068359375
-62795 1432.489990234375
-62785 1435.1839599609375
-62775 1438.489990234375
-62765 1441.4949951171875
-62755 1443.7650146484375
-62745 1446.2840576171875
-62735 1447.8179931640625
-62725 1448.6419677734375
-62715 1448.904052734375
-62705 1448.990966796875
-62695 1451.7099609375
-62685 1451.3360595703125
-62675 1453.02001953125
-62665 1455.10205078125
-62655 1457.18505859375
-62645 1459.0689697265625
-62635 1460.9150390625
-62625 1462.93505859375
-62615 1463.758056640625
-62605 1465.990966796875
-62595 1468.322998046875
-62585 1469.8570556640625
-62575 1470.1319580078125
-62565 1471.366943359375
-62555 1471.9029541015625
-62545 1472.4139404296875
-62535 1473.8360595703125
-62525 1474.634033203125
-62515 1473.7860107421875
-62505 1474.9510498046875
-62495 1476.6099853515625
-62485 1477.490966796875
-62475 1477.1419677734375
-62465 1476.8759765625
-62455 1477.3260498046875
-62445 1477.8299560546875
-62435 1478.095947265625
-62425 1479.1600341796875
-62415 1480.3070068359375
-62405 1481.5360107421875
-62395 1482.8389892578125
-62385 1484.5909423828125
-62375 1486.8570556640625
-62365 1488.4439697265625
-62355 1490.947998046875
-62345 1493.35205078125
-62335 1495.737060546875
-62325 1497.654052734375
-62315 1498.8740234375
-62305 1499.323974609375
-62295 1499.5159912109375
-62285 1500.2139892578125
-62275 1502.3690185546875
-62265 1503.4610595703125
-62255 1502.9840087890625
-62245 1500.85595703125
-62235 1501.635009765625
-62225 1504.708984375
-62215 1514.2669677734375
-62205 1522.5419921875
-62195 1528.4959716796875
-62185 1535.677978515625
-62175 1538.7879638671875
-62165 1539.4029541015625
-62155 1540.302001953125
-62145 1541.3199462890625
-62135 1541.2559814453125
-62125 1541.3480224609375
-62115 1542.4940185546875
-62105 1543.7139892578125
-62095 1545.989013671875
-62085 1548.052978515625
-62075 1550.6949462890625
-62065 1553.759033203125
-62055 1555.740966796875
-62045 1557.7220458984375
-62035 1559.4930419921875
-62025 1561.501953125
-62015 1563.6669921875
-62005 1565.510986328125
-61995 1567.4100341796875
-61985 1568.9139404296875
-61975 1565.758056640625
-61965 1565.04296875
-61955 1567.6109619140625
-61945 1572.261962890625
-61935 1578.1610107421875
-61925 1585.114013671875
-61915 1587.97705078125
-61905 1588.7469482421875
-61895 1587.6099853515625
-61885 1587.6920166015625
-61875 1588.8480224609375
-61865 1591.0589599609375
-61855 1594.865966796875
-61845 1601.406005859375
-61835 1605.8370361328125
-61825 1609.2039794921875
-61815 1613.1300048828125
-61805 1612.5889892578125
-61795 1609.093994140625
-61785 1607.68994140625
-61775 1615.4599609375
-61765 1623.9090576171875
-61755 1623.3489990234375
-61745 1622.5699462890625
-61735 1625.85400390625
-61725 1630.2659912109375
-61715 1636.824951171875
-61705 1641.3389892578125
-61695 1643.0179443359375
-61685 1641.8070068359375
-61675 1640.512939453125
-61665 1640.2010498046875
-61655 1640.08203125
-61645 1635.2110595703125
-61635 1630.863037109375
-61625 1633.1929931640625
-61615 1641.8890380859375
-61605 1649.9990234375
-61595 1655.0439453125
-61585 1659.9610595703125
-61575 1662.68603515625
-61565 1666.5660400390625
-61555 1669.0980224609375
-61545 1670.8499755859375
-61535 1673.115966796875
-61525 1675.9139404296875
-61515 1677.739013671875
-61505 1679.72998046875
-61495 1681.968017578125
-61485 1682.949951171875
-61475 1682.949951171875
-61465 1685.407958984375
-61455 1687.8389892578125
-61445 1690.3070068359375
-61435 1692.58203125
-61425 1695.738037109375
-61415 1700.241943359375
-61405 1705.737060546875
-61395 1711.001953125
-61385 1714.0479736328125
-61375 1713.883056640625
-61365 1712.3690185546875
-61355 1712.864990234375
-61345 1714.18603515625
-61335 1716.2769775390625
-61325 1716.9010009765625
-61315 1718.010986328125
-61305 1719.5059814453125
-61295 1721.6710205078125
-61285 1723.717041015625
-61275 1727.166015625
-61265 1729.9730224609375
-61255 1732.4219970703125
-61245 1734.137939453125
-61235 1733.8990478515625
-61225 1736.93603515625
-61215 1737.3759765625
-61205 1739
-61195 1740.697021484375
-61185 1743.29296875
-61175 1747.6510009765625
-61165 1751.14599609375
-61155 1755.511962890625
-61145 1757.5400390625
-61135 1759.1820068359375
-61125 1760.75
-61115 1761.7869873046875
-61105 1764.4560546875
-61095 1766.4739990234375
-61085 1769.5570068359375
-61075 1773.052001953125
-61065 1775.7120361328125
-61055 1776.593017578125
-61045 1776.6300048828125
-61035 1776.6109619140625
-61025 1778.3819580078125
-61015 1778.9959716796875
-61005 1778.8590087890625
-60995 1778.3179931640625
-60985 1777.885986328125
-60975 1777.4739990234375
-60965 1777.6390380859375
-60955 1777.7120361328125
-60945 1775.529052734375
-60935 1772.2259521484375
-60925 1769.3919677734375
-60915 1772.81298828125
-60905 1777.4739990234375
-60895 1778.281005859375
-60885 1777.9410400390625
-60875 1777.72998046875
-60865 1776.9229736328125
-60855 1776.822021484375
-60845 1779.41796875
-60835 1780.281005859375
-60825 1780.666015625
-60815 1780.7030029296875
-60805 1782.876953125
-60795 1785.0689697265625
-60785 1785.866943359375
-60775 1786.4539794921875
-60765 1784.4820556640625
-60755 1785.7110595703125
-60745 1788.0870361328125
-60735 1787.6739501953125
-60725 1790.9310302734375
-60715 1792.81201171875
-60705 1793.012939453125
-60695 1793.02294921875
-60685 1792.1689453125
-60675 1791.97705078125
-60665 1795.197021484375
-60655 1793.81201171875
-60645 1794.489990234375
-60635 1795.3800048828125
-60625 1796.9759521484375
-60615 1796.5909423828125
-60605 1795.1600341796875
-60595 1798.7840576171875
-60585 1799.9300537109375
-60575 1798.48095703125
-60565 1800.3890380859375
-60555 1800.782958984375
-60545 1801.123046875
-60535 1801.6729736328125
-60525 1802.0030517578125
-60515 1798.79296875
-60505 1794.260986328125
-60495 1793.0870361328125
-60485 1795.4720458984375
-60475 1799.6180419921875
-60465 1802.489990234375
-60455 1806.884033203125
-60445 1809.1590576171875
-60435 1809.801025390625
-60425 1811.6719970703125
-60415 1813.1490478515625
-60405 1813.77294921875
-60395 1815.47900390625
-60385 1816.3780517578125
-60375 1818.2220458984375
-60365 1818.6719970703125
-60355 1818.4969482421875
-60345 1816.947021484375
-60335 1814.2320556640625
-60325 1813.616943359375
-60315 1814.2679443359375
-60305 1815.6080322265625
-60295 1819.406005859375
-60285 1820.6810302734375
-60275 1821.6810302734375
-60265 1823.322998046875
-60255 1823.615966796875
-60245 1823.0660400390625
-60235 1822.625
-60225 1821.4969482421875
-60215 1820.2769775390625
-60205 1818.6080322265625
-60195 1817.800048828125
-60185 1816.6810302734375
-60175 1815.9840087890625
-60165 1814.7640380859375
-60155 1813.7640380859375
-60145 1812.883056640625
-60135 1811.6719970703125
-60125 1809.95703125
-60115 1807.9110107421875
-60105 1805.406982421875
-60095 1802.324951171875
-60085 1798.948974609375
-60075 1796.509033203125
-60065 1798.35205078125
-60055 1798.8480224609375
-60045 1796.6829833984375
-60035 1795.553955078125
-60025 1799.2969970703125
-60015 1801.489990234375
-60005 1803.81005859375
-59995 1804.551025390625
-59985 1802.4539794921875
-59975 1799.594970703125
-59965 1799.6910400390625
-59955 1800.2740478515625
-59945 1799.238037109375
-59935 1799.9649658203125
-59925 1800.39404296875
-59915 1802.2760009765625
-59905 1803.3480224609375
-59895 1802.89501953125
-59885 1802.5970458984375
-59875 1803.2879638671875
-59865 1804.5389404296875
-59855 1807.7550048828125
-59845 1811.3759765625
-59835 1812.9840087890625
-59825 1814.592041015625
-59815 1816.760009765625
-59805 1818.166015625
-59795 1818.5350341796875
-59785 1819.155029296875
-59775 1819.6190185546875
-59765 1819.9649658203125
-59755 1820.155029296875
-59745 1821.1319580078125
-59735 1826.0870361328125
-59725 1832.1390380859375
-59715 1836.6409912109375
-59705 1839.905029296875
-59695 1843.633056640625
-59685 1846.135009765625
-59675 1848.2550048828125
-59665 1850.0179443359375
-59655 1852.0789794921875
-59645 1852.4599609375
-59635 1851.9239501953125
-59625 1852.04296875
-59615 1851.697998046875
-59605 1851.9239501953125
-59595 1852.697998046875
-59585 1853.364990234375
-59575 1853.7939453125
-59565 1854.52099609375
-59555 1854.60400390625
-59545 1854.0560302734375
-59535 1853.4010009765625
-59525 1852.258056640625
-59515 1851.947998046875
-59505 1851.93603515625
-59495 1852.925048828125
-59485 1852.85302734375
-59475 1853.0560302734375
-59465 1853.008056640625
-59455 1851.531005859375
-59445 1847.56396484375
-59435 1841.6199951171875
-59425 1836.2239990234375
-59415 1829.947021484375
-59405 1824.2769775390625
-59395 1827.56396484375
-59385 1834.176025390625
-59375 1839.1429443359375
-59365 1844.6700439453125
-59355 1850.280029296875
-59345 1855.60498046875
-59335 1860.7979736328125
-59325 1865.7889404296875
-59315 1871.0899658203125
-59305 1875.6639404296875
-59295 1879.321044921875
-59285 1879.8690185546875
-59275 1879.2139892578125
-59265 1879.7740478515625
-59255 1879.2860107421875
-59245 1879.3330078125
-59235 1878.4990234375
-59225 1879.572021484375
-59215 1878.43994140625
-59205 1878.416015625
-59195 1880.8699951171875
-59185 1881.7750244140625
-59175 1879.56005859375
-59165 1880.489013671875
-59155 1881.1319580078125
-59145 1881.333984375
-59135 1882.39501953125
-59125 1883.39501953125
-59115 1883.740966796875
-59105 1884.740966796875
-59095 1885.0870361328125
-59085 1886.0400390625
-59075 1887.5050048828125
-59065 1888.469970703125
-59055 1889.5660400390625
-59045 1890.9830322265625
-59035 1892.364990234375
-59025 1893.7469482421875
-59015 1895.032958984375
-59005 1896.498046875
-58995 1897.9749755859375
-58985 1899.511962890625
-58975 1901.072021484375
-58965 1902.3349609375
-58955 1903.14501953125
-58945 1904.4320068359375
-58935 1905.824951171875
-58925 1907.0760498046875
-58915 1908.89794921875
-58905 1910.8399658203125
-58895 1911.5550537109375
-58885 1911.93603515625
-58875 1911.2330322265625
-58865 1913.031982421875
-58855 1915.176025390625
-58845 1916.748046875
-58835 1917.510986328125
-58825 1918.4520263671875
-58815 1918.927978515625
-58805 1919.7139892578125
-58795 1920.3809814453125
-58785 1920.405029296875
-58775 1920.7030029296875
-58765 1920.178955078125
-58755 1918.904052734375
-58745 1923.4549560546875
-58735 1923.8360595703125
-58725 1921.47705078125
-58715 1922.4539794921875
-58705 1925.074951171875
-58695 1926.324951171875
-58685 1926.7540283203125
-58675 1927.1240234375
-58665 1927.9930419921875
-58655 1930.2440185546875
-58645 1930.1610107421875
-58635 1929.4940185546875
-58625 1930.3990478515625
-58615 1931.0780029296875
-58605 1931.1259765625
-58595 1929.7320556640625
-58585 1927.635986328125
-58575 1925.491943359375
-58565 1922.9659423828125
-58555 1918.77294921875
-58545 1915.498046875
-58535 1913.425048828125
-58525 1909.7320556640625
-58515 1907.64794921875
-58505 1904.64599609375
-58495 1900.833984375
-58485 1896.4739990234375
-58475 1893.10302734375
-58465 1888.9940185546875
-58455 1884.72900390625
-58445 1883.3590087890625
-58435 1881.39404296875
-58425 1877.1300048828125
-58415 1872.5670166015625
-58405 1866.81396484375
-58395 1861.762939453125
-58385 1862.1090087890625
-58375 1856.7249755859375
-58365 1850.6259765625
-58355 1845.718017578125
-58345 1839.97705078125
-58335 1832.447998046875
-58325 1823.8480224609375
-58315 1831.4599609375
-58305 1841.89404296875
-58295 1848.362060546875
-58285 1853.364990234375
-58275 1857.4510498046875
-58265 1860.2030029296875
-58255 1863.9189453125
-58245 1868.31494140625
-58235 1872.8890380859375
-58225 1878.52294921875
-58215 1883.967041015625
-58205 1889.553955078125
-58195 1894.7469482421875
-58185 1898.654052734375
-58175 1901.9420166015625
-58165 1905.2889404296875
-58155 1908.2430419921875
-58145 1911.0419921875
-58135 1913.7939453125
-58125 1916.0570068359375
-58115 1918.4520263671875
-58105 1920.2979736328125
-58095 1921.989990234375
-58085 1923.573974609375
-58075 1925.56298828125
-58065 1926.4449462890625
-58055 1927.3260498046875
-58045 1928.218994140625
-58035 1928.291015625
-58025 1928.5169677734375
-58015 1928.31494140625
-58005 1928.696044921875
-57995 1929.1839599609375
-57985 1929.219970703125
-57975 1929.56494140625
-57965 1930.303955078125
-57955 1930.2559814453125
-57945 1929.7559814453125
-57935 1929.375
-57925 1929.06494140625
-57915 1929.3389892578125
-57905 1928.385986328125
-57895 1928.81494140625
-57885 1928.31494140625
-57875 1927.64794921875
-57865 1926.7779541015625
-57855 1925.89697265625
-57845 1924.156982421875
-57835 1922.9539794921875
-57825 1920.1309814453125
-57815 1918.2249755859375
-57805 1914.926025390625
-57795 1910.5660400390625
-57785 1904.64599609375
-57775 1898.3800048828125
-57765 1890.887939453125
-57755 1884.39599609375
-57745 1879.155029296875
-57735 1876.199951171875
-57725 1873.198974609375
-57715 1867.718994140625
-57705 1862.5260009765625
-57695 1860.47705078125
-57685 1860.011962890625
-57675 1858.5350341796875
-57665 1857.177001953125
-57655 1853.376953125
-57645 1847.5050048828125
-57635 1839.4759521484375
-57625 1830.2559814453125
-57615 1820.739013671875
-57605 1820.72705078125
-57595 1825.491943359375
-57585 1829.375
-57575 1831.1739501953125
-57565 1829.9940185546875
-57555 1826.5999755859375
-57545 1823.073974609375
-57535 1816.9630126953125
-57525 1813.1390380859375
-57515 1821.156005859375
-57505 1830.7139892578125
-57495 1839.7750244140625
-57485 1846.843994140625
-57475 1854.0810546875
-57465 1860.5150146484375
-57455 1866.873046875
-57445 1872.7769775390625
-57435 1877.6820068359375
-57425 1882.0570068359375
-57415 1885.781005859375
-57405 1889.248046875
-57395 1893.487060546875
-57385 1896.196044921875
-57375 1898.906005859375
-57365 1902.1610107421875
-57355 1905.9610595703125
-57345 1910.6839599609375
-57335 1914.1209716796875
-57325 1918.1629638671875
-57315 1921.9620361328125
-57305 1925.2020263671875
-57295 1928.8509521484375
-57285 1932.030029296875
-57275 1935.1629638671875
-57265 1938.720947265625
-57255 1941.9449462890625
-57245 1945.39697265625
-57235 1948.1519775390625
-57225 1951.073974609375
-57215 1954.116943359375
-57205 1957.583984375
-57195 1959.552001953125
-57185 1950.998046875
-57175 1943.262939453125
-57165 1938.91796875
-57155 1935.9959716796875
-57145 1934.04296875
-57135 1929.531982421875
-57125 1920.7969970703125
-57115 1915.968017578125
-57105 1912.7430419921875
-57095 1903.8260498046875
-57085 1897.6949462890625
-57075 1898.0279541015625
-57065 1895.4239501953125
-57055 1886.2049560546875
-57045 1878.531005859375
-57035 1868.7049560546875
-57025 1858.470947265625
-57015 1847.10205078125
-57005 1836.883056640625
-56995 1839.5169677734375
-56985 1845.31494140625
-56975 1851.9169921875
-56965 1864.843994140625
-56955 1863.8599853515625
-56945 1860.1209716796875
-56935 1875.759033203125
-56925 1884.4029541015625
-56915 1889.2779541015625
-56905 1895.93896484375
-56895 1903.9169921875
-56885 1913.136962890625
-56875 1909.366943359375
-56865 1898.4990234375
-56855 1891.094970703125
-56845 1894.2740478515625
-56835 1886.14404296875
-56825 1888.9749755859375
-56815 1889.262939453125
-56805 1888.748046875
-56795 1886.8270263671875
-56785 1889.322998046875
-56775 1897.93701171875
-56765 1904.823974609375
-56755 1914.6810302734375
-56745 1917.47998046875
-56735 1919.510009765625
-56725 1925.595947265625
-56715 1932.074951171875
-56705 1941.916015625
-56695 1946.198974609375
-56685 1946.593017578125
-56675 1946.8809814453125
-56665 1947.7740478515625
-56655 1949.72705078125
-56645 1948.77294921875
-56635 1945.3060302734375
-56625 1948.135986328125
-56615 1946.5479736328125
-56605 1947.1519775390625
-56595 1948.2130126953125
-56585 1950.43798828125
-56575 1952.467041015625
-56565 1953.98095703125
-56555 1955.8740234375
-56545 1958.416015625
-56535 1960.7919921875
-56525 1963.39697265625
-56515 1965.2440185546875
-56505 1967.3330078125
-56495 1970.875
-56485 1975.053955078125
-56475 1979.85302734375
-56465 1984.9090576171875
-56455 1990.9639892578125
-56445 1998.0799560546875
-56435 2002.2130126953125
-56425 2009.237060546875
-56415 2015.218017578125
-56405 2021.166015625
-56395 2028.41796875
-56385 2025.9200439453125
-56375 2026.7669677734375
-56365 2023.5579833984375
-56355 2017.5030517578125
-56345 2012.5369873046875
-56335 2006.81494140625
-56325 2000.864990234375
-56315 1995.1729736328125
-56305 1989.47998046875
-56295 1989.0570068359375
-56285 1987.60400390625
-56275 1983.5009765625
-56265 1980.0799560546875
-56255 1975.7650146484375
-56245 1972.010986328125
-56235 1967.7569580078125
-56225 1958.7950439453125
-56215 1953.7080078125
-56205 1948.333984375
-56195 1942.3690185546875
-56185 1937.282958984375
-56175 1933.7099609375
-56165 1928.0179443359375
-56155 1922.385986328125
-56145 1916.4820556640625
-56135 1912.2130126953125
-56125 1907.68701171875
-56115 1905.552001953125
-56105 1901.2239990234375
-56095 1898.93701171875
-56085 1899.677978515625
-56075 1896.8929443359375
-56065 1891.6400146484375
-56055 1885.947998046875
-56045 1878.4229736328125
-56035 1872.7459716796875
-56025 1863.572998046875
-56015 1855.3370361328125
-56005 1848.2080078125
-55995 1844.10400390625
-55985 1850.47802734375
-55975 1859.8179931640625
-55965 1867.9630126953125
-55955 1878.4539794921875
-55945 1884.31298828125
-55935 1887.1739501953125
-55925 1892.95703125
-55915 1898.3759765625
-55905 1904.083984375
-55895 1913.1669921875
-55885 1921.386962890625
-55875 1927.01904296875
-55865 1933.240966796875
-55855 1939.0830078125
-55845 1945.39697265625
-55835 1951.7860107421875
-55825 1955.9639892578125
-55815 1962.06494140625
-55805 1969.801025390625
-55795 1977.0670166015625
-55785 1982.6839599609375
-55775 1987.4520263671875
-55765 1991.8580322265625
-55755 1996.0970458984375
-55745 2000.927001953125
-55735 2003.7259521484375
-55725 2005.7850341796875
-55715 2009.2669677734375
-55705 2013.5360107421875
-55695 2016.6700439453125
-55685 2018.89501953125
-55675 2022.4219970703125
-55665 2027.5240478515625
-55655 2032.02099609375
-55645 2035.8509521484375
-55635 2038.4090576171875
-55625 2038.22705078125
-55615 2033.7159423828125
-55605 2024.2540283203125
-55595 2016.2459716796875
-55585 2008.343994140625
-55575 1999.155029296875
-55565 1991.404052734375
-55555 1985.696044921875
-55545 1981.6090087890625
-55535 1976.85498046875
-55525 1969.2559814453125
-55515 1961.884033203125
-55505 1956.9019775390625
-55495 1951.0439453125
-55485 1941.823974609375
-55475 1936.0870361328125
-55465 1929.426025390625
-55455 1921.3270263671875
-55445 1912.9549560546875
-55435 1903.886962890625
-55425 1896.5140380859375
-55415 1887.990966796875
-55405 1878.8929443359375
-55395 1871.126953125
-55385 1862.10400390625
-55375 1854.0810546875
-55365 1845.708984375
-55355 1837.125
-55345 1828.4649658203125
-55335 1826.573974609375
-55325 1827.4830322265625
-55315 1829.47998046875
-55305 1834.2640380859375
-55295 1841.531005859375
-55285 1845.1190185546875
-55275 1844.1949462890625
-55265 1843.2869873046875
-55255 1839.9560546875
-55245 1843.8919677734375
-55235 1846.5870361328125
-55225 1846.81396484375
-55215 1846.6929931640625
-55205 1847.0260009765625
-55195 1847.071044921875
-55185 1846.6319580078125
-55175 1846.375
-55165 1845.2850341796875
-55155 1844.5889892578125
-55145 1844.2249755859375
-55135 1846.5870361328125
-55125 1847.0260009765625
-55115 1849.083984375
-55105 1851.5069580078125
-55095 1849.1300048828125
-55085 1852.5360107421875
-55075 1854.29296875
-55065 1857.593017578125
-55055 1863.93603515625
-55045 1870.323974609375
-55035 1876.22900390625
-55025 1882.8909912109375
-55015 1891.322021484375
-55005 1901.0980224609375
-54995 1910.5350341796875
-54985 1916.43701171875
-54975 1910.4639892578125
-54965 1903.656005859375
-54955 1902.029052734375
-54945 1895.1500244140625
-54935 1883.345947265625
-54925 1871.1739501953125
-54915 1861.2099609375
-54905 1852.8170166015625
-54895 1855.2230224609375
-54885 1869.5469970703125
-54875 1876.3399658203125
-54865 1884.5489501953125
-54855 1893.0560302734375
-54845 1900.4439697265625
-54835 1908.2850341796875
-54825 1916.5360107421875
-54815 1924.136962890625
-54805 1930.7459716796875
-54795 1936.364990234375
-54785 1941.3470458984375
-54775 1944.093017578125
-54765 1938.446044921875
-54755 1935.488037109375
-54745 1935.3179931640625
-54735 1933.5360107421875
-54725 1931.029052734375
-54715 1928.35400390625
-54705 1919.6219482421875
-54695 1911.89501953125
-54685 1905.2130126953125
-54675 1899.2550048828125
-54665 1892.4189453125
-54655 1893.5369873046875
-54645 1886.7010498046875
-54635 1891.5560302734375
-54625 1901.1800537109375
-54615 1908.0579833984375
-54605 1914.4129638671875
-54595 1925.324951171875
-54585 1932.926025390625
-54575 1935.77099609375
-54565 1928.0999755859375
-54555 1925.6650390625
-54545 1927.0240478515625
-54535 1939.875
-54525 1943.823974609375
-54515 1944.5460205078125
-54505 1950.9150390625
-54495 1955.2879638671875
-54485 1958.7559814453125
-54475 1961.572998046875
-54465 1965.8189697265625
-54455 1966.18701171875
-54445 1972.7259521484375
-54435 1976.77294921875
-54425 1984.2039794921875
-54415 1993.0069580078125
-54405 2002.5889892578125
-54395 2012.864990234375
-54385 2019.7860107421875
-54375 2025.64599609375
-54365 2032.114013671875
-54355 2039.926025390625
-54345 2046.239990234375
-54335 2054.305908203125
-54325 2062.514892578125
-54315 2070.696044921875
-54305 2079.656005859375
-54295 2089.464111328125
-54285 2093.3701171875
-54275 2091.998046875
-54265 2089.208984375
-54255 2086.929931640625
-54245 2083.236083984375
-54235 2079.443115234375
-54225 2075.862060546875
-54215 2072.947021484375
-54205 2069.47900390625
-54195 2066.56298828125
-54185 2063.7890625
-54175 2060.802978515625
-54165 2058.35400390625
-54155 2055.693115234375
-54145 2055.083984375
-54135 2051.219970703125
-54125 2048.291015625
-54115 2044.89404296875
-54105 2041.6669921875
-54095 2038.8790283203125
-54085 2036.3170166015625
-54075 2033.3310546875
-54065 2029.0849609375
-54055 2025.3909912109375
-54045 2021.823974609375
-54035 2017.803955078125
-54025 2013.656005859375
-54015 2008.4210205078125
-54005 2002.759033203125
-53995 1997.154052734375
-53985 1990.531005859375
-53975 1984.302978515625
-53965 1976.8170166015625
-53955 1969.2860107421875
-53945 1960.427001953125
-53935 1954.31201171875
-53925 1948.635986328125
-53915 1942.791015625
-53905 1936.3790283203125
-53895 1933.1099853515625
-53885 1928.8780517578125
-53875 1925.2969970703125
-53865 1920.3580322265625
-53855 1914.9649658203125
-53845 1909.0350341796875
-53835 1903.10400390625
-53825 1896.863037109375
-53815 1891.4840087890625
-53805 1886.3470458984375
-53795 1881.9169921875
-53785 1877.85498046875
-53775 1875.0660400390625
-53765 1873.9630126953125
-53755 1872.6600341796875
-53745 1869.4759521484375
-53735 1866.9560546875
-53725 1864.0970458984375
-53715 1861.196044921875
-53705 1858.1390380859375
-53695 1855.760986328125
-53685 1852.633056640625
-53675 1848.739990234375
-53665 1845.416015625
-53655 1839.9659423828125
-53645 1835.8330078125
-53635 1834.6719970703125
-53625 1834.968994140625
-53615 1834.842041015625
-53605 1831.2330322265625
-53595 1827.552978515625
-53585 1822.583984375
-53575 1817.64599609375
-53565 1814.0789794921875
-53555 1812.0550537109375
-53545 1811.0360107421875
-53535 1805.7989501953125
-53525 1800.448974609375
-53515 1797.916015625
-53505 1793.7550048828125
-53495 1788.927978515625
-53485 1784.3699951171875
-53475 1779.4449462890625
-53465 1773.54296875
-53455 1768.51904296875
-53445 1762.2349853515625
-53435 1756.248046875
-53425 1751.491943359375
-53415 1745.5760498046875
-53405 1742.675048828125
-53395 1736.0789794921875
-53385 1729.907958984375
-53375 1725.280029296875
-53365 1718.9530029296875
-53355 1713.06494140625
-53345 1704.2900390625
-53335 1695.0760498046875
-53325 1687.376953125
-53315 1676.364990234375
-53305 1670.0250244140625
-53295 1660.22998046875
-53285 1652.5030517578125
-53275 1645.0150146484375
-53265 1636.593994140625
-53255 1624.364990234375
-53245 1614.3310546875
-53235 1607.155029296875
-53225 1603.0780029296875
-53215 1609.77294921875
-53205 1615.0240478515625
-53195 1608.697998046875
-53185 1600.7860107421875
-53175 1586.135986328125
-53165 1584.6650390625
-53155 1583.1219482421875
-53145 1593.2139892578125
-53135 1604.6639404296875
-53125 1615.490966796875
-53115 1626.4320068359375
-53105 1638.052001953125
-53095 1646.2469482421875
-53085 1654.427001953125
-53075 1662.4239501953125
-53065 1669.5999755859375
-53055 1677.157958984375
-53045 1684.9849853515625
-53035 1691.7359619140625
-53025 1694.780029296875
-53015 1699.2230224609375
-53005 1710.1629638671875
-52995 1719.1939697265625
-52985 1726.625
-52975 1733.2340087890625
-52965 1739.9150390625
-52955 1747.9820556640625
-52945 1753.488037109375
-52935 1760.508056640625
-52925 1768.178955078125
-52915 1775.864990234375
-52905 1782.7430419921875
-52895 1789.5789794921875
-52885 1796.85400390625
-52875 1803.1099853515625
-52865 1808.8990478515625
-52855 1816.385986328125
-52845 1824.2550048828125
-52835 1830.93603515625
-52825 1837.615966796875
-52815 1844.5660400390625
-52805 1849.8310546875
-52795 1855.43505859375
-52785 1861.748046875
-52775 1868.14501953125
-52765 1874.260009765625
-52755 1881.1810302734375
-52745 1888.072998046875
-52735 1895.052001953125
-52725 1901.60400390625
-52715 1907.52001953125
-52705 1913.56298828125
-52695 1919.2669677734375
-52685 1924.0369873046875
-52675 1927.9859619140625
-52665 1932.5860595703125
-52655 1937.822998046875
-52645 1944.0360107421875
-52635 1949.074951171875
-52625 1955.3170166015625
-52615 1959.7469482421875
-52605 1963.7950439453125
-52595 1969.4840087890625
-52585 1974.7640380859375
-52575 1979.9720458984375
-52565 1986.5389404296875
-52555 1991.5360107421875
-52545 1995.22900390625
-52535 1999.1219482421875
-52525 2002.8580322265625
-52515 2005.675048828125
-52505 2008.8580322265625
-52495 2013.56494140625
-52485 2017.322998046875
-52475 2022.3170166015625
-52465 2026.7669677734375
-52455 2030.4169921875
-52445 2032.8919677734375
-52435 2035.9219970703125
-52425 2039.2659912109375
-52415 2042.741943359375
-52405 2043.946044921875
-52395 2047.7740478515625
-52385 2050.655029296875
-52375 2053.844970703125
-52365 2055.955078125
-52355 2058.093994140625
-52345 2058.58203125
-52335 2061.623046875
-52325 2064.81494140625
-52315 2066.98193359375
-52305 2070.4990234375
-52295 2074.702880859375
-52285 2078.27392578125
-52275 2081.737060546875
-52265 2085.22705078125
-52255 2087.906005859375
-52245 2090.73193359375
-52235 2092.47705078125
-52225 2093.385986328125
-52215 2094.955078125
-52205 2096.64599609375
-52195 2098.22607421875
-52185 2099.944091796875
-52175 2102.01611328125
-52165 2103.70703125
-52155 2105.154052734375
-52145 2106.990966796875
-52135 2109.222900390625
-52125 2112.06396484375
-52115 2114.822998046875
-52105 2117.7880859375
-52095 2120.179931640625
-52085 2121.534912109375
-52075 2122.60107421875
-52065 2123.68310546875
-52055 2126.117919921875
-52045 2128.552978515625
-52035 2130.257080078125
-52025 2131.301025390625
-52015 2132.055908203125
-52005 2132.001953125
-51995 2130.89306640625
-51985 2129.799072265625
-51975 2127.403076171875
-51965 2124.998046875
-51955 2121.85693359375
-51945 2119.01904296875
-51935 2117.219970703125
-51925 2115.486083984375
-51915 2112.552978515625
-51905 2110.64599609375
-51895 2108.885009765625
-51885 2107.830078125
-51875 2107.278076171875
-51865 2106.303955078125
-51855 2105.7900390625
-51845 2105.422119140625
-51835 2104.6669921875
-51825 2103.93701171875
-51815 2103.7880859375
-51805 2103.166015625
-51795 2102.64892578125
-51785 2101.9609375
-51775 2100.822998046875
-51765 2099.242919921875
-51755 2096.903076171875
-51745 2094.532958984375
-51735 2092.77490234375
-51725 2091.05908203125
-51715 2090.490966796875
-51705 2089.666015625
-51695 2088.18896484375
-51685 2086.3359375
-51675 2084.68798828125
-51665 2082.656982421875
-51655 2080.6279296875
-51645 2078.547119140625
-51635 2076.6669921875
-51625 2074.340087890625
-51615 2072.987060546875
-51605 2069.80908203125
-51595 2067.22509765625
-51585 2064.236083984375
-51575 2059.514892578125
-51565 2054.048095703125
-51555 2047.5169677734375
-51545 2047.906982421875
-51535 2049.925048828125
-51525 2050.6279296875
-51515 2049.97900390625
-51505 2048.20703125
-51495 2046.9329833984375
-51485 2044.2139892578125
-51475 2037.885986328125
-51465 2032.635009765625
-51455 2027.633056640625
-51445 2022.6280517578125
-51435 2018.718017578125
-51425 2012.3740234375
-51415 2009.2340087890625
-51405 2008.2760009765625
-51395 2008.6280517578125
-51385 2004.677978515625
-51375 2005.5159912109375
-51365 1999.2540283203125
-51355 1995.6259765625
-51345 1995.2879638671875
-51335 1993.718994140625
-51325 1993.7459716796875
-51315 1991
-51305 1988.0260009765625
-51295 1988.2430419921875
-51285 1988.3919677734375
-51275 1986.10595703125
-51265 1983.114013671875
-51255 1980.97705078125
-51245 1978.5579833984375
-51235 1978.70703125
-51225 1976.8509521484375
-51215 1974.6209716796875
-51205 1969.885009765625
-51195 1970.114990234375
-51185 1969.9549560546875
-51175 1967.75
-51165 1965.7049560546875
-51155 1963.053955078125
-51145 1960.592041015625
-51135 1958.0489501953125
-51125 1954.7349853515625
-51115 1950.9339599609375
-51105 1946.45703125
-51095 1941.01904296875
-51085 1938.0050048828125
-51075 1933.9849853515625
-51065 1928.5069580078125
-51055 1922.125
-51045 1916.68701171875
-51035 1916.3489990234375
-51025 1916.697998046875
-51015 1914.614990234375
-51005 1912.656005859375
-50995 1910.802978515625
-50985 1908.625
-50975 1906.0279541015625
-50965 1903.1739501953125
-50955 1900.2249755859375
-50945 1897.5040283203125
-50935 1896.3809814453125
-50925 1893.8809814453125
-50915 1890.010009765625
-50905 1887.510009765625
-50895 1884.302001953125
-50885 1881.47705078125
-50875 1878.8909912109375
-50865 1877.135009765625
-50855 1875.239013671875
-50845 1871.343994140625
-50835 1867.0570068359375
-50825 1862.511962890625
-50815 1857.02099609375
-50805 1849.9439697265625
-50795 1843.6700439453125
-50785 1837.1500244140625
-50775 1829.5999755859375
-50765 1822.593017578125
-50755 1816.16796875
-50745 1809.7030029296875
-50735 1803.64404296875
-50725 1797.3819580078125
-50715 1790.7259521484375
-50705 1784.9239501953125
-50695 1779.175048828125
-50685 1772.52001953125
-50675 1765.3370361328125
-50665 1757.583984375
-50655 1750.7149658203125
-50645 1747.2900390625
-50635 1748.385986328125
-50625 1744.719970703125
-50615 1738.240966796875
-50605 1729.583984375
-50595 1715.43505859375
-50585 1708.3470458984375
-50575 1721.281005859375
-50565 1729.9110107421875
-50555 1738.824951171875
-50545 1748.280029296875
-50535 1757.530029296875
-50525 1764.634033203125
-50515 1773.0989990234375
-50505 1781.866943359375
-50495 1793.239990234375
-50485 1802.7249755859375
-50475 1811.0439453125
-50465 1818.4969482421875
-50455 1824.5570068359375
-50445 1825.5419921875
-50435 1829.845947265625
-50425 1835.199951171875
-50415 1839.5689697265625
-50405 1843.8570556640625
-50395 1848.18798828125
-50385 1851.7860107421875
-50375 1856.3310546875
-50365 1861.68505859375
-50355 1866.7060546875
-50345 1871.9139404296875
-50335 1876.282958984375
-50325 1880.93603515625
-50315 1885.373046875
-50305 1889.7149658203125
-50295 1894.2979736328125
-50285 1898.2340087890625
-50275 1902.0360107421875
-50265 1905.717041015625
-50255 1908.677001953125
-50245 1911.35498046875
-50235 1914.5770263671875
-50225 1917.9019775390625
-50215 1919.5679931640625
-50205 1920.64794921875
-50195 1924.4649658203125
-50185 1929.508056640625
-50175 1934.3800048828125
-50165 1938.7760009765625
-50155 1943.2669677734375
-50145 1947.2979736328125
-50135 1951.31298828125
-50125 1956.2659912109375
-50115 1958.6739501953125
-50105 1963.2840576171875
-50095 1967.0849609375
-50085 1970.5069580078125
-50075 1973.2530517578125
-50065 1976.0260009765625
-50055 1978.3389892578125
-50045 1980.126953125
-50035 1982.2080078125
-50025 1985.3079833984375
-50015 1988.4730224609375
-50005 1992.5379638671875
-49995 1995.35400390625
-49985 1996.7550048828125
-49975 1997.5240478515625
-49965 1998.4129638671875
-49955 1999.0770263671875
-49945 1999.6949462890625
-49935 2001.3070068359375
-49925 2003.3570556640625
-49915 2005.498046875
-49905 2006.8089599609375
-49895 2007.5780029296875
-49885 2008.0450439453125
-49875 2008.1650390625
-49865 2008.3759765625
-49855 2008.843994140625
-49845 2009.0550537109375
-49835 2009.1300048828125
-49825 2009.5970458984375
-49815 2009.1300048828125
-49805 2007.89404296875
-49795 2006.2659912109375
-49785 2006.0849609375
-49775 2006.7030029296875
-49765 2007.0050048828125
-49755 2007.9539794921875
-49745 2009.0250244140625
-49735 2010.531982421875
-49725 2011.9029541015625
-49715 2013.1090087890625
-49705 2013.72705078125
-49695 2014.947998046875
-49685 2016.8470458984375
-49675 2018.1290283203125
-49665 2018.9580078125
-49655 2020.510009765625
-49645 2021.7459716796875
-49635 2023.448974609375
-49625 2024.865966796875
-49615 2026.448974609375
-49605 2028.3179931640625
-49595 2029.177001953125
-49585 2030.095947265625
-49575 2031.135986328125
-49565 2031.800048828125
-49555 2031.634033203125
-49545 2031.3780517578125
-49535 2031.7239990234375
-49525 2032.0260009765625
-49515 2031.9649658203125
-49505 2031.8900146484375
-49495 2031.9649658203125
-49485 2032.1610107421875
-49475 2032.3570556640625
-49465 2032.447998046875
-49455 2032.7340087890625
-49445 2033.2010498046875
-49435 2033.6839599609375
-49425 2033.637939453125
-49415 2034.1510009765625
-49405 2034.196044921875
-49395 2034.4219970703125
-49385 2034.166015625
-49375 2033.9849853515625
-49365 2034.6939697265625
-49355 2036.125
-49345 2037.27099609375
-49335 2038.114990234375
-49325 2038.657958984375
-49315 2039.0040283203125
-49305 2039.18505859375
-49295 2039.7430419921875
-49285 2040.2550048828125
-49275 2040.3759765625
-49265 2040.5870361328125
-49255 2041.490966796875
-49245 2041.989013671875
-49235 2042.0040283203125
-49225 2041.8680419921875
-49215 2041.5059814453125
-49205 2042.0340576171875
-49195 2041.552001953125
-49185 2040.904052734375
-49175 2040.239990234375
-49165 2040.1500244140625
-49155 2040.7979736328125
-49145 2041.0240478515625
-49135 2040.60205078125
-49125 2040.0439453125
-49115 2040.5570068359375
-49105 2042.8929443359375
-49095 2043.70703125
-49085 2044.7769775390625
-49075 2045.2139892578125
-49065 2044.9429931640625
-49055 2045.3800048828125
-49045 2045.9530029296875
-49035 2044.9730224609375
-49025 2044.446044921875
-49015 2044.0240478515625
-49005 2043.4959716796875
-48995 2042.5469970703125
-48985 2041.280029296875
-48975 2040.5570068359375
-48965 2038.8690185546875
-48955 2035.6729736328125
-48945 2032.823974609375
-48935 2033.427001953125
-48925 2033.7139892578125
-48915 2034.135986328125
-48905 2032.2969970703125
-48895 2031.6190185546875
-48885 2031.0460205078125
-48875 2028.0460205078125
-48865 2027.2330322265625
-48855 2025.6949462890625
-48845 2024.594970703125
-48835 2025.06201171875
-48825 2025.4239501953125
-48815 2021.987060546875
-48805 2021.02294921875
-48795 2019.998046875
-48785 2020.10302734375
-48775 2019.093017578125
-48765 2017.9169921875
-48755 2016.741943359375
-48745 2015.2039794921875
-48735 2015.114013671875
-48725 2015.385009765625
-48715 2014.8280029296875
-48705 2013.2149658203125
-48695 2013.0489501953125
-48685 2013.365966796875
-48675 2013.3050537109375
-48665 2012.822998046875
-48655 2013.0040283203125
-48645 2013.22998046875
-48635 2012.989013671875
-48625 2011.738037109375
-48615 2011.073974609375
-48605 2009.79296875
-48595 2010.7430419921875
-48585 2008.677978515625
-48575 2007.156005859375
-48565 2004.89501953125
-48555 2001.8199462890625
-48545 1997.116943359375
-48535 1991.676025390625
-48525 1984.9840087890625
-48515 1978.18603515625
-48505 1972.217041015625
-48495 1966.594970703125
-48485 1961.5150146484375
-48475 1955.0340576171875
-48465 1950.2860107421875
-48455 1944.875
-48445 1940.4739990234375
-48435 1939.3580322265625
-48425 1933.614990234375
-48415 1928.0389404296875
-48405 1920.637939453125
-48395 1913.85498046875
-48385 1908.2330322265625
-48375 1903.469970703125
-48365 1900.425048828125
-48355 1896.053955078125
-48345 1890.3570556640625
-48335 1882.89599609375
-48325 1875.9169921875
-48315 1868.364990234375
-48305 1860.4820556640625
-48295 1852.2979736328125
-48285 1845
-48275 1837.5260009765625
-48265 1831.2259521484375
-48255 1825.0760498046875
-48245 1817.7359619140625
-48235 1810.5460205078125
-48225 1803.987060546875
-48215 1796.0460205078125
-48205 1789.89599609375
-48195 1786.157958984375
-48185 1779.947998046875
-48175 1773.467041015625
-48165 1766.8199462890625
-48155 1760.1400146484375
-48145 1751.4429931640625
-48135 1744.1629638671875
-48125 1739.7039794921875
-48115 1732.0770263671875
-48105 1724.1009521484375
-48095 1714.7860107421875
-48085 1706.344970703125
-48075 1699.623046875
-48065 1694.512939453125
-48055 1689.406005859375
-48045 1684.0830078125
-48035 1681.2039794921875
-48025 1678.6259765625
-48015 1675.9129638671875
-48005 1676.2149658203125
-47995 1673.56201171875
-47985 1670.594970703125
-47975 1668.406982421875
-47965 1667.2640380859375
-47955 1663.4630126953125
-47945 1659.363037109375
-47935 1653.696044921875
-47925 1647.968017578125
-47915 1642.1650390625
-47905 1635.4010009765625
-47895 1629.56396484375
-47885 1622.135986328125
-47875 1613.10498046875
-47865 1602.27099609375
-47855 1593.012939453125
-47845 1583.487060546875
-47835 1574.6839599609375
-47825 1560.198974609375
-47815 1553.884033203125
-47805 1552.511962890625
-47795 1550.281005859375
-47785 1549.4830322265625
-47775 1548.623046875
-47765 1545.8050537109375
-47755 1544.1319580078125
-47745 1539.2779541015625
-47735 1532.9930419921875
-47725 1527.18994140625
-47715 1521.68798828125
-47705 1515.7039794921875
-47695 1512.343017578125
-47685 1506.676025390625
-47675 1499.5469970703125
-47665 1492.14599609375
-47655 1483.343017578125
-47645 1474.6309814453125
-47635 1468.1650390625
-47625 1465.64794921875
-47615 1464.6529541015625
-47605 1467.6219482421875
-47595 1467.592041015625
-47585 1465.4820556640625
-47575 1461.7740478515625
-47565 1459.22705078125
-47555 1454.85595703125
-47545 1445.43505859375
-47535 1433.54296875
-47525 1424.363037109375
-47515 1415.1240234375
-47505 1405.989990234375
-47495 1397.2840576171875
-47485 1397.18994140625
-47475 1399.136962890625
-47465 1401.47802734375
-47455 1406.9820556640625
-47445 1414.366943359375
-47435 1420.6009521484375
-47425 1427.4820556640625
-47415 1434.6419677734375
-47405 1439.51904296875
-47395 1442.9169921875
-47385 1449.64794921875
-47375 1456.5560302734375
-47365 1463.678955078125
-47355 1471.8790283203125
-47345 1480.7249755859375
-47335 1488.8690185546875
-47325 1498.239013671875
-47315 1508.3480224609375
-47305 1517.053955078125
-47295 1524.4210205078125
-47285 1531.0849609375
-47275 1536.074951171875
-47265 1540.323974609375
-47255 1545.5009765625
-47245 1549.8719482421875
-47235 1553.1949462890625
-47225 1558.333984375
-47215 1561.9010009765625
-47205 1566.6839599609375
-47195 1569.97900390625
-47185 1571.6920166015625
-47175 1574.43505859375
-47165 1578.9090576171875
-47155 1581.969970703125
-47145 1583.4019775390625
-47135 1584.760009765625
-47125 1587.501953125
-47115 1591.134033203125
-47105 1594.0550537109375
-47095 1596.2359619140625
-47085 1596.760009765625
-47075 1598.22900390625
-47065 1599.68994140625
-47055 1600.467041015625
-47045 1600.0360107421875
-47035 1599.634033203125
-47025 1598.6510009765625
-47015 1597.68701171875
-47005 1597.218994140625
-46995 1593.595947265625
-46985 1590.8909912109375
-46975 1590.498046875
-46965 1593.81103515625
-46955 1594.512939453125
-46945 1592.781982421875
-46935 1593.23095703125
-46925 1592.2110595703125
-46915 1589.4959716796875
