-73515 1866.9119873046875
-73505 1870.4439697265625
-73495 1872.614990234375
-73485 1874.406005859375
-73475 1874.406005859375
-73465 1874.406005859375
-73455 1876.4439697265625
-73445 1881.4840087890625
-73435 1881.0689697265625
-73425 1877.8199462890625
-73415 1879.7430419921875
-73405 1881.2349853515625
-73395 1881.3179931640625
-73385 1881.135986328125
-73375 1882.9429931640625
-73365 1888.39599609375
-73355 1891.31396484375
-73345 1891.9930419921875
-73335 1891.3800048828125
-73325 1890.3360595703125
-73315 1887.3349609375
-73305 1884.0360107421875
-73295 1882.06396484375
-73285 1883.092041015625
-73275 1883.5389404296875
-73265 1883.803955078125
-73255 1884.2349853515625
-73245 1885.7110595703125
-73235 1887.8819580078125
-73225 1891.6290283203125
-73215 1894.2149658203125
-73205 1897.31396484375
-73195 1898.7230224609375
-73185 1901.491943359375
-73175 1908.2049560546875
-73165 1913.4930419921875
-73155 1918.083984375
-73145 1922.9090576171875
-73135 1929.175048828125
-73125 1937.2640380859375
-73115 1945.7349853515625
-73105 1954.35498046875
-73095 1959.4429931640625
-73085 1958.748046875
-73075 1958.9630126953125
-73065 1958.9129638671875
-73055 1959.112060546875
-73045 1961.9300537109375
-73035 1961.9630126953125
-73025 1962.9410400390625
-73015 1964.9959716796875
-73005 1968.8759765625
-72995 1971.280029296875
-72985 1972.323974609375
-72975 1970.052978515625
-72965 1966.7540283203125
-72955 1962.5439453125
-72945 1956.8079833984375
-72935 1950.625
-72925 1941.989013671875
-72915 1935.407958984375
-72905 1927.9320068359375
-72895 1920.1070556640625
-72885 1911.0059814453125
-72875 1902.4849853515625
-72865 1896.0880126953125
-72855 1889.8380126953125
-72845 1882.7440185546875
-72835 1879.991943359375
-72825 1880.0250244140625
-72815 1877.5880126953125
-72805 1874.4720458984375
-72795 1873.2779541015625
-72785 1872.2010498046875
-72775 1867.39404296875
-72765 1861.0780029296875
-72755 1855.177001953125
-72745 1850.884033203125
-72735 1847.8170166015625
-72725 1843.6719970703125
-72715 1841.18603515625
-72705 1839.31298828125
-72695 1837.157958984375
-72685 1836.79296875
-72675 1838.5999755859375
-72665 1839.4949951171875
-72655 1841.2850341796875
-72645 1843.0260009765625
-72635 1845.0989990234375
-72625 1847.2530517578125
-72615 1850.2530517578125
-72605 1852.241943359375
-72595 1857.56396484375
-72585 1860.9449462890625
-72575 1864.8740234375
-72565 1869.7139892578125
-72555 1874.7869873046875
-72545 1881.9639892578125
-72535 1888.511962890625
-72525 1895.656982421875
-72515 1903.5140380859375
-72505 1911.8909912109375
-72495 1921.2030029296875
-72485 1932.2049560546875
-72475 1957.531982421875
-72465 1962.0770263671875
-72455 1959.3800048828125
-72445 1962.2950439453125
-72435 1965.7030029296875
-72425 1972.85595703125
-72415 1978.875
-72405 1984.6719970703125
-72395 1988.2320556640625
-72385 1990.8790283203125
-72375 1994.52099609375
-72365 1996.2860107421875
-72355 2000.489990234375
-72345 2003.4720458984375
-72335 2008.0150146484375
-72325 2013.0689697265625
-72315 2013.593994140625
-72305 2013.9840087890625
-72295 2012.3740234375
-72285 2012.18701171875
-72275 2011.8480224609375
-72265 2013.3060302734375
-72255 2014.083984375
-72245 2012.7979736328125
-72235 2011.10205078125
-72225 2008.0830078125
-72215 2003.9150390625
-72205 2002.404052734375
-72195 2000.0670166015625
-72185 1996.0999755859375
-72175 1994.3199462890625
-72165 1990.3699951171875
-72155 1988.553955078125
-72145 1985.9620361328125
-72135 1987.030029296875
-72125 1984.655029296875
-72115 1979.4019775390625
-72105 1975.822998046875
-72095 1974.6199951171875
-72085 1973.262939453125
-72075 1972.14501953125
-72065 1968.3299560546875
-72055 1964.4820556640625
-72045 1961.3310546875
-72035 1960.0240478515625
-72025 1956.4150390625
-72015 1952.5479736328125
-72005 1950.3289794921875
-71995 1944.7840576171875
-71985 1939.4439697265625
-71975 1934.75
-71965 1928.0860595703125
-71955 1916.7960205078125
-71945 1904.3360595703125
-71935 1896.2669677734375
-71925 1887.7740478515625
-71915 1873.77099609375
-71905 1864.66796875
-71895 1857.446044921875
-71885 1849.5460205078125
-71875 1839.866943359375
-71865 1831.9329833984375
-71855 1824.52294921875
-71845 1817.863037109375
-71835 1808.927001953125
-71825 1805.1829833984375
-71815 1801.68994140625
-71805 1797.97802734375
-71795 1793.5030517578125
-71785 1791.0450439453125
-71775 1788.635009765625
-71765 1787.68603515625
-71755 1785.7550048828125
-71745 1783.39697265625
-71735 1781.009033203125
-71725 1779.531982421875
-71715 1777.1929931640625
-71705 1771.9210205078125
-71695 1768.0889892578125
-71685 1764.31103515625
-71675 1759.7340087890625
-71665 1753.8499755859375
-71655 1751.748046875
-71645 1749.27197265625
-71635 1748.7979736328125
-71625 1746.9329833984375
-71615 1745.3570556640625
-71605 1745.967041015625
-71595 1746.425048828125
-71585 1747.2550048828125
-71575 1747.6810302734375
-71565 1748.425048828125
-71555 1750.156005859375
-71545 1752.594970703125
-71535 1754.239990234375
-71525 1756.137939453125
-71515 1759.18994140625
-71505 1763.240966796875
-71495 1766.9539794921875
-71485 1768.4959716796875
-71475 1772.2939453125
-71465 1775.4150390625
-71455 1778.989990234375
-71445 1782.06005859375
-71435 1788.31298828125
-71425 1794.416015625
-71415 1799.7919921875
-71405 1805.79296875
-71395 1810.43798828125
-71385 1812.7919921875
-71375 1813.927978515625
-71365 1814.9959716796875
-71355 1816.7950439453125
-71345 1818.5050048828125
-71335 1819.9990234375
-71325 1822.760009765625
-71315 1825.18603515625
-71305 1827.916015625
-71295 1831.135986328125
-71285 1833.7449951171875
-71275 1835.10302734375
-71265 1835.7139892578125
-71255 1835.3909912109375
-71245 1833.9329833984375
-71235 1834.64599609375
-71225 1836.01904296875
-71215 1838.4940185546875
-71205 1841.6300048828125
-71195 1844.782958984375
-71185 1846.697998046875
-71175 1848.5460205078125
-71165 1852.343994140625
-71155 1857.2769775390625
-71145 1861.4129638671875
-71135 1864.8370361328125
-71125 1868.66796875
-71115 1871.7030029296875
-71105 1875.177978515625
-71095 1879.9759521484375
-71085 1885.51904296875
-71075 1892.113037109375
-71065 1898.2840576171875
-71055 1903.9630126953125
-71045 1908.89599609375
-71035 1913.7950439453125
-71025 1918.4739990234375
-71015 1924.5770263671875
-71005 1930.4420166015625
-70995 1936.2060546875
-70985 1941.9189453125
-70975 1949.5469970703125
-70965 1956.125
-70955 1963.5009765625
-70945 1968.8409423828125
-70935 1972.2969970703125
-70925 1974.60302734375
-70915 1976.5350341796875
-70905 1978.196044921875
-70895 1980.06103515625
-70885 1981.1290283203125
-70875 1980.7559814453125
-70865 1979.8260498046875
-70855 1978.281005859375
-70845 1978.0460205078125
-70835 1975.7550048828125
-70825 1972.60205078125
-70815 1966.990966796875
-70805 1960.887939453125
-70795 1955.3299560546875
-70785 1949.717041015625
-70775 1943.885009765625
-70765 1937.4940185546875
-70755 1931.154052734375
-70745 1925.18701171875
-70735 1919.6610107421875
-70725 1914.35498046875
-70715 1910.5570068359375
-70705 1906.5570068359375
-70695 1902.79296875
-70685 1900.52197265625
-70675 1897.2669677734375
-70665 1893.7919921875
-70655 1888.248046875
-70645 1883.77294921875
-70635 1881.31494140625
-70625 1880.636962890625
-70615 1881.77197265625
-70605 1883.654052734375
-70595 1885.0780029296875
-70585 1884.8919677734375
-70575 1884.1629638671875
-70565 1884.0780029296875
-70555 1884.6710205078125
-70545 1884.926025390625
-70535 1885.248046875
-70525 1885.7049560546875
-70515 1885.4849853515625
-70505 1887.7230224609375
-70495 1891.06201171875
-70485 1893.7750244140625
-70475 1897.1820068359375
-70465 1899.7249755859375
-70455 1902.35205078125
-70445 1905.386962890625
-70435 1906.572998046875
-70425 1905.844970703125
-70415 1904.6240234375
-70405 1903.2509765625
-70395 1901.97900390625
-70385 1900.97900390625
-70375 1899.60595703125
-70365 1897.5550537109375
-70355 1895.5550537109375
-70345 1894.06298828125
-70335 1891.282958984375
-70325 1888.7230224609375
-70315 1886.14599609375
-70305 1883.094970703125
-70295 1879.4840087890625
-70285 1876.126953125
-70275 1873.5679931640625
-70265 1870.7030029296875
-70255 1867.0579833984375
-70245 1862.85400390625
-70235 1858.31103515625
-70225 1852.156982421875
-70215 1846.697998046875
-70205 1841.2740478515625
-70195 1836.0689697265625
-70185 1830.5770263671875
-70175 1826.219970703125
-70165 1821.779052734375
-70155 1818.7779541015625
-70145 1815.7779541015625
-70135 1812.4530029296875
-70125 1808.7259521484375
-70115 1803.301025390625
-70105 1797.740966796875
-70095 1793.0789794921875
-70085 1788.4849853515625
-70075 1783.261962890625
-70065 1777.633056640625
-70055 1774.0400390625
-70045 1769.802001953125
-70035 1765.56298828125
-70025 1759.8509521484375
-70015 1754.6629638671875
-70005 1750.43896484375
-69995 1746.718994140625
-69985 1743.06201171875
-69975 1739.7440185546875
-69965 1734.7860107421875
-69955 1729.4429931640625
-69945 1725.133056640625
-69935 1721.802001953125
-69925 1719.10595703125
-69915 1716.3790283203125
-69905 1712.9239501953125
-69895 1708.5389404296875
-69885 1703.5040283203125
-69875 1697.553955078125
-69865 1692.4100341796875
-69855 1687.4830322265625
-69845 1682.8199462890625
-69835 1678.31298828125
-69825 1673.322021484375
-69815 1668.9840087890625
-69805 1665.2340087890625
-69795 1660.802978515625
-69785 1656.35595703125
-69775 1652.43603515625
-69765 1649.739990234375
-69755 1646.083984375
-69745 1642.3809814453125
-69735 1636.9580078125
-69725 1631.27099609375
-69715 1626.4990234375
-69705 1622.0059814453125
-69695 1616.27294921875
-69685 1609.81298828125
-69675 1602.7320556640625
-69665 1595.5889892578125
-69655 1590.0579833984375
-69645 1585.2550048828125
-69635 1581.133056640625
-69625 1576.02001953125
-69615 1570.364990234375
-69605 1564.8179931640625
-69595 1560.155029296875
-69585 1557.1949462890625
-69575 1554.654052734375
-69565 1551.0909423828125
-69555 1547.5579833984375
-69545 1545.8070068359375
-69535 1544.2889404296875
-69525 1542.5689697265625
-69515 1539.0360107421875
-69505 1535.4730224609375
-69495 1532.1419677734375
-69485 1529.1669921875
-69475 1526.6099853515625
-69465 1524.302001953125
-69455 1522.93798828125
-69445 1521.18798828125
-69435 1520.4749755859375
-69425 1521.405029296875
-69415 1521.9310302734375
-69405 1521.6519775390625
-69395 1521.9000244140625
-69385 1523.1710205078125
-69375 1524.0069580078125
-69365 1524.7359619140625
-69355 1524.656005859375
-69345 1525.5570068359375
-69335 1527.3079833984375
-69325 1528.6090087890625
-69315 1529.5389404296875
-69305 1530.7159423828125
-69295 1532.6219482421875
-69285 1535.4420166015625
-69275 1537.9210205078125
-69265 1541.948974609375
-69255 1545.4200439453125
-69245 1551.802978515625
-69235 1557.0560302734375
-69225 1562.3389892578125
-69215 1566.802001953125
-69205 1572.02294921875
-69195 1576.531982421875
-69185 1581.6290283203125
-69175 1585.843994140625
-69165 1591.4210205078125
-69155 1596.5340576171875
-69145 1602.0040283203125
-69135 1607.68994140625
-69125 1612.012939453125
-69115 1619.093017578125
-69105 1626.7010498046875
-69095 1634.1070556640625
-69085 1641.636962890625
-69075 1649.8330078125
-69065 1656.85205078125
-69055 1663.9169921875
-69045 1670.9820556640625
-69035 1677.7840576171875
-69025 1683.531982421875
-69015 1688.6300048828125
-69005 1695.89599609375
-68995 1703.39599609375
-68985 1712.010009765625
-68975 1720.5340576171875
-68965 1726.56103515625
-68955 1730.0140380859375
-68945 1737.5439453125
-68935 1740.906005859375
-68925 1743.012939453125
-68915 1742.1610107421875
-68905 1746.3780517578125
-68895 1753.301025390625
-68885 1761.2650146484375
-68875 1770.0059814453125
-68865 1778.261962890625
-68855 1785.1739501953125
-68845 1791.572998046875
-68835 1798.2049560546875
-68825 1805.905029296875
-68815 1814.1939697265625
-68805 1820.6090087890625
-68795 1826.218017578125
-68785 1832.322021484375
-68775 1838.302978515625
-68765 1844.282958984375
-68755 1852.2320556640625
-68745 1859.3900146484375
-68735 1863.2939453125
-68725 1865.0760498046875
-68715 1865.137939453125
-68705 1864.5799560546875
-68695 1862.9219970703125
-68685 1860.5679931640625
-68675 1857.7320556640625
-68665 1853.2540283203125
-68655 1850.06298828125
-68645 1846.01904296875
-68635 1841.385986328125
-68625 1837.884033203125
-68615 1834.10400390625
-68605 1830.1219482421875
-68595 1825.178955078125
-68585 1823.490966796875
-68575 1822.5150146484375
-68565 1820.717041015625
-68555 1816.56494140625
-68545 1813.4969482421875
-68535 1810.39794921875
-68525 1808.3070068359375
-68515 1807.0670166015625
-68505 1806.5870361328125
-68495 1803.5350341796875
-68485 1796.2679443359375
-68475 1789.9930419921875
-68465 1783.18896484375
-68455 1776.916015625
-68445 1770.93505859375
-68435 1766.364990234375
-68425 1763.8680419921875
-68415 1761.68603515625
-68405 1760.1650390625
-68395 1757.531005859375
-68385 1755.052001953125
-68375 1751.1009521484375
-68365 1746.1429443359375
-68355 1740.595947265625
-68345 1734.2769775390625
-68335 1727.5810546875
-68325 1721.8509521484375
-68315 1718.0059814453125
-68305 1713.281005859375
-68295 1708.322998046875
-68285 1703.2559814453125
-68275 1699.490966796875
-68265 1696.780029296875
-68255 1695.8499755859375
-68245 1694.8580322265625
-68235 1696.842041015625
-68225 1697.52294921875
-68215 1698.5789794921875
-68205 1700.14404296875
-68195 1700.885009765625
-68185 1702.9930419921875
-68175 1704.324951171875
-68165 1705.967041015625
-68155 1708.10595703125
-68145 1708.6500244140625
-68135 1711.0980224609375
-68125 1713.156982421875
-68115 1715.9449462890625
-68105 1718.0059814453125
-68095 1719.0439453125
-68085 1720.5340576171875
-68075 1724.08203125
-68065 1727.2559814453125
-68055 1728.9599609375
-68045 1730.449951171875
-68035 1733.7039794921875
-68025 1736.738037109375
-68015 1739.6689453125
-68005 1742.613037109375
-67995 1745.553955078125
-67985 1748.343017578125
-67975 1751.4420166015625
-67965 1753.5799560546875
-67955 1754.5560302734375
-67945 1754.2490234375
-67935 1753.876953125
-67925 1752.467041015625
-67915 1750.093994140625
-67905 1747.4599609375
-67895 1745.89501953125
-67885 1742.0860595703125
-67875 1741.4200439453125
-67865 1742.2540283203125
-67855 1740.3349609375
-67845 1740.5030517578125
-67835 1740.657958984375
-67825 1740.427978515625
-67815 1739.6820068359375
-67805 1739.7440185546875
-67795 1738.613037109375
-67785 1740.68896484375
-67775 1743.18603515625
-67765 1743.9739990234375
-67755 1743.9610595703125
-67745 1743.217041015625
-67735 1741.9439697265625
-67725 1741.1719970703125
-67715 1740.2860107421875
-67705 1740.5030517578125
-67695 1740.70703125
-67685 1740.458984375
-67675 1740.5340576171875
-67665 1741.3089599609375
-67655 1742.2230224609375
-67645 1744.3299560546875
-67635 1744.4849853515625
-67625 1746.718994140625
-67615 1749.0250244140625
-67605 1750.343994140625
-67595 1752.2010498046875
-67585 1753.7349853515625
-67575 1755.7049560546875
-67565 1757.220947265625
-67555 1759.593994140625
-67545 1761.886962890625
-67535 1763.885986328125
-67525 1765.946044921875
-67515 1767.60205078125
-67505 1768.5889892578125
-67495 1769.5269775390625
-67485 1770.803955078125
-67475 1771.5830078125
-67465 1771.7149658203125
-67455 1770.467041015625
-67445 1768.615966796875
-67435 1766.134033203125
-67425 1763.0350341796875
-67415 1759.656005859375
-67405 1755.25
-67395 1749.095947265625
-67385 1743.60302734375
-67375 1737.1400146484375
-67365 1730.95703125
-67355 1724.3179931640625
-67345 1717.4000244140625
-67335 1710.5560302734375
-67325 1704.26904296875
-67315 1696.93798828125
-67305 1689.552001953125
-67295 1685.2640380859375
-67285 1677.3909912109375
-67275 1670.885009765625
-67265 1664.7889404296875
-67255 1657.5479736328125
-67245 1651.5679931640625
-67235 1645.1639404296875
-67225 1638.9239501953125
-67215 1632.1090087890625
-67205 1624.7950439453125
-67195 1618.8900146484375
-67185 1612.56005859375
-67175 1605.095947265625
-67165 1597.56396484375
-67155 1589.1920166015625
-67145 1581.2020263671875
-67135 1573.56201171875
-67125 1567.760009765625
-67115 1562.35498046875
-67105 1556.7469482421875
-67095 1550.9599609375
-67085 1545.4959716796875
-67075 1539.6209716796875
-67065 1534.2430419921875
-67055 1528.1500244140625
-67045 1523.843994140625
-67035 1518.4539794921875
-67025 1513.842041015625
-67015 1509.9639892578125
-67005 1506.072021484375
-66995 1502.032958984375
-66985 1497.39404296875
-66975 1492.738037109375
-66965 1488.7869873046875
-66955 1484.89501953125
-66945 1480.5009765625
-66935 1474.260986328125
-66925 1473.376953125
-66915 1470.18994140625
-66905 1466.5179443359375
-66895 1463.3480224609375
-66885 1459.2919921875
-66875 1457.1939697265625
-66865 1451.083984375
-66855 1448.7779541015625
-66845 1445.0009765625
-66835 1440.241943359375
-66825 1436.0860595703125
-66815 1431.946044921875
-66805 1427.9339599609375
-66795 1426.2740478515625
-66785 1425.4219970703125
-66775 1424.8199462890625
-66765 1426.2149658203125
-66755 1428.9029541015625
-66745 1431.6500244140625
-66735 1435.9849853515625
-66725 1440.2149658203125
-66715 1443.093994140625
-66705 1439.7869873046875
-66695 1434.4549560546875
-66685 1429.72802734375
-66675 1425.1429443359375
-66665 1418.594970703125
-66655 1413.217041015625
-66645 1409.8089599609375
-66635 1407.4150390625
-66625 1409.85302734375
-66615 1411.823974609375
-66605 1416.154052734375
-66595 1418.0050048828125
-66585 1415.157958984375
-66575 1414.5679931640625
-66565 1417.343994140625
-66555 1419.2540283203125
-66545 1415.3759765625
-66535 1411.89501953125
-66525 1412.39404296875
-66515 1416.154052734375
-66505 1419.9439697265625
-66495 1421.4129638671875
-66485 1423.9090576171875
-66475 1429.0350341796875
-66465 1434.4410400390625
-66455 1438.362060546875
-66445 1441.0670166015625
-66435 1443.5050048828125
-66425 1446.4840087890625
-66415 1450.552978515625
-66405 1452.800048828125
-66395 1457.280029296875
-66385 1461.303955078125
-66375 1465.2110595703125
-66365 1468.708984375
-66355 1471.969970703125
-66345 1475.43603515625
-66335 1478.4150390625
-66325 1481.31103515625
-66315 1484.615966796875
-66305 1488.2559814453125
-66295 1490.8699951171875
-66285 1493.5460205078125
-66275 1497.0269775390625
-66265 1498.8189697265625
-66255 1500.06494140625
-66245 1503.0050048828125
-66235 1504.2950439453125
-66225 1506.0870361328125
-66215 1508.175048828125
-66205 1509.406005859375
-66195 1511.02197265625
-66185 1512.1700439453125
-66175 1512.593017578125
-66165 1513.416015625
-66155 1514.208984375
-66145 1515.1810302734375
-66135 1516.35595703125
-66125 1515.9420166015625
-66115 1515.85400390625
-66105 1512.81396484375
-66095 1509.302978515625
-66085 1505.822021484375
-66075 1508.175048828125
-66065 1513.3719482421875
-66055 1518.14501953125
-66045 1519.657958984375
-66035 1520.6739501953125
-66025 1521.3790283203125
-66015 1522.656982421875
-66005 1523.3299560546875
-65995 1524.6810302734375
-65985 1525.47705078125
-65975 1526.10595703125
-65965 1527.4449462890625
-65955 1526.635009765625
-65945 1528.6319580078125
-65935 1532.5830078125
-65925 1534.303955078125
-65915 1534.4949951171875
-65905 1534.0250244140625
-65895 1532.8060302734375
-65885 1535.9200439453125
-65875 1538.7960205078125
-65865 1540.64697265625
-65855 1541.10205078125
-65845 1542.2330322265625
-65835 1544.9820556640625
-65825 1547.2440185546875
-65815 1549.16796875
-65805 1551.35400390625
-65795 1553.572021484375
-65785 1555.6429443359375
-65775 1557.33203125
-65765 1559.1529541015625
-65755 1563.1190185546875
-65745 1565.074951171875
-65735 1565.4539794921875
-65725 1566.2030029296875
-65715 1567.14599609375
-65705 1569.3170166015625
-65695 1573.635009765625
-65685 1576.574951171875
-65675 1578.864013671875
-65665 1579.9510498046875
-65655 1580.9229736328125
-65645 1582.91796875
-65635 1584.6949462890625
-65625 1586.06103515625
-65615 1586.8270263671875
-65605 1587.427001953125
-65595 1588.5159912109375
-65585 1588.3399658203125
-65575 1588.70703125
-65565 1588.427978515625
-65555 1588.1319580078125
-65545 1587.85302734375
-65535 1587.7939453125
-65525 1586.7220458984375
-65515 1586.3719482421875
-65505 1586.4749755859375
-65495 1586.10498046875
-65485 1584.885986328125
-65475 1583.373046875
-65465 1582.93505859375
-65455 1582.6240234375
-65445 1581.43701171875
-65435 1580.8759765625
-65425 1580.362060546875
-65415 1578.6729736328125
-65405 1577.4859619140625
-65395 1575.383056640625
-65385 1571.7869873046875
-65375 1569.405029296875
-65365 1565.39794921875
-65355 1560.844970703125
-65345 1557.0970458984375
-65335 1552.5169677734375
-65325 1548.446044921875
-65315 1543.89501953125
-65305 1539.5009765625
-65295 1534.3480224609375
-65285 1529.54296875
-65275 1525.5479736328125
-65265 1521.0560302734375
-65255 1516.7669677734375
-65245 1513.416015625
-65235 1509.8759765625
-65225 1506.012939453125
-65215 1502.2530517578125
-65205 1498.08203125
-65195 1493.79296875
-65185 1490.343994140625
-65175 1486.33203125
-65165 1482.7919921875
-65155 1478.7969970703125
-65145 1475.375
-65135 1471.7760009765625
-65125 1468.1629638671875
-65115 1464.7259521484375
-65105 1461.4949951171875
-65095 1458.45703125
-65085 1455.238037109375
-65075 1452.3740234375
-65065 1449.8060302734375
-65055 1447.0419921875
-65045 1444.487060546875
-65035 1441.9310302734375
-65025 1439.625
-65015 1437.6419677734375
-65005 1435.1199951171875
-64995 1432.365966796875
-64985 1428.5479736328125
-64975 1426.6669921875
-64965 1426.154052734375
-64955 1423.572998046875
-64945 1420.9420166015625
-64935 1418.18505859375
-64925 1416.0770263671875
-64915 1413.0469970703125
-64905 1410.5150146484375
-64895 1407.2340087890625
-64885 1403.803955078125
-64875 1401.072998046875
-64865 1397.281005859375
-64855 1393.239990234375
-64845 1389.68505859375
-64835 1387.0789794921875
-64825 1385.8690185546875
-64815 1385.4820556640625
-64805 1385.1080322265625
-64795 1386.0810546875
-64785 1387.2659912109375
-64775 1388.5
-64765 1389.68505859375
-64755 1389.0240478515625
-64745 1387.72705078125
-64735 1385.14501953125
-64725 1380.26904296875
-64715 1374.3690185546875
-64705 1369.35498046875
-64695 1362.39599609375
-64685 1358.802978515625
-64675 1351.6319580078125
-64665 1347.5030517578125
-64655 1346.1309814453125
-64645 1348.9630126953125
-64635 1351.1719970703125
-64625 1352.7039794921875
-64615 1357.7449951171875
-64605 1358.60400390625
-64595 1356.260009765625
-64585 1355.737060546875
-64575 1352.5689697265625
-64565 1349.824951171875
-64555 1349.3370361328125
-64545 1349.0369873046875
-64535 1352.1800537109375
-64525 1353.2659912109375
-64515 1353.5030517578125
-64505 1354.1639404296875
-64495 1353.864013671875
-64485 1353.22998046875
-64475 1349.7120361328125
-64465 1346.9930419921875
-64455 1344.2099609375
-64445 1342.427978515625
-64435 1339.95703125
-64425 1337.1390380859375
-64415 1334.89404296875
-64405 1333.4090576171875
-64395 1331.7149658203125
-64385 1330.04296875
-64375 1329.2430419921875
-64365 1329.0560302734375
-64355 1329.51904296875
-64345 1329.9429931640625
-64335 1330.0810546875
-64325 1329.6929931640625
-64315 1329.39501953125
-64305 1328.9580078125
-64295 1328.509033203125
-64285 1328.133056640625
-64275 1327.9210205078125
-64265 1327.8480224609375
-64255 1327.5860595703125
-64245 1327.5360107421875
-64235 1326.800048828125
-64225 1326.925048828125
-64215 1326.7860107421875
-64205 1326.9000244140625
-64195 1326.6629638671875
-64185 1328.4090576171875
-64175 1326.875
-64165 1326.074951171875
-64155 1327.0999755859375
-64145 1326.5240478515625
-64135 1326.6510009765625
-64125 1326.125
-64115 1323.89404296875
-64105 1322.2459716796875
-64095 1321.425048828125
-64085 1321.362060546875
-64075 1321.4119873046875
-64065 1321.2750244140625
-64055 1322.31005859375
-64045 1322.5469970703125
-64035 1319.93994140625
-64025 1319.541015625
-64015 1320.4639892578125
-64005 1323.1689453125
-63995 1326.5240478515625
-63985 1330.467041015625
-63975 1334.384033203125
-63965 1337.43896484375
-63955 1337.864013671875
-63945 1338.3480224609375
-63935 1338.9239501953125
-63925 1339.2960205078125
-63915 1339.52197265625
-63905 1340.009033203125
-63895 1340.4560546875
-63885 1341.467041015625
-63875 1343.56298828125
-63865 1343.5250244140625
-63855 1342.501953125
-63845 1342.3900146484375
-63835 1342.876953125
-63825 1343.7760009765625
-63815 1344.7860107421875
-63805 1345.9320068359375
-63795 1347.6300048828125
-63785 1349.7359619140625
-63775 1351.2969970703125
-63765 1350.883056640625
-63755 1350.3489990234375
-63745 1350.18505859375
-63735 1350.5860595703125
-63725 1351.2969970703125
-63715 1353.0179443359375
-63705 1353.72900390625
-63695 1354.3509521484375
-63685 1354.677001953125
-63675 1355.0369873046875
-63665 1355.31298828125
-63655 1356.134033203125
-63645 1357.6929931640625
-63635 1359.9510498046875
-63625 1361.52197265625
-63615 1362.196044921875
-63605 1364.5909423828125
-63595 1367.5340576171875
-63585 1369.9539794921875
-63575 1372.323974609375
-63565 1375.2049560546875
-63555 1378.5970458984375
-63545 1381.7650146484375
-63535 1384.77099609375
-63525 1388.7130126953125
-63515 1391.26904296875
-63505 1393.376953125
-63495 1395.760009765625
-63485 1398.0050048828125
-63475 1399.93798828125
-63465 1401.946044921875
-63455 1403.0059814453125
-63445 1404.5260009765625
-63435 1405.5379638671875
-63425 1406.06201171875
-63415 1406
-63405 1406.498046875
-63395 1407.3590087890625
-63385 1408.843017578125
-63375 1409.5040283203125
-63365 1411.886962890625
-63355 1415.030029296875
-63345 1418.5589599609375
-63335 1422.448974609375
-63325 1427.0660400390625
-63315 1431.5419921875
-63305 1435.6080322265625
-63295 1438.9150390625
-63285 1442.156005859375
-63275 1445.0989990234375
-63265 1448.405029296875
-63255 1450.636962890625
-63245 1451.197998046875
-63235 1448.2550048828125
-63225 1447.4959716796875
-63215 1449.6390380859375
-63205 1452.134033203125
-63195 1458.1209716796875
-63185 1465.7540283203125
-63175 1469.134033203125
-63165 1471.7659912109375
-63155 1474.385009765625
-63145 1476.2679443359375
-63135 1476.7550048828125
-63125 1478.7249755859375
-63115 1480.1219482421875
-63105 1481.5439453125
-63095 1482.4549560546875
-63085 1483.81396484375
-63075 1485.3480224609375
-63065 1487.1319580078125
-63055 1489.1519775390625
-63045 1491.4830322265625
-63035 1493.928955078125
-63025 1496.2740478515625
-63015 1498.8060302734375
-63005 1501.43603515625
-62995 1504.8299560546875
-62985 1508.5970458984375
-62975 1511.22705078125
-62965 1513.4119873046875
-62955 1515.6319580078125
-62945 1518.4749755859375
-62935 1521.7919921875
-62925 1524.3380126953125
-62915 1526.95703125
-62905 1529.7120361328125
-62895 1531.8819580078125
-62885 1534.06494140625
-62875 1536.0369873046875
-62865 1537.843994140625
-62855 1539.85205078125
-62845 1541.4110107421875
-62835 1542.508056640625
-62825 1543.905029296875
-62815 1545.6639404296875
-62805 1547.0860595703125
-62795 1548.345947265625
-62785 1549.1689453125
-62775 1550.5279541015625
-62765 1551.925048828125
-62755 1552.3740234375
-62745 1552.175048828125
-62735 1553.39697265625
-62725 1554.6939697265625
-62715 1556.0159912109375
-62705 1557.363037109375
-62695 1558.43603515625
-62685 1559.3089599609375
-62675 1560.1820068359375
-62665 1560.8800048828125
-62655 1561.5909423828125
-62645 1562.4150390625
-62635 1563.625
-62625 1565.071044921875
-62615 1566.593017578125
-62605 1568.0400390625
-62595 1569.9229736328125
-62585 1571.8809814453125
-62575 1574.239013671875
-62565 1576.27197265625
-62555 1578.22998046875
-62545 1580.4129638671875
-62535 1582.208984375
-62525 1583.7550048828125
-62515 1585.1650390625
-62505 1586.4949951171875
-62495 1587.8570556640625
-62485 1587.719970703125
-62475 1585.5460205078125
-62465 1586.251953125
-62455 1588.93994140625
-62445 1594.0679931640625
-62435 1600.9659423828125
-62425 1605.0579833984375
-62415 1606.9010009765625
-62405 1609.1490478515625
-62395 1610.7640380859375
-62385 1612.717041015625
-62375 1614.6529541015625
-62365 1617.10205078125
-62355 1618.1390380859375
-62345 1619.717041015625
-62335 1622.4229736328125
-62325 1624.863037109375
-62315 1627.9090576171875
-62305 1630.302978515625
-62295 1632.9169921875
-62285 1635.2110595703125
-62275 1636.926025390625
-62265 1639.14599609375
-62255 1642.1739501953125
-62245 1643.238037109375
-62235 1645.916015625
-62225 1647.4580078125
-62215 1648.97998046875
-62205 1650.6500244140625
-62195 1652.989013671875
-62185 1654.76904296875
-62175 1656.301025390625
-62165 1657.8330078125
-62155 1659.7869873046875
-62145 1661.988037109375
-62135 1663.8409423828125
-62125 1665.822998046875
-62115 1667.7490234375
-62105 1669.7490234375
-62095 1671.27197265625
-62085 1672.666015625
-62075 1673.9510498046875
-62065 1675.758056640625
-62055 1677.27099609375
-62045 1678.739013671875
-62035 1678.60205078125
-62025 1679.949951171875
-62015 1683.20703125
-62005 1687.56396484375
-61995 1688.7110595703125
-61985 1689.8759765625
-61975 1689.7469482421875
-61965 1689.3070068359375
-61955 1688.324951171875
-61945 1686.6009521484375
-61935 1685.3719482421875
-61925 1687.041015625
-61915 1690.489990234375
-61905 1699.1689453125
-61895 1706.77294921875
-61885 1712.25
-61875 1716.72705078125
-61865 1721.156982421875
-61855 1727.0279541015625
-61845 1730.9730224609375
-61835 1733.3580322265625
-61825 1731.6519775390625
-61815 1731.8079833984375
-61805 1734.06494140625
-61795 1737.1190185546875
-61785 1740.751953125
-61775 1743.779052734375
-61765 1749.0260009765625
-61755 1755.126953125
-61745 1759.3929443359375
-61735 1762.5760498046875
-61725 1766.7860107421875
-61715 1770.7679443359375
-61705 1775.6390380859375
-61695 1780.5369873046875
-61685 1785.4090576171875
-61675 1788.968017578125
-61665 1791.4169921875
-61655 1793.9219970703125
-61645 1796.7840576171875
-61635 1800.508056640625
-61625 1802.6920166015625
-61615 1804.241943359375
-61605 1808.5989990234375
-61595 1811.6080322265625
-61585 1813.5069580078125
-61575 1817.02099609375
-61565 1819.010986328125
-61555 1820.7540283203125
-61545 1822.93701171875
-61535 1824.8179931640625
-61525 1826.991943359375
-61515 1828.9639892578125
-61505 1831.2490234375
-61495 1833.85400390625
-61485 1836.4129638671875
-61475 1838.321044921875
-61465 1840.6610107421875
-61455 1842.39404296875
-61445 1844.366943359375
-61435 1846.8070068359375
-61425 1849.6600341796875
-61415 1851.779052734375
-61405 1854.0810546875
-61395 1856.5770263671875
-61385 1859.1820068359375
-61375 1862.45703125
-61365 1865.501953125
-61355 1868.5760498046875
-61345 1870.4930419921875
-61335 1871.81396484375
-61325 1873.4010009765625
-61315 1875.4100341796875
-61305 1876.9510498046875
-61295 1877.9969482421875
-61285 1879.1710205078125
-61275 1881.1619873046875
-61265 1882.876953125
-61255 1885.051025390625
-61245 1887.6290283203125
-61235 1890.20703125
-61225 1892.3809814453125
-61215 1893.8299560546875
-61205 1895.050048828125
-61195 1895.407958984375
-61185 1896.114013671875
-61175 1896.5909423828125
-61165 1897.362060546875
-61155 1897.8389892578125
-61145 1897.948974609375
-61135 1898.3800048828125
-61125 1898.81103515625
-61115 1899.2239990234375
-61105 1900.012939453125
-61095 1900.7559814453125
-61085 1901.4990234375
-61075 1902.041015625
-61065 1902.2239990234375
-61055 1902.3709716796875
-61045 1903.260009765625
-61035 1903.0770263671875
-61025 1902.802001953125
-61015 1903.1600341796875
-61005 1903.5269775390625
-60995 1903.865966796875
-60985 1903.884033203125
-60975 1904.1409912109375
-60965 1904.9580078125
-60955 1905.5909423828125
-60945 1905.72802734375
-60935 1905.64599609375
-60925 1905.8570556640625
-60915 1905.782958984375
-60905 1905.6180419921875
-60895 1905.4990234375
-60885 1905.6729736328125
-60875 1905.6820068359375
-60865 1905.0679931640625
-60855 1904.7740478515625
-60845 1904.1600341796875
-60835 1903.718994140625
-60825 1903.5360107421875
-60815 1903.35205078125
-60805 1904.0589599609375
-60795 1904.489990234375
-60785 1903.343017578125
-60775 1901.7740478515625
-60765 1900.6190185546875
-60755 1901.7010498046875
-60745 1902.114013671875
-60735 1902.9759521484375
-60725 1903.241943359375
-60715 1903.4169921875
-60705 1903.9119873046875
-60695 1902.9949951171875
-60685 1904.1409912109375
-60675 1904.553955078125
-60665 1903.93896484375
-60655 1905.8380126953125
-60645 1908.9019775390625
-60635 1909.626953125
-60625 1909.39794921875
-60615 1910.011962890625
-60605 1910.16796875
-60595 1909.6180419921875
-60585 1909.02099609375
-60575 1907.241943359375
-60565 1906.6639404296875
-60555 1907.4439697265625
-60545 1908.95703125
-60535 1909.72802734375
-60525 1910.8289794921875
-60515 1912.498046875
-60505 1913.7919921875
-60495 1915.0389404296875
-60485 1916.25
-60475 1916.6080322265625
-60465 1916.5989990234375
-60455 1914.883056640625
-60445 1916.4339599609375
-60435 1917.0760498046875
-60425 1916.699951171875
-60415 1917.498046875
-60405 1917.718017578125
-60395 1918.387939453125
-60385 1918.9659423828125
-60375 1918.31396484375
-60365 1914.9840087890625
-60355 1916.259033203125
-60345 1918.4239501953125
-60335 1919.77294921875
-60325 1921.4610595703125
-60315 1921.781982421875
-60305 1922.0570068359375
-60295 1923.0660400390625
-60285 1923.23095703125
-60275 1924.3499755859375
-60265 1926.386962890625
-60255 1929.1669921875
-60245 1930.8179931640625
-60235 1931.8909912109375
-60225 1932.18505859375
-60215 1932.093017578125
-60205 1932.3680419921875
-60195 1932.156982421875
-60185 1932.18505859375
-60175 1931.634033203125
-60165 1931.468994140625
-60155 1931.0469970703125
-60145 1930.4320068359375
-60135 1929.2120361328125
-60125 1929.0469970703125
-60115 1929.6800537109375
-60105 1929.634033203125
-60095 1929.8270263671875
-60085 1930.176025390625
-60075 1930.5699462890625
-60065 1930.7080078125
-60055 1932.3499755859375
-60045 1934.2760009765625
-60035 1935.449951171875
-60025 1936.8079833984375
-60015 1938.3310546875
-60005 1939.5760498046875
-59995 1940.5479736328125
-59985 1940.928955078125
-59975 1941.583984375
-59965 1941.7750244140625
-59955 1942.6800537109375
-59945 1943.3349609375
-59935 1944.31201171875
-59925 1945.2060546875
-59915 1946.2060546875
-59905 1946.385009765625
-59895 1946.6109619140625
-59885 1946.06298828125
-59875 1947.06396484375
-59865 1948.1240234375
-59855 1949.863037109375
-59845 1952.7340087890625
-59835 1956.0340576171875
-59825 1958.416015625
-59815 1960.678955078125
-59805 1961.2750244140625
-59795 1962.31103515625
-59785 1963.0379638671875
-59775 1963.656982421875
-59765 1965.074951171875
-59755 1966.074951171875
-59745 1967.2430419921875
-59735 1968.4339599609375
-59725 1969.6729736328125
-59715 1970.636962890625
-59705 1971.614013671875
-59695 1972.8289794921875
-59685 1973.6629638671875
-59675 1973.948974609375
-59665 1973.925048828125
-59655 1973.2340087890625
-59645 1972.531005859375
-59635 1973.0560302734375
-59625 1973.675048828125
-59615 1973.9849853515625
-59605 1974.115966796875
-59595 1973.77001953125
-59585 1969.969970703125
-59575 1966.31298828125
-59565 1964.4189453125
-59555 1964.323974609375
-59545 1964.1099853515625
-59535 1963.3709716796875
-59525 1963.133056640625
-59515 1961.072021484375
-59505 1961.2869873046875
-59495 1962.64501953125
-59485 1963.64501953125
-59475 1965.3489990234375
-59465 1965.9200439453125
-59455 1966.0159912109375
-59445 1966.0159912109375
-59435 1966.3609619140625
-59425 1966.802001953125
-59415 1967.8380126953125
-59405 1968.81494140625
-59395 1969.291015625
-59385 1969.803955078125
-59375 1970.3280029296875
-59365 1971.93603515625
-59355 1972.1259765625
-59345 1975.10400390625
-59335 1979.238037109375
-59325 1981.9420166015625
-59315 1984.0379638671875
-59305 1985.5150146484375
-59295 1986.8260498046875
-59285 1987.1109619140625
-59275 1987.0400390625
-59265 1987.4210205078125
-59255 1988.4339599609375
-59245 1990.5419921875
-59235 1992.7099609375
-59225 1995.092041015625
-59215 1996.7359619140625
-59205 1999.905029296875
-59195 2002.7159423828125
-59185 2005.6219482421875
-59175 2008.3380126953125
-59165 2010.18505859375
-59155 2012.0069580078125
-59145 2013.698974609375
-59135 2015.4620361328125
-59125 2016.35498046875
-59115 2017.0579833984375
-59105 2017.510009765625
-59095 2018.343994140625
-59085 2019.7979736328125
-59075 2022.41796875
-59065 2025.5150146484375
-59055 2028.4219970703125
-59045 2030.458984375
-59035 2033.2220458984375
-59025 2035.866943359375
-59015 2038.7850341796875
-59005 2042.0009765625
-58995 2044.300048828125
-58985 2046.0269775390625
-58975 2048.26708984375
-58965 2049.76806640625
-58955 2050.743896484375
-58945 2051.327880859375
-58935 2052.137939453125
-58925 2053.138916015625
-58915 2053.864990234375
-58905 2054.972900390625
-58895 2056.7958984375
-58885 2058.654052734375
-58875 2060.75
-58865 2062.66796875
-58855 2064.073974609375
-58845 2063.955078125
-58835 2064.323974609375
-58825 2064.847900390625
-58815 2064.717041015625
-58805 2064.610107421875
-58795 2064.39599609375
-58785 2064.156982421875
-58775 2065.157958984375
-58765 2065.657958984375
-58755 2064.847900390625
-58745 2063.27587890625
-58735 2060.5
-58725 2056.9150390625
-58715 2053.376953125
-58705 2049.875
-58695 2046.7060546875
-58685 2044.2049560546875
-58675 2042.4300537109375
-58665 2040.655029296875
-58655 2039.154052734375
-58645 2037.10498046875
-58635 2032.197998046875
-58625 2026.31298828125
-58615 2020.6199951171875
-58605 2015.5450439453125
-58595 2012.0670166015625
-58585 2008.56494140625
-58575 2004.5150146484375
-58565 2000.845947265625
-58555 1995.7359619140625
-58545 1989.7440185546875
-58535 1983.9549560546875
-58525 1978.343994140625
-58515 1972.5909423828125
-58505 1967.3260498046875
-58495 1962.64501953125
-58485 1958.7490234375
-58475 1954.4730224609375
-58465 1950.614013671875
-58455 1947.6829833984375
-58445 1944.8360595703125
-58435 1940.833984375
-58425 1937.3909912109375
-58415 1934.0560302734375
-58405 1928.969970703125
-58395 1922.906982421875
-58385 1921.1080322265625
-58375 1922.883056640625
-58365 1925.2650146484375
-58355 1930.375
-58345 1931.93603515625
-58335 1932.9599609375
-58325 1935.5810546875
-58315 1936.760009765625
-58305 1937.177001953125
-58295 1937.85595703125
-58285 1939.321044921875
-58275 1940.2860107421875
-58265 1941.583984375
-58255 1947.0159912109375
-58245 1949.125
-58235 1951.2449951171875
-58225 1953.614990234375
-58215 1956.18798828125
-58205 1959.344970703125
-58195 1961.89404296875
-58185 1964.9549560546875
-58175 1967.468994140625
-58165 1969.9940185546875
-58155 1971.9599609375
-58145 1974.342041015625
-58135 1976.2960205078125
-58125 1977.427001953125
-58115 1978.666015625
-58105 1980.0240478515625
-58095 1981.4649658203125
-58085 1982.6209716796875
-58075 1983.47802734375
-58065 1984.7049560546875
-58055 1986.56396484375
-58045 1988.779052734375
-58035 1990.958984375
-58025 1992.9720458984375
-58015 1994.85400390625
-58005 1996.60498046875
-57995 1998.821044921875
-57985 2000.7860107421875
-57975 2002.7039794921875
-57965 2004.2879638671875
-57955 2005.97998046875
-57945 2007.23095703125
-57935 2008.0999755859375
-57925 2008.4580078125
-57915 2008.5770263671875
-57905 2009.125
-57895 2008.9219970703125
-57885 2009.375
-57875 2008.7430419921875
-57865 2008.3380126953125
-57855 2007.23095703125
-57845 2006.123046875
-57835 2005.4560546875
-57825 2005.134033203125
-57815 2004.6099853515625
-57805 2003.4310302734375
-57795 2002.1199951171875
-57785 2001.2509765625
-57775 2000.9410400390625
-57765 2000.7979736328125
-57755 2000
-57745 1999.2020263671875
-57735 1998.7139892578125
-57725 1997.843994140625
-57715 1996.7120361328125
-57705 1995.2120361328125
-57695 1993.5439453125
-57685 1991.8399658203125
-57675 1990.18505859375
-57665 1988.4219970703125
-57655 1986.3489990234375
-57645 1984.14501953125
-57635 1981.762939453125
-57625 1979.2850341796875
-57615 1976.02197265625
-57605 1972.114990234375
-57595 1969.1600341796875
-57585 1966.2659912109375
-57575 1963.0849609375
-57565 1960.72705078125
-57555 1958.510986328125
-57545 1955.926025390625
-57535 1955.176025390625
-57525 1955.9739990234375
-57515 1957.2249755859375
-57505 1957.68896484375
-57495 1958.219970703125
-57485 1960.126953125
-57475 1960.4150390625
-57465 1961.761962890625
-57455 1963.093994140625
-57445 1964.6529541015625
-57435 1967.93896484375
-57425 1970.345947265625
-57415 1971.0870361328125
-57405 1973.64599609375
-57395 1975.9169921875
-57385 1977.9449462890625
-57375 1980.4730224609375
-57365 1981.18603515625
-57355 1983.925048828125
-57345 1987.134033203125
-57335 1988.7540283203125
-57325 1989.7530517578125
-57315 1990.677001953125
-57305 1991.676025390625
-57295 1991.20703125
-57285 1990.0560302734375
-57275 1991.14599609375
-57265 1990.7220458984375
-57255 1991.0550537109375
-57245 1993.9010009765625
-57235 1997.156005859375
-57225 2002.1519775390625
-57215 2003.241943359375
-57205 2003.2869873046875
-57195 2005.345947265625
-57185 2006.739013671875
-57175 2008.737060546875
-57165 2012.946044921875
-57155 2017.3509521484375
-57145 2021.135986328125
-57135 2025.64697265625
-57125 2029.509033203125
-57115 2032.5350341796875
-57105 2034.8060302734375
-57095 2037.0159912109375
-57085 2039.5439453125
-57075 2042.375
-57065 2043.5260009765625
-57055 2046.9320068359375
-57045 2049.006103515625
-57035 2051.22998046875
-57025 2052.56396484375
-57015 2054.364990234375
-57005 2056.22705078125
-56995 2058.0439453125
-56985 2060.087890625
-56975 2062.20703125
-56965 2063.797119140625
-56955 2066.263916015625
-56945 2068.5048828125
-56935 2069.3359375
-56925 2068.822998046875
-56915 2072.153076171875
-56905 2077.1640625
-56895 2082.342041015625
-56885 2087.927978515625
-56875 2092.635986328125
-56865 2097.888916015625
-56855 2102.202880859375
-56845 2104.944091796875
-56835 2107.320068359375
-56825 2108.89501953125
-56815 2111.12109375
-56805 2112.845947265625
-56795 2114.282958984375
-56785 2114.76904296875
-56775 2113.949951171875
-56765 2114.375
-56755 2114.99609375
-56745 2115.662109375
-56735 2116.964111328125
-56725 2118.614013671875
-56715 2121.47607421875
-56705 2125.093017578125
-56695 2129.1650390625
-56685 2133.0859375
-56675 2135.7958984375
-56665 2137.64306640625
-56655 2140.2919921875
-56645 2142.987060546875
-56635 2144.7119140625
-56625 2147.679931640625
-56615 2149.875
-56605 2152.826904296875
-56595 2155.779052734375
-56585 2158.760986328125
-56575 2161.486083984375
-56565 2164.7880859375
-56555 2168.64697265625
-56545 2171.947021484375
-56535 2175.7470703125
-56525 2179.364990234375
-56515 2182.6201171875
-56505 2185.31494140625
-56495 2186.14697265625
-56485 2185.406005859375
-56475 2182.22607421875
-56465 2178.215087890625
-56455 2173.508056640625
-56445 2168.47998046875
-56435 2163.697021484375
-56425 2159.60888671875
-56415 2155.614013671875
-56405 2151.64599609375
-56395 2149.072998046875
-56385 2145.01611328125
-56375 2139.9150390625
-56365 2136.175048828125
-56355 2132.405029296875
-56345 2127.924072265625
-56335 2123.943115234375
-56325 2120.4609375
-56315 2116.373046875
-56305 2112.89111328125
-56295 2109.60595703125
-56285 2105.8369140625
-56275 2101.5830078125
-56265 2096.52587890625
-56255 2091.0009765625
-56245 2085.202880859375
-56235 2078.693115234375
-56225 2071.698974609375
-56215 2065.158935546875
-56205 2058.05908203125
-56195 2050.534912109375
-56185 2040.9520263671875
-56175 2034.2459716796875
-56165 2033.156005859375
-56155 2028.68994140625
-56145 2024.8299560546875
-56135 2018.137939453125
-56125 2012.613037109375
-56115 2007.5570068359375
-56105 2004.2120361328125
-56095 1999.7750244140625
-56085 1996.68701171875
-56075 1996.9139404296875
-56065 1995.52099609375
-56055 1992.947998046875
-56045 1991.2230224609375
-56035 1988.9959716796875
-56025 1989.7840576171875
-56015 1989.2239990234375
-56005 1985.9539794921875
-55995 1981.9720458984375
-55985 1978.323974609375
-55975 1973.615966796875
-55965 1966.43994140625
-55955 1972.81298828125
-55945 1980.5040283203125
-55935 1988.406005859375
-55925 1995.916015625
-55915 2003.4539794921875
-55905 2007.677978515625
-55895 2008.8740234375
-55885 2015.822021484375
-55875 2022.302001953125
-55865 2028.281005859375
-55855 2033.822021484375
-55845 2039.6500244140625
-55835 2043.1929931640625
-55825 2046.4169921875
-55815 2051.0029296875
-55805 2055.092041015625
-55795 2058.256103515625
-55785 2063.237060546875
-55775 2067.30908203125
-55765 2071.95703125
-55755 2076.679931640625
-55745 2080.448974609375
-55735 2084.945068359375
-55725 2086.761962890625
-55715 2092.257080078125
-55705 2095.93701171875
-55695 2102.762939453125
-55685 2100.008056640625
-55675 2098.20703125
-55665 2093.256103515625
-55655 2089.6240234375
-55645 2085.73193359375
-55635 2084.23388671875
-55625 2081.85693359375
-55615 2077.906005859375
-55605 2074.60595703125
-55595 2069.822021484375
-55585 2068.23193359375
-55575 2068.051025390625
-55565 2063.2060546875
-55555 2057.22705078125
-55545 2052.366943359375
-55535 2044.70703125
-55525 2035.39599609375
-55515 2033.156005859375
-55505 2038.43896484375
-55495 2044.3280029296875
-55485 2051.06494140625
-55475 2055.60693359375
-55465 2052.06396484375
-55455 2045.9940185546875
-55445 2040.33203125
-55435 2034.9420166015625
-55425 2033.2469482421875
-55415 2028.7049560546875
-55405 2023.072998046875
-55395 2018.001953125
-55385 2015.3380126953125
-55375 2014.7020263671875
-55365 2009.7969970703125
-55355 2010.7659912109375
-55345 2014.6409912109375
-55335 2018.0780029296875
-55325 2021.3179931640625
-55315 2023.708984375
-55305 2022.8310546875
-55295 2019.2889404296875
-55285 2015.56494140625
-55275 2012.5069580078125
-55265 2009.5400390625
-55255 2008.5560302734375
-55245 2009.1309814453125
-55235 2009.176025390625
-55225 2006.9959716796875
-55215 2008.9189453125
-55205 2011.31103515625
-55195 2013.1429443359375
-55185 2015.56494140625
-55175 2018.123046875
-55165 2020.6669921875
-55155 2023.4969482421875
-55145 2024.3599853515625
-55135 2024.677978515625
-55125 2025.8890380859375
-55115 2028.7349853515625
-55105 2031.7779541015625
-55095 2036.8800048828125
-55085 2041.906005859375
-55075 2044.887939453125
-55065 2042.633056640625
-55055 2037.9849853515625
-55045 2030.9150390625
-55035 2021.27197265625
-55025 2013.4300537109375
-55015 2014.551025390625
-55005 2015.0400390625
-54995 2018.9229736328125
-54985 2023.5369873046875
-54975 2026.8199462890625
-54965 2028.0660400390625
-54955 2028.3199462890625
-54945 2027.18798828125
-54935 2022.8289794921875
-54925 2017.6199951171875
-54915 2022.8580322265625
-54905 2028.405029296875
-54895 2033.2320556640625
-54885 2034.844970703125
-54875 2038.114990234375
-54865 2041.4969482421875
-54855 2045.758056640625
-54845 2049.9609375
-54835 2054.363037109375
-54825 2057.675048828125
-54815 2061.52392578125
-54805 2066.39306640625
-54795 2071.489013671875
-54785 2077.544921875
-54775 2084.197998046875
-54765 2090.6669921875
-54755 2096.89404296875
-54745 2101.889892578125
-54735 2106.589111328125
-54725 2111.81201171875
-54715 2115.464111328125
-54705 2118.195068359375
-54695 2121.551025390625
-54685 2121.77587890625
-54675 2119.214111328125
-54665 2118.97412109375
-54655 2119.35498046875
-54645 2120.134033203125
-54635 2120.51611328125
-54625 2119.653076171875
-54615 2119.653076171875
-54605 2119.199951171875
-54595 2118.37890625
-54585 2120.715087890625
-54575 2122.822998046875
-54565 2125.823974609375
-54555 2125.7529296875
-54545 2128.073974609375
-54535 2128.570068359375
-54525 2129.970947265625
-54515 2133.52294921875
-54505 2131.824951171875
-54495 2130.25390625
-54485 2128.527099609375
-54475 2126.81396484375
-54465 2123.87109375
-54455 2121.803955078125
-54445 2120.23291015625
-54435 2117.488037109375
-54425 2115.676025390625
-54415 2113.8359375
-54405 2111.72705078125
-54395 2109.9150390625
-54385 2108.2451171875
-54375 2105.98095703125
-54365 2103.447021484375
-54355 2101.197998046875
-54345 2099.044921875
-54335 2095.64892578125
-54325 2093.48193359375
-54315 2090.7939453125
-54305 2087.991943359375
-54295 2085.555908203125
-54285 2083.617919921875
-54275 2081.947998046875
-54265 2080.135009765625
-54255 2077.77294921875
-54245 2074.743896484375
-54235 2071.758056640625
-54225 2067.48291015625
-54215 2061.43896484375
-54205 2056.074951171875
-54195 2051.3759765625
-54185 2046.2249755859375
-54175 2041.9639892578125
-54165 2038.1710205078125
-54155 2034.237060546875
-54145 2029.2120361328125
-54135 2026.5360107421875
-54125 2023.31103515625
-54115 2020.2530517578125
-54105 2019.3330078125
-54095 2015.97900390625
-54085 2011.676025390625
-54075 2007.2879638671875
-54065 2003.2550048828125
-54055 1997.8480224609375
-54045 1995.81005859375
-54035 1992.5689697265625
-54025 1988.634033203125
-54015 1984.741943359375
-54005 1980.5670166015625
-53995 1976.4339599609375
-53985 1974.8489990234375
-53975 1971.7060546875
-53965 1966.7239990234375
-53955 1964.998046875
-53945 1961.0059814453125
-53935 1957.737060546875
-53925 1954.156005859375
-53915 1949.0179443359375
-53905 1943.6820068359375
-53895 1938.4029541015625
-53885 1933.406982421875
-53875 1929.344970703125
-53865 1925.2550048828125
-53855 1921.56201171875
-53845 1916.791015625
-53835 1914.97900390625
-53825 1913.4639892578125
-53815 1908.8509521484375
-53805 1909.345947265625
-53795 1908.595947265625
-53785 1905.594970703125
-53775 1901.9720458984375
-53765 1898.364013671875
-53755 1894.6259765625
-53745 1891.7530517578125
-53735 1888.2430419921875
-53725 1885.0450439453125
-53715 1881.845947265625
-53705 1877.5570068359375
-53695 1874.925048828125
-53685 1871.1739501953125
-53675 1866.9990234375
-53665 1859.3699951171875
-53655 1852.1939697265625
-53645 1846.1510009765625
-53635 1844.197998046875
-53625 1839.6829833984375
-53615 1834.248046875
-53605 1831.572998046875
-53595 1830.781005859375
-53585 1827.2559814453125
-53575 1827.0439453125
-53565 1825.4019775390625
-53555 1820.2359619140625
-53545 1813.0030517578125
-53535 1803.7750244140625
-53525 1795.1839599609375
-53515 1794.0369873046875
-53505 1793.583984375
-53495 1796.93896484375
-53485 1789.6500244140625
-53475 1777.364990234375
-53465 1766.6080322265625
-53455 1776.3740234375
-53445 1787.541015625
-53435 1797.7879638671875
-53425 1801.637939453125
-53415 1804.6669921875
-53405 1807.4549560546875
-53395 1809.322998046875
-53385 1809.125
-53375 1811.219970703125
-53365 1811.177001953125
-53355 1809.0689697265625
-53345 1806.875
-53335 1802.926025390625
-53325 1796.0469970703125
-53315 1791.5889892578125
-53305 1788.093017578125
-53295 1784.7249755859375
-53285 1780.3800048828125
-53275 1776.9830322265625
-53265 1773.2459716796875
-53255 1768.574951171875
-53245 1764.27294921875
-53235 1760.1820068359375
-53225 1752.5250244140625
-53215 1747.7979736328125
-53205 1743.197998046875
-53195 1738.0179443359375
-53185 1732.5550537109375
-53175 1726.1290283203125
-53165 1718.697998046875
-53155 1713.220947265625
-53145 1703.822998046875
-53135 1695.343994140625
-53125 1688.126953125
-53115 1677.6529541015625
-53105 1667.7030029296875
-53095 1658.8580322265625
-53085 1650.2239990234375
-53075 1641.010009765625
-53065 1629.8289794921875
-53055 1626.375
-53045 1634.0889892578125
-53035 1650.761962890625
-53025 1661.20703125
-53015 1675.4739990234375
-53005 1682.7769775390625
-52995 1690.447998046875
-52985 1696.010009765625
-52975 1701.14794921875
-52965 1706.4129638671875
-52955 1714.1839599609375
-52945 1722.137939453125
-52935 1730.3189697265625
-52925 1737.70703125
-52915 1747.10498046875
-52905 1747.4300537109375
-52895 1754.1109619140625
-52885 1759.5030517578125
-52875 1768.0660400390625
-52865 1772.8499755859375
-52855 1780.9320068359375
-52845 1788.77197265625
-52835 1793.5560302734375
-52825 1799.5860595703125
-52815 1806.095947265625
-52805 1813.301025390625
-52795 1820.56201171875
-52785 1827.7230224609375
-52775 1833.14404296875
-52765 1837.7149658203125
-52755 1840.7159423828125
-52745 1846.3070068359375
-52735 1853.1280517578125
-52725 1860.7149658203125
-52715 1869.2919921875
-52705 1876.5670166015625
-52695 1883.85595703125
-52685 1891.6259765625
-52675 1901.5479736328125
-52665 1909.2340087890625
-52655 1919.70703125
-52645 1924.3060302734375
-52635 1930.1800537109375
-52625 1933.802978515625
-52615 1939.39404296875
-52605 1947.2349853515625
-52595 1954.510009765625
-52585 1961.10498046875
-52575 1966.5260009765625
-52565 1971.5789794921875
-52555 1975.782958984375
-52545 1977.552001953125
-52535 1979.7030029296875
-52525 1983.97802734375
-52515 1988.1810302734375
-52505 1992.928955078125
-52495 1998.3070068359375
-52485 2003.322998046875
-52475 2007.0970458984375
-52465 2010.3050537109375
-52455 2012.916015625
-52445 2015.551025390625
-52435 2018.6510009765625
-52425 2022.489990234375
-52415 2026.0889892578125
-52405 2028.76904296875
-52395 2030.717041015625
-52385 2032.6920166015625
-52375 2034.1929931640625
-52365 2036.9659423828125
-52355 2040.3480224609375
-52345 2043.72705078125
-52335 2046.800048828125
-52325 2050.178955078125
-52315 2053.52099609375
-52305 2056.7529296875
-52295 2056.7529296875
-52285 2054.873046875
-52275 2061.693115234375
-52265 2068.074951171875
-52255 2075.89599609375
-52245 2081.47998046875
-52235 2086.6630859375
-52225 2090.73193359375
-52215 2095.98291015625
-52205 2101.705078125
-52195 2106.89892578125
-52185 2111.470947265625
-52175 2115.716064453125
-52165 2119.678955078125
-52155 2123.617919921875
-52145 2126.172119140625
-52135 2129.175048828125
-52125 2133.31396484375
-52115 2137.847900390625
-52105 2142.1201171875
-52095 2145.89404296875
-52085 2150.114990234375
-52075 2154.134033203125
-52065 2158.85498046875
-52055 2162.25
-52045 2165.888916015625
-52035 2169.676025390625
-52025 2172.89501953125
-52015 2176.318115234375
-52005 2176.47998046875
-51995 2178.576904296875
-51985 2180.18408203125
-51975 2181.404052734375
-51965 2181.822998046875
-51955 2180.98193359375
-51945 2179.239990234375
-51935 2178.791015625
-51925 2178.722900390625
-51915 2177.6298828125
-51905 2176.55908203125
-51895 2175.125
-51885 2173.544921875
-51875 2172.2060546875
-51865 2171.907958984375
-51855 2171.136962890625
-51845 2169.930908203125
-51835 2168.5400390625
-51825 2165.845947265625
-51815 2163.656982421875
-51805 2160.841064453125
-51795 2157.9599609375
-51785 2156.471923828125
-51775 2155
-51765 2152.860107421875
-51755 2150.032958984375
-51745 2146.85400390625
-51735 2144.635986328125
-51725 2141.702880859375
-51715 2140.26708984375
-51705 2140.14501953125
-51695 2140.31005859375
-51685 2140.486083984375
-51675 2140.256103515625
-51665 2140.091064453125
-51655 2139.657958984375
-51645 2138.739990234375
-51635 2137.804931640625
-51625 2136.927978515625
-51615 2136.305908203125
-51605 2136.032958984375
-51595 2136.305908203125
-51585 2136.049072265625
-51575 2135.64306640625
-51565 2133.966064453125
-51555 2134.196044921875
-51545 2135.9140625
-51535 2136.22509765625
-51525 2135.7099609375
-51515 2134.885009765625
-51505 2133.827880859375
-51495 2132.113037109375
-51485 2131.23095703125
-51475 2130.053955078125
-51465 2130.257080078125
-51455 2130.24609375
-51445 2129.972900390625
-51435 2129.716064453125
-51425 2129.22900390625
-51415 2128.447021484375
-51405 2126.75390625
-51395 2124.56494140625
-51385 2122.912109375
-51375 2121.35888671875
-51365 2120.35791015625
-51355 2119.31396484375
-51345 2117.97509765625
-51335 2116.01611328125
-51325 2113.794921875
-51315 2111.4169921875
-51305 2109.033935546875
-51295 2106.6259765625
-51285 2103.31201171875
-51275 2100.3359375
-51265 2097.8359375
-51255 2094.302978515625
-51245 2089.842041015625
-51235 2085.199951171875
-51225 2080.762939453125
-51215 2075.623046875
-51205 2070.56396484375
-51195 2065.614990234375
-51185 2059.905029296875
-51175 2054.60498046875
-51165 2048.677978515625
-51155 2043.18603515625
-51145 2038.345947265625
-51135 2033.3409423828125
-51125 2027.9820556640625
-51115 2022.6929931640625
-51105 2017.864013671875
-51095 2013.051025390625
-51085 2006.5159912109375
-51075 2002.3759765625
-51065 1997.262939453125
-51055 1991.448974609375
-51045 1983.8470458984375
-51035 1975.9610595703125
-51025 1972.60400390625
-51015 1969.1409912109375
-51005 1964.178955078125
-50995 1959.675048828125
-50985 1954.5050048828125
-50975 1950.0159912109375
-50965 1945.9859619140625
-50955 1941.1300048828125
-50945 1935.7459716796875
-50935 1930.0760498046875
-50925 1925.803955078125
-50915 1920.35302734375
-50905 1915.1180419921875
-50895 1909.7320556640625
-50885 1902.5780029296875
-50875 1894.9200439453125
-50865 1889.741943359375
-50855 1884.83203125
-50845 1881.531005859375
-50835 1877.22900390625
-50825 1873.8590087890625
-50815 1869.5439453125
-50805 1865.8380126953125
-50795 1861.822998046875
-50785 1856.5340576171875
-50775 1851.529052734375
-50765 1846.60302734375
-50755 1841.8819580078125
-50745 1836.135009765625
-50735 1830.52197265625
-50725 1822.741943359375
-50715 1813.5870361328125
-50705 1804.3480224609375
-50695 1804.9949951171875
-50685 1808.9200439453125
-50675 1800.70703125
-50665 1791.0379638671875
-50655 1778.093017578125
-50645 1790.4539794921875
-50635 1801.5999755859375
-50625 1811.85302734375
-50615 1819.4549560546875
-50605 1825.5849609375
-50595 1828.8179931640625
-50585 1832.18603515625
-50575 1836.5389404296875
-50565 1839.5579833984375
-50555 1842.112060546875
-50545 1844.4139404296875
-50535 1847.116943359375
-50525 1849.012939453125
-50515 1851.989013671875
-50505 1854.489013671875
-50495 1854.843017578125
-50485 1851.2989501953125
-50475 1851.8919677734375
-50465 1858.197998046875
-50455 1866.571044921875
-50445 1873.7130126953125
-50435 1879.218017578125
-50425 1882.0860595703125
-50415 1885.5350341796875
-50405 1887.14501953125
-50395 1887.3590087890625
-50385 1891.364990234375
-50375 1893.366943359375
-50365 1897.5579833984375
-50355 1900.844970703125
-50345 1906.2850341796875
-50335 1911.0870361328125
-50325 1914.3310546875
-50315 1916.7139892578125
-50305 1920.0279541015625
-50295 1920.7989501953125
-50285 1925.032958984375
-50275 1928.7640380859375
-50265 1927.779052734375
-50255 1926.0880126953125
-50245 1933.041015625
-50235 1941.072998046875
-50225 1950.2060546875
-50215 1958.251953125
-50205 1963.35400390625
-50195 1968.8299560546875
-50185 1974.633056640625
-50175 1980.9229736328125
-50165 1987.6590576171875
-50155 1992.7879638671875
-50145 1997.7230224609375
-50135 2001.428955078125
-50125 2005.2569580078125
-50115 2009.343994140625
-50105 2013.281005859375
-50095 2016.824951171875
-50085 2020.489990234375
-50075 2025.155029296875
-50065 2028.780029296875
-50055 2032.5159912109375
-50045 2036.9659423828125
-50035 2041.64404296875
-50025 2046.2969970703125
-50015 2050.2470703125
-50005 2053.529052734375
-49995 2056.218017578125
-49985 2058.946044921875
-49975 2061.14599609375
-49965 2062.759033203125
-49955 2063.587890625
-49945 2064.281005859375
-49935 2065.366943359375
-49925 2066.85888671875
-49915 2067.822998046875
-49905 2068.89404296875
-49895 2070.748046875
-49885 2073.535888671875
-49875 2076.777099609375
-49865 2079.95703125
-49855 2082.202880859375
-49845 2083.8759765625
-49835 2085.23291015625
-49825 2087.327880859375
-49815 2088.8798828125
-49805 2089.589111328125
-49795 2089.81494140625
-49785 2089.97998046875
-49775 2090.0859375
-49765 2090.41796875
-49755 2090.326904296875
-49745 2090.674072265625
-49735 2090.7041015625
-49725 2091.3369140625
-49715 2091.819091796875
-49705 2092.905029296875
-49695 2095.166015625
-49685 2097.155029296875
-49675 2097.18505859375
-49665 2099.883056640625
-49655 2100.426025390625
-49645 2101.300048828125
-49635 2102.595947265625
-49625 2103.18408203125
-49615 2102.883056640625
-49605 2100.304931640625
-49595 2096.341064453125
-49585 2094.1708984375
-49575 2092.843994140625
-49565 2091.5029296875
-49555 2090.929931640625
-49545 2090.64404296875
-49535 2089.33203125
-49525 2088.443115234375
-49515 2087.885009765625
-49505 2087.041015625
-49495 2086.634033203125
-49485 2085.47412109375
-49475 2083.3330078125
-49465 2083.212890625
-49455 2081.97705078125
-49445 2080.468994140625
-49435 2078.64599609375
-49425 2077.077880859375
-49415 2075.31494140625
-49405 2075.028076171875
-49395 2073.09912109375
-49385 2071.758056640625
-49375 2070.537109375
-49365 2068.6220703125
-49355 2067.4169921875
-49345 2066.196044921875
-49335 2063.965087890625
-49325 2064.945068359375
-49315 2065.3359375
-49305 2065.77392578125
-49295 2065.487060546875
-49285 2063.694091796875
-49275 2063.633056640625
-49265 2064.26611328125
-49255 2063.39208984375
-49245 2062.39697265625
-49235 2061.31201171875
-49225 2060.844970703125
-49215 2059.18701171875
-49205 2056.72998046875
-49195 2055.298095703125
-49185 2052.947021484375
-49175 2051.048095703125
-49165 2051.424072265625
-49155 2050.428955078125
-49145 2048.906982421875
-49135 2048.364990234375
-49125 2046.449951171875
-49115 2042.093994140625
-49105 2038.4620361328125
-49095 2032.7340087890625
-49085 2026.3580322265625
-49075 2021.550048828125
-49065 2021.2340087890625
-49055 2018.7469482421875
-49045 2018.052978515625
-49035 2018.1739501953125
-49025 2018.1739501953125
-49015 2018.14404296875
-49005 2019.60595703125
-48995 2019.7110595703125
-48985 2017.97802734375
-48975 2019.22900390625
-48965 2018.5660400390625
-48955 2017.64599609375
-48945 2014.9630126953125
-48935 2013.697021484375
-48925 2012.3260498046875
-48915 2008.572021484375
-48905 2006.2659912109375
-48895 2003.4630126953125
-48885 2000.2969970703125
-48875 1994.64501953125
-48865 1989.323974609375
-48855 1983.612060546875
-48845 1981.22998046875
-48835 1980.2359619140625
-48825 1978.7130126953125
-48815 1970.875
-48805 1965.2530517578125
-48795 1959.375
-48785 1954.280029296875
-48775 1951.2359619140625
-48765 1947.3470458984375
-48755 1943.9100341796875
-48745 1941.407958984375
-48735 1939.0269775390625
-48725 1937.699951171875
-48715 1936.5849609375
-48705 1935.5150146484375
-48695 1935.8160400390625
-48685 1935.93701171875
-48675 1936.177978515625
-48665 1936.0570068359375
-48655 1935.197998046875
-48645 1932.16796875
-48635 1930.64599609375
-48625 1926.8780517578125
-48615 1923.365966796875
-48605 1922.657958984375
-48595 1923.7130126953125
-48585 1924.43603515625
-48575 1925.324951171875
-48565 1925.385986328125
-48555 1926.531005859375
-48545 1926.364990234375
-48535 1927.0439453125
-48525 1927.239990234375
-48515 1925.35595703125
-48505 1922.552001953125
-48495 1920.1710205078125
-48485 1917.35205078125
-48475 1914.7139892578125
-48465 1912.9510498046875
-48455 1911.5340576171875
-48445 1908.9110107421875
-48435 1905.4439697265625
-48425 1902.5350341796875
-48415 1898.6319580078125
-48405 1896.4759521484375
-48395 1893.0550537109375
-48385 1889.5880126953125
-48375 1885.2919921875
-48365 1880.4239501953125
-48355 1874.5150146484375
-48345 1869.2550048828125
-48335 1863.406005859375
-48325 1857.875
-48315 1852.0570068359375
-48305 1846.072998046875
-48295 1841.0660400390625
-48285 1835.5040283203125
-48275 1831.0450439453125
-48265 1824.06298828125
-48255 1817.239013671875
-48245 1810.241943359375
-48235 1804.2130126953125
-48225 1797.5660400390625
-48215 1792.0670166015625
-48205 1788.491943359375
-48195 1782.9930419921875
-48185 1775.9239501953125
-48175 1768.9449462890625
-48165 1762.2979736328125
-48155 1756.04296875
-48145 1748.053955078125
-48135 1737.4580078125
-48125 1729.3489990234375
-48115 1722.864990234375
-48105 1718.9010009765625
-48095 1715.9639892578125
-48085 1715.3160400390625
-48075 1714.7559814453125
-48065 1711.4849853515625
-48055 1707.5059814453125
-48045 1703.3759765625
-48035 1700.030029296875
-48025 1696.156005859375
-48015 1692.31494140625
-48005 1686.2230224609375
-47995 1680.842041015625
-47985 1676.2149658203125
-47975 1672.6719970703125
-47965 1667.72900390625
-47955 1663.447998046875
-47945 1657.6300048828125
-47935 1651.2540283203125
-47925 1645.0439453125
-47915 1640.52197265625
-47905 1632.7449951171875
-47895 1624.56005859375
-47885 1621.1689453125
-47875 1615.6820068359375
-47865 1609.4119873046875
-47855 1602.9759521484375
-47845 1598.0169677734375
-47835 1590.134033203125
-47825 1581.904052734375
-47815 1574.4429931640625
-47805 1566.9219970703125
-47795 1561.04296875
-47785 1557.6820068359375
-47775 1555.2550048828125
-47765 1559.14404296875
-47755 1558.6920166015625
-47745 1556.35595703125
-47735 1553.4169921875
-47725 1548.35205078125
-47715 1540.93603515625
-47705 1532.5860595703125
-47695 1533.822021484375
-47685 1533.35498046875
-47675 1527.175048828125
-47665 1522.2459716796875
-47655 1522.366943359375
-47645 1522.66796875
-47635 1522.4720458984375
-47625 1522.23095703125
-47615 1522.2760009765625
-47605 1521.7030029296875
-47595 1521.0550537109375
-47585 1519.5030517578125
-47575 1516.56396484375
-47565 1514.7850341796875
-47555 1514.0469970703125
-47545 1509.5400390625
-47535 1504.489990234375
-47525 1499.3809814453125
-47515 1492.6280517578125
-47505 1491.751953125
-47495 1490.0860595703125
-47485 1481.6419677734375
-47475 1475.43603515625
-47465 1473.77001953125
-47455 1469.7640380859375
-47445 1457.594970703125
-47435 1448.01904296875
-47425 1439.22900390625
-47415 1429.2039794921875
-47405 1423.072998046875
-47395 1423.2039794921875
-47385 1424.383056640625
-47375 1427.9959716796875
-47365 1433.0889892578125
-47355 1432.751953125
-47345 1433.2760009765625
-47335 1436.384033203125
-47325 1443.7220458984375
-47315 1452.885986328125
-47305 1459.6070556640625
-47295 1466.7679443359375
-47285 1472.1409912109375
-47275 1476.427978515625
-47265 1479.1710205078125
-47255 1484.178955078125
-47245 1490.47900390625
-47235 1495.3280029296875
-47225 1501.739990234375
-47215 1508.863037109375
-47205 1513.862060546875
-47195 1517.1939697265625
-47185 1519.9090576171875
-47175 1520.9949951171875
-47165 1523.4560546875
-47155 1526.2650146484375
-47145 1528.3800048828125
-47135 1531.18798828125
-47125 1533.60302734375
-47115 1536.4119873046875
-47105 1538.3399658203125
-47095 1540.0059814453125
-47085 1543.47900390625
-47075 1547.4849853515625
-47065 1549.4139404296875
-47055 1554.64599609375
-47045 1558.905029296875
-47035 1563.0889892578125
-47025 1565.89794921875
-47015 1568.8179931640625
-47005 1571.2239990234375
-46995 1574.3599853515625
-46985 1576.5880126953125
-46975 1577.093017578125
-46965 1575.8199462890625
-46955 1576.45703125
-46945 1576.634033203125
-46935 1576.6529541015625
-46925 1574.6409912109375
-46915 1575.2120361328125
-46905 1575.0340576171875
-46895 1578.2440185546875
-46885 1581.6610107421875
-46875 1581.7080078125
-46865 1584.56298828125
-46855 1587.6429443359375
-46845 1589.7110595703125
-46835 1590.9090576171875
-46825 1593.06201171875
