-73535 1752.916015625
-73525 1757.52197265625
-73515 1761.6839599609375
-73505 1762.1650390625
-73495 1762.248046875
-73485 1764.5849609375
-73475 1765.89599609375
-73465 1767.0880126953125
-73455 1768.2149658203125
-73445 1769.3260498046875
-73435 1770.7679443359375
-73425 1770.072021484375
-73415 1766.375
-73405 1763.375
-73395 1759.64501953125
-73385 1756.031005859375
-73375 1752.4510498046875
-73365 1749.864990234375
-73355 1747.8759765625
-73345 1745.637939453125
-73335 1743.052001953125
-73325 1743.16796875
-73315 1743.947021484375
-73305 1744.3280029296875
-73295 1744.6929931640625
-73285 1744.362060546875
-73275 1744.6259765625
-73265 1745.0909423828125
-73255 1746.3179931640625
-73245 1747.39501953125
-73235 1748.7540283203125
-73225 1750.6280517578125
-73215 1752.8160400390625
-73205 1754.85498046875
-73195 1758.6839599609375
-73185 1762.0159912109375
-73175 1766.176025390625
-73165 1770.0889892578125
-73155 1773.2879638671875
-73145 1776.6529541015625
-73135 1781.177001953125
-73125 1784.907958984375
-73115 1792.1190185546875
-73105 1796.9759521484375
-73095 1797.969970703125
-73085 1798.699951171875
-73075 1801.2359619140625
-73065 1806.573974609375
-73055 1810.833984375
-73045 1814.761962890625
-73035 1820.3819580078125
-73025 1827.4439697265625
-73015 1829.1829833984375
-73005 1834.27294921875
-72995 1836.39501953125
-72985 1836.0140380859375
-72975 1830.47802734375
-72965 1826.051025390625
-72955 1822.470947265625
-72945 1820.2159423828125
-72935 1817.81298828125
-72925 1814.5970458984375
-72915 1813.220947265625
-72905 1812.6080322265625
-72895 1812.2760009765625
-72885 1811.4639892578125
-72875 1810.51904296875
-72865 1810.3199462890625
-72855 1809.5240478515625
-72845 1808.08203125
-72835 1806.342041015625
-72825 1804.3179931640625
-72815 1803.1090087890625
-72805 1801.5179443359375
-72795 1799.7939453125
-72785 1799.197021484375
-72775 1798.0870361328125
-72765 1795.7979736328125
-72755 1791.8699951171875
-72745 1788.041015625
-72735 1784.3780517578125
-72725 1781.95703125
-72715 1778.2769775390625
-72705 1775.2769775390625
-72695 1772.22802734375
-72685 1770.4859619140625
-72675 1768.64599609375
-72665 1766.1259765625
-72655 1763.8719482421875
-72645 1761.948974609375
-72635 1761.18701171875
-72625 1760.241943359375
-72615 1760.208984375
-72605 1757.3580322265625
-72595 1753.7939453125
-72585 1752.18603515625
-72575 1751.7879638671875
-72565 1750.7769775390625
-72555 1753.4630126953125
-72545 1757.7889404296875
-72535 1759.446044921875
-72525 1760.5069580078125
-72515 1761.552001953125
-72505 1764.4410400390625
-72495 1767.8709716796875
-72485 1772.7850341796875
-72475 1779.22900390625
-72465 1786.9739990234375
-72455 1794.3310546875
-72445 1800.60595703125
-72435 1806.89501953125
-72425 1812.35302734375
-72415 1817.3370361328125
-72405 1820.5240478515625
-72395 1822.508056640625
-72385 1823.864013671875
-72375 1825.3389892578125
-72365 1826.8480224609375
-72355 1827.5260009765625
-72345 1828.6949462890625
-72335 1830.3060302734375
-72325 1832.0860595703125
-72315 1832.864990234375
-72305 1831.1700439453125
-72295 1827.626953125
-72285 1824.6610107421875
-72275 1821.4229736328125
-72265 1818.488037109375
-72255 1815.0660400390625
-72245 1812.4530029296875
-72235 1809.60498046875
-72225 1806.6910400390625
-72215 1803.759033203125
-72205 1800.469970703125
-72195 1797.758056640625
-72185 1795.656005859375
-72175 1794.8759765625
-72165 1793.739990234375
-72155 1793.875
-72145 1792.5849609375
-72135 1791.3330078125
-72125 1790.093017578125
-72115 1786.95703125
-72105 1784.3299560546875
-72095 1783.2960205078125
-72085 1781.905029296875
-72075 1780.3480224609375
-72065 1778.5679931640625
-72055 1776.6669921875
-72045 1774.531005859375
-72035 1772.717041015625
-72025 1771.56494140625
-72015 1770.4310302734375
-72005 1769.47900390625
-71995 1768.801025390625
-71985 1767.376953125
-71975 1766.64794921875
-71965 1766.4639892578125
-71955 1765.76904296875
-71945 1765.4300537109375
-71935 1764.93603515625
-71925 1763.3599853515625
-71915 1761.47802734375
-71905 1761.0030517578125
-71895 1762.071044921875
-71885 1764.93603515625
-71875 1766.7669677734375
-71865 1767.260986328125
-71855 1768.512939453125
-71845 1769.85205078125
-71835 1770.29296875
-71825 1770.531005859375
-71815 1770.4969482421875
-71805 1769.7020263671875
-71795 1767.376953125
-71785 1764.9530029296875
-71775 1763.93603515625
-71765 1762.5989990234375
-71755 1760.5970458984375
-71745 1757.5980224609375
-71735 1752.4759521484375
-71725 1748.83203125
-71715 1745.220947265625
-71705 1739.8809814453125
-71695 1735.2020263671875
-71685 1729.89599609375
-71675 1726.06494140625
-71665 1723.2850341796875
-71655 1722.3690185546875
-71645 1721.79296875
-71635 1719.9449462890625
-71625 1717.623046875
-71615 1715.06298828125
-71605 1710.095947265625
-71595 1707.4849853515625
-71585 1706.7230224609375
-71575 1705.7220458984375
-71565 1703.4849853515625
-71555 1702.5350341796875
-71545 1700.6710205078125
-71535 1697.449951171875
-71525 1695.416015625
-71515 1692.737060546875
-71505 1690.737060546875
-71495 1689.4139404296875
-71485 1687.718994140625
-71475 1686.2950439453125
-71465 1686.1259765625
-71455 1685.1590576171875
-71445 1683.93896484375
-71435 1681.8370361328125
-71425 1680.615966796875
-71415 1682.531982421875
-71405 1684.93896484375
-71395 1687.66796875
-71385 1692.4320068359375
-71375 1697.720947265625
-71365 1703.06103515625
-71355 1708.41796875
-71345 1713.70703125
-71335 1717.2840576171875
-71325 1720.656982421875
-71315 1723.9969482421875
-71305 1727.675048828125
-71295 1732.405029296875
-71285 1736.677001953125
-71275 1740.2879638671875
-71265 1744.0169677734375
-71255 1747.967041015625
-71245 1752.781982421875
-71235 1756.7139892578125
-71225 1760.2569580078125
-71215 1762.427001953125
-71205 1764.427978515625
-71195 1766.531982421875
-71185 1767.698974609375
-71175 1769.5469970703125
-71165 1770.56396484375
-71155 1771.2430419921875
-71145 1772.989013671875
-71135 1774.7349853515625
-71125 1777.5830078125
-71115 1781.04296875
-71105 1785.2979736328125
-71095 1787.583984375
-71085 1788.68603515625
-71075 1790.906982421875
-71065 1792.5169677734375
-71055 1792.7740478515625
-71045 1792.873046875
-71035 1791.4320068359375
-71025 1790.7220458984375
-71015 1790.738037109375
-71005 1790.97705078125
-70995 1788.68603515625
-70985 1786.77294921875
-70975 1783.7869873046875
-70965 1781.7550048828125
-70955 1782.467041015625
-70945 1784.31298828125
-70935 1787.95703125
-70925 1792.095947265625
-70915 1792.823974609375
-70905 1797.0789794921875
-70895 1801.927978515625
-70885 1806.9630126953125
-70875 1811.489013671875
-70865 1816.16796875
-70855 1820.0159912109375
-70845 1822.7449951171875
-70835 1824.573974609375
-70825 1825.2879638671875
-70815 1824.948974609375
-70805 1823.72802734375
-70795 1820.8800048828125
-70785 1817.114990234375
-70775 1812.5570068359375
-70765 1807.113037109375
-70755 1800.5889892578125
-70745 1796.1280517578125
-70735 1790.5870361328125
-70725 1784.958984375
-70715 1779.31396484375
-70705 1774.0059814453125
-70695 1768.260986328125
-70685 1763.833984375
-70675 1759.7509765625
-70665 1756.6639404296875
-70655 1754.2060546875
-70645 1750.9339599609375
-70635 1747.54296875
-70625 1743.0849609375
-70615 1739.510009765625
-70605 1736.574951171875
-70595 1735.116943359375
-70585 1733.81201171875
-70575 1732.676025390625
-70565 1731.7779541015625
-70555 1731.81201171875
-70545 1732.0999755859375
-70535 1732.6090087890625
-70525 1733.303955078125
-70515 1734.9139404296875
-70505 1736.9139404296875
-70495 1738.2869873046875
-70485 1739.677978515625
-70475 1741.135009765625
-70465 1741.948974609375
-70455 1742.8310546875
-70445 1742.677978515625
-70435 1742.3050537109375
-70425 1741.9659423828125
-70415 1741.7459716796875
-70405 1741.322021484375
-70395 1741.6290283203125
-70385 1742.5589599609375
-70375 1743.406982421875
-70365 1744.5770263671875
-70355 1744.509033203125
-70345 1747.4930419921875
-70335 1751.5269775390625
-70325 1755.4090576171875
-70315 1757.91796875
-70305 1760.7320556640625
-70295 1765.02099609375
-70285 1768.6829833984375
-70275 1771.904052734375
-70265 1775.0419921875
-70255 1775.157958984375
-70245 1774.7349853515625
-70235 1773.7509765625
-70225 1772.717041015625
-70215 1771.904052734375
-70205 1770.4969482421875
-70195 1767.4110107421875
-70185 1764.7669677734375
-70175 1760.7490234375
-70165 1757.2760009765625
-70155 1752.1710205078125
-70145 1747.54296875
-70135 1742.81396484375
-70125 1737.6259765625
-70115 1732.405029296875
-70105 1727.998046875
-70095 1722.572998046875
-70085 1716.9959716796875
-70075 1711.70703125
-70065 1709.095947265625
-70055 1702.0439453125
-70045 1695.6700439453125
-70035 1690.008056640625
-70025 1685.1929931640625
-70015 1680.362060546875
-70005 1676.239013671875
-69995 1674.0970458984375
-69985 1671.1839599609375
-69975 1668.81298828125
-69965 1667.72900390625
-69955 1667.4959716796875
-69945 1667.2640380859375
-69935 1667.0469970703125
-69925 1666.364990234375
-69915 1664.458984375
-69905 1661.9959716796875
-69895 1661.251953125
-69885 1661.5159912109375
-69875 1660.6009521484375
-69865 1660.89599609375
-69855 1660.8800048828125
-69845 1660.9730224609375
-69835 1658.865966796875
-69825 1655.426025390625
-69815 1652.9630126953125
-69805 1650.2669677734375
-69795 1648.2989501953125
-69785 1645.572021484375
-69775 1644.2239990234375
-69765 1640.1810302734375
-69755 1635.718017578125
-69745 1632.666015625
-69735 1629.5830078125
-69725 1625.1820068359375
-69715 1620.81298828125
-69705 1616.5369873046875
-69695 1611.9969482421875
-69685 1605.845947265625
-69675 1602.31298828125
-69665 1597.0460205078125
-69655 1591.2659912109375
-69645 1586.4169921875
-69635 1580.8699951171875
-69625 1575.06005859375
-69615 1569.6829833984375
-69605 1564.16796875
-69595 1557.3189697265625
-69585 1552.4539794921875
-69575 1547.7750244140625
-69565 1543.2509765625
-69555 1539.4239501953125
-69545 1535.6280517578125
-69535 1532.7459716796875
-69525 1529.988037109375
-69515 1528.113037109375
-69505 1525.385986328125
-69495 1523.6510009765625
-69485 1521.1259765625
-69475 1519.791015625
-69465 1517.5469970703125
-69455 1515.5789794921875
-69445 1513.3480224609375
-69435 1511.364990234375
-69425 1509.552001953125
-69415 1507.4139404296875
-69405 1504.637939453125
-69395 1502.998046875
-69385 1500.612060546875
-69375 1499.3260498046875
-69365 1498.239013671875
-69355 1498.114990234375
-69345 1498.427001953125
-69335 1499.4320068359375
-69325 1499.449951171875
-69315 1499.4630126953125
-69305 1496.8909912109375
-69295 1495.8709716796875
-69285 1495.8089599609375
-69275 1493.760986328125
-69265 1491.157958984375
-69255 1490.1510009765625
-69245 1489.7039794921875
-69235 1489.56494140625
-69225 1493.06396484375
-69215 1494.615966796875
-69205 1502.594970703125
-69195 1509.2550048828125
-69185 1514.2750244140625
-69175 1520.489990234375
-69165 1524.053955078125
-69155 1526.656982421875
-69145 1529.47705078125
-69135 1532.4959716796875
-69125 1535.0860595703125
-69115 1539.9820556640625
-69105 1544.0260009765625
-69095 1549.23095703125
-69085 1555.6610107421875
-69075 1563.0830078125
-69065 1568.22705078125
-69055 1573.60302734375
-69045 1578.8709716796875
-69035 1582.9620361328125
-69025 1586.47900390625
-69015 1589.9339599609375
-69005 1593.5589599609375
-68995 1597.9129638671875
-68985 1602.654052734375
-68975 1608.217041015625
-68965 1612.5860595703125
-68955 1619.18603515625
-68945 1624.2989501953125
-68935 1630.4969482421875
-68925 1637.0660400390625
-68915 1643.511962890625
-68905 1649.3060302734375
-68895 1656.7120361328125
-68885 1663.43701171875
-68875 1670.2080078125
-68865 1676.7919921875
-68855 1682.29296875
-68845 1685.43798828125
-68835 1686.4759521484375
-68825 1687.1290283203125
-68815 1686.3990478515625
-68805 1688.241943359375
-68795 1691.9150390625
-68785 1695.5870361328125
-68775 1699.10400390625
-68765 1701.0579833984375
-68755 1703.178955078125
-68745 1704.324951171875
-68735 1705.2569580078125
-68725 1706.6490478515625
-68715 1707.625
-68705 1708.7120361328125
-68695 1710.166015625
-68685 1709.083984375
-68675 1708.8050537109375
-68665 1707.0989990234375
-68655 1706.0909423828125
-68645 1705.1949462890625
-68635 1704.866943359375
-68625 1704.4029541015625
-68615 1703.6739501953125
-68605 1703.27099609375
-68595 1701.76904296875
-68585 1699.7080078125
-68575 1696.3609619140625
-68565 1693.7760009765625
-68555 1693.7139892578125
-68545 1692.365966796875
-68535 1691.3260498046875
-68525 1690.7989501953125
-68515 1690.133056640625
-68505 1688.2889404296875
-68495 1687.06494140625
-68485 1686.89501953125
-68475 1686.3680419921875
-68465 1685.91796875
-68455 1685.5780029296875
-68445 1685.1280517578125
-68435 1684.8489990234375
-68425 1684.7120361328125
-68415 1684.322998046875
-68405 1683.593994140625
-68395 1682.4630126953125
-68385 1681.0999755859375
-68375 1678.9150390625
-68365 1675.7540283203125
-68355 1672.8260498046875
-68345 1670.7030029296875
-68335 1669.4329833984375
-68325 1669.2159423828125
-68315 1667.72900390625
-68305 1665.9930419921875
-68295 1664.8780517578125
-68285 1664.64501953125
-68275 1664.614013671875
-68265 1663.4210205078125
-68255 1662.3680419921875
-68245 1660.8800048828125
-68235 1659.7650146484375
-68225 1658.8349609375
-68215 1657.843994140625
-68205 1656.2320556640625
-68195 1655.0240478515625
-68185 1653.6600341796875
-68175 1652.7459716796875
-68165 1650.31298828125
-68155 1650.0970458984375
-68145 1647.802978515625
-68135 1645.9749755859375
-68125 1644.177978515625
-68115 1642.39599609375
-68105 1640.5059814453125
-68095 1638.553955078125
-68085 1636.927001953125
-68075 1634.8349609375
-68065 1632.883056640625
-68055 1630.884033203125
-68045 1628.97802734375
-68035 1626.9329833984375
-68025 1624.7490234375
-68015 1622.1920166015625
-68005 1620.4720458984375
-67995 1618.844970703125
-67985 1614.4139404296875
-67975 1609.1929931640625
-67965 1605.64501953125
-67955 1606.573974609375
-67945 1609.39404296875
-67935 1610.758056640625
-67925 1611.7490234375
-67915 1612.7869873046875
-67905 1613.6240234375
-67895 1615.157958984375
-67885 1617.8070068359375
-67875 1620.3330078125
-67865 1620.626953125
-67855 1620.8599853515625
-67845 1621.092041015625
-67835 1623.47802734375
-67825 1626.5150146484375
-67815 1627.739013671875
-67805 1630.404052734375
-67795 1630.7449951171875
-67785 1631.612060546875
-67775 1633.33203125
-67765 1635.625
-67755 1637.468994140625
-67745 1638.64697265625
-67735 1639.9949951171875
-67725 1641.7139892578125
-67715 1644.6739501953125
-67705 1647.833984375
-67695 1650.4530029296875
-67685 1652.5760498046875
-67675 1653.9849853515625
-67665 1655.2249755859375
-67655 1657.5489501953125
-67645 1658.958984375
-67635 1660.89599609375
-67625 1661.9649658203125
-67615 1663.699951171875
-67605 1666.427001953125
-67595 1669.0150146484375
-67585 1672.4539794921875
-67575 1675.3360595703125
-67565 1678.093994140625
-67555 1680.47998046875
-67545 1682.4320068359375
-67535 1684.6319580078125
-67525 1685.8740234375
-67515 1687.06494140625
-67505 1688.779052734375
-67495 1690.3310546875
-67485 1691.81201171875
-67475 1693.9000244140625
-67465 1696.614990234375
-67455 1700.1280517578125
-67445 1702.1689453125
-67435 1703.9610595703125
-67425 1704.2989501953125
-67415 1703.9439697265625
-67405 1703.447021484375
-67395 1702.7249755859375
-67385 1702.489990234375
-67375 1700.9940185546875
-67365 1699.614013671875
-67355 1698.9969482421875
-67345 1699.68701171875
-67335 1699.7750244140625
-67325 1698.791015625
-67315 1697.1729736328125
-67305 1695.237060546875
-67295 1693.6920166015625
-67285 1691.31494140625
-67275 1688.4510498046875
-67265 1684.5150146484375
-67255 1680.093994140625
-67245 1675.9200439453125
-67235 1671.81005859375
-67225 1667.241943359375
-67215 1661.68994140625
-67205 1655.416015625
-67195 1651.7440185546875
-67185 1647.135009765625
-67175 1642.7430419921875
-67165 1637.3819580078125
-67155 1632.0799560546875
-67145 1626.9100341796875
-67135 1621.8570556640625
-67125 1615.8060302734375
-67115 1610.239013671875
-67105 1604.43798828125
-67095 1597.9019775390625
-67085 1591.7449951171875
-67075 1586.093017578125
-67065 1581.155029296875
-67055 1576.6610107421875
-67045 1572.491943359375
-67035 1567.5250244140625
-67025 1563.31201171875
-67015 1559.009033203125
-67005 1555.0579833984375
-66995 1551.2509765625
-66985 1547.8289794921875
-66975 1543.718994140625
-66965 1540.4410400390625
-66955 1537.2860107421875
-66945 1534.2159423828125
-66935 1529.762939453125
-66925 1525.197998046875
-66915 1520.2919921875
-66905 1516.1920166015625
-66895 1512.302001953125
-66885 1507.9229736328125
-66875 1504.677001953125
-66865 1500.3170166015625
-66855 1496.512939453125
-66845 1492.0770263671875
-66835 1488.655029296875
-66825 1483.5849609375
-66815 1479.5899658203125
-66805 1476.1409912109375
-66795 1472.1729736328125
-66785 1468.531005859375
-66775 1465.5660400390625
-66765 1463.4949951171875
-66755 1459.6300048828125
-66745 1456.7239990234375
-66735 1453.625
-66725 1449.5689697265625
-66715 1444.9739990234375
-66705 1440.5360107421875
-66695 1437.363037109375
-66685 1432.9739990234375
-66675 1427.3900146484375
-66665 1423.7039794921875
-66655 1421.738037109375
-66645 1420.9429931640625
-66635 1420.7659912109375
-66625 1418.885986328125
-66615 1415.8900146484375
-66605 1415.552001953125
-66595 1414.9649658203125
-66585 1412.511962890625
-66575 1409.8089599609375
-66565 1406.9599609375
-66555 1404.9329833984375
-66545 1402.3330078125
-66535 1402.7449951171875
-66525 1402.406982421875
-66515 1400.0419921875
-66505 1396.343017578125
-66495 1394.06396484375
-66485 1391.509033203125
-66475 1389.4229736328125
-66465 1388.9820556640625
-66455 1387.322998046875
-66445 1385.7509765625
-66435 1384.6490478515625
-66425 1383.56298828125
-66415 1382.387939453125
-66405 1387.6600341796875
-66395 1392.4339599609375
-66385 1391.9339599609375
-66375 1391.8170166015625
-66365 1392.052001953125
-66355 1392.594970703125
-66345 1393.094970703125
-66335 1396.3260498046875
-66325 1399.468994140625
-66315 1400.967041015625
-66305 1401.9510498046875
-66295 1402.0860595703125
-66285 1403.199951171875
-66275 1405.31494140625
-66265 1408.0469970703125
-66255 1410.79296875
-66245 1413.3929443359375
-66235 1415.1700439453125
-66225 1416.447998046875
-66215 1418.7979736328125
-66205 1420.884033203125
-66195 1422.0439453125
-66185 1422.89599609375
-66175 1422.35498046875
-66165 1422.779052734375
-66155 1422.0150146484375
-66145 1423.9830322265625
-66135 1426.552978515625
-66125 1428.56494140625
-66115 1427.9949951171875
-66105 1429.373046875
-66095 1431.0059814453125
-66085 1432.1929931640625
-66075 1432.5460205078125
-66065 1433.220947265625
-66055 1434.7779541015625
-66045 1435.9969482421875
-66035 1436.6290283203125
-66025 1436.291015625
-66015 1434.9110107421875
-66005 1434.4549560546875
-65995 1433.969970703125
-65985 1435.0570068359375
-65975 1434.2960205078125
-65965 1434.5140380859375
-65955 1434.677978515625
-65945 1435.89697265625
-65935 1437.7159423828125
-65925 1441.197021484375
-65915 1441.8280029296875
-65905 1437.39501953125
-65895 1431.2239990234375
-65885 1428.18603515625
-65875 1423.322021484375
-65865 1423.573974609375
-65855 1432.10498046875
-65845 1439.875
-65835 1447.89404296875
-65825 1452.3299560546875
-65815 1453.81298828125
-65805 1454.4620361328125
-65795 1455.884033203125
-65785 1456.384033203125
-65775 1458.177978515625
-65765 1459.073974609375
-65755 1459.7030029296875
-65745 1459.7469482421875
-65735 1460.2320556640625
-65725 1460.6429443359375
-65715 1459.9530029296875
-65705 1455.428955078125
-65695 1448.7779541015625
-65685 1441.72802734375
-65675 1433.7650146484375
-65665 1435.0889892578125
-65655 1441.155029296875
-65645 1444.782958984375
-65635 1448.5550537109375
-65625 1451.095947265625
-65615 1451.4339599609375
-65605 1450.3330078125
-65595 1448.93701171875
-65585 1447.6739501953125
-65575 1446.7340087890625
-65565 1445.0009765625
-65555 1443.4169921875
-65545 1443.9429931640625
-65535 1443.5050048828125
-65525 1442.990966796875
-65515 1442.7559814453125
-65505 1442.990966796875
-65495 1442.842041015625
-65485 1441.8160400390625
-65475 1439.3609619140625
-65465 1439.4339599609375
-65455 1436.43798828125
-65445 1436.1300048828125
-65435 1435.322021484375
-65425 1434.5140380859375
-65415 1432.3990478515625
-65405 1430.136962890625
-65395 1428.22998046875
-65385 1424.6729736328125
-65375 1423.615966796875
-65365 1421.2679443359375
-65355 1415.448974609375
-65345 1410.85205078125
-65335 1413.43701171875
-65325 1412.071044921875
-65315 1405.593994140625
-65305 1401.4959716796875
-65295 1404.3310546875
-65285 1401.4959716796875
-65275 1395.885009765625
-65265 1390.010009765625
-65255 1390.1429443359375
-65245 1387.4990234375
-65235 1384.884033203125
-65225 1384.3260498046875
-65215 1381.1240234375
-65205 1378.6419677734375
-65195 1376.14501953125
-65185 1373.7509765625
-65175 1369.6240234375
-65165 1366.0550537109375
-65155 1362.926025390625
-65145 1360.7530517578125
-65135 1359.4749755859375
-65125 1357.72705078125
-65115 1356.02294921875
-65105 1354.18701171875
-65095 1352.9830322265625
-65085 1351.572998046875
-65075 1350.5889892578125
-65065 1350.0889892578125
-65055 1349.60498046875
-65045 1348.9139404296875
-65035 1347.9739990234375
-65025 1346.3289794921875
-65015 1344.0679931640625
-65005 1341.6829833984375
-64995 1340.0699462890625
-64985 1338.8609619140625
-64975 1337.7760009765625
-64965 1336.2550048828125
-64955 1334.532958984375
-64945 1333.6600341796875
-64935 1332.4749755859375
-64925 1330.4029541015625
-64915 1328.133056640625
-64905 1326.06396484375
-64895 1324.279052734375
-64885 1323.0340576171875
-64875 1320.8260498046875
-64865 1319.8909912109375
-64855 1321.487060546875
-64845 1324.2679443359375
-64835 1324.541015625
-64825 1323.2960205078125
-64815 1321.7490234375
-64805 1320.31494140625
-64795 1318.781005859375
-64785 1317.532958984375
-64775 1315.262939453125
-64765 1313.10498046875
-64755 1311.2099609375
-64745 1311.2099609375
-64735 1309.551025390625
-64725 1308.166015625
-64715 1308.3409423828125
-64705 1309.9749755859375
-64695 1307.7049560546875
-64685 1308.303955078125
-64675 1306.2960205078125
-64665 1307.35595703125
-64655 1308.9019775390625
-64645 1310.0870361328125
-64635 1310.3740234375
-64625 1310.3489990234375
-64615 1310.074951171875
-64605 1309.6510009765625
-64595 1309.4510498046875
-64585 1309.1519775390625
-64575 1309.001953125
-64565 1308.81494140625
-64555 1308.60302734375
-64545 1308.490966796875
-64535 1308.279052734375
-64525 1307.741943359375
-64515 1307.4549560546875
-64505 1306.8570556640625
-64495 1304.7490234375
-64485 1300.508056640625
-64475 1296.5169677734375
-64465 1292.5009765625
-64455 1291.5279541015625
-64445 1292.925048828125
-64435 1294.2969970703125
-64425 1296.0560302734375
-64415 1299.073974609375
-64405 1299.2110595703125
-64395 1299.4849853515625
-64385 1300.134033203125
-64375 1300.2340087890625
-64365 1300.969970703125
-64355 1302.5660400390625
-64345 1303.5269775390625
-64335 1305.2349853515625
-64325 1306.27099609375
-64315 1307.5550537109375
-64305 1309.7249755859375
-64295 1311.946044921875
-64285 1314.8270263671875
-64275 1317.9820556640625
-64265 1321.0379638671875
-64255 1321.8360595703125
-64245 1324.031005859375
-64235 1324.66796875
-64225 1325.303955078125
-64215 1325.887939453125
-64205 1326.2760009765625
-64195 1326.887939453125
-64185 1327.7860107421875
-64175 1328.2969970703125
-64165 1328.9329833984375
-64155 1329.7559814453125
-64145 1329.97900390625
-64135 1330.5899658203125
-64125 1331.364990234375
-64115 1332.31298828125
-64105 1333.3489990234375
-64095 1334.4339599609375
-64085 1335.60400390625
-64075 1337.0009765625
-64065 1338.7860107421875
-64055 1340.009033203125
-64045 1341.0179443359375
-64035 1342.2020263671875
-64025 1343.56298828125
-64015 1345.02099609375
-64005 1346.343017578125
-63995 1347.93994140625
-63985 1349.613037109375
-63975 1351.2469482421875
-63965 1352.8800048828125
-63955 1355.0760498046875
-63945 1357.345947265625
-63935 1358.5159912109375
-63925 1359.7640380859375
-63915 1361.4969482421875
-63905 1363.60498046875
-63895 1365.5889892578125
-63885 1367.2349853515625
-63875 1368.9189453125
-63865 1371.0889892578125
-63855 1373.907958984375
-63845 1376.8759765625
-63835 1380.6800537109375
-63825 1384.9329833984375
-63815 1389.2989501953125
-63805 1392.8909912109375
-63795 1395.14794921875
-63785 1396.0460205078125
-63775 1398.2540283203125
-63765 1399.06298828125
-63755 1399.1650390625
-63745 1400.8590087890625
-63735 1403.093017578125
-63725 1404.6519775390625
-63715 1405.9119873046875
-63705 1407.657958984375
-63695 1410.43798828125
-63685 1413.27099609375
-63675 1416.4759521484375
-63665 1419.2449951171875
-63655 1421.875
-63645 1424.593994140625
-63635 1429.623046875
-63625 1436.14599609375
-63615 1439.06298828125
-63605 1444.762939453125
-63595 1443.6529541015625
-63585 1440.8709716796875
-63575 1446.657958984375
-63565 1451.2860107421875
-63555 1454.9150390625
-63545 1458.3330078125
-63535 1461.5760498046875
-63525 1464.5439453125
-63515 1468.3360595703125
-63505 1474.0360107421875
-63495 1480.6839599609375
-63485 1484.9990234375
-63475 1489.177001953125
-63465 1492.6070556640625
-63455 1496.3489990234375
-63445 1499.35302734375
-63435 1503.595947265625
-63425 1506.4139404296875
-63415 1510.0560302734375
-63405 1514.197021484375
-63395 1516.2550048828125
-63385 1519.93505859375
-63375 1522.7139892578125
-63365 1525.77001953125
-63355 1528.7010498046875
-63345 1530.4229736328125
-63335 1530.6490478515625
-63325 1530.6099853515625
-63315 1531.572021484375
-63305 1534.1519775390625
-63295 1537.6070556640625
-63285 1541.06201171875
-63275 1543.343994140625
-63265 1546.4749755859375
-63255 1550.6409912109375
-63245 1555.904052734375
-63235 1561.9029541015625
-63225 1567.217041015625
-63215 1572.468017578125
-63205 1577.0450439453125
-63195 1579.9759521484375
-63185 1581.373046875
-63175 1581.6099853515625
-63165 1582.781982421875
-63155 1588.157958984375
-63145 1595.489990234375
-63135 1601.030029296875
-63125 1604.1099853515625
-63115 1605.3690185546875
-63105 1606.5780029296875
-63095 1608.862060546875
-63085 1611.3060302734375
-63075 1616.9560546875
-63065 1618.6390380859375
-63055 1618.10498046875
-63045 1616.14599609375
-63035 1613.31396484375
-63025 1611.85400390625
-63015 1612.3909912109375
-63005 1614.9849853515625
-62995 1618.3170166015625
-62985 1622.7430419921875
-62975 1624.2039794921875
-62965 1628.093994140625
-62955 1633.20703125
-62945 1640.615966796875
-62935 1645.5799560546875
-62925 1652.10302734375
-62915 1659.7740478515625
-62905 1664.2889404296875
-62895 1667.02001953125
-62885 1668.654052734375
-62875 1670.4749755859375
-62865 1671.885009765625
-62855 1673.2569580078125
-62845 1675.4639892578125
-62835 1677.3349609375
-62825 1679.218994140625
-62815 1680.6650390625
-62805 1682.3489990234375
-62795 1684.8189697265625
-62785 1686.0889892578125
-62775 1687.8489990234375
-62765 1688.9100341796875
-62755 1689.6949462890625
-62745 1690.8409423828125
-62735 1692.7259521484375
-62725 1695.14404296875
-62715 1698.449951171875
-62705 1701.0460205078125
-62695 1700.8330078125
-62685 1703.2020263671875
-62675 1705.571044921875
-62665 1706.843994140625
-62655 1707.654052734375
-62645 1705.6710205078125
-62635 1710.3489990234375
-62625 1714.251953125
-62615 1714.06494140625
-62605 1713.35400390625
-62595 1716.18603515625
-62585 1722.0369873046875
-62575 1726.114013671875
-62565 1728.2220458984375
-62555 1730.241943359375
-62545 1731.2650146484375
-62535 1734.14599609375
-62525 1737.7010498046875
-62515 1741.85400390625
-62505 1745.7750244140625
-62495 1749.008056640625
-62485 1752.4300537109375
-62475 1755.52099609375
-62465 1758.76904296875
-62455 1761.7039794921875
-62445 1764.7960205078125
-62435 1766.7769775390625
-62425 1769.2080078125
-62415 1769.510986328125
-62405 1767.291015625
-62395 1762.383056640625
-62385 1760.7779541015625
-62375 1761.154052734375
-62365 1757.4019775390625
-62355 1761.4659423828125
-62345 1768.0980224609375
-62335 1774.3819580078125
-62325 1780.197998046875
-62315 1786.3900146484375
-62305 1794.2430419921875
-62295 1801.9119873046875
-62285 1807.0860595703125
-62275 1810.0760498046875
-62265 1813.2039794921875
-62255 1816.1309814453125
-62245 1818.552001953125
-62235 1821.39599609375
-62225 1824.2490234375
-62215 1826.717041015625
-62205 1829.5880126953125
-62195 1832.458984375
-62185 1834.7440185546875
-62175 1837.4129638671875
-62165 1839.8719482421875
-62155 1842.1190185546875
-62145 1844.009033203125
-62135 1845.9630126953125
-62125 1847.4219970703125
-62115 1849.1920166015625
-62105 1849.89794921875
-62095 1850.623046875
-62085 1851.238037109375
-62075 1852.5040283203125
-62065 1852.6500244140625
-62055 1853.89794921875
-62045 1854.531005859375
-62035 1855.06298828125
-62025 1856.2550048828125
-62015 1857.5770263671875
-62005 1859.1180419921875
-61995 1860.8509521484375
-61985 1862.5030517578125
-61975 1863.383056640625
-61965 1863.906005859375
-61955 1864.9339599609375
-61945 1865.6219482421875
-61935 1866.22705078125
-61925 1866.7320556640625
-61915 1867.677001953125
-61905 1868.383056640625
-61895 1869.4200439453125
-61885 1870.447021484375
-61875 1871.7860107421875
-61865 1872.73095703125
-61855 1873.89599609375
-61845 1874.822998046875
-61835 1876.0059814453125
-61825 1876.5379638671875
-61815 1875.2349853515625
-61805 1872.5379638671875
-61795 1868.969970703125
-61785 1867.4110107421875
-61775 1870.501953125
-61765 1873.739990234375
-61755 1876.446044921875
-61745 1877.8680419921875
-61735 1879.510009765625
-61725 1881.4090576171875
-61715 1883.7030029296875
-61705 1886.490966796875
-61695 1889.35400390625
-61685 1892.572998046875
-61675 1895.6280517578125
-61665 1898.35302734375
-61655 1900.6639404296875
-61645 1902.6729736328125
-61635 1904.416015625
-61625 1905.967041015625
-61615 1907.6639404296875
-61605 1909.241943359375
-61595 1910.7459716796875
-61585 1911.7740478515625
-61575 1913.2869873046875
-61565 1914.9019775390625
-61555 1916.2960205078125
-61545 1917.81005859375
-61535 1918.9930419921875
-61525 1919.030029296875
-61515 1918.791015625
-61505 1917.9200439453125
-61495 1916.3699951171875
-61485 1914.7640380859375
-61475 1913.572021484375
-61465 1913.1219482421875
-61455 1913.25
-61445 1913.7459716796875
-61435 1914.6820068359375
-61425 1915.95703125
-61415 1916.8189697265625
-61405 1917.39697265625
-61395 1917.31396484375
-61385 1916.6910400390625
-61375 1916.113037109375
-61365 1915.6719970703125
-61355 1915.342041015625
-61345 1915.4610595703125
-61335 1915.5899658203125
-61325 1916.240966796875
-61315 1917.0479736328125
-61305 1917.31396484375
-61295 1917.3690185546875
-61285 1917.011962890625
-61275 1916.2320556640625
-61265 1915.654052734375
-61255 1915.1490478515625
-61245 1914.699951171875
-61235 1914.6820068359375
-61225 1914.489013671875
-61215 1914.5069580078125
-61205 1914.6910400390625
-61195 1914.2869873046875
-61185 1913.883056640625
-61175 1913.3060302734375
-61165 1912.260009765625
-61155 1910.9200439453125
-61145 1910.2509765625
-61135 1909.8380126953125
-61125 1910.552978515625
-61115 1911.7459716796875
-61105 1912.10400390625
-61095 1912.3609619140625
-61085 1912.0670166015625
-61075 1912.030029296875
-61065 1911.699951171875
-61055 1911.3330078125
-61045 1911.2969970703125
-61035 1911.3699951171875
-61025 1911.113037109375
-61015 1911.196044921875
-61005 1911.654052734375
-60995 1911.5439453125
-60985 1911.2969970703125
-60975 1910.72802734375
-60965 1908.3890380859375
-60955 1907.9940185546875
-60945 1907.416015625
-60935 1907.26904296875
-60925 1907.81103515625
-60915 1908.8929443359375
-60905 1910.02099609375
-60895 1910.406982421875
-60885 1910.56298828125
-60875 1911.0400390625
-60865 1911.342041015625
-60855 1910.884033203125
-60845 1909.9940185546875
-60835 1909.2879638671875
-60825 1909.2509765625
-60815 1909.39794921875
-60805 1909.9940185546875
-60795 1910.5439453125
-60785 1911.9940185546875
-60775 1913.2139892578125
-60765 1913.9019775390625
-60755 1913.626953125
-60745 1912.5169677734375
-60735 1912.47998046875
-60725 1914.030029296875
-60715 1914.77294921875
-60705 1914.416015625
-60695 1913.77294921875
-60685 1913.39697265625
-60675 1913.4429931640625
-60665 1912.5899658203125
-60655 1914.6080322265625
-60645 1914.8189697265625
-60635 1913.6080322265625
-60625 1913.3330078125
-60615 1912.6629638671875
-60605 1912.81005859375
-60595 1913.498046875
-60585 1914.7459716796875
-60575 1914.7919921875
-60565 1913.6719970703125
-60555 1913.708984375
-60545 1914.8380126953125
-60535 1915.9840087890625
-60525 1916.1490478515625
-60515 1917.001953125
-60505 1917.3790283203125
-60495 1918.883056640625
-60485 1921.928955078125
-60475 1923.1490478515625
-60465 1922.781982421875
-60455 1924.1490478515625
-60445 1924.31396484375
-60435 1925.781005859375
-60425 1926.9010009765625
-60415 1927.927978515625
-60405 1927.7349853515625
-60395 1927.927978515625
-60385 1927.635009765625
-60375 1927.2220458984375
-60365 1926.552001953125
-60355 1925.39599609375
-60345 1924.4969482421875
-60335 1924.33203125
-60325 1923.762939453125
-60315 1923.717041015625
-60305 1924.864013671875
-60295 1927.4599609375
-60285 1928.303955078125
-60275 1927.4139404296875
-60265 1925.3780517578125
-60255 1925.010986328125
-60245 1926.6070556640625
-60235 1928.303955078125
-60225 1929.1390380859375
-60215 1929.864013671875
-60205 1930.9100341796875
-60195 1932.2030029296875
-60185 1933.1939697265625
-60175 1933.093017578125
-60165 1933.9730224609375
-60155 1934.4599609375
-60145 1932.762939453125
-60135 1933.093017578125
-60125 1933.634033203125
-60115 1934.0009765625
-60105 1934.220947265625
-60095 1934.2120361328125
-60085 1934.1109619140625
-60075 1934.6429443359375
-60065 1934.551025390625
-60055 1934.634033203125
-60045 1934.1199951171875
-60035 1932.91796875
-60025 1930.532958984375
-60015 1928.4510498046875
-60005 1927.4429931640625
-59995 1926.373046875
-59985 1926.1109619140625
-59975 1926.5040283203125
-59965 1926.5040283203125
-59955 1925.824951171875
-59945 1925.3609619140625
-59935 1925.384033203125
-59925 1926.4090576171875
-59915 1927.968994140625
-59905 1928.7550048828125
-59895 1929.8160400390625
-59885 1930.85205078125
-59875 1930.9830322265625
-59865 1933.281982421875
-59855 1937.58203125
-59845 1942.322998046875
-59835 1946.324951171875
-59825 1949.446044921875
-59815 1952.9720458984375
-59805 1955.68798828125
-59795 1957.6300048828125
-59785 1959.7259521484375
-59775 1961.81103515625
-59765 1963.6810302734375
-59755 1964.64599609375
-59745 1964.5030517578125
-59735 1963.5140380859375
-59725 1961.989013671875
-59715 1959.8690185546875
-59705 1958.0350341796875
-59695 1955.866943359375
-59685 1954.10400390625
-59675 1953.0679931640625
-59665 1952.8409423828125
-59655 1953.35302734375
-59645 1954.365966796875
-59635 1954.2349853515625
-59625 1954.342041015625
-59615 1955.4859619140625
-59605 1957.7850341796875
-59595 1961.1080322265625
-59585 1963.9429931640625
-59575 1965.3370361328125
-59565 1968.4219970703125
-59555 1973.175048828125
-59545 1978.6180419921875
-59535 1983.72900390625
-59525 1988.2550048828125
-59515 1991.637939453125
-59505 1994.2939453125
-59495 1996.18798828125
-59485 1997.5579833984375
-59475 2000.4649658203125
-59465 2002.7159423828125
-59455 2004.06201171875
-59445 2005.634033203125
-59435 2006.8489990234375
-59425 2007.8499755859375
-59415 2009.041015625
-59405 2010.18505859375
-59395 2011.3160400390625
-59385 2012.758056640625
-59375 2013.7110595703125
-59365 2014.5799560546875
-59355 2015.7359619140625
-59345 2016.2239990234375
-59335 2016.68896484375
-59325 2018.5469970703125
-59315 2020.4169921875
-59305 2022.156005859375
-59295 2024.4310302734375
-59285 2025.7530517578125
-59275 2027.6829833984375
-59265 2029.9820556640625
-59255 2031.7449951171875
-59245 2033.114990234375
-59235 2035.426025390625
-59225 2037.427001953125
-59215 2038.904052734375
-59205 2040.5240478515625
-59195 2042.406005859375
-59185 2044.64599609375
-59175 2047.9210205078125
-59165 2051.590087890625
-59155 2056.47412109375
-59145 2061.02392578125
-59135 2066.0869140625
-59125 2070.743896484375
-59115 2074.698974609375
-59105 2078.571044921875
-59095 2082.77490234375
-59085 2086.385009765625
-59075 2089.0048828125
-59065 2090.39892578125
-59055 2090.006103515625
-59045 2090.256103515625
-59035 2090.73193359375
-59025 2091.85205078125
-59015 2092.614990234375
-59005 2092.614990234375
-58995 2092.031005859375
-58985 2092.007080078125
-58975 2091.410888671875
-58965 2090.60205078125
-58955 2089.506103515625
-58945 2089.743896484375
-58935 2090.506103515625
-58925 2093.721923828125
-58915 2094.4609375
-58905 2096.069091796875
-58895 2097.14111328125
-58885 2096.416015625
-58875 2096.677001953125
-58865 2096.510009765625
-58855 2095.35400390625
-58845 2092.81689453125
-58835 2090.375
-58825 2088.840087890625
-58815 2088.075927734375
-58805 2087.00390625
-58795 2084.656982421875
-58785 2082.1201171875
-58775 2078.916015625
-58765 2076.62890625
-58755 2075.009033203125
-58745 2073.805908203125
-58735 2072.01904296875
-58725 2070.530029296875
-58715 2069.93408203125
-58705 2069.60107421875
-58695 2066.75390625
-58685 2066.181884765625
-58675 2065.3720703125
-58665 2062.751953125
-58655 2060.02392578125
-58645 2058.10595703125
-58635 2056.47412109375
-58625 2054.0439453125
-58615 2050.743896484375
-58605 2047.1590576171875
-58595 2044.384033203125
-58585 2040.405029296875
-58575 2035.7359619140625
-58565 2031.0899658203125
-58555 2027.1590576171875
-58545 2024.22900390625
-58535 2021.41796875
-58525 2019.594970703125
-58515 2018.33203125
-58505 2016.427001953125
-58495 2014.175048828125
-58485 2012.3050537109375
-58475 2007.98095703125
-58465 2003.81201171875
-58455 2000.4410400390625
-58445 1996.8079833984375
-58435 1994.2939453125
-58425 1992.5909423828125
-58415 1990.219970703125
-58405 1988.5050048828125
-58395 1985.7540283203125
-58385 1984.5030517578125
-58375 1983.906982421875
-58365 1983.0379638671875
-58355 1981.845947265625
-58345 1983.3709716796875
-58335 1984.7889404296875
-58325 1987.1590576171875
-58315 1989.5059814453125
-58305 1993.77001953125
-58295 1994.85400390625
-58285 1994.2469482421875
-58275 1997.248046875
-58265 2001.8580322265625
-58255 2006.7900390625
-58245 2010.9830322265625
-58235 2014.1510009765625
-58225 2015.699951171875
-58215 2019.7020263671875
-58205 2023.550048828125
-58195 2026.2900390625
-58185 2029.052978515625
-58175 2030.43505859375
-58165 2033.531982421875
-58155 2036.7359619140625
-58145 2039.677978515625
-58135 2042.89501953125
-58125 2046.385009765625
-58115 2049.68408203125
-58105 2052.73388671875
-58095 2055.60400390625
-58085 2058.462890625
-58075 2060.9169921875
-58065 2063.133056640625
-58055 2062.929931640625
-58045 2064.823974609375
-58035 2068.3740234375
-58025 2070.410888671875
-58015 2071.197021484375
-58005 2072.281005859375
-57995 2074.555908203125
-57985 2076.72412109375
-57975 2080.118896484375
-57965 2082.77490234375
-57955 2084.8359375
-57945 2086.279052734375
-57935 2087.18310546875
-57925 2087.60009765625
-57915 2088.337890625
-57905 2089.756103515625
-57895 2090.052978515625
-57885 2090.56591796875
-57875 2091.9951171875
-57865 2093.388916015625
-57855 2094.092041015625
-57845 2096.1640625
-57835 2097.93896484375
-57825 2098.85595703125
-57815 2098.72509765625
-57805 2097.9150390625
-57795 2097.08203125
-57785 2095.794921875
-57775 2093.805908203125
-57765 2091.35205078125
-57755 2088.575927734375
-57745 2085.301025390625
-57735 2081.02392578125
-57725 2077.10498046875
-57715 2074.031982421875
-57705 2070.93505859375
-57695 2068.06396484375
-57685 2065.634033203125
-57675 2063.39501953125
-57665 2061.156005859375
-57655 2059.510009765625
-57645 2059.5
-57635 2059.8330078125
-57625 2060.785888671875
-57615 2060.631103515625
-57605 2059.738037109375
-57595 2059.93994140625
-57585 2061.14404296875
-57575 2062.095947265625
-57565 2064.717041015625
-57555 2067.373046875
-57545 2069.409912109375
-57535 2070.31591796875
-57525 2071.39990234375
-57515 2074.092041015625
-57505 2076.0380859375
-57495 2078.055908203125
-57485 2081.054931640625
-57475 2082.614013671875
-57465 2085.52099609375
-57455 2088.970947265625
-57445 2092.257080078125
-57435 2096.177001953125
-57425 2097.510009765625
-57415 2100.175048828125
-57405 2104.034912109375
-57395 2109.741943359375
-57385 2113.889892578125
-57375 2116.964111328125
-57365 2119.8701171875
-57355 2122.777099609375
-57345 2124.593994140625
-57335 2126.60595703125
-57325 2129.1650390625
-57315 2129.801025390625
-57305 2132.027099609375
-57295 2134.14599609375
-57285 2135.159912109375
-57275 2136.25
-57265 2137.14404296875
-57255 2137.673095703125
-57245 2138.2939453125
-57235 2139.29296875
-57225 2139.14306640625
-57215 2137.81005859375
-57205 2137.64306640625
-57195 2137.7041015625
-57185 2137.430908203125
-57175 2136.7041015625
-57165 2136.10009765625
-57155 2135.825927734375
-57145 2135.6298828125
-57135 2136.235107421875
-57125 2137.0830078125
-57115 2137.824951171875
-57105 2139.034912109375
-57095 2141.3359375
-57085 2143.593017578125
-57075 2147.922119140625
-57065 2151.43408203125
-57055 2154.175048828125
-57045 2157.7470703125
-57035 2161.197998046875
-57025 2165.801025390625
-57015 2170.659912109375
-57005 2176.306884765625
-56995 2181.666015625
-56985 2186.343994140625
-56975 2190.73388671875
-56965 2195.305908203125
-56955 2199.574951171875
-56945 2203.117919921875
-56935 2207.552001953125
-56925 2211.56494140625
-56915 2214.910888671875
-56905 2217.89306640625
-56895 2221.97998046875
-56885 2223.493896484375
-56875 2222.904052734375
-56865 2222.3291015625
-56855 2221.22412109375
-56845 2219.8759765625
-56835 2218.0439453125
-56825 2217.241943359375
-56815 2214.56298828125
-56805 2211.805908203125
-56795 2209.89990234375
-56785 2208.5830078125
-56775 2209.096923828125
-56765 2210.47509765625
-56755 2211.883056640625
-56745 2213.7451171875
-56735 2216.01611328125
-56725 2220.134033203125
-56715 2224.114990234375
-56705 2226.780029296875
-56695 2229.97412109375
-56685 2234.10693359375
-56675 2237.27099609375
-56665 2239.616943359375
-56655 2241.43408203125
-56645 2242.705078125
-56635 2242.64501953125
-56625 2240.93505859375
-56615 2239.616943359375
-56605 2238.22412109375
-56595 2235.968994140625
-56585 2232.215087890625
-56575 2227.218994140625
-56565 2222.571044921875
-56555 2218.6201171875
-56545 2215.39599609375
-56535 2210.928955078125
-56525 2206.403076171875
-56515 2202.239990234375
-56505 2198.18310546875
-56495 2195.805908203125
-56485 2192.385009765625
-56475 2186.8740234375
-56465 2181.9541015625
-56455 2178.987060546875
-56445 2177.125
-56435 2176.2470703125
-56425 2175.29296875
-56415 2174.429931640625
-56405 2173.823974609375
-56395 2172.64404296875
-56385 2171.705078125
-56375 2171.85595703125
-56365 2174.626953125
-56355 2180.18310546875
-56345 2184.284912109375
-56335 2186.949951171875
-56325 2188.962890625
-56315 2189.2958984375
-56305 2189.885009765625
-56295 2191.779052734375
-56285 2193.6259765625
-56275 2193.611083984375
-56265 2193.1259765625
-56255 2192.2939453125
-56245 2191.2490234375
-56235 2190.764892578125
-56225 2190.64404296875
-56215 2190.85498046875
-56205 2191.2490234375
-56195 2192.30908203125
-56185 2191.97607421875
-56175 2189.508056640625
-56165 2186.281982421875
-56155 2181.98388671875
-56145 2177.699951171875
-56135 2173.385009765625
-56125 2168.343994140625
-56115 2164.074951171875
-56105 2158.972900390625
-56095 2154.008056640625
-56085 2149.72509765625
-56075 2146.013916015625
-56065 2143.68310546875
-56055 2141.72998046875
-56045 2140.85302734375
-56035 2140.639892578125
-56025 2139.944091796875
-56015 2137.52099609375
-56005 2133.0419921875
-55995 2129.906982421875
-55985 2129.695068359375
-55975 2126.7890625
-55965 2123.943115234375
-55955 2124.1240234375
-55945 2125.653076171875
-55935 2128.89404296875
-55925 2127.075927734375
-55915 2125.303955078125
-55905 2126.72802734375
-55895 2128.635009765625
-55885 2129.573974609375
-55875 2130.862060546875
-55865 2131.8310546875
-55855 2133.071044921875
-55845 2133.799072265625
-55835 2136.97705078125
-55825 2136.52294921875
-55815 2142.2451171875
-55805 2146.196044921875
-55795 2149.556884765625
-55785 2151.751953125
-55775 2152.614990234375
-55765 2155.263916015625
-55755 2156.80908203125
-55745 2157.23193359375
-55735 2159.68505859375
-55725 2163.7880859375
-55715 2168.722900390625
-55705 2174.174072265625
-55695 2180.031005859375
-55685 2187.02490234375
-55675 2193.56494140625
-55665 2199.666015625
-55655 2205.20703125
-55645 2210.23291015625
-55635 2215.39599609375
-55625 2220.011962890625
-55615 2223.7060546875
-55605 2223.993896484375
-55595 2223.31298828125
-55585 2223.68994140625
-55575 2223.281982421875
-55565 2222.948974609375
-55555 2222.14697265625
-55545 2220.844970703125
-55535 2218.952880859375
-55525 2216.591064453125
-55515 2214.714111328125
-55505 2213.427001953125
-55495 2211.958984375
-55485 2209.14306640625
-55475 2207.219970703125
-55465 2204.720947265625
-55455 2201.195068359375
-55445 2197.60693359375
-55435 2193.883056640625
-55425 2192.626953125
-55415 2193.02001953125
-55405 2193.458984375
-55395 2192.97509765625
-55385 2193.550048828125
-55375 2192.262939453125
-55365 2191.1279296875
-55355 2190.447021484375
-55345 2188.0400390625
-55335 2185.7080078125
-55325 2182.740966796875
-55315 2179.259033203125
-55305 2177.06396484375
-55295 2174.535888671875
-55285 2172.12890625
-55275 2167.300048828125
-55265 2161.5009765625
-55255 2155.614013671875
-55245 2150.81396484375
-55235 2149.6630859375
-55225 2150.02587890625
-55215 2149.39111328125
-55205 2147.98193359375
-55195 2146.1220703125
-55185 2143.576904296875
-55175 2139.594970703125
-55165 2139.79296875
-55155 2140.989990234375
-55145 2141.972900390625
-55135 2142.9580078125
-55125 2143.9560546875
-55115 2144.39501953125
-55105 2144.7119140625
-55095 2143.864990234375
-55085 2143.154052734375
-55075 2142.45703125
-55065 2141.444091796875
-55055 2140.700927734375
-55045 2139.56591796875
-55035 2138.2939453125
-55025 2137.5830078125
-55015 2136.235107421875
-55005 2134.3798828125
-54995 2130.635986328125
-54985 2132.447998046875
-54975 2137.72705078125
-54965 2139.7080078125
-54955 2140.68505859375
-54945 2141.263916015625
-54935 2143.72802734375
-54925 2145.01611328125
-54915 2145.0869140625
-54905 2144.6201171875
-54895 2143.302001953125
-54885 2141.73095703125
-54875 2140.445068359375
-54865 2140.159912109375
-54855 2141.110107421875
-54845 2143.64306640625
-54835 2146.51708984375
-54825 2149.9130859375
-54815 2152.405029296875
-54805 2152.489990234375
-54795 2152.06396484375
-54785 2152.501953125
-54775 2155.47607421875
-54765 2159.22705078125
-54755 2163.89697265625
-54745 2167.592041015625
-54735 2172.544921875
-54725 2179.366943359375
-54715 2187.1650390625
-54705 2193.533935546875
-54695 2198.757080078125
-54685 2202.054931640625
-54675 2205.22509765625
-54665 2208.89111328125
-54655 2211.054931640625
-54645 2210.843994140625
-54635 2209.781005859375
-54625 2205.862060546875
-54615 2201.68701171875
-54605 2195.77099609375
-54595 2189.571044921875
-54585 2183.4150390625
-54575 2177.965087890625
-54565 2173.096923828125
-54555 2169.446044921875
-54545 2168.637939453125
-54535 2167.195068359375
-54525 2165.962890625
-54515 2164.843994140625
-54505 2163.7548828125
-54495 2162.43896484375
-54485 2161.531982421875
-54475 2159.763916015625
-54465 2158.123046875
-54455 2156.381103515625
-54445 2155.06494140625
-54435 2153.0830078125
-54425 2151.4560546875
-54415 2151.554931640625
-54405 2151.48291015625
-54395 2149.785888671875
-54385 2147.97412109375
-54375 2146.19091796875
-54365 2144.238037109375
-54355 2143.2470703125
-54345 2141.3359375
-54335 2140.3310546875
-54325 2138.3359375
-54315 2136.340087890625
-54305 2134.330078125
-54295 2131.85302734375
-54285 2130.466064453125
-54275 2129.743896484375
-54265 2129.093994140625
-54255 2129.4609375
-54245 2130.281982421875
-54235 2131.570068359375
-54225 2133.055908203125
-54215 2134.5849609375
-54205 2135.675048828125
-54195 2136.35400390625
-54185 2138.06689453125
-54175 2138.3779296875
-54165 2137.35888671875
-54155 2136.012939453125
-54145 2133.93408203125
-54135 2131.89599609375
-54125 2129.235107421875
-54115 2125.554931640625
-54105 2121.466064453125
-54095 2116.89306640625
-54085 2111.218017578125
-54075 2104.551025390625
-54065 2098.323974609375
-54055 2092.26611328125
-54045 2087.593994140625
-54035 2083.660888671875
-54025 2079.72607421875
-54015 2074.304931640625
-54005 2069.43701171875
-53995 2063.887939453125
-53985 2058.156005859375
-53975 2053.85302734375
-53965 2049.736083984375
-53955 2045.7149658203125
-53945 2040.7330322265625
-53935 2034.5340576171875
-53925 2030.0760498046875
-53915 2025.95703125
-53905 2021.4840087890625
-53895 2017.0260009765625
-53885 2010.02001953125
-53875 2001.626953125
-53865 1997.012939453125
-53855 1992.739990234375
-53845 1988.3509521484375
-53835 1984.656982421875
-53825 1979.7879638671875
-53815 1973.262939453125
-53805 1969.7110595703125
-53795 1966.5550537109375
-53785 1963.468994140625
-53775 1960.93603515625
-53765 1959.60400390625
-53755 1955.698974609375
-53745 1950.447998046875
-53735 1941.1209716796875
-53725 1936.6910400390625
-53715 1932.7840576171875
-53705 1929.81201171875
-53695 1922.52294921875
-53685 1915.573974609375
-53675 1909.8270263671875
-53665 1912.375
-53655 1918.615966796875
-53645 1921.6309814453125
-53635 1919.8480224609375
-53625 1917.2149658203125
-53615 1916.8189697265625
-53605 1917.4139404296875
-53595 1918.7149658203125
-53585 1919.16796875
-53575 1920.4580078125
-53565 1922.0699462890625
-53555 1921.376953125
-53545 1922.2130126953125
-53535 1923.23095703125
-53525 1918.9560546875
-53515 1917.7960205078125
-53505 1918.573974609375
-53495 1917.697998046875
-53485 1916.875
-53475 1914.739013671875
-53465 1911.384033203125
-53455 1907.9439697265625
-53445 1902.7650146484375
-53435 1901.2650146484375
-53425 1896.8199462890625
-53415 1891.6259765625
-53405 1886.134033203125
-53395 1881.4219970703125
-53385 1877.0479736328125
-53375 1872.1650390625
-53365 1865.5689697265625
-53355 1860.1629638671875
-53345 1855.802978515625
-53335 1850.04296875
-53325 1845.9239501953125
-53315 1841.1829833984375
-53305 1835.8330078125
-53295 1830.93603515625
-53285 1825.54296875
-53275 1819.4580078125
-53265 1814.7159423828125
-53255 1810.3709716796875
-53245 1806.4930419921875
-53235 1803.322021484375
-53225 1796.3160400390625
-53215 1788.489013671875
-53205 1783.39404296875
-53195 1778.6669921875
-53185 1773.656982421875
-53175 1769.0419921875
-53165 1762.7020263671875
-53155 1757.8050537109375
-53145 1753.699951171875
-53135 1746.18505859375
-53125 1743.8489990234375
-53115 1736.60302734375
-53105 1729.9930419921875
-53095 1724.176025390625
-53085 1719.166015625
-53075 1714.0269775390625
-53065 1709.3570556640625
-53055 1706.0030517578125
-53045 1699.8599853515625
-53035 1693.9019775390625
-53025 1689.27294921875
-53015 1683.0040283203125
-53005 1676.9029541015625
-52995 1668.594970703125
-52985 1658.1920166015625
-52975 1657.4139404296875
-52965 1665.4949951171875
-52955 1676.9169921875
-52945 1684.64501953125
-52935 1690.6180419921875
-52925 1692.4580078125
-52915 1695.133056640625
-52905 1700.384033203125
-52895 1706.739013671875
-52885 1713.68798828125
-52875 1719.0240478515625
-52865 1725.958984375
-52855 1729.2850341796875
-52845 1730.3470458984375
-52835 1736.135986328125
-52825 1741.302001953125
-52815 1743.0140380859375
-52805 1741.259033203125
-52795 1741.5140380859375
-52785 1744.4580078125
-52775 1749.8079833984375
-52765 1755.468994140625
-52755 1762.291015625
-52745 1768.9580078125
-52735 1774.958984375
-52725 1779.968994140625
-52715 1785.5460205078125
-52705 1789.7919921875
-52695 1793.626953125
-52685 1798.0570068359375
-52675 1802.5009765625
-52665 1807.8509521484375
-52655 1811.9560546875
-52645 1817.3480224609375
-52635 1822.85400390625
-52625 1826.9439697265625
-52615 1831.7569580078125
-52605 1836.7659912109375
-52595 1842.9100341796875
-52585 1848.373046875
-52575 1854.93994140625
-52565 1860.81396484375
-52555 1865.385009765625
-52545 1870.0560302734375
-52535 1875.675048828125
-52525 1881.634033203125
-52515 1887.0970458984375
-52505 1893.4580078125
-52495 1900.3470458984375
-52485 1908.7469482421875
-52475 1917.8909912109375
-52465 1926.467041015625
-52455 1933.7550048828125
-52445 1939.6529541015625
-52435 1946.7679443359375
-52425 1953.072998046875
-52415 1958.56298828125
-52405 1964.31201171875
-52395 1969.9820556640625
-52385 1975.593994140625
-52375 1982.0479736328125
-52365 1988.135009765625
-52355 1993.8270263671875
-52345 1999.3079833984375
-52335 2004.946044921875
-52325 2011.2249755859375
-52315 2018.0560302734375
-52305 2023.737060546875
-52295 2029.68896484375
-52285 2035.7760009765625
-52275 2042.2550048828125
-52265 2048.97802734375
-52255 2055.590087890625
-52245 2062.2451171875
-52235 2068.64306640625
-52225 2075.327880859375
-52215 2082.321044921875
-52205 2088.135009765625
-52195 2093.654052734375
-52185 2099.18798828125
-52175 2103.97705078125
-52165 2108.532958984375
-52155 2112.471923828125
-52145 2116.594970703125
-52135 2120.993896484375
-52125 2125.822998046875
-52115 2129.81298828125
-52105 2132.47802734375
-52095 2135.10205078125
-52085 2137.10400390625
-52075 2137.52099609375
-52065 2132.044921875
-52055 2125.4169921875
-52045 2119.39599609375
-52035 2114.511962890625
-52025 2109.47998046875
-52015 2104.4619140625
-52005 2100.243896484375
-51995 2094.927978515625
-51985 2091.721923828125
-51975 2089.028076171875
-51965 2086.487060546875
-51955 2084.904052734375
-51945 2082.2509765625
-51935 2079.654052734375
-51925 2076.31298828125
-51915 2073.4609375
-51905 2071.5810546875
-51895 2069.52490234375
-51885 2068.781005859375
-51875 2068.589111328125
-51865 2068.18603515625
-51855 2067.3740234375
-51845 2067.196044921875
-51835 2066.955078125
-51825 2067.89892578125
-51815 2067.657958984375
-51805 2067.533935546875
-51795 2067.791015625
-51785 2066.302978515625
-51775 2063.31591796875
-51765 2061.758056640625
-51755 2059.636962890625
-51745 2058.052001953125
-51735 2055.239990234375
-51725 2056.56396484375
-51715 2057.22900390625
-51705 2057.98388671875
-51695 2057.903076171875
-51685 2058.635986328125
-51675 2058.10595703125
-51665 2057.972900390625
-51655 2058.6201171875
-51645 2059.23095703125
-51635 2061.27099609375
-51625 2063.6669921875
-51615 2065.965087890625
-51605 2067.533935546875
-51595 2070.322998046875
-51585 2073.675048828125
-51575 2076.81298828125
-51565 2079.467041015625
-51555 2082.10400390625
-51545 2085.175048828125
-51535 2087.797119140625
-51525 2090.54296875
-51515 2095.277099609375
-51505 2098.782958984375
-51495 2102.135009765625
-51485 2106.964111328125
-51475 2111.576904296875
-51465 2115.19091796875
-51455 2120.047119140625
-51445 2124.9140625
-51435 2129.9189453125
-51425 2134.8720703125
-51415 2139.3740234375
-51405 2141.77099609375
-51395 2143.972900390625
-51385 2146.761962890625
-51375 2149.534912109375
-51365 2149.154052734375
-51355 2148.68310546875
-51345 2147.01904296875
-51335 2144.260009765625
-51325 2140.905029296875
-51315 2138.22705078125
-51305 2134.77490234375
-51295 2130.7060546875
-51285 2126.215087890625
-51275 2121.830078125
-51265 2116.97412109375
-51255 2112.241943359375
-51245 2108.156982421875
-51235 2104.47802734375
-51225 2100.822998046875
-51215 2097.18701171875
-51205 2093.31591796875
-51195 2089.5849609375
-51185 2084.986083984375
-51175 2079.761962890625
-51165 2077.04296875
-51155 2074.35400390625
-51145 2072.010986328125
-51135 2068.781005859375
-51125 2065.318115234375
-51115 2061.693115234375
-51105 2059.052978515625
-51095 2056.56396484375
-51085 2055.251953125
-51075 2053.697998046875
-51065 2051.43798828125
-51055 2048.840087890625
-51045 2046.2049560546875
-51035 2043.9029541015625
-51025 2042.2010498046875
-51015 2039.9150390625
-51005 2037.613037109375
-50995 2034.8289794921875
-50985 2030.863037109375
-50975 2025.6419677734375
-50965 2020.89404296875
-50955 2016.6600341796875
-50945 2012.1309814453125
-50935 2007.637939453125
-50925 2002.5679931640625
-50915 1996.97900390625
-50905 1992.31298828125
-50895 1988.3380126953125
-50885 1983.8740234375
-50875 1979.54296875
-50865 1975.758056640625
-50855 1971.8079833984375
-50845 1967.8289794921875
-50835 1963.6490478515625
-50825 1958.4169921875
-50815 1953.614990234375
-50805 1948.0260009765625
-50795 1941.885009765625
-50785 1935.81298828125
-50775 1929.8890380859375
-50765 1924.3160400390625
-50755 1919.0679931640625
-50745 1915.2779541015625
-50735 1911.6929931640625
-50725 1908.030029296875
-50715 1903.9990234375
-50705 1899.06201171875
-50695 1890.9840087890625
-50685 1881.0849609375
-50675 1870.6669921875
-50665 1863
-50655 1861.009033203125
-50645 1867.85595703125
-50635 1878.0550537109375
-50625 1889.052001953125
-50615 1896.5460205078125
-50605 1901.6319580078125
-50595 1907.5159912109375
-50585 1913.6949462890625
-50575 1918.18603515625
-50565 1923.989013671875
-50555 1929.2779541015625
-50545 1934.823974609375
-50535 1939.219970703125
-50525 1943.375
-50515 1948.3909912109375
-50505 1952.8170166015625
-50495 1954.1829833984375
-50485 1956.009033203125
-50475 1959.675048828125
-50465 1963.6650390625
-50455 1966.3680419921875
-50445 1969.3060302734375
-50435 1973.011962890625
-50425 1976.2020263671875
-50415 1978.3389892578125
-50405 1982.2239990234375
-50395 1987.4720458984375
-50385 1991.2030029296875
-50375 1994.3570556640625
-50365 1997.616943359375
-50355 2000.468994140625
-50345 2001.60498046875
-50335 2007.81396484375
-50325 2011.739013671875
-50315 2015.7159423828125
-50305 2017.8370361328125
-50295 2020.5159912109375
-50285 2023.02001953125
-50275 2025.7659912109375
-50265 2029.3370361328125
-50255 2035.43505859375
-50245 2039.3199462890625
-50235 2043.175048828125
-50225 2047.4630126953125
-50215 2051.467041015625
-50205 2056.591064453125
-50195 2061.419921875
-50185 2065.60205078125
-50175 2069.10302734375
-50165 2072.971923828125
-50155 2077.1650390625
-50145 2081.047119140625
-50135 2083.72802734375
-50125 2086.5
-50115 2089.906982421875
-50105 2092.909912109375
-50095 2095.3720703125
-50085 2097.14404296875
-50075 2098.4990234375
-50065 2099.659912109375
-50055 2101.2451171875
-50045 2104.489013671875
-50035 2106.93798828125
-50025 2109.3330078125
-50015 2111.887939453125
-50005 2113.83203125
-49995 2115.89111328125
-49985 2116.990966796875
-49975 2118.3779296875
-49965 2120.0048828125
-49955 2121.572998046875
-49945 2123.427001953125
-49935 2124.904052734375
-49925 2126.18505859375
-49915 2128.446044921875
-49905 2129.9990234375
-49895 2131.535888671875
-49885 2132.154052734375
-49875 2131.777099609375
-49865 2132.2451171875
-49855 2134.6259765625
-49845 2135.666015625
-49835 2136.04296875
-49825 2134.943115234375
-49815 2130.76708984375
-49805 2125.989990234375
-49795 2123.924072265625
-49785 2121.843994140625
-49775 2121.15087890625
-49765 2117.112060546875
-49755 2113.3740234375
-49745 2111.1279296875
-49735 2110.133056640625
-49725 2107.797119140625
-49715 2105.429931640625
-49705 2104.072998046875
-49695 2102.68701171875
-49685 2098.5869140625
-49675 2097.260986328125
-49665 2093.568115234375
-49655 2086.573974609375
-49645 2083.906005859375
-49635 2081.885986328125
-49625 2079.157958984375
-49615 2076.700927734375
-49605 2071.818115234375
-49595 2065.260986328125
-49585 2064.19091796875
-49575 2060.6640625
-49565 2060.694091796875
-49555 2058.674072265625
-49545 2054.39404296875
-49535 2050.445068359375
-49525 2045.093994140625
-49515 2040.2860107421875
-49505 2035.85400390625
-49495 2032.237060546875
-49485 2028.3480224609375
-49475 2026.8709716796875
-49465 2024.865966796875
-49455 2018.988037109375
-49445 2015.4000244140625
-49435 2014.31494140625
-49425 2012.009033203125
-49415 2006.718994140625
-49405 1998.8050537109375
-49395 1990.137939453125
-49385 1983.3409423828125
-49375 1977.7640380859375
-49365 1971.7650146484375
-49355 1969.4129638671875
-49345 1966.5340576171875
-49335 1960.0830078125
-49325 1957.4150390625
-49315 1953.7080078125
-49305 1950.2559814453125
-49295 1946.051025390625
-49285 1941.363037109375
-49275 1937.0670166015625
-49265 1932.1839599609375
-49255 1928.2039794921875
-49245 1923.260009765625
-49235 1918.6629638671875
-49225 1912.5140380859375
-49215 1905.8060302734375
-49205 1904.7659912109375
-49195 1902.6259765625
-49185 1900.259033203125
-49175 1898.4959716796875
-49165 1895.2550048828125
-49155 1892.633056640625
-49145 1890.47705078125
-49135 1887.4930419921875
-49125 1884.9759521484375
-49115 1882.0670166015625
-49105 1879.625
-49095 1878.011962890625
-49085 1876.68603515625
-49075 1874.635986328125
-49065 1871.56103515625
-49055 1867.9580078125
-49045 1866.8580322265625
-49035 1865.5770263671875
-49025 1864.14501953125
-49015 1863.8280029296875
-49005 1863.6629638671875
-48995 1864.219970703125
-48985 1864.9739990234375
-48975 1865.0040283203125
-48965 1864.8380126953125
-48955 1865.0770263671875
-48945 1864.3260498046875
-48935 1864.175048828125
-48925 1861.47705078125
-48915 1858.656005859375
-48905 1857.6939697265625
-48895 1858.5679931640625
-48885 1856.5030517578125
-48875 1853.5789794921875
-48865 1848.364013671875
-48855 1847.4139404296875
-48845 1848.6500244140625
-48835 1847.7459716796875
-48825 1845.574951171875
-48815 1841.9580078125
-48805 1840.48095703125
-48795 1837.10400390625
-48785 1834.6300048828125
-48775 1830.864013671875
-48765 1827.3070068359375
-48755 1822.4539794921875
-48745 1819.2130126953125
-48735 1816.2259521484375
-48725 1811.7969970703125
-48715 1807.77001953125
-48705 1804.125
-48695 1803.384033203125
-48685 1804.001953125
-48675 1803.594970703125
-48665 1805.1949462890625
-48655 1805.1800537109375
-48645 1804.39599609375
-48635 1806.14501953125
-48625 1808.4659423828125
-48615 1805.885986328125
-48605 1803.3409423828125
-48595 1800.9599609375
-48585 1798.93994140625
-48575 1796.1639404296875
-48565 1793.3480224609375
-48555 1791.2679443359375
-48545 1789.5169677734375
-48535 1788.8260498046875
-48525 1787.4520263671875
-48515 1785.9019775390625
-48505 1782.7039794921875
-48495 1779.947998046875
-48485 1775.8609619140625
-48475 1771.14599609375
-48465 1763.4410400390625
-48455 1761.258056640625
-48445 1764.5589599609375
-48435 1767.875
-48425 1770.886962890625
-48415 1773.1929931640625
-48405 1775.9239501953125
-48395 1779.4210205078125
-48385 1781.39501953125
-48375 1782.208984375
-48365 1782.4930419921875
-48355 1781.9229736328125
-48345 1781.875
-48335 1781.198974609375
-48325 1780.6240234375
-48315 1780.053955078125
-48305 1778.8780517578125
-48295 1777.8380126953125
-48285 1776.81298828125
-48275 1776.9639892578125
-48265 1778.0340576171875
-48255 1778.470947265625
-48245 1779.177001953125
-48235 1780.5660400390625
-48225 1781
-48215 1781.56103515625
-48205 1781.27197265625
-48195 1779.6920166015625
-48185 1779.135009765625
-48175 1779.373046875
-48165 1778.4560546875
-48155 1776.5269775390625
-48145 1774.4439697265625
-48135 1772.833984375
-48125 1770.4649658203125
-48115 1767.739990234375
-48105 1765.083984375
-48095 1762.2679443359375
-48085 1758.574951171875
-48075 1754.2640380859375
-48065 1751.18701171875
-48055 1748.612060546875
-48045 1743.89404296875
-48035 1740.72900390625
-48025 1736.324951171875
-48015 1733.2650146484375
-48005 1731.094970703125
-47995 1729.6929931640625
-47985 1727.7359619140625
-47975 1724.52294921875
-47965 1721.073974609375
-47955 1718.60205078125
-47945 1716.0670166015625
-47935 1714.2459716796875
-47925 1711.22900390625
-47915 1708.2139892578125
-47905 1703.3759765625
-47895 1698.2659912109375
-47885 1693.8349609375
-47875 1690.446044921875
-47865 1688.2130126953125
-47855 1685.1829833984375
-47845 1681.85205078125
-47835 1677.0439453125
-47825 1672.8709716796875
-47815 1668.1080322265625
-47805 1662.7850341796875
-47795 1657.7049560546875
-47785 1651.3170166015625
-47775 1646.9730224609375
-47765 1642.9639892578125
-47755 1638.2159423828125
-47745 1633.407958984375
-47735 1627.72802734375
-47725 1621.093017578125
-47715 1614.7030029296875
-47705 1610.511962890625
-47695 1606.322021484375
-47685 1601.6500244140625
-47675 1595.123046875
-47665 1588.4759521484375
-47655 1583.9239501953125
-47645 1581.843994140625
-47635 1580.39697265625
-47625 1579.010009765625
-47615 1576.010986328125
-47605 1573.343017578125
-47595 1568.7760009765625
-47585 1563.425048828125
-47575 1557.01904296875
-47565 1552.4820556640625
-47555 1547.4930419921875
-47545 1542.865966796875
-47535 1538.885986328125
-47525 1533.8819580078125
-47515 1527.7779541015625
-47505 1519.8990478515625
-47495 1513.6280517578125
-47485 1509.60302734375
-47475 1503.85498046875
-47465 1500.512939453125
-47455 1496.947021484375
-47445 1491.68603515625
-47435 1487.1090087890625
-47425 1482.531982421875
-47415 1478.0760498046875
-47405 1473.0770263671875
-47395 1467.10498046875
-47385 1464.3160400390625
-47375 1463.135986328125
-47365 1463.529052734375
-47355 1463.6319580078125
-47345 1463.9510498046875
-47335 1463.678955078125
-47325 1463.2490234375
-47315 1459.4580078125
-47305 1449.85400390625
-47295 1448.4210205078125
-47285 1451.2760009765625
-47275 1458.0069580078125
-47265 1461.95703125
-47255 1466.73095703125
-47245 1471.4580078125
-47235 1478.2159423828125
-47225 1484.0670166015625
-47215 1488.3349609375
-47205 1494.541015625
-47195 1501.571044921875
-47185 1508.68505859375
-47175 1510.2860107421875
-47165 1519.4129638671875
-47155 1528.5670166015625
-47145 1533.1629638671875
-47135 1537.4320068359375
-47125 1541.35400390625
-47115 1546.072021484375
-47105 1551.9320068359375
-47095 1556.14404296875
-47085 1561.1710205078125
-47075 1566.7030029296875
-47065 1573.0679931640625
-47055 1579.741943359375
-47045 1584.9189453125
-47035 1590.5439453125
-47025 1596.7320556640625
-47015 1602.001953125
-47005 1606.5699462890625
-46995 1611.5400390625
-46985 1617.08203125
-46975 1621.2939453125
-46965 1626.031005859375
-46955 1631.8809814453125
-46945 1637.572021484375
-46935 1643.3759765625
-46925 1647.9439697265625
-46915 1651.89404296875
-46905 1655.133056640625
-46895 1659.073974609375
-46885 1661.4510498046875
-46875 1664.802001953125
-46865 1668.677978515625
-46855 1672.4969482421875
-46845 1676.0169677734375
-46835 1679.56396484375
-46825 1681.9139404296875
-46815 1684.9940185546875
-46805 1689.27099609375
-46795 1692.958984375
-46785 1694.81298828125
-46775 1696.030029296875
-46765 1698.60400390625
-46755 1701.375
-46745 1704.0240478515625
