-73865 1354.7359619140625
-73855 1357.4749755859375
-73845 1357.4749755859375
-73835 1356
-73825 1353.8189697265625
-73815 1350.4730224609375
-73805 1355.2939453125
-73795 1362.134033203125
-73785 1363.9549560546875
-73775 1364.7860107421875
-73765 1365.529052734375
-73755 1365.4549560546875
-73745 1365.2440185546875
-73735 1366.0989990234375
-73725 1367.946044921875
-73715 1369.9649658203125
-73705 1370.0150146484375
-73695 1371.4150390625
-73685 1372.072021484375
-73675 1371.6510009765625
-73665 1372.5179443359375
-73655 1373.6829833984375
-73645 1372.9639892578125
-73635 1374.166015625
-73625 1373.125
-73615 1367.573974609375
-73605 1364.154052734375
-73595 1361.81201171875
-73585 1359.06103515625
-73575 1358.862060546875
-73565 1360.5849609375
-73555 1355.8759765625
-73545 1350.634033203125
-73535 1348.7139892578125
-73525 1343.322998046875
-73515 1335.949951171875
-73505 1332.3809814453125
-73495 1326.718994140625
-73485 1324.4510498046875
-73475 1321.637939453125
-73465 1320.6710205078125
-73455 1320.3370361328125
-73445 1312.7659912109375
-73435 1310.176025390625
-73425 1319.7540283203125
-73415 1328.9990234375
-73405 1337.7469482421875
-73395 1347.883056640625
-73385 1359.9530029296875
-73375 1368.0069580078125
-73365 1375.8270263671875
-73355 1373.906005859375
-73345 1368.7509765625
-73335 1364.512939453125
-73325 1360.06396484375
-73315 1355.615966796875
-73305 1349.4940185546875
-73295 1345.541015625
-73285 1350.9940185546875
-73275 1359.2340087890625
-73265 1365.553955078125
-73255 1372.802978515625
-73245 1380.06494140625
-73235 1386
-73225 1390.2259521484375
-73215 1394.154052734375
-73205 1398.8380126953125
-73195 1404.2659912109375
-73185 1408.1689453125
-73175 1410.8580322265625
-73165 1412.8160400390625
-73155 1413.52197265625
-73145 1414.5880126953125
-73135 1417.4749755859375
-73125 1418.3050537109375
-73115 1416.0870361328125
-73105 1416.64501953125
-73095 1417.748046875
-73085 1421.947998046875
-73075 1426.5579833984375
-73065 1427.7230224609375
-73055 1429.14794921875
-73045 1430.7340087890625
-73035 1431.8370361328125
-73025 1432.791015625
-73015 1433.6590576171875
-73005 1435.8270263671875
-72995 1437.4010009765625
-72985 1438.6650390625
-72975 1439.8050537109375
-72965 1441.7130126953125
-72955 1442.803955078125
-72945 1443.447998046875
-72935 1444.5379638671875
-72925 1446.6080322265625
-72915 1446.385009765625
-72905 1446.6199951171875
-72895 1445.9510498046875
-72885 1448.405029296875
-72875 1450.43701171875
-72865 1451.8740234375
-72855 1453.385986328125
-72845 1453.8199462890625
-72835 1453.1259765625
-72825 1451.68798828125
-72815 1452.468994140625
-72805 1453.323974609375
-72795 1454.3900146484375
-72785 1455.133056640625
-72775 1454.43896484375
-72765 1454.1419677734375
-72755 1451.01904296875
-72745 1445.6290283203125
-72735 1439.4949951171875
-72725 1434.551025390625
-72715 1429.8050537109375
-72705 1422.0479736328125
-72695 1415.20703125
-72685 1410.7340087890625
-72675 1404.81103515625
-72665 1399.7430419921875
-72655 1390.052001953125
-72645 1381.7249755859375
-72635 1377.68505859375
-72625 1386.074951171875
-72615 1394.35205078125
-72605 1402.9150390625
-72595 1413.137939453125
-72585 1421.416015625
-72575 1428.2679443359375
-72565 1432.3199462890625
-72555 1435.9759521484375
-72545 1441.93603515625
-72535 1447.8590087890625
-72525 1453.9439697265625
-72515 1457.2650146484375
-72505 1457.4100341796875
-72495 1458.06103515625
-72485 1457.02197265625
-72475 1456.1510009765625
-72465 1455.56396484375
-72455 1454.759033203125
-72445 1453.64599609375
-72435 1454.1300048828125
-72425 1454.885986328125
-72415 1456.27099609375
-72405 1457.1590576171875
-72395 1457.06005859375
-72385 1458.8089599609375
-72375 1459.6309814453125
-72365 1458.47900390625
-72355 1458.3079833984375
-72345 1458.4610595703125
-72335 1457.5770263671875
-72325 1456.0799560546875
-72315 1454.468994140625
-72305 1454.010009765625
-72295 1452.551025390625
-72285 1451.6409912109375
-72275 1451.27294921875
-72265 1450.81201171875
-72255 1450.8360595703125
-72245 1450.468017578125
-72235 1449.9429931640625
-72225 1449.0830078125
-72215 1448.3480224609375
-72205 1447.5050048828125
-72195 1446.885009765625
-72185 1445.822021484375
-72175 1444.43701171875
-72165 1442.97900390625
-72155 1442.43798828125
-72145 1441.3590087890625
-72135 1440.77099609375
-72125 1435.4429931640625
-72115 1423.2440185546875
-72105 1413.509033203125
-72095 1406.115966796875
-72085 1399.781005859375
-72075 1397.373046875
-72065 1393.8790283203125
-72055 1387.89599609375
-72045 1378.7900390625
-72035 1375.31103515625
-72025 1371.93798828125
-72015 1357.822998046875
-72005 1347.845947265625
-71995 1340.7120361328125
-71985 1332.467041015625
-71975 1332.3299560546875
-71965 1339.4720458984375
-71955 1345.510986328125
-71945 1352.4119873046875
-71935 1361.010986328125
-71925 1369.0389404296875
-71915 1380.1180419921875
-71905 1393.6610107421875
-71895 1399.4110107421875
-71885 1405.4410400390625
-71875 1410.3370361328125
-71865 1414.3310546875
-71855 1417.7039794921875
-71845 1418.2919921875
-71835 1419.4520263671875
-71825 1419.717041015625
-71815 1418.9610595703125
-71805 1418.5179443359375
-71795 1418.759033203125
-71785 1416.0679931640625
-71775 1414.781982421875
-71765 1410.553955078125
-71755 1419.4520263671875
-71745 1428.1080322265625
-71735 1433.968994140625
-71725 1439.22705078125
-71715 1445.2099609375
-71705 1450.4840087890625
-71695 1455.16796875
-71685 1458.2220458984375
-71675 1461.77197265625
-71665 1463.9129638671875
-71655 1465.009033203125
-71645 1465.032958984375
-71635 1465.5
-71625 1466.5050048828125
-71615 1468.092041015625
-71605 1468.93896484375
-71595 1469.468017578125
-71585 1469.43798828125
-71575 1469.9189453125
-71565 1470.281982421875
-71555 1471.489013671875
-71545 1471.31201171875
-71535 1471.072021484375
-71525 1471.1920166015625
-71515 1471.4110107421875
-71505 1470.2989501953125
-71495 1473.31103515625
-71485 1473.761962890625
-71475 1473.01904296875
-71465 1472.22998046875
-71455 1472.697021484375
-71445 1473.8740234375
-71435 1473.1719970703125
-71425 1473.237060546875
-71415 1472.52197265625
-71405 1472.530029296875
-71395 1472.498046875
-71385 1472.31201171875
-71375 1472.1419677734375
-71365 1471.8609619140625
-71355 1471.6920166015625
-71345 1472.3690185546875
-71335 1472.1829833984375
-71325 1471.8780517578125
-71315 1471.1209716796875
-71305 1470.3399658203125
-71295 1469.7659912109375
-71285 1469.6619873046875
-71275 1468.968994140625
-71265 1468.43896484375
-71255 1467.116943359375
-71245 1465.9840087890625
-71235 1464.3719482421875
-71225 1460.85400390625
-71215 1456.6090087890625
-71205 1452.6820068359375
-71195 1450.7900390625
-71185 1454.9439697265625
-71175 1463.06103515625
-71165 1464.9129638671875
-71155 1464.9129638671875
-71145 1465.4100341796875
-71135 1465.2030029296875
-71125 1463.3509521484375
-71115 1463.5660400390625
-71105 1463.6409912109375
-71095 1461.5780029296875
-71085 1460.2340087890625
-71075 1460.2020263671875
-71065 1459.218017578125
-71055 1458.759033203125
-71045 1456.989990234375
-71035 1456.2869873046875
-71025 1455.8280029296875
-71015 1456.321044921875
-71005 1454.68701171875
-70995 1453.6219482421875
-70985 1454.0889892578125
-70975 1453.8330078125
-70965 1452.802978515625
-70955 1450.7740478515625
-70945 1450.6209716796875
-70935 1452.2869873046875
-70925 1452.7950439453125
-70915 1453.2540283203125
-70905 1453.3489990234375
-70895 1454.386962890625
-70885 1454.4530029296875
-70875 1453.7669677734375
-70865 1451.9560546875
-70855 1450.5799560546875
-70845 1450.572021484375
-70835 1449.9019775390625
-70825 1450.322998046875
-70815 1450.4510498046875
-70805 1451.0389404296875
-70795 1450.675048828125
-70785 1449.7249755859375
-70775 1449.864013671875
-70765 1450.2159423828125
-70755 1450.376953125
-70745 1449.637939453125
-70735 1449.58203125
-70725 1448.9139404296875
-70715 1448.43798828125
-70705 1448.125
-70695 1448.011962890625
-70685 1447.7359619140625
-70675 1446.970947265625
-70665 1446.4580078125
-70655 1446.4010009765625
-70645 1445.4169921875
-70635 1443.8089599609375
-70625 1442.905029296875
-70615 1442.1719970703125
-70605 1441.4739990234375
-70595 1441.3590087890625
-70585 1440.425048828125
-70575 1440.467041015625
-70565 1440.126953125
-70555 1439.7969970703125
-70545 1439.208984375
-70535 1438.7679443359375
-70525 1438.06005859375
-70515 1435.1590576171875
-70505 1434.3480224609375
-70495 1433.9930419921875
-70485 1433.04296875
-70475 1433.2769775390625
-70465 1432.9630126953125
-70455 1432.1739501953125
-70445 1431.248046875
-70435 1430.8929443359375
-70425 1430.1910400390625
-70415 1429.6209716796875
-70405 1425.6109619140625
-70395 1417.51904296875
-70385 1409.1939697265625
-70375 1400.4090576171875
-70365 1391.43896484375
-70355 1386.2139892578125
-70345 1390.512939453125
-70335 1397.9930419921875
-70325 1405.4580078125
-70315 1411.9720458984375
-70305 1418.3330078125
-70295 1424.387939453125
-70285 1420.7879638671875
-70275 1416.279052734375
-70265 1417.3740234375
-70255 1420.948974609375
-70245 1421.0780029296875
-70235 1420.3780517578125
-70225 1419.2099609375
-70215 1417.4610595703125
-70205 1414.4599609375
-70195 1413.904052734375
-70185 1415.5379638671875
-70175 1416.6009521484375
-70165 1416.5350341796875
-70155 1416.35205078125
-70145 1415.35302734375
-70135 1414.7740478515625
-70125 1413.740966796875
-70115 1412.9139404296875
-70105 1410.0469970703125
-70095 1407.5830078125
-70085 1406.68896484375
-70075 1407.9129638671875
-70065 1408.72705078125
-70055 1408.47705078125
-70045 1408.1309814453125
-70035 1408.3480224609375
-70025 1407.68603515625
-70015 1408.5009765625
-70005 1407.5059814453125
-69995 1407.2359619140625
-69985 1407.6109619140625
-69975 1407.56005859375
-69965 1406.8260498046875
-69955 1406.458984375
-69945 1406.510986328125
-69935 1406.7320556640625
-69925 1406.969970703125
-69915 1406.969970703125
-69905 1407.4310302734375
-69895 1407.8480224609375
-69885 1408.2080078125
-69875 1408.1510009765625
-69865 1409.136962890625
-69855 1409.468994140625
-69845 1408.988037109375
-69835 1408.56298828125
-69825 1406.458984375
-69815 1404.31298828125
-69805 1404.9610595703125
-69795 1403.7080078125
-69785 1402.0660400390625
-69775 1404.45703125
-69765 1408.9429931640625
-69755 1409.677001953125
-69745 1414.0909423828125
-69735 1417.008056640625
-69725 1418.7230224609375
-69715 1421.60205078125
-69705 1424.741943359375
-69695 1426.5789794921875
-69685 1427.887939453125
-69675 1427.866943359375
-69665 1429.1280517578125
-69655 1429.343994140625
-69645 1428.6519775390625
-69635 1429.3800048828125
-69625 1429.300048828125
-69615 1428.031982421875
-69605 1427.73095703125
-69595 1427.5
-69585 1427.010986328125
-69575 1427.0830078125
-69565 1427.8079833984375
-69555 1429.092041015625
-69545 1429.636962890625
-69535 1430.428955078125
-69525 1431.177978515625
-69515 1431.58203125
-69505 1432.7490234375
-69495 1433.7779541015625
-69485 1435.197998046875
-69475 1436.5999755859375
-69465 1438.48095703125
-69455 1441.303955078125
-69445 1446.6319580078125
-69435 1450.281005859375
-69425 1452.406982421875
-69415 1453.1490478515625
-69405 1452.6729736328125
-69395 1455.633056640625
-69385 1456.0069580078125
-69375 1456.5899658203125
-69365 1456.821044921875
-69355 1457.1810302734375
-69345 1457.843017578125
-69335 1458.0589599609375
-69325 1457.613037109375
-69315 1456.4029541015625
-69305 1455.3790283203125
-69295 1454.969970703125
-69285 1455.7750244140625
-69275 1456.050048828125
-69265 1456.1219482421875
-69255 1456.3819580078125
-69245 1456.677001953125
-69235 1456.302001953125
-69225 1455.8780517578125
-69215 1455.3590087890625
-69205 1454.2220458984375
-69195 1453.1490478515625
-69185 1452.240966796875
-69175 1451.239990234375
-69165 1451.470947265625
-69155 1453.552001953125
-69145 1454.66796875
-69135 1454.1500244140625
-69125 1452.5579833984375
-69115 1450.5689697265625
-69105 1448.04296875
-69095 1446.9630126953125
-69085 1446.010986328125
-69075 1445.990966796875
-69065 1443.657958984375
-69055 1441.7569580078125
-69045 1438.760009765625
-69035 1436.7080078125
-69025 1435.6219482421875
-69015 1434.550048828125
-69005 1432.97802734375
-68995 1431.864013671875
-68985 1429.3929443359375
-68975 1425.906982421875
-68965 1423.4820556640625
-68955 1421.0689697265625
-68945 1419.239990234375
-68935 1417.3680419921875
-68925 1415.3509521484375
-68915 1413.5369873046875
-68905 1411.550048828125
-68895 1409.1810302734375
-68885 1408.1719970703125
-68875 1407.258056640625
-68865 1406.47998046875
-68855 1405.89697265625
-68845 1405.6820068359375
-68835 1404.68701171875
-68825 1403.291015625
-68815 1401.593017578125
-68805 1398.4300537109375
-68795 1393.698974609375
-68785 1388.508056640625
-68775 1383.64697265625
-68765 1378.4200439453125
-68755 1371.4139404296875
-68745 1367.2879638671875
-68735 1365.9200439453125
-68725 1367.9720458984375
-68715 1371.27001953125
-68705 1374.697021484375
-68695 1378.427001953125
-68685 1380.31298828125
-68675 1384.56201171875
-68665 1385.0009765625
-68655 1386.001953125
-68645 1389.22802734375
-68635 1390.8409423828125
-68625 1389.4219970703125
-68615 1388.968994140625
-68605 1383.740966796875
-68595 1382.3370361328125
-68585 1381.6600341796875
-68575 1384.4110107421875
-68565 1377.511962890625
-68555 1374.199951171875
-68545 1376.9219970703125
-68535 1384.1080322265625
-68525 1388.7669677734375
-68515 1392.5980224609375
-68505 1390.5889892578125
-68495 1389.01904296875
-68485 1392.9000244140625
-68475 1390.4229736328125
-68465 1388.5360107421875
-68455 1390.0489501953125
-68445 1392.6409912109375
-68435 1391.3590087890625
-68425 1389.968994140625
-68415 1389.1629638671875
-68405 1389.5009765625
-68395 1388.93994140625
-68385 1389.1490478515625
-68375 1388.717041015625
-68365 1388.197998046875
-68355 1386.3480224609375
-68345 1385.3389892578125
-68335 1385.33203125
-68325 1384.238037109375
-68315 1383.6190185546875
-68305 1382.5379638671875
-68295 1381.998046875
-68285 1381.487060546875
-68275 1380.73095703125
-68265 1380.1619873046875
-68255 1379.9169921875
-68245 1380.197998046875
-68235 1379.781005859375
-68225 1379.8809814453125
-68215 1379.781005859375
-68205 1379.261962890625
-68195 1379.031982421875
-68185 1379.26904296875
-68175 1379.2979736328125
-68165 1379.2120361328125
-68155 1379.0389404296875
-68145 1378.8089599609375
-68135 1379.197021484375
-68125 1378.9169921875
-68115 1378.571044921875
-68105 1378.5999755859375
-68095 1378.197021484375
-68085 1377.7430419921875
-68075 1377.4329833984375
-68065 1377.72900390625
-68055 1378.18896484375
-68045 1378.282958984375
-68035 1377.2530517578125
-68025 1377.1669921875
-68015 1378.0159912109375
-68005 1378.009033203125
-67995 1378.0889892578125
-67985 1376.987060546875
-67975 1375.9429931640625
-67965 1372.9110107421875
-67955 1369.873046875
-67945 1368.77099609375
-67935 1365.3509521484375
-67925 1366.876953125
-67915 1374.3370361328125
-67905 1378.93798828125
-67895 1380.219970703125
-67885 1380.9620361328125
-67875 1383.863037109375
-67865 1385.698974609375
-67855 1387.8599853515625
-67845 1388.9969482421875
-67835 1389.041015625
-67825 1390.0770263671875
-67815 1390.64599609375
-67805 1391.6180419921875
-67795 1392.5830078125
-67785 1392.8709716796875
-67775 1393.2530517578125
-67765 1393.8070068359375
-67755 1394.1099853515625
-67745 1394.2469482421875
-67735 1394.7220458984375
-67725 1396.2919921875
-67715 1397.9119873046875
-67705 1399.9210205078125
-67695 1402.030029296875
-67685 1403.8089599609375
-67675 1404.93896484375
-67665 1407.0419921875
-67655 1410.0009765625
-67645 1412.2490234375
-67635 1413.60205078125
-67625 1415.6109619140625
-67615 1418.0389404296875
-67605 1419.9599609375
-67595 1420.8690185546875
-67585 1422.2060546875
-67575 1424.4100341796875
-67565 1426.800048828125
-67555 1430.60400390625
-67545 1434.1099853515625
-67535 1436.508056640625
-67525 1440.281005859375
-67515 1442.6290283203125
-67505 1445.0849609375
-67495 1447.218017578125
-67485 1449.9139404296875
-67475 1450.383056640625
-67465 1453.802001953125
-67455 1457.031005859375
-67445 1458.8929443359375
-67435 1460.3929443359375
-67425 1462.1719970703125
-67415 1463.677978515625
-67405 1465.029052734375
-67395 1466.1180419921875
-67385 1467.321044921875
-67375 1468.3590087890625
-67365 1469.116943359375
-67355 1470.0889892578125
-67345 1471.991943359375
-67335 1473.22802734375
-67325 1475.2869873046875
-67315 1478.4100341796875
-67305 1481.8780517578125
-67295 1485.4859619140625
-67285 1488.0570068359375
-67275 1490.1490478515625
-67265 1492.323974609375
-67255 1494.218994140625
-67245 1494.81201171875
-67235 1494.8780517578125
-67225 1496.887939453125
-67215 1498.0909423828125
-67205 1499.0150146484375
-67195 1500.134033203125
-67185 1500.8260498046875
-67175 1501.6820068359375
-67165 1502.1290283203125
-67155 1502.416015625
-67145 1502.302001953125
-67135 1502.02197265625
-67125 1501.2130126953125
-67115 1500.134033203125
-67105 1499.177978515625
-67095 1497.6309814453125
-67085 1496.073974609375
-67075 1493.93896484375
-67065 1491.7969970703125
-67055 1489.489990234375
-67045 1486.93603515625
-67035 1484.52197265625
-67025 1481.2020263671875
-67015 1477.708984375
-67005 1473.5899658203125
-66995 1469.7430419921875
-66985 1467.4940185546875
-66975 1464.6190185546875
-66965 1461.907958984375
-66955 1459.6839599609375
-66945 1457.1300048828125
-66935 1453.636962890625
-66925 1450.3499755859375
-66915 1446.4210205078125
-66905 1442.7139892578125
-66895 1439.2030029296875
-66885 1435.2320556640625
-66875 1431.031982421875
-66865 1426.7459716796875
-66855 1422.248046875
-66845 1418.4420166015625
-66835 1414.9410400390625
-66825 1410.27001953125
-66815 1403.3499755859375
-66805 1398.9100341796875
-66795 1396.4219970703125
-66785 1395.112060546875
-66775 1393.447998046875
-66765 1389.14697265625
-66755 1383.948974609375
-66745 1379.031005859375
-66735 1374.9610595703125
-66725 1372.875
-66715 1371.70703125
-66705 1369.8360595703125
-66695 1367.843017578125
-66685 1365.387939453125
-66675 1362.240966796875
-66665 1359.4219970703125
-66655 1356.3170166015625
-66645 1353.2769775390625
-66635 1350.509033203125
-66625 1347.2459716796875
-66615 1345.31005859375
-66605 1342.8070068359375
-66595 1340.5489501953125
-66585 1335.4659423828125
-66575 1332.3759765625
-66565 1329.4019775390625
-66555 1326.31298828125
-66545 1324.0059814453125
-66535 1322.112060546875
-66525 1320.8919677734375
-66515 1319.5830078125
-66505 1318.133056640625
-66495 1316.8890380859375
-66485 1315.7760009765625
-66475 1315.2159423828125
-66465 1315.1829833984375
-66455 1314.656005859375
-66445 1313.5030517578125
-66435 1311.863037109375
-66425 1309.4580078125
-66415 1308.1070556640625
-66405 1306.9620361328125
-66395 1305.708984375
-66385 1304.2840576171875
-66375 1302.5689697265625
-66365 1300.552001953125
-66355 1298.7979736328125
-66345 1297.6199951171875
-66335 1295.988037109375
-66325 1294.68505859375
-66315 1292.883056640625
-66305 1286.655029296875
-66295 1278.4990234375
-66285 1270.2760009765625
-66275 1262.821044921875
-66265 1254.68896484375
-66255 1246.4010009765625
-66245 1238.863037109375
-66235 1231.5810546875
-66225 1225.14697265625
-66215 1219.593994140625
-66205 1213.876953125
-66195 1214.8489990234375
-66185 1218.489990234375
-66175 1221.25
-66165 1224.553955078125
-66155 1225.3609619140625
-66145 1226.719970703125
-66135 1226.77001953125
-66125 1229.281982421875
-66115 1231.64697265625
-66105 1233.2120361328125
-66095 1231.761962890625
-66085 1233.302001953125
-66075 1236.762939453125
-66065 1234.1180419921875
-66055 1235.7330322265625
-66045 1240.1319580078125
-66035 1246.1209716796875
-66025 1243.8060302734375
-66015 1244.02001953125
-66005 1247.843017578125
-65995 1240.1070556640625
-65985 1232.98095703125
-65975 1223.8780517578125
-65965 1215.3909912109375
-65955 1207.178955078125
-65945 1200.6610107421875
-65935 1200.5389404296875
-65925 1199.6409912109375
-65915 1194.030029296875
-65905 1197.3349609375
-65895 1205.8179931640625
-65885 1209.947021484375
-65875 1213.0780029296875
-65865 1214.1729736328125
-65855 1215.6710205078125
-65845 1217.31201171875
-65835 1212.6409912109375
-65825 1205.45703125
-65815 1198.47998046875
-65805 1190.948974609375
-65795 1187.678955078125
-65785 1186.968994140625
-65775 1185.3050537109375
-65765 1185.1319580078125
-65755 1177.39697265625
-65745 1181.449951171875
-65735 1179.7359619140625
-65725 1174.4739990234375
-65715 1175.593017578125
-65705 1176.383056640625
-65695 1175.3709716796875
-65685 1175.344970703125
-65675 1175.8070068359375
-65665 1179.16796875
-65655 1178.4110107421875
-65645 1178.89697265625
-65635 1179.5389404296875
-65625 1180.032958984375
-65615 1180.8990478515625
-65605 1181.343017578125
-65595 1184.02197265625
-65585 1186.3929443359375
-65575 1187.4730224609375
-65565 1187.3990478515625
-65555 1190.39697265625
-65545 1191.0469970703125
-65535 1192.3919677734375
-65525 1195.1929931640625
-65515 1200.9420166015625
-65505 1221.43994140625
-65495 1225.0560302734375
-65485 1230.3780517578125
-65475 1236.4580078125
-65465 1241.7469482421875
-65455 1244.02001953125
-65445 1240.906005859375
-65435 1239.011962890625
-65425 1236.2020263671875
-65415 1227.741943359375
-65405 1222.822998046875
-65395 1216.7440185546875
-65385 1211.8590087890625
-65375 1219.364013671875
-65365 1232.626953125
-65355 1243.7239990234375
-65345 1246.2030029296875
-65335 1245.511962890625
-65325 1252.6290283203125
-65315 1263.6689453125
-65305 1268.718994140625
-65295 1271.56103515625
-65285 1273.3570556640625
-65275 1274.9229736328125
-65265 1276.2149658203125
-65255 1277.7330322265625
-65245 1279.5770263671875
-65235 1279.988037109375
-65225 1280.987060546875
-65215 1282.4100341796875
-65205 1283.5400390625
-65195 1285.177978515625
-65185 1287.31298828125
-65175 1290.10595703125
-65165 1293.2939453125
-65155 1296.5069580078125
-65145 1300.050048828125
-65135 1303.4930419921875
-65125 1306.2120361328125
-65115 1308.510009765625
-65105 1310.5040283203125
-65095 1312.843994140625
-65085 1314.623046875
-65075 1316.583984375
-65065 1318.6190185546875
-65055 1320.68701171875
-65045 1322.5980224609375
-65035 1327.071044921875
-65025 1330.678955078125
-65015 1334.9720458984375
-65005 1335.6300048828125
-64995 1339.175048828125
-64985 1344.7349853515625
-64975 1347.508056640625
-64965 1351.0240478515625
-64955 1356.1689453125
-64945 1360.7149658203125
-64935 1364.573974609375
-64925 1366.7039794921875
-64915 1368.2330322265625
-64905 1368.7760009765625
-64895 1371.3199462890625
-64885 1379.31005859375
-64875 1387.9429931640625
-64865 1394.031982421875
-64855 1396.0340576171875
-64845 1398.02001953125
-64835 1400.93603515625
-64825 1402.9659423828125
-64815 1402.6800537109375
-64805 1402.93701171875
-64795 1403.6949462890625
-64785 1405.43896484375
-64775 1411.5989990234375
-64765 1416.9019775390625
-64755 1420.803955078125
-64745 1424.1490478515625
-64735 1428.279052734375
-64725 1431.5670166015625
-64715 1435.511962890625
-64705 1438.8709716796875
-64695 1443.487060546875
-64685 1446.989013671875
-64675 1450.10498046875
-64665 1452.43505859375
-64655 1454.8790283203125
-64645 1456.9090576171875
-64635 1459.1390380859375
-64625 1461.426025390625
-64615 1464.113037109375
-64605 1466.4139404296875
-64595 1468.657958984375
-64585 1470.873046875
-64575 1473.345947265625
-64565 1475.134033203125
-64555 1475.7049560546875
-64545 1475.9620361328125
-64535 1476.4339599609375
-64525 1477.490966796875
-64515 1480.06396484375
-64505 1482.1510009765625
-64495 1483.89501953125
-64485 1485.094970703125
-64475 1486.6529541015625
-64465 1489.7120361328125
-64455 1492.18505859375
-64445 1494.343017578125
-64435 1496.1300048828125
-64425 1498.1739501953125
-64415 1500.345947265625
-64405 1501.8909912109375
-64395 1504.406005859375
-64385 1506.6639404296875
-64375 1509.0369873046875
-64365 1511.3809814453125
-64355 1513.8680419921875
-64345 1516.8690185546875
-64335 1519.7569580078125
-64325 1523.416015625
-64315 1526.375
-64305 1529.633056640625
-64295 1532.7919921875
-64285 1536.123046875
-64275 1538.7669677734375
-64265 1540.8819580078125
-64255 1542.9549560546875
-64245 1545.970947265625
-64235 1549.072021484375
-64225 1551.5880126953125
-64215 1553.9749755859375
-64205 1556.3480224609375
-64195 1559.135009765625
-64185 1561.135986328125
-64175 1563.136962890625
-64165 1566.0670166015625
-64155 1568.7110595703125
-64145 1571.2840576171875
-64135 1573.614013671875
-64125 1574.614990234375
-64115 1577.373046875
-64105 1579.3170166015625
-64095 1581.074951171875
-64085 1582.4329833984375
-64075 1583.7049560546875
-64065 1585.5489501953125
-64055 1587.4210205078125
-64045 1590.2509765625
-64035 1592.6240234375
-64025 1594.9539794921875
-64015 1597.384033203125
-64005 1600.8280029296875
-63995 1602.988037109375
-63985 1605.375
-63975 1607.8890380859375
-63965 1611.833984375
-63955 1615.7650146484375
-63945 1619.1669921875
-63935 1621.655029296875
-63925 1624.85498046875
-63915 1628.3289794921875
-63905 1631.387939453125
-63895 1634.904052734375
-63885 1637.5340576171875
-63875 1639.8060302734375
-63865 1642.89404296875
-63855 1646.708984375
-63845 1650.6259765625
-63835 1654.5570068359375
-63825 1656.77294921875
-63815 1658.73095703125
-63805 1660.5889892578125
-63795 1662.9759521484375
-63785 1665.7340087890625
-63775 1668.864990234375
-63765 1672.1810302734375
-63755 1675.7249755859375
-63745 1679.198974609375
-63735 1682.657958984375
-63725 1686.4029541015625
-63715 1689.989990234375
-63705 1693.364013671875
-63695 1695.822021484375
-63685 1698.3380126953125
-63675 1700.43896484375
-63665 1702.426025390625
-63655 1704.5679931640625
-63645 1706.8990478515625
-63635 1710.386962890625
-63625 1714.345947265625
-63615 1718.364013671875
-63605 1722.135986328125
-63595 1725.865966796875
-63585 1730.31201171875
-63575 1732.2840576171875
-63565 1734.0140380859375
-63555 1734.4849853515625
-63545 1735.300048828125
-63535 1736.4859619140625
-63525 1735.614990234375
-63515 1735.7139892578125
-63505 1737.0150146484375
-63495 1737.987060546875
-63485 1741.0460205078125
-63475 1742.60400390625
-63465 1743.676025390625
-63455 1746.1629638671875
-63445 1747.364990234375
-63435 1746.219970703125
-63425 1744.51904296875
-63415 1739.9739990234375
-63405 1737.657958984375
-63395 1735.3289794921875
-63385 1733.1700439453125
-63375 1730.3260498046875
-63365 1732.656005859375
-63355 1732.6419677734375
-63345 1735.0860595703125
-63335 1734.656982421875
-63325 1733.4129638671875
-63315 1736.9720458984375
-63305 1741.905029296875
-63295 1741.0460205078125
-63285 1743.133056640625
-63275 1743.862060546875
-63265 1747.5069580078125
-63255 1748.364013671875
-63245 1749.364990234375
-63235 1750.636962890625
-63225 1751.6090087890625
-63215 1753.1240234375
-63205 1757.426025390625
-63195 1762.9429931640625
-63185 1764.301025390625
-63175 1761.9429931640625
-63165 1760.0560302734375
-63155 1757.85498046875
-63145 1755.239013671875
-63135 1753.31103515625
-63125 1750.52197265625
-63115 1748.7220458984375
-63105 1746.2769775390625
-63095 1744.5340576171875
-63085 1742.4749755859375
-63075 1740.8599853515625
-63065 1739.3170166015625
-63055 1738.2020263671875
-63045 1736.1719970703125
-63035 1733.5849609375
-63025 1730.4549560546875
-63015 1728.425048828125
-63005 1727.239013671875
-62995 1726.31103515625
-62985 1725.4949951171875
-62975 1724.1510009765625
-62965 1720.02099609375
-62955 1714.60302734375
-62945 1709.529052734375
-62935 1705.842041015625
-62925 1702.053955078125
-62915 1698.094970703125
-62905 1693.448974609375
-62895 1694.364013671875
-62885 1697.123046875
-62875 1697.5660400390625
-62865 1695.93603515625
-62855 1692.5340576171875
-62845 1690.261962890625
-62835 1688.8470458984375
-62825 1687.06005859375
-62815 1683.656982421875
-62805 1679.81298828125
-62795 1682.4150390625
-62785 1684.6729736328125
-62775 1683.68701171875
-62765 1687.0030517578125
-62755 1692.1629638671875
-62745 1697.43701171875
-62735 1702.43994140625
-62725 1707.8570556640625
-62715 1714.875
-62705 1721.7640380859375
-62695 1728.35400390625
-62685 1732.4560546875
-62675 1735.9150390625
-62665 1738.386962890625
-62655 1740.616943359375
-62645 1743.3759765625
-62635 1746.97802734375
-62625 1752.0660400390625
-62615 1758.3270263671875
-62605 1764.9730224609375
-62595 1770.748046875
-62585 1775.593017578125
-62575 1778.7080078125
-62565 1780.7540283203125
-62555 1781.324951171875
-62545 1780.1529541015625
-62535 1778.751953125
-62525 1777.1929931640625
-62515 1775.635009765625
-62505 1773.2239990234375
-62495 1770.5340576171875
-62485 1767.39697265625
-62475 1763.6839599609375
-62465 1759.3349609375
-62455 1754.2430419921875
-62445 1748.4239501953125
-62435 1742.5140380859375
-62425 1737.2249755859375
-62415 1730.8900146484375
-62405 1725.8289794921875
-62395 1719.0250244140625
-62385 1712.31201171875
-62375 1706.156982421875
-62365 1701.156005859375
-62355 1696.2779541015625
-62345 1695.06396484375
-62335 1695.260986328125
-62325 1696.8089599609375
-62315 1699.323974609375
-62305 1701.9010009765625
-62295 1703.7340087890625
-62285 1704.29296875
-62275 1703.7340087890625
-62265 1701.8380126953125
-62255 1696.990966796875
-62245 1690.3079833984375
-62235 1683.6099853515625
-62225 1676.4100341796875
-62215 1669.8929443359375
-62205 1663.029052734375
-62195 1656.04296875
-62185 1650.010986328125
-62175 1644.677001953125
-62165 1637.614990234375
-62155 1625.9010009765625
-62145 1618.0360107421875
-62135 1608.4129638671875
-62125 1600.425048828125
-62115 1588.029052734375
-62105 1579.3759765625
-62095 1581.04296875
-62085 1589.2259521484375
-62075 1597.123046875
-62065 1604.125
-62055 1610.989013671875
-62045 1618.0970458984375
-62035 1624.97705078125
-62025 1632.2960205078125
-62015 1639.5849609375
-62005 1646.2979736328125
-61995 1647.010986328125
-61985 1646.9200439453125
-61975 1646.8740234375
-61965 1644.8590087890625
-61955 1641.7669677734375
-61945 1636.4029541015625
-61935 1635.781005859375
-61925 1642.615966796875
-61915 1648.541015625
-61905 1652.0870361328125
-61895 1655.072998046875
-61885 1658.1490478515625
-61875 1660.1800537109375
-61865 1661.7860107421875
-61855 1662.073974609375
-61845 1661.2860107421875
-61835 1659.7249755859375
-61825 1658.239990234375
-61815 1656.27001953125
-61805 1652.9969482421875
-61795 1649.343994140625
-61785 1645.6920166015625
-61775 1641.8890380859375
-61765 1637.7359619140625
-61755 1631.7960205078125
-61745 1628.447021484375
-61735 1636.4029541015625
-61725 1642.0250244140625
-61715 1647.875
-61705 1652.6629638671875
-61695 1656.7850341796875
-61685 1660.1949462890625
-61675 1664.10498046875
-61665 1668.0140380859375
-61655 1671.531982421875
-61645 1672.72705078125
-61635 1673.2139892578125
-61625 1672.93896484375
-61615 1672.10595703125
-61605 1666.968994140625
-61595 1657.967041015625
-61585 1651.633056640625
-61575 1647.010986328125
-61565 1644.6619873046875
-61555 1647.2989501953125
-61545 1651.633056640625
-61535 1652.93603515625
-61525 1646.616943359375
-61515 1648.2530517578125
-61505 1651.010986328125
-61495 1657.300048828125
-61485 1664.1800537109375
-61475 1667.60498046875
-61465 1668.39501953125
-61455 1668.10498046875
-61445 1667.0159912109375
-61435 1666.302001953125
-61425 1665.907958984375
-61415 1665.4530029296875
-61405 1662.8919677734375
-61395 1657.134033203125
-61385 1654.0269775390625
-61375 1650.0870361328125
-61365 1645.5860595703125
-61355 1639.0250244140625
-61345 1638.281982421875
-61335 1639.7060546875
-61325 1639.2060546875
-61315 1636.4639892578125
-61305 1632.175048828125
-61295 1626.113037109375
-61285 1620.6729736328125
-61275 1619.68798828125
-61265 1620.0360107421875
-61255 1625.3399658203125
-61245 1634.4930419921875
-61235 1642.8590087890625
-61225 1651.3900146484375
-61215 1660.073974609375
-61205 1666.9840087890625
-61195 1673.43896484375
-61185 1678.5460205078125
-61175 1682.7740478515625
-61165 1685.654052734375
-61155 1688.2750244140625
-61145 1691.18701171875
-61135 1693.7760009765625
-61125 1696.9599609375
-61115 1699.946044921875
-61105 1703.280029296875
-61095 1705.7950439453125
-61085 1708.281005859375
-61075 1710.47802734375
-61065 1712.4329833984375
-61055 1713.220947265625
-61045 1712.5389404296875
-61035 1710.0379638671875
-61025 1708.7650146484375
-61015 1707.9169921875
-61005 1707.1419677734375
-60995 1707.0379638671875
-60985 1706.6719970703125
-60975 1707.2349853515625
-60965 1708.1739501953125
-60955 1707.9449462890625
-60945 1705.85595703125
-60935 1704.25
-60925 1700.9739990234375
-60915 1695.9429931640625
-60905 1691.06494140625
-60895 1686.89599609375
-60885 1683.0780029296875
-60875 1679.199951171875
-60865 1675.7449951171875
-60855 1671.697021484375
-60845 1668.197998046875
-60835 1665.635009765625
-60825 1662.7860107421875
-60815 1659.2099609375
-60805 1656.906005859375
-60795 1653.5570068359375
-60785 1652.375
-60775 1652.3299560546875
-60765 1651.3299560546875
-60755 1649.8599853515625
-60745 1648.4959716796875
-60735 1646.3289794921875
-60725 1643.9339599609375
-60715 1640.9639892578125
-60705 1638.4639892578125
-60695 1636.720947265625
-60685 1635.583984375
-60675 1634.7659912109375
-60665 1632.9169921875
-60655 1630.083984375
-60645 1626.9620361328125
-60635 1624.35498046875
-60625 1622.416015625
-60615 1619.9000244140625
-60605 1617.2330322265625
-60595 1613.884033203125
-60585 1612.35302734375
-60575 1607.125
-60565 1600.68505859375
-60555 1594.593017578125
-60545 1589.8489990234375
-60535 1586.8189697265625
-60525 1579.863037109375
-60515 1570.998046875
-60505 1561.0570068359375
-60495 1552.5379638671875
-60485 1541.156982421875
-60475 1531.761962890625
-60465 1531.1409912109375
-60455 1534.5050048828125
-60445 1540.656982421875
-60435 1544.885009765625
-60425 1550.8709716796875
-60415 1557.5999755859375
-60405 1562.0999755859375
-60395 1567.1009521484375
-60385 1571.81396484375
-60375 1573.1180419921875
-60365 1571.2540283203125
-60355 1569.738037109375
-60345 1570.1939697265625
-60335 1569.7530517578125
-60325 1563.9639892578125
-60315 1553.3260498046875
-60305 1545.218994140625
-60295 1536.595947265625
-60285 1531.9139404296875
-60275 1528.489013671875
-60265 1526.2159423828125
-60255 1537.9150390625
-60245 1541.2030029296875
-60235 1537.5660400390625
-60225 1533.322998046875
-60215 1535.35400390625
-60205 1536.656982421875
-60195 1537.0050048828125
-60185 1545.64501953125
-60175 1556.1619873046875
-60165 1562.373046875
-60155 1567.5419921875
-60145 1572.0260009765625
-60135 1575.7540283203125
-60125 1576.9990234375
-60115 1578.2559814453125
-60105 1580.967041015625
-60095 1583.969970703125
-60085 1586.0460205078125
-60075 1587.22802734375
-60065 1587.864013671875
-60055 1588.9549560546875
-60045 1589.302001953125
-60035 1589.10498046875
-60025 1586.93994140625
-60015 1585.469970703125
-60005 1579.592041015625
-59995 1578.259033203125
-59985 1581.3189697265625
-59975 1583.3399658203125
-59965 1585.2869873046875
-59955 1587.916015625
-59945 1592.2110595703125
-59935 1596.0340576171875
-59925 1596.7459716796875
-59915 1597.656982421875
-59905 1600.447998046875
-59895 1600.427978515625
-59885 1597.208984375
-59875 1589.2349853515625
-59865 1584.154052734375
-59855 1581.258056640625
-59845 1584.9029541015625
-59835 1590.6729736328125
-59825 1595.9129638671875
-59815 1604.8609619140625
-59805 1608.72802734375
-59795 1612.6800537109375
-59785 1619.8470458984375
-59775 1627.657958984375
-59765 1636.0999755859375
-59755 1641.262939453125
-59745 1647.2760009765625
-59735 1652.135009765625
-59725 1656.6700439453125
-59715 1660.678955078125
-59705 1662.844970703125
-59695 1665.1729736328125
-59685 1669.76904296875
-59675 1676.9759521484375
-59665 1682.907958984375
-59655 1689.06298828125
-59645 1694.6910400390625
-59635 1698.47705078125
-59625 1701.614990234375
-59615 1703.6400146484375
-59605 1706.1300048828125
-59595 1709.6529541015625
-59585 1715.1390380859375
-59575 1720.6259765625
-59565 1725.8489990234375
-59555 1731.39599609375
-59545 1735.6080322265625
-59535 1740.364990234375
-59525 1745.2039794921875
-59515 1750.8929443359375
-59505 1756.177001953125
-59495 1761.967041015625
-59485 1766.988037109375
-59475 1771.4420166015625
-59465 1776.1590576171875
-59455 1781.4229736328125
-59445 1786.990966796875
-59435 1789.5009765625
-59425 1795.4329833984375
-59415 1799.64404296875
-59405 1803.85498046875
-59395 1807.905029296875
-59385 1809.928955078125
-59375 1812.925048828125
-59365 1814.72705078125
-59355 1820.2950439453125
-59345 1827.7659912109375
-59335 1835.073974609375
-59325 1840.2769775390625
-59315 1844.6500244140625
-59305 1849.6309814453125
-59295 1854.550048828125
-59285 1858.720947265625
-59275 1863.51904296875
-59265 1869.6739501953125
-59255 1875.7879638671875
-59245 1881.6190185546875
-59235 1887.531005859375
-59225 1893.280029296875
-59215 1899.31298828125
-59205 1904.800048828125
-59195 1909.9019775390625
-59185 1912.676025390625
-59175 1913.384033203125
-59165 1910.85302734375
-59155 1908.5250244140625
-59145 1904.5570068359375
-59135 1898.362060546875
-59125 1890.6689453125
-59115 1885.0400390625
-59105 1881.8819580078125
-59095 1878.48095703125
-59085 1875.989990234375
-59075 1873.3790283203125
-59065 1868.2569580078125
-59055 1866.636962890625
-59045 1862.5880126953125
-59035 1856.5140380859375
-59025 1851.93896484375
-59015 1848.719970703125
-59005 1844.81201171875
-58995 1842.260986328125
-58985 1838.4959716796875
-58975 1835.6009521484375
-58965 1828.1500244140625
-58955 1823.22998046875
-58945 1820.2139892578125
-58935 1816.427978515625
-58925 1812.2779541015625
-58915 1806.7509765625
-58905 1800.1710205078125
-58895 1792.781005859375
-58885 1790.31103515625
-58875 1791.991943359375
-58865 1792.5379638671875
-58855 1792.43701171875
-58845 1792.31494140625
-58835 1790.3919677734375
-58825 1789.136962890625
-58815 1788.447998046875
-58805 1788.509033203125
-58795 1788.2659912109375
-58785 1787.031005859375
-58775 1786.1409912109375
-58765 1785.655029296875
-58755 1783.2659912109375
-58745 1780.2490234375
-58735 1777.5770263671875
-58725 1775.14697265625
-58715 1769.4580078125
-58705 1764.5789794921875
-58695 1760.9949951171875
-58685 1757.89794921875
-58675 1754.9219970703125
-58665 1750.9539794921875
-58655 1744.779052734375
-58645 1738.198974609375
-58635 1730.425048828125
-58625 1722.427978515625
-58615 1716.677978515625
-58605 1710.4420166015625
-58595 1709.9560546875
-58585 1720.1600341796875
-58575 1719.0059814453125
-58565 1716.8199462890625
-58555 1721.678955078125
-58545 1720.8079833984375
-58535 1719.3499755859375
-58525 1722.0830078125
-58515 1728.7850341796875
-58505 1729.8170166015625
-58495 1733.0770263671875
-58485 1736.740966796875
-58475 1742.531005859375
-58465 1748.72705078125
-58455 1754.2740478515625
-58445 1760.2459716796875
-58435 1765.3280029296875
-58425 1770.916015625
-58415 1776.887939453125
-58405 1783.1240234375
-58395 1788.10400390625
-58385 1792.43701171875
-58375 1796.1820068359375
-58365 1799.927978515625
-58355 1803.916015625
-58345 1807.905029296875
-58335 1811.73095703125
-58325 1813.0670166015625
-58315 1810.27294921875
-58305 1805.98095703125
-58295 1800.1099853515625
-58285 1796.0810546875
-58275 1795.373046875
-58265 1794.64404296875
-58255 1790.696044921875
-58245 1785.9990234375
-58235 1782.4759521484375
-58225 1779.43896484375
-58215 1777.31298828125
-58205 1776.8480224609375
-58195 1775.511962890625
-58185 1775.22802734375
-58175 1774.073974609375
-58165 1769.39697265625
-58155 1765.06494140625
-58145 1762.1500244140625
-58135 1760.448974609375
-58125 1755.366943359375
-58115 1750.386962890625
-58105 1748.220947265625
-58095 1746.925048828125
-58085 1737.6519775390625
-58075 1729.4730224609375
-58065 1735.6280517578125
-58055 1741.56005859375
-58045 1743.8480224609375
-58035 1742.8349609375
-58025 1742.10595703125
-58015 1736.43798828125
-58005 1727.6710205078125
-57995 1724.9990234375
-57985 1723.926025390625
-57975 1719.614013671875
-57965 1714.511962890625
-57955 1709.3289794921875
-57945 1704.833984375
-57935 1706.5350341796875
-57925 1709.875
-57915 1718.074951171875
-57905 1726.739990234375
-57895 1734.635986328125
-57885 1740.08203125
-57875 1741.6199951171875
-57865 1744.759033203125
-57855 1748.322021484375
-57845 1751.9859619140625
-57835 1754.031005859375
-57825 1758.5050048828125
-57815 1762.7569580078125
-57805 1766.7449951171875
-57795 1774.175048828125
-57785 1781.1600341796875
-57775 1785.4930419921875
-57765 1788.2869873046875
-57755 1789.947021484375
-57745 1791.241943359375
-57735 1797.9229736328125
-57725 1805.8389892578125
-57715 1810.8599853515625
-57705 1814.8890380859375
-57695 1820.113037109375
-57685 1825.2550048828125
-57675 1830.6610107421875
-57665 1835.56005859375
-57655 1841.1280517578125
-57645 1845.6829833984375
-57635 1851.655029296875
-57625 1859.18701171875
-57615 1864.248046875
-57605 1871.43505859375
-57595 1876.637939453125
-57585 1882.510009765625
-57575 1887.448974609375
-57565 1892.6729736328125
-57555 1897.7550048828125
-57545 1902.531982421875
-57535 1908.4639892578125
-57525 1913.425048828125
-57515 1919.863037109375
-57505 1925.7860107421875
-57495 1930.9300537109375
-57485 1936.64404296875
-57475 1942.2010498046875
-57465 1946.85498046875
-57455 1951.782958984375
-57445 1955.9849853515625
-57435 1960.050048828125
-57425 1964.447998046875
-57415 1968.0810546875
-57405 1971.989013671875
-57395 1976.739990234375
-57385 1982.72900390625
-57375 1986.2640380859375
-57365 1992.468994140625
-57355 2000.9510498046875
-57345 2008.4720458984375
-57335 2014.362060546875
-57325 2019.761962890625
-57315 2026.4580078125
-57305 2032.387939453125
-57295 2035.9029541015625
-57285 2043.030029296875
-57275 2050.197021484375
-57265 2057.031005859375
-57255 2062.68603515625
-57245 2069.1259765625
-57235 2074.702880859375
-57225 2080.299072265625
-57215 2086.306884765625
-57205 2091.66796875
-57195 2096.361083984375
-57185 2100.679931640625
-57175 2105.804931640625
-57165 2111.636962890625
-57155 2117.135009765625
-57145 2122.181884765625
-57135 2127.14892578125
-57125 2131.666015625
-57115 2134.531982421875
-57105 2135.35693359375
-57095 2133.924072265625
-57085 2131.155029296875
-57075 2127.8369140625
-57065 2125.2451171875
-57055 2122.0830078125
-57045 2117.862060546875
-57035 2113.26708984375
-57025 2107.946044921875
-57015 2103.2529296875
-57005 2097.950927734375
-56995 2093.552978515625
-56985 2086.876953125
-56975 2079.02197265625
-56965 2071.423095703125
-56955 2063.903076171875
-56945 2056.2451171875
-56935 2047.761962890625
-56925 2042.343017578125
-56915 2036.510986328125
-56905 2031.052001953125
-56895 2027.302001953125
-56885 2024.3759765625
-56875 2021.7060546875
-56865 2015.1080322265625
-56855 2011.0050048828125
-56845 2008.68798828125
-56835 2005.0350341796875
-56825 1999.615966796875
-56815 1994.373046875
-56805 1991.1729736328125
-56795 1987.303955078125
-56785 1983.0240478515625
-56775 1979.9410400390625
-56765 1975.4840087890625
-56755 1970.4959716796875
-56745 1965.97998046875
-56735 1962.112060546875
-56725 1957.3800048828125
-56715 1952.196044921875
-56705 1948.7010498046875
-56695 1945.8929443359375
-56685 1940.4139404296875
-56675 1935.583984375
-56665 1934.2490234375
-56655 1938.7850341796875
-56645 1940.531982421875
-56635 1942.280029296875
-56625 1943.3399658203125
-56615 1944.8909912109375
-56605 1946.384033203125
-56595 1947.9150390625
-56585 1949.8199462890625
-56575 1950.781982421875
-56565 1951.8819580078125
-56555 1954.258056640625
-56545 1958.656005859375
-56535 1961.2669677734375
-56525 1963.93798828125
-56515 1967.0009765625
-56505 1968.1199951171875
-56495 1967.4530029296875
-56485 1973.383056640625
-56475 1979.803955078125
-56465 1985.1639404296875
-56455 1987.85400390625
-56445 1993.175048828125
-56435 1999.458984375
-56425 2004.89794921875
-56415 2011.9859619140625
-56405 2017.1109619140625
-56395 2021.4110107421875
-56385 2025.1419677734375
-56375 2028.1070556640625
-56365 2034.8809814453125
-56355 2038.43603515625
-56345 2042.303955078125
-56335 2045.93603515625
-56325 2049.450927734375
-56315 2053.987060546875
-56305 2059.032958984375
-56295 2062.882080078125
-56285 2066.652099609375
-56275 2069.302978515625
-56265 2071.501953125
-56255 2073.819091796875
-56245 2076.096923828125
-56235 2078.06005859375
-56225 2080.02392578125
-56215 2081.968017578125
-56205 2083.89208984375
-56195 2086.50390625
-56185 2088.840087890625
-56175 2090.922119140625
-56165 2093.239013671875
-56155 2094.967041015625
-56145 2096.222900390625
-56135 2096.341064453125
-56125 2096.85205078125
-56115 2097.068115234375
-56105 2099.051025390625
-56095 2100.54296875
-56085 2102.761962890625
-56075 2104.922119140625
-56065 2106.787109375
-56055 2109.340087890625
-56045 2111.51904296875
-56035 2113.52197265625
-56025 2115.85888671875
-56015 2118.569091796875
-56005 2122.633056640625
-55995 2128.93603515625
-55985 2133.02099609375
-55975 2135.259033203125
-55965 2137.4580078125
-55955 2139.89306640625
-55945 2142.64208984375
-55935 2145.095947265625
-55925 2148.178955078125
-55915 2152.715087890625
-55905 2157.98388671875
-55895 2163.1220703125
-55885 2168.155029296875
-55875 2173.81005859375
-55865 2180.6630859375
-55855 2188.968994140625
-55845 2198.511962890625
-55835 2204.85400390625
-55825 2211.843994140625
-55815 2221.60302734375
-55805 2227.179931640625
-55795 2234.365966796875
-55785 2242.8291015625
-55775 2252.6669921875
-55765 2261.797119140625
-55755 2270.123046875
-55745 2277.781005859375
-55735 2273.597900390625
-55725 2265.135009765625
-55715 2257.909912109375
-55705 2251.37109375
-55695 2246.618896484375
-55685 2243.712890625
-55675 2240.10009765625
-55665 2235.839111328125
-55655 2230.3798828125
-55645 2224.843017578125
-55635 2219.501953125
-55625 2214.39697265625
-55615 2209.802001953125
-55605 2206.248046875
-55595 2203.735107421875
-55585 2200.887939453125
-55575 2197.9619140625
-55565 2195.508056640625
-55555 2193.30810546875
-55545 2192.091064453125
-55535 2190.14697265625
-55525 2187.7509765625
-55515 2185.258056640625
-55505 2181.722900390625
-55495 2176.597900390625
-55485 2173.300048828125
-55475 2169
-55465 2166.3291015625
-55455 2162.906005859375
-55445 2159.882080078125
-55435 2156.904052734375
-55425 2154.48193359375
-55415 2152.342041015625
-55405 2149.72998046875
-55395 2146.10400390625
-55385 2143.583984375
-55375 2143.31591796875
-55365 2144.291015625
-55355 2139.029052734375
-55345 2135.886962890625
-55335 2132.60791015625
-55325 2128.54296875
-55315 2124.656005859375
-55305 2124.47900390625
-55295 2120.472900390625
-55285 2115.406982421875
-55275 2114.699951171875
-55265 2112.8349609375
-55255 2110.73388671875
-55245 2108.84912109375
-55235 2105.70703125
-55225 2096.556884765625
-55215 2098.85400390625
-55205 2097.81396484375
-55195 2093.218994140625
-55185 2091.216064453125
-55175 2089.2919921875
-55165 2088.6240234375
-55155 2087.2890625
-55145 2085.738037109375
-55135 2083.930908203125
-55125 2081.73193359375
-55115 2074.97802734375
-55105 2066.199951171875
-55095 2068.83203125
-55085 2076.626953125
-55075 2071.777099609375
-55065 2070.93310546875
-55055 2077.510009765625
-55045 2075.389892578125
-55035 2074.506103515625
-55025 2068.007080078125
-55015 2065.39501953125
-55005 2070.5419921875
-54995 2073.06396484375
-54985 2077.0419921875
-54975 2076.47607421875
-54965 2074.826904296875
-54955 2073.597900390625
-54945 2077.074951171875
-54935 2080.178955078125
-54925 2083.090087890625
-54915 2085.257080078125
-54905 2087.7470703125
-54895 2090.931884765625
-54885 2093.406005859375
-54875 2094.2958984375
-54865 2097.221923828125
-54855 2099.2109375
-54845 2101.912109375
-54835 2104.06201171875
-54825 2106.989013671875
-54815 2108.444091796875
-54805 2109.75390625
-54795 2110.902099609375
-54785 2111.7109375
-54775 2112.825927734375
-54765 2115.4619140625
-54755 2117.677001953125
-54745 2119.860107421875
-54735 2122.010986328125
-54725 2122.60888671875
-54715 2120.81396484375
-54705 2117.919921875
-54695 2112.85888671875
-54685 2109.4951171875
-54675 2106.779052734375
-54665 2104.385986328125
-54655 2101.62109375
-54645 2098.257080078125
-54635 2093.9560546875
-54625 2089.702880859375
-54615 2085.77392578125
-54605 2082.864013671875
-54595 2080.56689453125
-54585 2077.705078125
-54575 2074.196044921875
-54565 2071.285888671875
-54555 2068.52099609375
-54545 2065.9169921875
-54535 2062.327880859375
-54525 2058.866943359375
-54515 2055.197021484375
-54505 2051.39697265625
-54495 2049.035888671875
-54485 2044.491943359375
-54475 2040.2879638671875
-54465 2037.9759521484375
-54455 2033.9649658203125
-54445 2031.927978515625
-54435 2028.43505859375
-54425 2022.1939697265625
-54415 2015.385986328125
-54405 2009.9530029296875
-54395 2002.9189453125
-54385 1996.06298828125
-54375 1994.4300537109375
-54365 1992.5699462890625
-54355 1990.258056640625
-54345 1986.2159423828125
-54335 1983.8389892578125
-54325 1981.863037109375
-54315 1977.9200439453125
-54305 1975.737060546875
-54295 1972.2769775390625
-54285 1968.8299560546875
-54275 1965.239990234375
-54265 1957.251953125
-54255 1950.5899658203125
-54245 1948.7340087890625
-54235 1955.2659912109375
-54225 1955.699951171875
-54215 1957.739990234375
-54205 1958.85302734375
-54195 1960.4539794921875
-54185 1962.4749755859375
-54175 1965.5150146484375
-54165 1967.344970703125
-54155 1969.9620361328125
-54145 1972.196044921875
-54135 1973.875
-54125 1975.75
-54115 1977.2740478515625
-54105 1978.3079833984375
-54095 1980.0059814453125
-54085 1982.8170166015625
-54075 1985.3260498046875
-54065 1987.8330078125
-54055 1991.2740478515625
-54045 1994.073974609375
-54035 1996.677001953125
-54025 1999.135009765625
-54015 2001.18896484375
-54005 2003.0479736328125
-53995 2005.0699462890625
-53985 2006.97802734375
-53975 2009.0150146484375
-53965 2011.6669921875
-53955 2015.094970703125
-53945 2017.9090576171875
-53935 2020.593017578125
-53925 2024.4580078125
-53915 2028.095947265625
-53905 2031.281005859375
-53895 2033.1729736328125
-53885 2035.9219970703125
-53875 2038.2020263671875
-53865 2041.2259521484375
-53855 2043.5870361328125
-53845 2044.10400390625
-53835 2044.7669677734375
-53825 2044.782958984375
-53815 2042.5999755859375
-53805 2038.9940185546875
-53795 2034.7900390625
-53785 2030.279052734375
-53775 2025.10400390625
-53765 2019.33203125
-53755 2013.2679443359375
-53745 2007.7540283203125
-53735 2001.7869873046875
-53725 1995.998046875
-53715 1990.386962890625
-53705 1984.7440185546875
-53695 1979.5369873046875
-53685 1973.990966796875
-53675 1966.779052734375
-53665 1961.81201171875
-53655 1957.6590576171875
-53645 1952.77294921875
-53635 1947.6949462890625
-53625 1943.5240478515625
-53615 1937.1689453125
-53605 1930.2320556640625
-53595 1922.64794921875
-53585 1916.051025390625
-53575 1912.4449462890625
-53565 1910.22998046875
-53555 1910.133056640625
-53545 1910.2459716796875
-53535 1908.2569580078125
-53525 1905.636962890625
-53515 1903.843017578125
-53505 1903.14697265625
-53495 1900.97998046875
-53485 1899.83203125
-53475 1897.52001953125
-53465 1894.511962890625
-53455 1894.06005859375
-53445 1890.43798828125
-53435 1886.135986328125
-53425 1881.916015625
-53415 1876.4510498046875
-53405 1870.6619873046875
-53395 1868.9150390625
-53385 1862.8349609375
-53375 1858.405029296875
-53365 1853.6510009765625
-53355 1848.10498046875
-53345 1841.4429931640625
-53335 1836.3330078125
-53325 1831.9019775390625
-53315 1826.22705078125
-53305 1819.8399658203125
-53295 1812.0460205078125
-53285 1805.949951171875
-53275 1804.155029296875
-53265 1806.904052734375
-53255 1810.4449462890625
-53245 1816.800048828125
-53235 1818.7879638671875
-53225 1818.4649658203125
-53215 1818.4649658203125
-53205 1818.4969482421875
-53195 1817.833984375
-53185 1814.7779541015625
-53175 1811.1240234375
-53165 1807.177978515625
-53155 1801.8260498046875
-53145 1797.427978515625
-53135 1793.3050537109375
-53125 1788.79296875
-53115 1785.39794921875
-53105 1780.7569580078125
-53095 1778.18603515625
-53085 1774.9029541015625
-53075 1771.2159423828125
-53065 1768.112060546875
-53055 1765.782958984375
-53045 1763.0179443359375
-53035 1757.406982421875
-53025 1751.45703125
-53015 1746.637939453125
-53005 1742.8060302734375
-52995 1740.008056640625
-52985 1735.1739501953125
-52975 1729.0899658203125
-52965 1724.2559814453125
-52955 1718.3890380859375
-52945 1717.9659423828125
-52935 1719.9090576171875
-52925 1723.35302734375
-52915 1731.8260498046875
-52905 1733.083984375
-52895 1733.572998046875
-52885 1734.446044921875
-52875 1735.6429443359375
-52865 1735.27099609375
-52855 1738.1490478515625
-52845 1739.9599609375
-52835 1740.623046875
-52825 1742.123046875
-52815 1743.9859619140625
-52805 1745.699951171875
-52795 1746.97802734375
-52785 1747.592041015625
-52775 1747.77001953125
-52765 1747.738037109375
-52755 1744.0350341796875
-52745 1743.8079833984375
-52735 1742.6929931640625
-52725 1743.8890380859375
-52715 1743.0159912109375
-52705 1743.5660400390625
-52695 1742.708984375
-52685 1742.6600341796875
-52675 1742.8380126953125
-52665 1744.583984375
-52655 1747.47900390625
-52645 1747.2850341796875
-52635 1740.573974609375
-52625 1742.2879638671875
-52615 1746.2659912109375
-52605 1746.2659912109375
-52595 1746.31494140625
-52585 1744.196044921875
-52575 1741.333984375
-52565 1738.0999755859375
-52555 1738.3070068359375
-52545 1737.0980224609375
-52535 1736.968994140625
-52525 1738.2459716796875
-52515 1738.925048828125
-52505 1741.14501953125
-52495 1745.303955078125
-52485 1747.18798828125
-52475 1749.5799560546875
-52465 1753.510986328125
-52455 1754.4229736328125
-52445 1753.0250244140625
-52435 1753.1259765625
-52425 1754.68701171875
-52415 1756.612060546875
-52405 1758.1519775390625
-52395 1758.1719970703125
-52385 1756.89599609375
-52375 1757.8480224609375
-52365 1757.7669677734375
-52355 1759.79296875
-52345 1760.8070068359375
-52335 1762.10400390625
-52325 1764.31298828125
-52315 1766.824951171875
-52305 1771.1419677734375
-52295 1776.91796875
-52285 1778.9439697265625
-52275 1782.490966796875
-52265 1784.375
-52255 1783.0379638671875
-52245 1787.010009765625
-52235 1786.1180419921875
-52225 1792.3800048828125
-52215 1797.446044921875
-52205 1796.35205078125
-52195 1795.6429443359375
-52185 1796.5550537109375
-52175 1794.85302734375
-52165 1796.0889892578125
-52155 1794.1839599609375
-52145 1794.9339599609375
-52135 1793.27197265625
-52125 1794.467041015625
-52115 1797.08203125
-52105 1798.803955078125
-52095 1794.9539794921875
-52085 1791.3060302734375
-52075 1793.0689697265625
-52065 1794.85302734375
-52055 1799.22998046875
-52045 1804.3160400390625
-52035 1811.469970703125
-52025 1817.6710205078125
-52015 1824.52099609375
-52005 1828.3709716796875
-51995 1833.51904296875
-51985 1837.3289794921875
-51975 1841.1390380859375
-51965 1844.907958984375
-51955 1848.31298828125
-51945 1852.9329833984375
-51935 1856.5400390625
-51925 1861.281982421875
-51915 1863.572021484375
-51905 1863.3900146484375
-51895 1861.68798828125
-51885 1861.343017578125
-51875 1859.9649658203125
-51865 1862.1939697265625
-51855 1864.302001953125
-51845 1861.0999755859375
-51835 1859.093994140625
-51825 1857.16796875
-51815 1854.97998046875
-51805 1856.905029296875
-51795 1863.1259765625
-51785 1870.583984375
-51775 1878.7509765625
-51765 1886.3709716796875
-51755 1893.5040283203125
-51745 1900.5970458984375
-51735 1907.6500244140625
-51725 1914.6409912109375
-51715 1920.6190185546875
-51705 1922.199951171875
-51695 1924.448974609375
-51685 1927.833984375
-51675 1930.2449951171875
-51665 1933.7919921875
-51655 1937.844970703125
-51645 1941.3709716796875
-51635 1944.31005859375
-51625 1947.95703125
-51615 1951.8890380859375
-51605 1955.8809814453125
-51595 1960.095947265625
-51585 1964.676025390625
-51575 1970.491943359375
-51565 1976.6529541015625
-51555 1982.530029296875
-51545 1981.8819580078125
-51535 1976.0250244140625
-51525 1977.240966796875
-51515 1982.93505859375
-51505 1985.8740234375
-51495 1987.9610595703125
-51485 1989.865966796875
-51475 1993.594970703125
-51465 1984.8399658203125
-51455 1984.1510009765625
-51445 1994
-51435 2002.93701171875
-51425 2012.157958984375
-51415 2013.5770263671875
-51405 2016.0489501953125
-51395 2021.6829833984375
-51385 2028.3499755859375
-51375 2033.39599609375
-51365 2038.0369873046875
-51355 2044.6639404296875
-51345 2051.736083984375
-51335 2060.449951171875
-51325 2067.64501953125
-51315 2071.8798828125
-51305 2069.18505859375
-51295 2066.85400390625
-51285 2062.801025390625
-51275 2061.84912109375
-51265 2060.1259765625
-51255 2062.801025390625
-51245 2070.988037109375
-51235 2078.81103515625
-51225 2086.9169921875
-51215 2094.152099609375
-51205 2099.906982421875
-51195 2103.048095703125
-51185 2103.9599609375
-51175 2105.742919921875
-51165 2107.507080078125
-51155 2108.236083984375
-51145 2110.465087890625
-51135 2112.0048828125
-51125 2114.3359375
-51115 2117.822021484375
-51105 2119.625
-51095 2122.6650390625
-51085 2131.763916015625
-51075 2140.843017578125
-51065 2148.989990234375
-51055 2156.488037109375
-51045 2163.176025390625
-51035 2165.242919921875
-51025 2166.4990234375
-51015 2167.531982421875
-51005 2168.06005859375
-50995 2167.31005859375
-50985 2167.491943359375
-50975 2168.384033203125
-50965 2170.0048828125
-50955 2171.64599609375
-50945 2174.301025390625
-50935 2176.652099609375
-50925 2178.780029296875
-50915 2180.74609375
-50905 2182.18408203125
-50895 2183.156982421875
-50885 2183.340087890625
-50875 2182.590087890625
-50865 2181.3740234375
-50855 2179.85400390625
-50845 2179.26611328125
-50835 2180.907958984375
-50825 2181.27197265625
-50815 2180.280029296875
-50805 2178.537109375
-50795 2179.06298828125
-50785 2179.550048828125
-50775 2181.050048828125
-50765 2183.39990234375
-50755 2185.385986328125
-50745 2187.18994140625
-50735 2187.89892578125
-50725 2186.4599609375
-50715 2187.43310546875
-50705 2189.662109375
-50695 2191.64794921875
-50685 2194.56689453125
-50675 2196.694091796875
-50665 2199.22802734375
-50655 2202.26708984375
-50645 2204.23291015625
-50635 2203.219970703125
-50625 2198.113037109375
-50615 2192.52001953125
-50605 2193.22900390625
-50595 2195.802978515625
-50585 2205.81396484375
-50575 2216.18994140625
-50565 2221.884033203125
-50555 2230.47705078125
-50545 2232.52392578125
-50535 2231.97607421875
-50525 2232.097900390625
-50515 2234.672119140625
-50505 2232.847900390625
-50495 2221.822998046875
-50485 2226.8701171875
-50475 2234.18505859375
-50465 2244.39892578125
-50455 2249.160888671875
-50445 2258.097900390625
-50435 2253.031982421875
-50425 2249.81005859375
-50415 2247.762939453125
-50405 2254.794921875
-50395 2263.1240234375
-50385 2269.10302734375
-50375 2280.511962890625
-50365 2289.73291015625
-50355 2288.47607421875
-50345 2290.341064453125
-50335 2294.514892578125
-50325 2298.263916015625
-50315 2296.419921875
-50305 2292.9140625
-50295 2302.297119140625
-50285 2304.7490234375
-50275 2302.823974609375
-50265 2301.708984375
-50255 2313.077880859375
-50245 2316.361083984375
-50235 2319.035888671875
-50225 2318.7119140625
-50215 2320.800048828125
-50205 2314.071044921875
-50195 2311.842041015625
-50185 2310.363037109375
-50175 2314.943115234375
-50165 2323.718017578125
-50155 2330.75
-50145 2339.48388671875
-50135 2346.49609375
-50125 2349.8798828125
-50115 2346.657958984375
-50105 2347.447998046875
-50095 2345.4619140625
-50085 2352.069091796875
-50075 2357.196044921875
-50065 2379.488037109375
-50055 2389.41796875
-50045 2395.194091796875
-50035 2400.5439453125
-50025 2409.177001953125
-50015 2394.84912109375
-50005 2386.780029296875
-49995 2378.760009765625
-49985 2380.39599609375
-49975 2374.799072265625
-49965 2382.068115234375
-49955 2378.81494140625
-49945 2377.37890625
-49935 2377.833984375
-49925 2373.363037109375
-49915 2357.297119140625
-49905 2344.011962890625
-49895 2340.214111328125
-49885 2343.322021484375
-49875 2342.25
-49865 2351.77197265625
-49855 2353.262939453125
-49845 2338.614990234375
-49835 2341.97705078125
-49825 2351.9541015625
-49815 2355.333984375
-49805 2361.18701171875
-49795 2359.659912109375
-49785 2360.531982421875
-49775 2355.8798828125
-49765 2356.22509765625
-49755 2346.22900390625
-49745 2350.864013671875
-49735 2345.593994140625
-49725 2348.010009765625
-49715 2350.408935546875
-49705 2355.716064453125
-49695 2348.555908203125
-49685 2341.376953125
-49675 2333.1259765625
-49665 2326.18408203125
-49655 2319.623046875
-49645 2313.426025390625
-49635 2309.10009765625
-49625 2302.43505859375
-49615 2296.10595703125
-49605 2290.10888671875
-49595 2276.35107421875
-49585 2265.614990234375
-49575 2266.156005859375
-49565 2274.625
-49555 2278.0048828125
-49545 2266.19189453125
-49535 2257.56396484375
-49525 2236.301025390625
-49515 2221.925048828125
-49505 2205.60498046875
-49495 2191.429931640625
-49485 2182.634033203125
-49475 2165.76806640625
-49465 2161.406982421875
-49455 2165.822998046875
-49445 2172.8740234375
-49435 2168.60400390625
-49425 2151.79296875
-49415 2160.824951171875
-49405 2165.85498046875
-49395 2161.298095703125
-49385 2160.22509765625
-49375 2161.4609375
-49365 2168.075927734375
-49355 2172.7470703125
-49345 2177.654052734375
-49335 2183.22900390625
-49325 2191.52099609375
-49315 2204.1650390625
-49305 2204.76904296875
-49295 2207.181884765625
-49285 2205.551025390625
-49275 2203.4970703125
-49265 2203.29296875
-49255 2196.464111328125
-49245 2185.56005859375
-49235 2176.89111328125
-49225 2187.576904296875
-49215 2187.195068359375
-49205 2176.30908203125
-49195 2167.6220703125
-49185 2165.696044921875
-49175 2162.02490234375
-49165 2156.971923828125
-49155 2152.156005859375
-49145 2157.22705078125
-49135 2150.030029296875
-49125 2109.248046875
-49115 2128.748046875
-49105 2115.408935546875
-49095 2109.2109375
-49085 2089.492919921875
-49075 2075.971923828125
-49065 2055.363037109375
-49055 2044.1490478515625
-49045 2020.1240234375
-49035 2021.4139404296875
-49025 2064.576904296875
-49015 2077.697998046875
-49005 2079.4970703125
-48995 2074.281005859375
-48985 2070.19189453125
-48975 2063.576904296875
-48965 2050.055908203125
-48955 2035.1719970703125
-48945 2040.386962890625
-48935 2034.6629638671875
-48925 2030.81005859375
-48915 2033.2449951171875
-48905 2023.5579833984375
-48895 2004.093994140625
-48885 2002.803955078125
-48875 2003.7669677734375
-48865 2009.56494140625
-48855 1998.7330322265625
-48845 1985.9210205078125
-48835 1985.612060546875
-48825 1991.427001953125
-48815 1991.208984375
-48805 1989.3919677734375
-48795 1979.6689453125
-48785 1956.2060546875
-48775 1945.593017578125
-48765 1938.2330322265625
-48755 1930.27197265625
-48745 1921.822021484375
-48735 1921.6939697265625
-48725 1922.947998046875
-48715 1924.5479736328125
-48705 1888.9090576171875
-48695 1887.85498046875
-48685 1886.2740478515625
-48675 1883.001953125
-48665 1884.1109619140625
-48655 1885.56494140625
-48645 1882.3480224609375
-48635 1861.64794921875
-48625 1871.4439697265625
-48615 1858.2860107421875
-48605 1846.7640380859375
-48595 1841.9110107421875
-48585 1835.5140380859375
-48575 1832.387939453125
-48565 1828.0989990234375
-48555 1825.06396484375
-48545 1821.6300048828125
-48535 1827.1910400390625
-48525 1831.6070556640625
-48515 1838.9129638671875
-48505 1847.0909423828125
-48495 1855.0689697265625
-48485 1857.7049560546875
-48475 1843.7110595703125
-48465 1828.6259765625
-48455 1815.4320068359375
-48445 1804.491943359375
-48435 1794.987060546875
-48425 1788.5169677734375
-48415 1792.60595703125
-48405 1795.3499755859375
-48395 1807.6719970703125
-48385 1818.758056640625
-48375 1830.989013671875
-48365 1831.2249755859375
-48355 1835.133056640625
-48345 1847.5450439453125
-48335 1844.3289794921875
-48325 1841.2939453125
-48315 1841.5660400390625
-48305 1841.583984375
-48295 1836.8409423828125
-48285 1838.9859619140625
-48275 1836.0780029296875
-48265 1828.0269775390625
-48255 1820.2850341796875
-48245 1815.7960205078125
-48235 1821.79296875
-48225 1811.1610107421875
-48215 1817.9580078125
-48205 1822.0660400390625
-48195 1828.863037109375
-48185 1825.8280029296875
-48175 1821.739013671875
-48165 1821.593017578125
-48155 1824.8280029296875
-48145 1826.4639892578125
-48135 1825.6639404296875
-48125 1824.3189697265625
-48115 1822.156982421875
-48105 1820.7939453125
-48095 1820.2850341796875
-48085 1817.8680419921875
-48075 1813.68798828125
-48065 1811.760986328125
-48055 1808.072021484375
-48045 1804.3280029296875
-48035 1801.093017578125
-48025 1798.6219482421875
-48015 1793.5689697265625
-48005 1787.5899658203125
-47995 1781.574951171875
-47985 1774.7230224609375
-47975 1767.8170166015625
-47965 1760.4019775390625
-47955 1752.7869873046875
-47945 1745.9539794921875
-47935 1738.9210205078125
-47925 1731.342041015625
-47915 1723.1090087890625
-47905 1715.8759765625
-47895 1709.0069580078125
-47885 1701.7010498046875
-47875 1693.81298828125
-47865 1687.68896484375
-47855 1681.4730224609375
-47845 1674.822021484375
-47835 1667.625
-47825 1661.6090087890625
-47815 1655.81201171875
-47805 1648.3060302734375
-47795 1641.927001953125
-47785 1636.31201171875
-47775 1630.7679443359375
-47765 1623.9720458984375
-47755 1616.302001953125
-47745 1612.2130126953125
-47735 1605.9429931640625
-47725 1601.5810546875
-47715 1596.1290283203125
-47705 1589.822998046875
-47695 1582.6080322265625
-47685 1579.740966796875
-47675 1575.2110595703125
-47665 1566.633056640625
-47655 1558.800048828125
-47645 1551.281005859375
-47635 1546.968994140625
-47625 1546.114990234375
-47615 1545.18798828125
-47605 1540.739990234375
-47595 1533.64794921875
-47585 1527.364013671875
-47575 1522.093994140625
-47565 1516.7509765625
-47555 1512.47998046875
-47545 1509.5360107421875
-47535 1504.738037109375
-47525 1502.375
-47515 1501.8299560546875
-47505 1500.9840087890625
-47495 1505.9510498046875
-47485 1508.3189697265625
-47475 1509.583984375
-47465 1513.677978515625
-47455 1517.77197265625
-47445 1517.7919921875
-47435 1515.583984375
-47425 1513.115966796875
-47415 1509.7840576171875
-47405 1504.2650146484375
-47395 1505.3489990234375
-47385 1506.7340087890625
-47375 1514.01904296875
-47365 1521.4639892578125
-47355 1528.468994140625
-47345 1539.2049560546875
-47335 1545.386962890625
-47325 1546.8719482421875
-47315 1541.614013671875
-47305 1553.574951171875
-47295 1551.10595703125
-47285 1549.300048828125
-47275 1552.3310546875
-47265 1557.7889404296875
-47255 1560.4990234375
-47245 1562.2650146484375
-47235 1562.385009765625
-47225 1559.053955078125
-47215 1560.9200439453125
-47205 1563.8699951171875
-47195 1569.72998046875
-47185 1579.123046875
-47175 1587.511962890625
-47165 1596.4830322265625
-47155 1604.154052734375
-47145 1612.823974609375
-47135 1620.469970703125
-47125 1627.1929931640625
-47115 1634.9000244140625
-47105 1638.6929931640625
-47095 1643.2679443359375
-47085 1646.6800537109375
-47075 1654.366943359375
-47065 1659.68505859375
-47055 1667.9129638671875
-47045 1676.281982421875
-47035 1681.781005859375
-47025 1689.487060546875
-47015 1697.1939697265625
-47005 1709.822021484375
-46995 1720.6600341796875
-46985 1731.9990234375
-46975 1741.4310302734375
-46965 1751.385009765625
-46955 1758.7509765625
-46945 1768.824951171875
-46935 1774.7259521484375
-46925 1782.2110595703125
-46915 1787.4090576171875
-46905 1790.740966796875
-46895 1792.887939453125
-46885 1791.241943359375
-46875 1786.18505859375
-46865 1788.33203125
-46855 1795.4969482421875
-46845 1805.2149658203125
-46835 1814.467041015625
-46825 1821.27099609375
-46815 1826.3680419921875
-46805 1833.1309814453125
-46795 1840.176025390625
-46785 1847.239990234375
-46775 1853.0999755859375
-46765 1858.9599609375
-46755 1864.3389892578125
-46745 1869.5169677734375
-46735 1875.47705078125
-46725 1879.25
-46715 1887.116943359375
-46705 1889.1240234375
-46695 1892.39501953125
-46685 1900.54296875
-46675 1907.386962890625
-46665 1913.0870361328125
-46655 1917.947998046875
-46645 1921.4000244140625
-46635 1925.85498046875
-46625 1931.1939697265625
-46615 1935.3079833984375
-45815 2039.1300048828125
-45805 2034.39404296875
-45795 2030.5810546875
-45785 2026.2259521484375
-45775 2021.5250244140625
-45765 2017.470947265625
-45755 2013.758056640625
-45745 2010.0849609375
-45735 2004.7669677734375
-45725 1997.60205078125
-45715 1991.260009765625
-45705 1992.2640380859375
-45695 1995.2340087890625
-45685 1997.3409423828125
-45675 1997.6219482421875
-45665 1998.7860107421875
-45655 1999.0870361328125
-45645 1998.0439453125
-45635 1998.60595703125
-45625 1998.4449462890625
-45615 1998.8270263671875
-45605 1998.5660400390625
-45595 2000.1309814453125
-45585 1999.77001953125
-45575 1997.762939453125
-45565 1993.3480224609375
-45555 1988.2099609375
-45545 1983.85498046875
-45535 1978.616943359375
-45525 1973.0379638671875
-45515 1966.9169921875
-45505 1962.9429931640625
-45495 1957.5040283203125
-45485 1945.864013671875
-45475 1936.6729736328125
-45465 1940.426025390625
-45455 1943.89794921875
-45445 1936.572021484375
-45435 1939.884033203125
-45425 1946.5269775390625
-45415 1950.3399658203125
-45405 1953.81201171875
-45395 1952.386962890625
-45385 1950.821044921875
-45375 1950.720947265625
-45365 1950.218994140625
-45355 1953.5909423828125
-45345 1958.8289794921875
-45335 1964.8499755859375
-45325 1968.843017578125
-45315 1972.7769775390625
-45305 1974.9239501953125
-45295 1973.279052734375
-45285 1973.1180419921875
-45275 1971.79296875
-45265 1973.56005859375
-45255 1975.10498046875
-45245 1975.8070068359375
-45235 1979.0179443359375
-45225 1981.7080078125
-45215 1983.81494140625
-45205 1985.822021484375
