-74065 1136.0849609375
-74055 1136.7669677734375
-74045 1137.9189453125
-74035 1135.416015625
-74025 1132.5660400390625
-74015 1131.1409912109375
-74005 1130.2860107421875
-73995 1129.14599609375
-73985 1128.5140380859375
-73975 1127.0140380859375
-73965 1125.948974609375
-73955 1124.375
-73945 1124.5240478515625
-73935 1124.114990234375
-73925 1123.5689697265625
-73915 1122.7760009765625
-73905 1121.946044921875
-73895 1120.4840087890625
-73885 1118.873046875
-73875 1118.89794921875
-73865 1118.613037109375
-73855 1118.68701171875
-73845 1118.873046875
-73835 1119.9510498046875
-73825 1120.781005859375
-73815 1121.6739501953125
-73805 1122.1689453125
-73795 1122.5040283203125
-73785 1123.06103515625
-73775 1123.3089599609375
-73765 1125.8370361328125
-73755 1123.345947265625
-73745 1127.634033203125
-73735 1129.9139404296875
-73725 1131.3509521484375
-73715 1133.1729736328125
-73705 1135.0439453125
-73695 1136.7540283203125
-73685 1138.2159423828125
-73675 1140.385009765625
-73665 1142.6280517578125
-73655 1145.81298828125
-73645 1147.9439697265625
-73635 1151.8719482421875
-73625 1154.041015625
-73615 1157.0889892578125
-73605 1157.8570556640625
-73595 1158.5140380859375
-73585 1159.219970703125
-73575 1160.5589599609375
-73565 1159.5050048828125
-73555 1160.6209716796875
-73545 1161.10400390625
-73535 1161.2650146484375
-73525 1160.074951171875
-73515 1158.2039794921875
-73505 1157.31201171875
-73495 1155.093994140625
-73485 1153.990966796875
-73475 1152.5909423828125
-73465 1150.8060302734375
-73455 1149.5799560546875
-73445 1150.4840087890625
-73435 1151.0909423828125
-73425 1151.574951171875
-73415 1153.011962890625
-73405 1154.5860595703125
-73395 1156.39501953125
-73385 1158.7490234375
-73375 1159.9139404296875
-73365 1161.35205078125
-73355 1163
-73345 1163.135986328125
-73335 1163.9169921875
-73325 1163.4949951171875
-73315 1165.6639404296875
-73305 1170.012939453125
-73295 1171.7110595703125
-73285 1172.1080322265625
-73275 1172.14501953125
-73265 1170.2860107421875
-73255 1166.6429443359375
-73245 1165.5030517578125
-73235 1166.0360107421875
-73225 1169.5670166015625
-73215 1172.1080322265625
-73205 1166.803955078125
-73195 1165.7760009765625
-73185 1166.4940185546875
-73175 1163.4210205078125
-73165 1166.0849609375
-73155 1171.6739501953125
-73145 1173.446044921875
-73135 1176.4200439453125
-73125 1181.3389892578125
-73115 1182.3680419921875
-73105 1182.2559814453125
-73095 1179.9139404296875
-73085 1171.364013671875
-73075 1177.2750244140625
-73065 1182.5040283203125
-73055 1188.427001953125
-73045 1194.7469482421875
-73035 1196.7550048828125
-73025 1191.2779541015625
-73015 1185.6519775390625
-73005 1178.7869873046875
-72995 1180.0999755859375
-72985 1182.032958984375
-72975 1185.9239501953125
-72965 1189.93896484375
-72955 1193.532958984375
-72945 1193.2850341796875
-72935 1189.60498046875
-72925 1192.949951171875
-72915 1197.3489990234375
-72905 1202.4549560546875
-72895 1206.18505859375
-72885 1207.0889892578125
-72875 1208.365966796875
-72865 1209.2950439453125
-72855 1210.0880126953125
-72845 1209.6920166015625
-72835 1205.9239501953125
-72825 1202.35595703125
-72815 1206.27099609375
-72805 1212.7149658203125
-72795 1214.0660400390625
-72785 1211.2900390625
-72775 1210.199951171875
-72765 1208.1429443359375
-72755 1205.2060546875
-72745 1205.9990234375
-72735 1208.0679931640625
-72725 1214.4129638671875
-72715 1218.552001953125
-72705 1213.905029296875
-72695 1206.718017578125
-72685 1203.073974609375
-72675 1199.406005859375
-72665 1196.208984375
-72655 1192.949951171875
-72645 1189.0350341796875
-72635 1186.0849609375
-72625 1191.5009765625
-72615 1191.9840087890625
-72605 1191.2650146484375
-72595 1193.7559814453125
-72585 1200.175048828125
-72575 1206.85400390625
-72565 1213.6939697265625
-72555 1220.719970703125
-72545 1226.904052734375
-72535 1227.2130126953125
-72525 1222.8389892578125
-72515 1218.5389404296875
-72505 1215.0059814453125
-72495 1212.02099609375
-72485 1209.822998046875
-72475 1214.6209716796875
-72465 1221.0150146484375
-72455 1227.26904296875
-72445 1231.4100341796875
-72435 1231.20703125
-72425 1227.0699462890625
-72415 1219.490966796875
-72405 1218.6390380859375
-72395 1220.1510009765625
-72385 1219.5400390625
-72375 1218.5810546875
-72365 1217.0760498046875
-72355 1219.0560302734375
-72345 1225.626953125
-72335 1232.133056640625
-72325 1238.623046875
-72315 1243.802001953125
-72305 1246.3680419921875
-72295 1248.4300537109375
-72285 1249.9189453125
-72275 1252.125
-72265 1256.0469970703125
-72255 1259.97802734375
-72245 1261.218017578125
-72235 1262.925048828125
-72225 1264.4530029296875
-72215 1262.633056640625
-72205 1260
-72195 1260.77294921875
-72185 1253.052001953125
-72175 1245.822998046875
-72165 1238.27001953125
-72155 1228.3890380859375
-72145 1221.6729736328125
-72135 1217.134033203125
-72125 1210.9100341796875
-72115 1210.20703125
-72105 1207.52001953125
-72095 1208.4620361328125
-72085 1209.2569580078125
-72075 1209.85498046875
-72065 1208.5159912109375
-72055 1210.322021484375
-72045 1216.1090087890625
-72035 1223.8330078125
-72025 1230.9730224609375
-72015 1239.010986328125
-72005 1247.615966796875
-71995 1254.0579833984375
-71985 1253.0269775390625
-71975 1247.802001953125
-71965 1249.35595703125
-71955 1254.93603515625
-71945 1253.9849853515625
-71935 1246.56201171875
-71925 1237.6099853515625
-71915 1229.4210205078125
-71905 1222.446044921875
-71895 1214.1619873046875
-71885 1206.7230224609375
-71875 1203.4210205078125
-71865 1209.7159423828125
-71855 1219.2919921875
-71845 1227.4219970703125
-71835 1233.6300048828125
-71825 1226.4580078125
-71815 1213.791015625
-71805 1213.051025390625
-71795 1221.1839599609375
-71785 1231.2650146484375
-71775 1240.7879638671875
-71765 1250.1949462890625
-71755 1259.052001953125
-71745 1263.3499755859375
-71735 1269.7449951171875
-71725 1276.5069580078125
-71715 1280.508056640625
-71705 1280.8389892578125
-71695 1280.18603515625
-71685 1277.5689697265625
-71675 1276.1300048828125
-71665 1272.6259765625
-71655 1269.4129638671875
-71645 1262.3509521484375
-71635 1249.5889892578125
-71625 1239.531982421875
-71615 1236.5389404296875
-71605 1238.9200439453125
-71595 1240.0899658203125
-71585 1243.751953125
-71575 1250.0880126953125
-71565 1258.4859619140625
-71555 1267.302978515625
-71545 1274.85595703125
-71535 1284.010986328125
-71525 1292.45703125
-71515 1297.6190185546875
-71505 1298.384033203125
-71495 1300.4930419921875
-71485 1299.7359619140625
-71475 1295.1629638671875
-71465 1291.2900390625
-71455 1292.1429443359375
-71445 1299.115966796875
-71435 1303.72998046875
-71425 1302.3690185546875
-71415 1303.7220458984375
-71405 1307.6669921875
-71395 1309.27001953125
-71385 1309.68798828125
-71375 1309.447021484375
-71365 1310.010009765625
-71355 1308.0780029296875
-71345 1305.550048828125
-71335 1301.8299560546875
-71325 1301.0889892578125
-71315 1297.0069580078125
-71305 1289.5179443359375
-71295 1283.884033203125
-71285 1279.01904296875
-71275 1280.08203125
-71265 1278.987060546875
-71255 1276.626953125
-71245 1271.6209716796875
-71235 1267.7860107421875
-71225 1265.1209716796875
-71215 1263.719970703125
-71205 1263.8170166015625
-71195 1263.9620361328125
-71185 1263.9859619140625
-71175 1262.988037109375
-71165 1263.302001953125
-71155 1262.843017578125
-71145 1262.1180419921875
-71135 1261.0870361328125
-71125 1255.1629638671875
-71115 1251.1590576171875
-71105 1252.1090087890625
-71095 1253.8160400390625
-71085 1259.10595703125
-71075 1261.1939697265625
-71065 1264.2679443359375
-71055 1267.0699462890625
-71045 1270.4029541015625
-71035 1274.14697265625
-71025 1274.7430419921875
-71015 1279.4129638671875
-71005 1289.1400146484375
-70995 1290.22705078125
-70985 1282.126953125
-70975 1274.1639404296875
-70965 1267.2230224609375
-70955 1261.4659423828125
-70945 1256.5860595703125
-70935 1253.052001953125
-70925 1252.2239990234375
-70915 1253.2130126953125
-70905 1257.593017578125
-70895 1262.9630126953125
-70885 1270.032958984375
-70875 1277.030029296875
-70865 1280.68603515625
-70855 1273.9300537109375
-70845 1272.1829833984375
-70835 1274.7110595703125
-70825 1275.9029541015625
-70815 1272.738037109375
-70805 1266.112060546875
-70795 1259.7989501953125
-70785 1256.698974609375
-70775 1254.33203125
-70765 1255.113037109375
-70755 1251.6590576171875
-70745 1248.7679443359375
-70735 1244.7259521484375
-70725 1243.8800048828125
-70715 1252.8909912109375
-70705 1256.8780517578125
-70695 1261.239990234375
-70685 1263.239013671875
-70675 1259.7989501953125
-70665 1258.801025390625
-70655 1260.5980224609375
-70645 1265.0889892578125
-70635 1271.531005859375
-70625 1278.64794921875
-70615 1282.4990234375
-70605 1273.9300537109375
-70595 1266.3289794921875
-70585 1258.237060546875
-70575 1252.9229736328125
-70565 1250.6280517578125
-70555 1251.6510009765625
-70545 1257.4739990234375
-70535 1261.6929931640625
-70525 1266.35302734375
-70515 1271.009033203125
-70505 1279.5260009765625
-70495 1287.73095703125
-70485 1294.6400146484375
-70475 1295.6619873046875
-70465 1298.3270263671875
-70455 1298.6820068359375
-70445 1288.7130126953125
-70435 1283.093017578125
-70425 1279.3170166015625
-70415 1276.1600341796875
-70405 1272.1910400390625
-70395 1265.0570068359375
-70385 1256.77099609375
-70375 1249.4139404296875
-70365 1242.0279541015625
-70355 1236.7220458984375
-70345 1233.678955078125
-70335 1241.1190185546875
-70325 1249.8809814453125
-70315 1258.197021484375
-70305 1265.2020263671875
-70295 1273.197021484375
-70285 1278.8499755859375
-70275 1285.654052734375
-70265 1287.530029296875
-70255 1288.3590087890625
-70245 1290.0179443359375
-70235 1292.27197265625
-70225 1290.4530029296875
-70215 1286.6920166015625
-70205 1284.22802734375
-70195 1282.35205078125
-70185 1282.0780029296875
-70175 1283.3179931640625
-70165 1285.322998046875
-70155 1286.6280517578125
-70145 1285.35595703125
-70135 1284.3590087890625
-70125 1285.613037109375
-70115 1285.291015625
-70105 1284.719970703125
-70095 1284.5670166015625
-70085 1284.6390380859375
-70075 1284.8399658203125
-70065 1285.0899658203125
-70055 1285.9599609375
-70045 1287.4329833984375
-70035 1286.218994140625
-70025 1284.14794921875
-70015 1284.9610595703125
-70005 1285.8690185546875
-69995 1287.41796875
-69985 1287.9720458984375
-69975 1288.281982421875
-69965 1290.7509765625
-69955 1291.2989501953125
-69945 1292.2779541015625
-69935 1291.6300048828125
-69925 1290.18994140625
-69915 1289.1669921875
-69905 1290.8160400390625
-69895 1293.8480224609375
-69885 1293.1280517578125
-69875 1294.1070556640625
-69865 1291.947021484375
-69855 1289.2679443359375
-69845 1286.6109619140625
-69835 1282.9320068359375
-69825 1279.468017578125
-69815 1277.76904296875
-69805 1278.0059814453125
-69795 1278.7979736328125
-69785 1283.508056640625
-69775 1288.1590576171875
-69765 1291.9110107421875
-69755 1294.2869873046875
-69745 1296.0799560546875
-69735 1297.512939453125
-69725 1299.7879638671875
-69715 1299.7020263671875
-69705 1301.0140380859375
-69695 1302.66796875
-69685 1303.4029541015625
-69675 1304.051025390625
-69665 1304.3389892578125
-69655 1304.260009765625
-69645 1305.260009765625
-69635 1306.7239990234375
-69625 1307.4930419921875
-69615 1308.5579833984375
-69605 1309.68896484375
-69595 1310.8909912109375
-69585 1311.281982421875
-69575 1312.10302734375
-69565 1313.1390380859375
-69555 1313.822998046875
-69545 1309.8909912109375
-69535 1308.8699951171875
-69525 1308.373046875
-69515 1309.5810546875
-69505 1312.468017578125
-69495 1314.9169921875
-69485 1318.4610595703125
-69475 1321.698974609375
-69465 1323.7239990234375
-69455 1324.9320068359375
-69445 1325.717041015625
-69435 1327.029052734375
-69425 1328.2659912109375
-69415 1330.3470458984375
-69405 1331.14697265625
-69395 1331.3990478515625
-69385 1330.449951171875
-69375 1331.0030517578125
-69365 1331.470947265625
-69355 1332.4429931640625
-69345 1333.791015625
-69335 1335.677001953125
-69325 1338.9659423828125
-69315 1341.991943359375
-69305 1344.0009765625
-69295 1345.4630126953125
-69285 1346.31201171875
-69275 1347.623046875
-69265 1348.3929443359375
-69255 1349.6300048828125
-69245 1350.4019775390625
-69235 1350.8780517578125
-69225 1351.050048828125
-69215 1348.9100341796875
-69205 1347.1689453125
-69195 1345.4119873046875
-69185 1345.4200439453125
-69175 1348.06201171875
-69165 1350.071044921875
-69155 1352.1810302734375
-69145 1355.6300048828125
-69135 1357.7469482421875
-69125 1358.4019775390625
-69115 1357.509033203125
-69105 1354.780029296875
-69095 1353.0880126953125
-69085 1353.052001953125
-69075 1352.97998046875
-69065 1353.116943359375
-69055 1355.7879638671875
-69045 1361.281982421875
-69035 1364.321044921875
-69025 1363.989990234375
-69015 1365.300048828125
-69005 1363.8389892578125
-68995 1361.8299560546875
-68985 1362.9169921875
-68975 1366.199951171875
-68965 1366.3370361328125
-68955 1366.4520263671875
-68945 1365.488037109375
-68935 1366.510009765625
-68925 1366.58203125
-68915 1366.488037109375
-68905 1366.0999755859375
-68895 1366.0780029296875
-68885 1365.041015625
-68875 1364.9189453125
-68865 1364.3709716796875
-68855 1364.2130126953125
-68845 1363.3709716796875
-68835 1363.0179443359375
-68825 1362.4420166015625
-68815 1361.801025390625
-68805 1361.886962890625
-68795 1361.3900146484375
-68785 1360.5699462890625
-68775 1359.906982421875
-68765 1358.876953125
-68755 1357.6319580078125
-68745 1356.5589599609375
-68735 1355.2249755859375
-68725 1352.5989990234375
-68715 1351.64794921875
-68705 1351.634033203125
-68695 1349.3289794921875
-68685 1348.198974609375
-68675 1347.7530517578125
-68665 1346.989013671875
-68655 1345.1669921875
-68645 1343.9000244140625
-68635 1342.762939453125
-68625 1341.488037109375
-68615 1339.81005859375
-68605 1337.41796875
-68595 1333.5880126953125
-68585 1328.050048828125
-68575 1322.9599609375
-68565 1316.8890380859375
-68555 1305.512939453125
-68545 1293.7110595703125
-68535 1278.1290283203125
-68525 1265.031005859375
-68515 1254.9930419921875
-68505 1248.1600341796875
-68495 1241.0679931640625
-68485 1234.428955078125
-68475 1230.3310546875
-68465 1223.1600341796875
-68455 1216.10205078125
-68445 1211.4000244140625
-68435 1206.178955078125
-68425 1203.2490234375
-68415 1201.3409423828125
-68405 1200.281982421875
-68395 1202.9969482421875
-68385 1203.112060546875
-68375 1207.5469970703125
-68365 1214.2530517578125
-68355 1221.1490478515625
-68345 1225.5269775390625
-68335 1229.2869873046875
-68325 1227.6669921875
-68315 1232.8370361328125
-68305 1240.8280029296875
-68295 1243.1920166015625
-68285 1243.14794921875
-68275 1243.448974609375
-68265 1243.968994140625
-68255 1245.81298828125
-68245 1250.1190185546875
-68235 1249.511962890625
-68225 1242.8599853515625
-68215 1235.8690185546875
-68205 1227.862060546875
-68195 1220.8690185546875
-68185 1217.822998046875
-68175 1220.9119873046875
-68165 1227.93896484375
-68155 1236.5379638671875
-68145 1245.3089599609375
-68135 1248.137939453125
-68125 1251.572998046875
-68115 1251.6519775390625
-68105 1254.81298828125
-68095 1258.9320068359375
-68085 1263.41796875
-68075 1267.7669677734375
-68065 1271.56201171875
-68055 1274.47802734375
-68045 1277.6610107421875
-68035 1278.18603515625
-68025 1277.739990234375
-68015 1277.114013671875
-68005 1275.449951171875
-67995 1272.7569580078125
-67985 1270.7989501953125
-67975 1268.6600341796875
-67965 1269.1070556640625
-67955 1272.907958984375
-67945 1274.9969482421875
-67935 1275.2989501953125
-67925 1275.31298828125
-67915 1275.8389892578125
-67905 1275.989990234375
-67895 1276.241943359375
-67885 1276.760986328125
-67875 1278.2220458984375
-67865 1278.8780517578125
-67855 1279.302001953125
-67845 1279
-67835 1276.2139892578125
-67825 1277.156982421875
-67815 1278.157958984375
-67805 1279.8070068359375
-67795 1282.2120361328125
-67785 1282.376953125
-67775 1284.6309814453125
-67765 1285.760986328125
-67755 1286.8699951171875
-67745 1287.7919921875
-67735 1288.6700439453125
-67725 1290.2979736328125
-67715 1291.6820068359375
-67705 1292.126953125
-67695 1292.508056640625
-67685 1293.8709716796875
-67675 1294.467041015625
-67665 1295.0860595703125
-67655 1295.97900390625
-67645 1297.116943359375
-67635 1298.5780029296875
-67625 1299.248046875
-67615 1298.3260498046875
-67605 1298.2130126953125
-67595 1298.001953125
-67585 1297.72900390625
-67575 1298.2490234375
-67565 1294.18603515625
-67555 1289.4210205078125
-67545 1294.6180419921875
-67535 1300.551025390625
-67525 1303.81494140625
-67515 1306.052978515625
-67505 1308.947021484375
-67495 1309.8370361328125
-67485 1312.1929931640625
-67475 1314.2359619140625
-67465 1315.9329833984375
-67455 1317.011962890625
-67445 1318.18994140625
-67435 1319.6240234375
-67425 1320.1259765625
-67415 1321.1719970703125
-67405 1321.6669921875
-67395 1322.5570068359375
-67385 1323.635986328125
-67375 1325.595947265625
-67365 1326.7349853515625
-67355 1326.6839599609375
-67345 1328.907958984375
-67335 1329.616943359375
-67325 1330.637939453125
-67315 1331.7259521484375
-67305 1333.291015625
-67295 1333.6700439453125
-67285 1334.4530029296875
-67275 1335.22705078125
-67265 1336.1409912109375
-67255 1336.8330078125
-67245 1337.1400146484375
-67235 1338.2850341796875
-67225 1338.217041015625
-67215 1338.8599853515625
-67205 1338.9840087890625
-67195 1340.541015625
-67185 1340.491943359375
-67175 1339.8489990234375
-67165 1339.75
-67155 1339.9739990234375
-67145 1339.8900146484375
-67135 1339.4219970703125
-67125 1339.1240234375
-67115 1338.6639404296875
-67105 1338.1510009765625
-67095 1337.8709716796875
-67085 1337.3609619140625
-67075 1336.7760009765625
-67065 1336.2569580078125
-67055 1335.4329833984375
-67045 1334.6829833984375
-67035 1333.843017578125
-67025 1333.217041015625
-67015 1332.458984375
-67005 1331.60205078125
-66995 1331.1080322265625
-66985 1330.8189697265625
-66975 1329.822998046875
-66965 1329.0240478515625
-66955 1328.1190185546875
-66945 1327.06298828125
-66935 1325.5469970703125
-66925 1324.261962890625
-66915 1323.916015625
-66905 1323.7679443359375
-66895 1323.4129638671875
-66885 1320.208984375
-66875 1316.6500244140625
-66865 1313.032958984375
-66855 1310.364013671875
-66845 1308.1070556640625
-66835 1306.376953125
-66825 1305.0589599609375
-66815 1302.010009765625
-66805 1300.5689697265625
-66795 1298.781005859375
-66785 1296.60595703125
-66775 1295.2220458984375
-66765 1293.6820068359375
-66755 1290.27099609375
-66745 1288.5489501953125
-66735 1287.6839599609375
-66725 1285.968994140625
-66715 1284.64404296875
-66705 1282.928955078125
-66695 1280.8199462890625
-66685 1278.6629638671875
-66675 1276.25
-66665 1274.0579833984375
-66655 1274.759033203125
-66645 1273.3480224609375
-66635 1270.29296875
-66625 1267.58203125
-66615 1266.010009765625
-66605 1264.70703125
-66595 1263.0589599609375
-66585 1259.0389404296875
-66575 1255.989990234375
-66565 1256.60205078125
-66555 1258.98095703125
-66545 1259.822998046875
-66535 1258.8990478515625
-66525 1257.8360595703125
-66515 1255.0179443359375
-66505 1247.1259765625
-66495 1239.3079833984375
-66485 1231.696044921875
-66475 1222.822998046875
-66465 1215.780029296875
-66455 1210.22705078125
-66445 1205.4239501953125
-66435 1201.7979736328125
-66425 1198.56201171875
-66415 1194.155029296875
-66405 1185.9580078125
-66395 1178.6820068359375
-66385 1172.4300537109375
-66375 1168.1290283203125
-66365 1162.3699951171875
-66355 1159.75
-66345 1155.9029541015625
-66335 1151.5699462890625
-66325 1147.4840087890625
-66315 1148.52197265625
-66305 1152.27001953125
-66295 1151.0179443359375
-66285 1142.071044921875
-66275 1133.3310546875
-66265 1131.14697265625
-66255 1130.323974609375
-66245 1132.64697265625
-66235 1141.5439453125
-66225 1146.3470458984375
-66215 1142.508056640625
-66205 1142.1700439453125
-66195 1141.9229736328125
-66185 1144.8719482421875
-66175 1143.39794921875
-66165 1138.760009765625
-66155 1134.4510498046875
-66145 1129.0140380859375
-66135 1126.8389892578125
-66125 1128.6839599609375
-66115 1128.5260009765625
-66105 1128.2889404296875
-66095 1115.6839599609375
-66085 1105.3370361328125
-66075 1104.9990234375
-66065 1103.1529541015625
-66055 1106.365966796875
-66045 1115.0340576171875
-66035 1123.27001953125
-66025 1131.7320556640625
-66015 1144.7979736328125
-66005 1154.43701171875
-65995 1162.3389892578125
-65985 1179.56298828125
-65975 1188.0909423828125
-65965 1192.8759765625
-65955 1200.637939453125
-65945 1210.3590087890625
-65935 1223.81201171875
-65925 1236.384033203125
-65915 1241.3270263671875
-65905 1239.3819580078125
-65895 1237.7679443359375
-65885 1239.0360107421875
-65875 1240.469970703125
-65865 1241.7469482421875
-65855 1242.8089599609375
-65845 1243.97900390625
-65835 1245.9730224609375
-65825 1247.282958984375
-65815 1247.199951171875
-65805 1248.362060546875
-65795 1249.7459716796875
-65785 1251.114013671875
-65775 1253.2490234375
-65765 1254.2110595703125
-65755 1254.1700439453125
-65745 1254.85400390625
-65735 1255.7099609375
-65725 1257.2939453125
-65715 1259.0469970703125
-65705 1260.636962890625
-65695 1261.740966796875
-65685 1263.0679931640625
-65675 1264.56005859375
-65665 1265.64599609375
-65655 1267.302001953125
-65645 1268.6290283203125
-65635 1270.3409423828125
-65625 1271.7669677734375
-65615 1273.31494140625
-65605 1275.012939453125
-65595 1276.115966796875
-65585 1277.321044921875
-65575 1278.56494140625
-65565 1280.5159912109375
-65555 1282.5179443359375
-65545 1284.512939453125
-65535 1285.887939453125
-65525 1287.698974609375
-65515 1288.8289794921875
-65505 1286.7530517578125
-65495 1286.3990478515625
-65485 1285.9300537109375
-65475 1286.5389404296875
-65465 1288.2120361328125
-65455 1289.741943359375
-65445 1290.6669921875
-65435 1292.281005859375
-65425 1293.8709716796875
-65415 1295.47802734375
-65405 1296.81201171875
-65395 1297.8499755859375
-65385 1298.9620361328125
-65375 1297.864990234375
-65365 1296.366943359375
-65355 1298.114013671875
-65345 1301.3759765625
-65335 1305.198974609375
-65325 1308.9639892578125
-65315 1311.376953125
-65305 1313.363037109375
-65295 1315.760009765625
-65285 1317.06201171875
-65275 1317.2509765625
-65265 1318.8330078125
-65255 1319.97802734375
-65245 1322.64697265625
-65235 1324.39404296875
-65225 1323.9320068359375
-65215 1324.3690185546875
-65205 1326.6259765625
-65195 1329.0570068359375
-65185 1331.2230224609375
-65175 1335.2679443359375
-65165 1335.5069580078125
-65155 1336.3819580078125
-65145 1337.8380126953125
-65135 1338.760986328125
-65125 1339.08203125
-65115 1340.1290283203125
-65105 1341.3310546875
-65095 1342.47705078125
-65085 1343.011962890625
-65075 1343.5799560546875
-65065 1343.5059814453125
-65055 1343.02197265625
-65045 1342.6409912109375
-65035 1343.1619873046875
-65025 1343.43994140625
-65015 1343.802978515625
-65005 1341.6199951171875
-64995 1338.446044921875
-64985 1336.386962890625
-64975 1334.9429931640625
-64965 1336.373046875
-64955 1337.616943359375
-64945 1339.3330078125
-64935 1342.5340576171875
-64925 1344.6629638671875
-64915 1345.3489990234375
-64905 1345.3919677734375
-64895 1346.050048828125
-64885 1345.7349853515625
-64875 1345.3790283203125
-64865 1344.20703125
-64855 1344.0489501953125
-64845 1344.719970703125
-64835 1345.5350341796875
-64825 1345.93505859375
-64815 1346.593994140625
-64805 1350.5670166015625
-64795 1351.595947265625
-64785 1351.3380126953125
-64775 1350.93798828125
-64765 1346.2640380859375
-64755 1344.3349609375
-64745 1347.0360107421875
-64735 1348.0360107421875
-64725 1351.823974609375
-64715 1354.6259765625
-64705 1355.8260498046875
-64695 1356.655029296875
-64685 1358.18505859375
-64675 1361.81494140625
-64665 1365.1739501953125
-64655 1367.41796875
-64645 1368.7330322265625
-64635 1370.4200439453125
-64625 1371.8489990234375
-64615 1372.635009765625
-64605 1372.1639404296875
-64595 1372.9930419921875
-64585 1373.3070068359375
-64575 1372.906982421875
-64565 1373.593017578125
-64555 1375.2509765625
-64545 1376.822998046875
-64535 1379.2249755859375
-64525 1380.053955078125
-64515 1380.824951171875
-64505 1381.31103515625
-64495 1380.7110595703125
-64485 1378.866943359375
-64475 1376.1939697265625
-64465 1370.7060546875
-64455 1370.3330078125
-64445 1374.907958984375
-64435 1377.4949951171875
-64425 1384.741943359375
-64415 1392.3170166015625
-64405 1399.1920166015625
-64395 1403.2230224609375
-64385 1405.2239990234375
-64375 1406.7960205078125
-64365 1407.9539794921875
-64355 1407.0970458984375
-64345 1403.4229736328125
-64335 1400.322021484375
-64325 1406.9969482421875
-64315 1414.3580322265625
-64305 1420.175048828125
-64295 1423.47705078125
-64285 1425.93505859375
-64275 1429.0369873046875
-64265 1431.510009765625
-64255 1433.3680419921875
-64245 1435.2130126953125
-64235 1437.7840576171875
-64225 1439.970947265625
-64215 1441.258056640625
-64205 1442.4150390625
-64195 1443.60205078125
-64185 1445.5460205078125
-64175 1446.2459716796875
-64165 1447.0469970703125
-64155 1446.7459716796875
-64145 1443.60205078125
-64135 1439.800048828125
-64125 1435.8399658203125
-64115 1431.3809814453125
-64105 1427.1219482421875
-64095 1425.864013671875
-64085 1429.9659423828125
-64075 1435.282958984375
-64065 1442.2440185546875
-64055 1449.8909912109375
-64045 1455.9649658203125
-64035 1461.0400390625
-64025 1464.7850341796875
-64015 1465.0560302734375
-64005 1464.45703125
-63995 1463.197998046875
-63985 1463.740966796875
-63975 1464.1839599609375
-63965 1467.114013671875
-63955 1466.81396484375
-63945 1468.5439453125
-63935 1469.27294921875
-63925 1469.6590576171875
-63915 1470.072998046875
-63905 1471.7740478515625
-63895 1473.7750244140625
-63885 1475.9329833984375
-63875 1476.133056640625
-63865 1475.6619873046875
-63855 1475.218994140625
-63845 1477.5770263671875
-63835 1481.06494140625
-63825 1484.094970703125
-63815 1485.1669921875
-63805 1483.6519775390625
-63795 1483.322998046875
-63785 1485.35302734375
-63775 1487.425048828125
-63765 1489.16796875
-63755 1487.4539794921875
-63745 1482.364990234375
-63735 1480.135009765625
-63725 1478.490966796875
-63715 1476.3330078125
-63705 1475.489990234375
-63695 1475.7049560546875
-63685 1475.2760009765625
-63675 1475.8330078125
-63665 1478.10498046875
-63655 1480.635986328125
-63645 1481.5360107421875
-63635 1482.4940185546875
-63625 1484.2230224609375
-63615 1485.9959716796875
-63605 1487.2969970703125
-63595 1488.3690185546875
-63585 1486.7960205078125
-63575 1484.251953125
-63565 1483.737060546875
-63555 1481.6650390625
-63545 1476.56201171875
-63535 1469.873046875
-63525 1472.573974609375
-63515 1473.06005859375
-63505 1468.0579833984375
-63495 1463.72802734375
-63485 1462.0830078125
-63475 1463.511962890625
-63465 1464.885009765625
-63455 1467.029052734375
-63445 1469.31494140625
-63435 1470.9739990234375
-63425 1471.717041015625
-63415 1472.3310546875
-63405 1473.904052734375
-63395 1473.2330322265625
-63385 1472.0460205078125
-63375 1470.68798828125
-63365 1468.9580078125
-63355 1469.530029296875
-63345 1471.5450439453125
-63335 1472.489013671875
-63325 1475.031982421875
-63315 1479.2919921875
-63305 1482.2650146484375
-63295 1484.6519775390625
-63285 1486.696044921875
-63275 1488.0260009765625
-63265 1491.3699951171875
-63255 1494.385009765625
-63245 1495.7149658203125
-63235 1498.844970703125
-63225 1499.7750244140625
-63215 1502.032958984375
-63205 1504.47802734375
-63195 1506.9210205078125
-63185 1511.467041015625
-63175 1517.2840576171875
-63165 1523.3590087890625
-63155 1530.134033203125
-63145 1539.196044921875
-63135 1548.54296875
-63125 1557.60400390625
-63115 1558.7349853515625
-63105 1561.2650146484375
-63095 1568.0970458984375
-63085 1572.4849853515625
-63075 1569.0970458984375
-63065 1562.9510498046875
-63055 1557.2340087890625
-63045 1551.302001953125
-63035 1546.4849853515625
-63025 1540.052978515625
-63015 1533.3780517578125
-63005 1527.5040283203125
-62995 1521.657958984375
-62985 1515.6829833984375
-62975 1510.6949462890625
-62965 1507.9649658203125
-62955 1504.7060546875
-62945 1497.387939453125
-62935 1501.074951171875
-62925 1505.8349609375
-62915 1509.2080078125
-62905 1511.6240234375
-62895 1509.25
-62885 1505.9639892578125
-62875 1504.876953125
-62865 1504.0050048828125
-62855 1502.60498046875
-62845 1498.9739990234375
-62835 1493.68603515625
-62825 1491.156005859375
-62815 1489.656005859375
-62805 1487.9539794921875
-62795 1489.9119873046875
-62785 1492.9420166015625
-62775 1496.7159423828125
-62765 1502.3330078125
-62755 1508.7659912109375
-62745 1515.697021484375
-62735 1522.31396484375
-62725 1529.7049560546875
-62715 1536.093994140625
-62705 1542.6259765625
-62695 1548.7860107421875
-62685 1554.64697265625
-62675 1559.97802734375
-62665 1564.322998046875
-62655 1569.655029296875
-62645 1575.22900390625
-62635 1578.64501953125
-62625 1582.3470458984375
-62615 1585.134033203125
-62605 1587.720947265625
-62595 1589.6219482421875
-62585 1591.094970703125
-62575 1592.2669677734375
-62565 1592.7669677734375
-62555 1592.967041015625
-62545 1593.9959716796875
-62535 1593.7239990234375
-62525 1593.0240478515625
-62515 1592.5670166015625
-62505 1590.85595703125
-62495 1589.9859619140625
-62485 1588.197998046875
-62475 1585.9830322265625
-62465 1580.802001953125
-62455 1574.0279541015625
-62445 1567.5860595703125
-62435 1560.4339599609375
-62425 1553.6009521484375
-62415 1547.885986328125
-62405 1542.4150390625
-62395 1539.7779541015625
-62385 1533.884033203125
-62375 1529.2159423828125
-62365 1524.593994140625
-62355 1519.39599609375
-62345 1515.5770263671875
-62335 1512.333984375
-62325 1507.697021484375
-62315 1502.802001953125
-62305 1502.72705078125
-62295 1500.907958984375
-62285 1499.83203125
-62275 1497.5140380859375
-62265 1493.345947265625
-62255 1489.7850341796875
-62245 1484.2239990234375
-62235 1477.81298828125
-62225 1472.737060546875
-62215 1471.5830078125
-62205 1468.2490234375
-62195 1464.35595703125
-62185 1463.7659912109375
-62175 1462.4169921875
-62165 1462.7960205078125
-62155 1459.947021484375
-62145 1458.4300537109375
-62135 1452.4439697265625
-62125 1445.655029296875
-62115 1446.5810546875
-62105 1450.155029296875
-62095 1451.0970458984375
-62085 1445.093994140625
-62075 1436.9580078125
-62065 1427.0450439453125
-62055 1421.3929443359375
-62045 1422.1199951171875
-62035 1425.3780517578125
-62025 1432.833984375
-62015 1439.5780029296875
-62005 1447.9730224609375
-61995 1451.885009765625
-61985 1453.717041015625
-61975 1450.656005859375
-61965 1442.8380126953125
-61955 1448.322021484375
-61945 1453.1729736328125
-61935 1456.9599609375
-61925 1458.885986328125
-61915 1458.717041015625
-61905 1460.1719970703125
-61895 1460.4620361328125
-61885 1458.9139404296875
-61875 1455.9749755859375
-61865 1453.7490234375
-61855 1453.4759521484375
-61845 1455.6280517578125
-61835 1451.322021484375
-61825 1448.6700439453125
-61815 1441.9739990234375
-61805 1437.698974609375
-61795 1435.0789794921875
-61785 1443.6409912109375
-61775 1449.6419677734375
-61765 1453.1259765625
-61755 1457.416015625
-61745 1464.281005859375
-61735 1469.824951171875
-61725 1474.81298828125
-61715 1479.238037109375
-61705 1483.844970703125
-61695 1487.60302734375
-61685 1491.345947265625
-61675 1494.906982421875
-61665 1497.073974609375
-61655 1499.968994140625
-61645 1501.666015625
-61635 1502.8179931640625
-61625 1502.4990234375
-61615 1501.6510009765625
-61605 1499.3929443359375
-61595 1495.468017578125
-61585 1489.345947265625
-61575 1486.906005859375
-61565 1485.2840576171875
-61555 1482.7969970703125
-61545 1479.8590087890625
-61535 1474.676025390625
-61525 1470.7669677734375
-61515 1476.7960205078125
-61505 1482.843994140625
-61495 1484.0419921875
-61485 1486.406005859375
-61475 1492.239990234375
-61465 1494.345947265625
-61455 1495.3160400390625
-61445 1496.073974609375
-61435 1497.376953125
-61425 1497.862060546875
-61415 1498.1199951171875
-61405 1497.2259521484375
-61395 1496.6949462890625
-61385 1494.3160400390625
-61375 1490.208984375
-61365 1485.31494140625
-61355 1479.8590087890625
-61345 1473.0250244140625
-61335 1471.5400390625
-61325 1482.31396484375
-61315 1491.6939697265625
-61305 1498.802001953125
-61295 1503.697021484375
-61285 1508.89404296875
-61275 1512.7440185546875
-61265 1517.0169677734375
-61255 1522.18505859375
-61245 1528.094970703125
-61235 1535.717041015625
-61225 1540.0660400390625
-61215 1544.0059814453125
-61205 1547.7650146484375
-61195 1551.737060546875
-61185 1554.553955078125
-61175 1559.0240478515625
-61165 1562.873046875
-61155 1565.843994140625
-61145 1569.5560302734375
-61135 1571.43505859375
-61125 1573.4210205078125
-61115 1575.5570068359375
-61105 1576.407958984375
-61095 1576.196044921875
-61085 1576.8170166015625
-61075 1576.5570068359375
-61065 1577.2239990234375
-61055 1576.407958984375
-61045 1573.04296875
-61035 1567.7230224609375
-61025 1561.873046875
-61015 1556.5560302734375
-61005 1552.8280029296875
-60995 1548.35595703125
-60985 1542.279052734375
-60975 1536.762939453125
-60965 1534.56494140625
-60955 1531.7769775390625
-60945 1525.39697265625
-60935 1518.56298828125
-60925 1512.16796875
-60915 1504.0150146484375
-60905 1496.6800537109375
-60895 1487.31298828125
-60885 1488.81494140625
-60875 1484.5870361328125
-60865 1479.5860595703125
-60855 1477.70703125
-60845 1475.0550537109375
-60835 1472.8709716796875
-60825 1469.81005859375
-60815 1465.9630126953125
-60805 1465.58203125
-60795 1463.5679931640625
-60785 1455.06494140625
-60775 1451.1710205078125
-60765 1452.125
-60755 1446.384033203125
-60745 1444.0479736328125
-60735 1449.4730224609375
-60725 1446.9580078125
-60715 1439.45703125
-60705 1433.0460205078125
-60695 1431.6070556640625
-60685 1428.8489990234375
-60675 1428.364013671875
-60665 1436.85205078125
-60655 1443.654052734375
-60645 1440.9110107421875
-60635 1438.16796875
-60625 1434.89501953125
-60615 1437.0489501953125
-60605 1437.623046875
-60595 1436.2440185546875
-60585 1432.2430419921875
-60575 1428.7120361328125
-60565 1426.1510009765625
-60555 1421.77197265625
-60545 1415.998046875
-60535 1409.31494140625
-60525 1404.875
-60515 1401.0260009765625
-60505 1397.0400390625
-60495 1395.81298828125
-60485 1394.5849609375
-60475 1393.3580322265625
-60465 1388.14501953125
-60455 1383.9320068359375
-60445 1391.0689697265625
-60435 1398.6009521484375
-60425 1404.2989501953125
-60415 1408.708984375
-60405 1414.512939453125
-60395 1419.2860107421875
-60385 1422.9229736328125
-60375 1426.363037109375
-60365 1429.22802734375
-60355 1431.2130126953125
-60345 1434.803955078125
-60335 1439.9420166015625
-60325 1448.7760009765625
-60315 1457.156982421875
-60305 1464.583984375
-60295 1471.8709716796875
-60285 1477.449951171875
-60275 1483.9959716796875
-60265 1490.300048828125
-60255 1494.10400390625
-60245 1495.6949462890625
-60235 1492.906982421875
-60225 1492.9830322265625
-60215 1492.967041015625
-60205 1494.2860107421875
-60195 1490.967041015625
-60185 1491.0579833984375
-60175 1491.2099609375
-60165 1492.2230224609375
-60155 1494.2860107421875
-60145 1498.135009765625
-60135 1507.60595703125
-60125 1514.1529541015625
-60115 1522.1689453125
-60105 1528.383056640625
-60095 1533.1259765625
-60085 1536.822998046875
-60075 1539.9150390625
-60065 1541.612060546875
-60055 1546.0369873046875
-60045 1551.0379638671875
-60035 1560.509033203125
-60025 1565.406005859375
-60015 1571.9830322265625
-60005 1579.240966796875
-59995 1586.0570068359375
-59985 1591.907958984375
-59975 1597.677978515625
-59965 1602.677978515625
-59955 1608.04296875
-59945 1613.9320068359375
-59935 1620.3489990234375
-59925 1625.8590087890625
-59915 1630.9990234375
-59905 1637.2950439453125
-59895 1643.449951171875
-59885 1649.5030517578125
-59875 1654.8480224609375
-59865 1660.010009765625
-59855 1664.68701171875
-59845 1670.5789794921875
-59835 1677.157958984375
-59825 1683.7989501953125
-59815 1690.217041015625
-59805 1697.8089599609375
-59795 1704.0240478515625
-59785 1710.3809814453125
-59775 1718.3380126953125
-59765 1725.1610107421875
-59755 1729.8170166015625
-59745 1734.5550537109375
-59735 1740.1829833984375
-59725 1746.3380126953125
-59715 1754.9219970703125
-59705 1761.4610595703125
-59695 1769.2760009765625
-59685 1777.9610595703125
-59675 1786.8900146484375
-59665 1795.574951171875
-59655 1803.6529541015625
-59645 1811.2049560546875
-59635 1819.0400390625
-59625 1824.282958984375
-59615 1828.8590087890625
-59605 1831.592041015625
-59595 1835.012939453125
-59585 1838.5360107421875
-59575 1841.4110107421875
-59565 1843.8399658203125
-59555 1846.573974609375
-59545 1849.5699462890625
-59535 1851.676025390625
-59525 1853.6600341796875
-59515 1855.5830078125
-59505 1857.2230224609375
-59495 1857.405029296875
-59485 1855.0360107421875
-59475 1854.93505859375
-59465 1857.425048828125
-59455 1860.4219970703125
-59445 1857.8499755859375
-59435 1851.635009765625
-59425 1845.6419677734375
-59415 1841.6739501953125
-59405 1840.0550537109375
-59395 1838.030029296875
-59385 1836.22802734375
-59375 1834.9530029296875
-59365 1834.7099609375
-59355 1832.7049560546875
-59345 1828.2509765625
-59335 1824.4649658203125
-59325 1821.9549560546875
-59315 1818.0069580078125
-59305 1814.989990234375
-59295 1810.5770263671875
-59285 1808.95703125
-59275 1808.26904296875
-59265 1808.0260009765625
-59255 1808.18798828125
-59245 1809.302001953125
-59235 1811.9940185546875
-59225 1816.2249755859375
-59215 1817.4200439453125
-59205 1822.279052734375
-59195 1827.5830078125
-59185 1830.9439697265625
-59175 1833.8189697265625
-59165 1835.802978515625
-59155 1838.697998046875
-59145 1841.1280517578125
-59135 1841.0670166015625
-59125 1837.4019775390625
-59115 1831.612060546875
-59105 1826.3690185546875
-59095 1820.1939697265625
-59085 1814.363037109375
-59075 1806.345947265625
-59065 1798.85498046875
-59055 1791.7080078125
-59045 1783.7110595703125
-59035 1775.4310302734375
-59025 1765.2879638671875
-59015 1759.092041015625
-59005 1752.0469970703125
-58995 1745.06201171875
-58985 1738.4219970703125
-58975 1731.2750244140625
-58965 1726.5369873046875
-58955 1722.1240234375
-58945 1720.2010498046875
-58935 1717.5479736328125
-58925 1714.3499755859375
-58915 1710.0980224609375
-58905 1703.5789794921875
-58895 1698.5379638671875
-58885 1694.3470458984375
-58875 1690.6619873046875
-58865 1685.864013671875
-58855 1678.9639892578125
-58845 1671.7120361328125
-58835 1666.10400390625
-58825 1657.6820068359375
-58815 1652.782958984375
-58805 1653.0860595703125
-58795 1655.9820556640625
-58785 1659.60595703125
-58775 1658.0059814453125
-58765 1653.4510498046875
-58755 1648.2110595703125
-58745 1647.2559814453125
-58735 1644.54296875
-58725 1637.5579833984375
-58715 1631.5050048828125
-58705 1624.6009521484375
-58695 1624.6009521484375
-58685 1626.4840087890625
-58675 1624.52001953125
-58665 1622.616943359375
-58655 1623.81103515625
-58645 1625.1309814453125
-58635 1625.4310302734375
-58625 1624.9859619140625
-58615 1618.7740478515625
-58605 1611.239013671875
-58595 1602.7359619140625
-58585 1592.0489501953125
-58575 1581.60302734375
-58565 1574.39501953125
-58555 1567.529052734375
-58545 1561.47900390625
-58535 1559.10595703125
-58525 1562.7740478515625
-58515 1567.97705078125
-58505 1573.989990234375
-58495 1579.8780517578125
-58485 1586.927001953125
-58475 1592.26904296875
-58465 1596.2979736328125
-58455 1604.1929931640625
-58445 1606.52197265625
-58435 1610.0479736328125
-58425 1612.656005859375
-58415 1611.6070556640625
-58405 1611.282958984375
-58395 1608.241943359375
-58385 1602.97900390625
-58375 1599.135009765625
-58365 1596.47998046875
-58355 1597.614013671875
-58345 1596.3409423828125
-58335 1595.592041015625
-58325 1590.6729736328125
-58315 1588.9110107421875
-58305 1585.77001953125
-58295 1583.947998046875
-58285 1580.405029296875
-58275 1579.010986328125
-58265 1580.5670166015625
-58255 1585.14599609375
-58245 1591.4820556640625
-58235 1596.7669677734375
-58225 1604.7430419921875
-58215 1610.387939453125
-58205 1617.4739990234375
-58195 1624.4189453125
-58185 1631.9739990234375
-58175 1635.31103515625
-58165 1642.134033203125
-58155 1649.219970703125
-58145 1657.237060546875
-58135 1664.70703125
-58125 1669.66796875
-58115 1674.7490234375
-58105 1680.3780517578125
-58095 1684.9940185546875
-58085 1689.3060302734375
-58075 1694.529052734375
-58065 1699.468994140625
-58055 1703.9639892578125
-58045 1708.43798828125
-58035 1712.77099609375
-58025 1719.18798828125
-58015 1725.5450439453125
-58005 1731.5179443359375
-57995 1737.3280029296875
-57985 1742.81494140625
-57975 1747.89697265625
-57965 1753.1199951171875
-57955 1758.8489990234375
-57945 1764.5179443359375
-57935 1768.6080322265625
-57925 1769.6810302734375
-57915 1772.3740234375
-57905 1780.876953125
-57895 1788.3680419921875
-57885 1792.6390380859375
-57875 1800.4949951171875
-57865 1805.718017578125
-57855 1808.0670166015625
-57845 1811.9940185546875
-57835 1818.573974609375
-57825 1823.5340576171875
-57815 1831.612060546875
-57805 1838.697998046875
-57795 1845.7230224609375
-57785 1847.363037109375
-57775 1848.031005859375
-57765 1854.0040283203125
-57755 1863.51904296875
-57745 1870.4840087890625
-57735 1872.14404296875
-57725 1879.89794921875
-57715 1883.116943359375
-57705 1887.448974609375
-57695 1891.5999755859375
-57685 1900.6090087890625
-57675 1906.7640380859375
-57665 1910.6710205078125
-57655 1917.635986328125
-57645 1923.446044921875
-57635 1930.7550048828125
-57625 1935.654052734375
-57615 1941.5860595703125
-57605 1945.93896484375
-57595 1952.2760009765625
-57585 1957.9239501953125
-57575 1964.5849609375
-57565 1971.14501953125
-57555 1978.4129638671875
-57545 1984.6080322265625
-57535 1989.3050537109375
-57525 1994.14404296875
-57515 2000.7440185546875
-57505 2007.0770263671875
-57495 2012.8499755859375
-57485 2020.095947265625
-57475 2026.751953125
-57465 2033.97802734375
-57455 2040.968994140625
-57445 2046.8590087890625
-57435 2052.593017578125
-57425 2064.962890625
-57415 2075.3310546875
-57405 2087.485107421875
-57395 2095.81103515625
-57385 2103.114990234375
-57375 2121.06201171875
-57365 2132.412109375
-57355 2152.695068359375
-57345 2170.610107421875
-57335 2192.208984375
-57325 2199.866943359375
-57315 2209.508056640625
-57305 2215.693115234375
-57295 2213.02197265625
-57285 2226.72802734375
-57275 2224.469970703125
-57265 2239.117919921875
-57255 2253.177001953125
-57245 2265.97998046875
-57235 2270.634033203125
-57225 2268.02197265625
-57215 2270.06396484375
-57205 2270.673095703125
-57195 2267.31494140625
-57185 2265.076904296875
-57175 2261.364990234375
-57165 2251.037109375
-57155 2244.989013671875
-57145 2237.842041015625
-57135 2224.549072265625
-57125 2220.679931640625
-57115 2213.3369140625
-57105 2164.5419921875
-57095 2131.2919921875
-57085 2135.218994140625
-57075 2114.97509765625
-57065 2100.660888671875
-57055 2089.742919921875
-57045 2080.867919921875
-57035 2068.929931640625
-57025 2067.10400390625
-57015 2060.91796875
-57005 2054.360107421875
-56995 2043.9329833984375
-56985 2037.4339599609375
-56975 2038.612060546875
-56965 2033.5069580078125
-56955 2028.009033203125
-56945 2025.0240478515625
-56935 2018.4659423828125
-56925 2006.6650390625
-56915 1950.468017578125
-56905 1938.5489501953125
-56895 1932.0689697265625
-56885 1925.4129638671875
-56875 1919.5550537109375
-56865 1912.60400390625
-56855 1905.031005859375
-56845 1896.678955078125
-56835 1890.1800537109375
-56825 1885.8800048828125
-56815 1883.365966796875
-56805 1881.1080322265625
-56795 1875.0799560546875
-56785 1869.2879638671875
-56775 1862.06201171875
-56765 1858.31103515625
-56755 1858.5469970703125
-56745 1863.9859619140625
-56735 1867.9329833984375
-56725 1870.072998046875
-56715 1872.6259765625
-56705 1874.7860107421875
-56695 1876.5140380859375
-56685 1880.0279541015625
-56675 1884.740966796875
-56665 1890.6510009765625
-56655 1895.5799560546875
-56645 1900.9010009765625
-56635 1906.928955078125
-56625 1911.7989501953125
-56615 1916.989013671875
-56605 1922.7230224609375
-56595 1927.154052734375
-56585 1931.656982421875
-56575 1935.93798828125
-56565 1940.2769775390625
-56555 1945.2449951171875
-56545 1949.133056640625
-56535 1953.31494140625
-56525 1957.77197265625
-56515 1961.89599609375
-56505 1966.5889892578125
-56495 1970.7509765625
-56485 1974.678955078125
-56475 1977.93798828125
-56465 1980.0980224609375
-56455 1982.8470458984375
-56445 1985.458984375
-56435 1981.571044921875
-56425 1977.113037109375
-56415 1980.9620361328125
-56405 1983.77001953125
-56395 1987.85400390625
-56385 1992.094970703125
-56375 1994.02001953125
-56365 1995.3160400390625
-56355 1997.947021484375
-56345 2000.8330078125
-56335 2003.56298828125
-56325 2006.095947265625
-56315 2008.8050537109375
-56305 2009.1590576171875
-56295 2007.0379638671875
-56285 2005.447998046875
-56275 2006.802001953125
-56265 2012.5159912109375
-56255 2014.7159423828125
-56245 2018.583984375
-56235 2023.531982421875
-56225 2025.5150146484375
-56215 2024.8480224609375
-56205 2019.761962890625
-56195 2017.6409912109375
-56185 2017.779052734375
-56175 2018.2889404296875
-56165 2019.5849609375
-56155 2020.489013671875
-56145 2022.2750244140625
-56135 2020.762939453125
-56125 2022.6090087890625
-56115 2027.458984375
-56105 2032.3289794921875
-56095 2036.510986328125
-56085 2038.2979736328125
-56075 2039.3780517578125
-56065 2040.5360107421875
-56055 2044.0909423828125
-56045 2045.56298828125
-56035 2045.7010498046875
-56025 2046.4859619140625
-56015 2048.2529296875
-56005 2050.0400390625
-55995 2052.867919921875
-55985 2056.89306640625
-55975 2061.3701171875
-55965 2067.7119140625
-55955 2074.506103515625
-55945 2081.594970703125
-55935 2087.347900390625
-55925 2093.631103515625
-55915 2100.326904296875
-55905 2108.43701171875
-55895 2109.044921875
-55885 2107.10107421875
-55875 2107.06201171875
-55865 2110.18408203125
-55855 2115.132080078125
-55845 2120.945068359375
-55835 2127.22802734375
-55825 2134.158935546875
-55815 2141.9150390625
-55805 2147.962890625
-55795 2154.580078125
-55785 2160.02587890625
-55775 2167.01611328125
-55765 2173.614013671875
-55755 2181.7041015625
-55745 2188.77197265625
-55735 2194.2119140625
-55725 2196.666015625
-55715 2204.4609375
-55705 2211.864013671875
-55695 2216.77294921875
-55685 2222.721923828125
-55675 2226.7080078125
-55665 2230.3798828125
-55655 2234.876953125
-55645 2231.716064453125
-55635 2230.43896484375
-55625 2229.85009765625
-55615 2229.301025390625
-55605 2229.221923828125
-55595 2228.77001953125
-55585 2228.1220703125
-55575 2227.886962890625
-55565 2225.60888671875
-55555 2223.01708984375
-55545 2219.9541015625
-55535 2216.7529296875
-55525 2213.0029296875
-55515 2211.451904296875
-55505 2208.6240234375
-55495 2205.541015625
-55485 2202.027099609375
-55475 2198.6298828125
-55465 2194.741943359375
-55455 2191.580078125
-55445 2189.243896484375
-55435 2187.240966796875
-55425 2184.39404296875
-55415 2181.5859375
-55405 2177.443115234375
-55395 2176.049072265625
-55385 2173.868896484375
-55375 2172.612060546875
-55365 2171.552001953125
-55355 2171.427978515625
-55345 2170.27587890625
-55335 2170.256103515625
-55325 2169.74609375
-55315 2168.095947265625
-55305 2166.34912109375
-55295 2164.385009765625
-55285 2161.14501953125
-55275 2157.708984375
-55265 2154.2919921875
-55255 2149.56005859375
-55245 2143.133056640625
-55235 2140.89404296875
-55225 2140.343994140625
-55215 2141.58203125
-55205 2142.446044921875
-55195 2139.85400390625
-55185 2136.77099609375
-55175 2129.839111328125
-55165 2119.157958984375
-55155 2107.592041015625
-55145 2096.06591796875
-55135 2087.347900390625
-55125 2086.306884765625
-55115 2080.887939453125
-55105 2073.56396484375
-55095 2068.18408203125
-55085 2063.01904296875
-55075 2061.055908203125
-55065 2054.614990234375
-55055 2048.802978515625
-55045 2044.52294921875
-55035 2041.262939453125
-55025 2039.240966796875
-55015 2039.2010498046875
-55005 2037.927001953125
-54995 2038.5250244140625
-54985 2039.1719970703125
-54975 2035.614990234375
-54965 2030.22998046875
-54955 2026.54296875
-54945 2023.843017578125
-54935 2024.2149658203125
-54925 2022.9539794921875
-54915 2018.89501953125
-54905 2014.384033203125
-54895 2010.0340576171875
-54885 2006.5899658203125
-54875 2002.8060302734375
-54865 1997.114013671875
-54855 1990.125
-54845 1984.177978515625
-54835 1991.583984375
-54825 1999.345947265625
-54815 2005.4090576171875
-54805 2012.75
-54795 2016.6639404296875
-54785 2022.614013671875
-54775 2028.468017578125
-54765 2033.56103515625
-54755 2036.7950439453125
-54745 2039.5279541015625
-54735 2042.843017578125
-54725 2045.9639892578125
-54715 2050.863037109375
-54705 2056.0048828125
-54695 2061.534912109375
-54685 2067.486083984375
-54675 2073.43603515625
-54665 2077.60791015625
-54655 2079.047119140625
-54645 2079.14404296875
-54635 2079.322021484375
-54625 2081.7958984375
-54615 2084.998046875
-54605 2088.652099609375
-54595 2093.9560546875
-54585 2099.7451171875
-54575 2106.180908203125
-54565 2113.425048828125
-54555 2120.1669921875
-54545 2126.8779296875
-54535 2134.639892578125
-54525 2142.7890625
-54515 2150.097900390625
-54505 2152.02197265625
-54495 2147.75390625
-54485 2142.20703125
-54475 2133.912109375
-54465 2126.44189453125
-54455 2118.777099609375
-54445 2110.69189453125
-54435 2105.194091796875
-54425 2098.5
-54415 2092.01611328125
-54405 2084.156982421875
-54395 2076.7509765625
-54385 2068.666015625
-54375 2060.905029296875
-54365 2053.77392578125
-54355 2047.386962890625
-54345 2040.85400390625
-54335 2035.5660400390625
-54325 2030.989990234375
-54315 2027.48095703125
-54305 2023.989013671875
-54295 2020.447021484375
-54285 2017.7960205078125
-54275 2015.4990234375
-54265 2012.4759521484375
-54255 2009.72705078125
-54245 2005.7650146484375
-54235 2001.1409912109375
-54225 1996.5479736328125
-54215 1991.8270263671875
-54205 1988.8349609375
-54195 1985.52001953125
-54185 1982.0570068359375
-54175 1977.77197265625
-54165 1973.926025390625
-54155 1969.948974609375
-54145 1965.85400390625
-54135 1961.6700439453125
-54125 1958.0770263671875
-54115 1953.905029296875
-54105 1949.7979736328125
-54095 1945.094970703125
-54085 1940.095947265625
-54075 1936.0849609375
-54065 1931.39599609375
-54055 1927.385986328125
-54045 1923.116943359375
-54035 1919.5760498046875
-54025 1916.0830078125
-54015 1912.6070556640625
-54005 1908.6610107421875
-53995 1904.5379638671875
-53985 1901.385009765625
-53975 1897.907958984375
-53965 1895.175048828125
-53955 1892.1519775390625
-53945 1889.8070068359375
-53935 1886.5570068359375
-53925 1883.4200439453125
-53915 1880.4449462890625
-53905 1878.01904296875
-53895 1876.9200439453125
-53885 1873.89599609375
-53875 1871.4539794921875
-53865 1865.843017578125
-53855 1859.3909912109375
-53845 1856.675048828125
-53835 1853.166015625
-53825 1850.448974609375
-53815 1847.2960205078125
-53805 1844.1429443359375
-53795 1842.4940185546875
-53785 1840.9580078125
-53775 1839.22705078125
-53765 1836.9639892578125
-53755 1834.9580078125
-53745 1832.4840087890625
-53735 1828.4420166015625
-53725 1828.0860595703125
-53715 1827.406982421875
-53705 1825.9029541015625
-53695 1825.1920166015625
-53685 1823.0570068359375
-53675 1820.697021484375
-53665 1819.322021484375
-53655 1816.572998046875
-53645 1814.633056640625
-53635 1813.35498046875
-53625 1813.258056640625
-53615 1813.387939453125
-53605 1815.1180419921875
-53595 1814.406005859375
-53585 1815.425048828125
-53575 1814.7950439453125
-53565 1815.7650146484375
-53555 1814.72998046875
-53545 1811.5439453125
-53535 1808.7950439453125
-53525 1806.6290283203125
-53515 1806.3050537109375
-53505 1805.4639892578125
-53495 1804.5909423828125
-53485 1802.9739990234375
-53475 1800.2740478515625
-53465 1795.5849609375
-53455 1792.884033203125
-53445 1790.362060546875
-53435 1789.1650390625
-53425 1788.5350341796875
-53415 1786.4000244140625
-53405 1789.1650390625
-53395 1790.8790283203125
-53385 1792.0269775390625
-53375 1793.449951171875
-53365 1795.95703125
-53355 1794.291015625
-53345 1794.2430419921875
-53335 1795.761962890625
-53325 1795.95703125
-53315 1796.280029296875
-53305 1798.0419921875
-53295 1798.656982421875
-53285 1798.7049560546875
-53275 1798.7049560546875
-53265 1798.18798828125
-53255 1798.8509521484375
-53245 1800.9210205078125
-53235 1803.9439697265625
-53225 1802.0360107421875
-53215 1802.343994140625
-53205 1803.135986328125
-53195 1805.593994140625
-53185 1808.552978515625
-53175 1814.470947265625
-53165 1817.6400146484375
-53155 1818.8370361328125
-53145 1821.052001953125
-53135 1823.8499755859375
-53125 1826.6629638671875
-53115 1829.47705078125
-53105 1832.4840087890625
-53095 1835.18505859375
-53085 1837.85302734375
-53075 1838.3699951171875
-53065 1838.031005859375
-53055 1835.0880126953125
-53045 1828.3929443359375
-53035 1817.8509521484375
-53025 1830.0269775390625
-53015 1842.7039794921875
-53005 1847.6519775390625
-52995 1848.4119873046875
-52985 1849.8349609375
-52975 1852.487060546875
-52965 1854.60498046875
-52955 1856.9659423828125
-52945 1860.0059814453125
-52935 1860.1839599609375
-52925 1859.7469482421875
-52915 1858.8740234375
-52905 1859.634033203125
-52895 1863.56298828125
-52885 1866.7159423828125
-52875 1867.3470458984375
-52865 1869.384033203125
-52855 1875.2060546875
-52845 1887.1070556640625
-52835 1894.9649658203125
-52825 1902.3709716796875
-52815 1906.6719970703125
-52805 1910.6180419921875
-52795 1915.06396484375
-52785 1919.301025390625
-52775 1921.5489501953125
-52765 1924.81494140625
-52755 1928.22705078125
-52745 1932.0589599609375
-52735 1936.1500244140625
-52725 1939.6949462890625
-52715 1943.31298828125
-52705 1947.0810546875
-52695 1952.2879638671875
-52685 1956.6080322265625
-52675 1959.677001953125
-52665 1961.52099609375
-52655 1962.89794921875
-52645 1964.4990234375
-52635 1964.968017578125
-52625 1963.739013671875
-52615 1956.864013671875
-52605 1951.333984375
-52595 1945.18896484375
-52585 1942.197998046875
-52575 1941.6829833984375
-52565 1938.9959716796875
-52555 1934.0159912109375
-52545 1923.5050048828125
-52535 1923.3919677734375
-52525 1928.9539794921875
-52515 1932.6409912109375
-52505 1938.0880126953125
-52495 1945.8699951171875
-52485 1952.801025390625
-52475 1956.02294921875
-52465 1957.7249755859375
-52455 1957.0570068359375
-52445 1950.2679443359375
-52435 1944.31005859375
-52425 1942.5870361328125
-52415 1943.376953125
-52405 1944.3699951171875
-52395 1944.3499755859375
-52385 1946.498046875
-52375 1946.2960205078125
-52365 1943.6409912109375
-52355 1943.822998046875
-52345 1948.8489990234375
-52335 1947.8759765625
-52325 1946.5589599609375
-52315 1949.2340087890625
-52305 1948.70703125
-52295 1951.5849609375
-52285 1952.6180419921875
-52275 1957.5830078125
-52265 1955.050048828125
-52255 1947.3900146484375
-52245 1944.4720458984375
-52235 1942.1610107421875
-52225 1940.6009521484375
-52215 1937.0140380859375
-52205 1936.487060546875
-52195 1956.79296875
-52185 1963.5009765625
-52175 1970.4520263671875
-52165 1973.531982421875
-52155 1981.4759521484375
-52145 1986.6639404296875
-52135 1992.217041015625
-52125 1997.6280517578125
-52115 2002.89697265625
-52105 2004.6600341796875
-52095 2000.364013671875
-52085 1997.5670166015625
-52075 1997.4449462890625
-52065 1998.762939453125
-52055 2007.2740478515625
-52045 2017.9739990234375
-52035 2019.1500244140625
-52025 2020.10205078125
-52015 2025.4930419921875
-52005 2032.281005859375
-51995 2027.39794921875
-51985 2021.803955078125
-51975 2019.5350341796875
-51965 2015.906982421875
-51955 2007.760009765625
-51945 2010.4959716796875
-51935 2027.032958984375
-51925 2021.824951171875
-51915 2023.9520263671875
-51905 2036.2740478515625
-51895 2040.6510009765625
-51885 2050.905029296875
-51875 2055.930908203125
-51865 2049.992919921875
-51855 2054.655029296875
-51845 2060.10595703125
-51835 2063.428955078125
-51825 2066.510009765625
-51815 2075.406005859375
-51805 2080.10791015625
-51795 2080.18896484375
-51785 2080.22900390625
-51775 2083.471923828125
-51765 2085.822998046875
-51755 2086.06591796875
-51745 2086.97802734375
-51735 2087.889892578125
-51725 2084.8701171875
-51715 2088.4169921875
-51705 2091.35498046875
-51695 2089.612060546875
-51685 2089.1259765625
-51675 2094.881103515625
-51665 2107.64794921875
-51655 2106.431884765625
-51645 2108.966064453125
-51635 2111.5390625
-51625 2120.658935546875
-51615 2125.381103515625
-51605 2123.29296875
-51595 2126.98095703125
-51585 2125.096923828125
-51575 2130.89306640625
-51565 2134.64208984375
-51555 2136.303955078125
-51545 2141.593017578125
-51535 2149.9619140625
-51525 2157.095947265625
-51515 2159.83203125
-51505 2160.217041015625
-51495 2158.493896484375
-51485 2161.797119140625
-51475 2168.364013671875
-51465 2176.14501953125
-51455 2193.27001953125
-51445 2206.948974609375
-51435 2212.115966796875
-51425 2223.52587890625
-51415 2237.468017578125
-51405 2246.14208984375
-51395 2250.032958984375
-51385 2251.93798828125
-51375 2251.97802734375
-51365 2252.0390625
-51355 2256.113037109375
-51345 2256.659912109375
-51335 2260.672119140625
-51325 2271.291015625
-51315 2281.180908203125
-51305 2284.09912109375
-51295 2287.666015625
-51285 2288.537109375
-51275 2288.780029296875
-51265 2292.590087890625
-51255 2299.35888671875
-51245 2298.7509765625
-51235 2308.093017578125
-51225 2313.827880859375
-51215 2315.73291015625
-51205 2321.14404296875
-51195 2331.56005859375
-51185 2343.577880859375
-51175 2348.906982421875
-51165 2350.386962890625
-51155 2348.01611328125
-51145 2347.530029296875
-51135 2350.549072265625
-51125 2354.47998046875
-51115 2356.385009765625
-51105 2355.554931640625
-51095 2362.830078125
-51085 2371.7060546875
-51075 2377.075927734375
-51065 2380.885986328125
-51055 2384.291015625
-51045 2388.81005859375
-51035 2384.3720703125
-51025 2385.992919921875
-51015 2386.946044921875
-51005 2403.826904296875
-50995 2412.39892578125
-50985 2414.323974609375
-50975 2416.81689453125
-50965 2430.616943359375
-50955 2437.406005859375
-50945 2447.3359375
-50935 2455.48291015625
-50925 2461.40087890625
-50915 2470.196044921875
-50905 2472.343994140625
-50895 2473.925048828125
-50885 2475.261962890625
-50875 2476.215087890625
-50865 2477.26806640625
-50855 2469.85107421875
-50845 2476.700927734375
-50835 2480.572021484375
-50825 2486.85400390625
-50815 2488.98193359375
-50805 2491.049072265625
-50795 2495.344970703125
-50785 2499.256103515625
-50775 2502.134033203125
-50765 2501.81005859375
-50755 2503.998046875
-50745 2504.72802734375
-50735 2504.8701171875
-50725 2504.52490234375
-50715 2506.368896484375
-50705 2509.875
-50695 2513.260009765625
-50685 2517.2109375
-50675 2521.344970703125
-50665 2523.594970703125
-50655 2529.06689453125
-50645 2535.633056640625
-50635 2543.718994140625
-50625 2564.22705078125
-50615 2566.2939453125
-50605 2559.180908203125
-50595 2558.8359375
-50585 2559.01904296875
-50575 2563.052001953125
-50565 2566.4560546875
-50555 2563.719970703125
-50545 2561.613037109375
-50535 2560.680908203125
-50525 2560.154052734375
-50515 2556.465087890625
-50505 2548.5009765625
-50495 2540.35400390625
-50485 2533.5859375
-50475 2525.196044921875
-50465 2516.52197265625
-50455 2506.673095703125
-50445 2501.76904296875
-50435 2473.376953125
-50425 2471.10791015625
-50415 2464.885986328125
-50405 2458.157958984375
-50395 2439.028076171875
-50385 2447.580078125
-50375 2447.376953125
-50365 2439.757080078125
-50355 2421.883056640625
-50345 2418.154052734375
-50335 2414.343994140625
-50325 2418.47900390625
-50315 2427.4970703125
-50305 2431.97509765625
-50295 2437.73095703125
-50285 2433.94091796875
-50275 2406.865966796875
-50265 2400.178955078125
-50255 2380.824951171875
-50245 2362.930908203125
-50235 2366.5791015625
-50225 2367.714111328125
-50215 2375.35400390625
-50205 2367.89599609375
-50195 2380.72412109375
-50185 2389.195068359375
-50175 2401.071044921875
-50165 2402.367919921875
-50155 2408.123046875
-50145 2409.014892578125
-50135 2411.0009765625
-50125 2405.2451171875
-50115 2395.760986328125
-50105 2385.568115234375
-50095 2363.134033203125
-50085 2348.44091796875
-50075 2349.9208984375
-50065 2366.3359375
-50055 2369.27392578125
-50045 2365.990966796875
-50035 2354.35888671875
-50025 2363.31591796875
-50015 2362.60693359375
-50005 2372.22705078125
-49995 2380.886962890625
-49985 2388.320068359375
-49975 2394.735107421875
-49965 2380.760009765625
-49955 2376.8701171875
-49945 2368.89208984375
-49935 2378.215087890625
-49925 2389.19189453125
-49915 2396.31591796875
-49905 2408.6201171875
-49895 2416.090087890625
-49885 2424.55908203125
-49875 2423.52197265625
-49865 2403.094970703125
-49855 2397.77001953125
-49845 2380.65087890625
-49835 2377.251953125
-49825 2374.470947265625
-49815 2375.452880859375
-49805 2376.597900390625
-49795 2378.596923828125
-49785 2381.3779296875
-49775 2380.2509765625
-49765 2380.83203125
-49755 2382.431884765625
-49745 2391.464111328125
-49735 2397.18896484375
-49725 2399.4599609375
-49715 2400.241943359375
-49705 2402.85888671875
-49695 2404.657958984375
-49685 2409.1650390625
-49675 2412.655029296875
-49665 2421.760009765625
-49655 2427.847900390625
-49645 2450.56494140625
-49635 2462.287109375
-49625 2462.215087890625
-49615 2453.27294921875
-49605 2450.238037109375
-49595 2458.70703125
-49585 2465.5400390625
-49575 2472.047119140625
-49565 2480.64306640625
-49555 2494.873046875
-49545 2499.6708984375
-49535 2501.361083984375
-49525 2497.672119140625
-49515 2494.964111328125
-49505 2490.31103515625
-49495 2485.64111328125
-49485 2486.712890625
-49475 2491.764892578125
-49465 2485.277099609375
-49455 2476.135986328125
-49445 2467.26708984375
-49435 2461.868896484375
-49425 2455.945068359375
-49415 2452.8369140625
-49405 2448.18408203125
-49395 2433.572998046875
-49385 2442.804931640625
-49375 2443.64111328125
-49365 2430.555908203125
-49355 2415.471923828125
-49345 2413.98095703125
-49335 2424.81298828125
-49325 2425.903076171875
-49315 2438.406982421875
-49305 2438.443115234375
-49295 2437.426025390625
-49285 2428.12109375
-49275 2420.56005859375
-49265 2416.580078125
-49255 2408.85595703125
-49245 2403.31298828125
-49235 2400.860107421875
-49225 2389.39208984375
-49215 2382.541015625
-49205 2380.633056640625
-49195 2376.925048828125
-49185 2373.39892578125
-49175 2366.675048828125
-49165 2358.3330078125
-49155 2351.863037109375
-49145 2346.864990234375
-49135 2341.39501953125
-49125 2336.451904296875
-49115 2337.23291015625
-49105 2333.81689453125
-49095 2327.4560546875
-49085 2325.969970703125
-49075 2320.076904296875
-49065 2310.19091796875
-49055 2302.448974609375
-49045 2300.449951171875
-49035 2294.652099609375
-49025 2285.837890625
-49015 2270.6630859375
-49005 2269.300048828125
-48995 2259.195068359375
-48985 2247.822998046875
-48975 2232.011962890625
-48965 2229.2451171875
-48955 2225.573974609375
-48945 2215.946044921875
-48935 2199.299072265625
-48925 2181.780029296875
-48915 2183.7060546875
-48905 2181.416015625
-48895 2180.87109375
-48885 2179.052978515625
-48875 2170.112060546875
-48865 2163.22412109375
-48855 2154.610107421875
-48845 2146.158935546875
-48835 2137.85400390625
-48825 2131.18408203125
-48815 2122.368896484375
-48805 2121.31494140625
-48795 2116.572021484375
-48785 2111.9189453125
-48775 2104.576904296875
-48765 2090.98291015625
-48755 2090.364990234375
-48745 2073.6640625
-48735 2076.299072265625
-48725 2073.35498046875
-48715 2070.5380859375
-48705 2063.885986328125
-48695 2057.179931640625
-48685 2052.41796875
-48675 2047.8389892578125
-48665 2037.625
-48655 2033.4090576171875
-48645 2023.81298828125
-48635 2013.0360107421875
-48625 2015.761962890625
-48615 2008.6920166015625
-48605 2006.530029296875
-48595 2004.821044921875
-48585 1999.2779541015625
-48575 1988.1009521484375
-48565 1973.217041015625
-48555 1977.7239990234375
-48545 1971.9630126953125
-48535 1964.9840087890625
-48525 1959.240966796875
-48515 1944.95703125
-48505 1929.0909423828125
-48495 1912.862060546875
-48485 1919.041015625
-48475 1915.47900390625
-48465 1908.626953125
-48455 1890.7449951171875
-48445 1880.7490234375
-48435 1874.279052734375
-48425 1868.1910400390625
-48415 1862.4840087890625
-48405 1856.322998046875
-48395 1848.41796875
-48385 1846.4189453125
-48375 1841.675048828125
-48365 1836.2779541015625
-48355 1829.008056640625
-48345 1821.884033203125
-48335 1816.614013671875
-48325 1815.2869873046875
-48315 1814.8330078125
-48305 1817.541015625
-48295 1819.9759521484375
-48285 1816.904052734375
-48275 1813.27001953125
-48265 1807.781005859375
-48255 1804.5460205078125
-48245 1798.093994140625
-48235 1794.2239990234375
-48225 1795.095947265625
-48215 1790.6070556640625
-48205 1787.262939453125
-48195 1781.7559814453125
-48185 1776.1409912109375
-48175 1771.0159912109375
-48165 1766.9449462890625
-48155 1762.238037109375
-48145 1758.02099609375
-48135 1747.93505859375
-48125 1737.011962890625
-48115 1726.198974609375
-48105 1713.5679931640625
-48095 1709.4969482421875
-48085 1708.7159423828125
-48075 1705.281005859375
-48065 1697.9019775390625
-48055 1681.8370361328125
-48045 1674.2039794921875
-48035 1665.3170166015625
-48025 1654.012939453125
-48015 1646.2159423828125
-48005 1639.656005859375
-47995 1630.114013671875
-47985 1621.0999755859375
-47975 1608.2149658203125
-47965 1599.708984375
-47955 1595.2569580078125
-47945 1588.6240234375
-47935 1580.844970703125
-47925 1574.175048828125
-47915 1566.9420166015625
-47905 1559.9449462890625
-47895 1557.2010498046875
-47885 1551.3489990234375
-47875 1545.64697265625
-47865 1540.7900390625
-47855 1535.488037109375
-47845 1535.0880126953125
-47835 1534.6109619140625
-47825 1536.573974609375
-47815 1538.9000244140625
-47805 1543.06201171875
-47795 1549.6409912109375
-47785 1555.656005859375
-47775 1554.875
-47765 1555.529052734375
-47755 1555.4019775390625
-47745 1569.291015625
-47735 1576.178955078125
-47725 1580.0679931640625
-47715 1586.60595703125
-47705 1592.239990234375
-47695 1597.6920166015625
-47685 1603.926025390625
-47675 1611.4859619140625
-47665 1619.592041015625
-47655 1623.8809814453125
-47645 1628.7149658203125
-47635 1625.3890380859375
-47625 1630.06005859375
-47615 1628.6419677734375
-47605 1635.2760009765625
-47595 1626.406982421875
-47585 1630.405029296875
-47575 1638.5469970703125
-47565 1649.8330078125
-47555 1651.050048828125
-47545 1661.427978515625
-47535 1673.0770263671875
-47525 1686.616943359375
-47515 1705.6259765625
-47505 1713.97705078125
-47495 1718.1309814453125
-47485 1733.9449462890625
-47475 1741.8330078125
-47465 1744.741943359375
-47455 1747.7330322265625
-47445 1754.1949462890625
-47435 1761.9010009765625
-47425 1764.510009765625
-47415 1769.406982421875
-47405 1772.6180419921875
-47395 1768.946044921875
-47385 1763.948974609375
-47375 1768.926025390625
-47365 1771.4949951171875
-47355 1769.5479736328125
-47345 1774.384033203125
-47335 1764.1490478515625
-47325 1749.0970458984375
-47315 1739.4639892578125
-47305 1729.6099853515625
-47295 1716.0240478515625
-47285 1706.446044921875
-47275 1694.8260498046875
-47265 1690.5909423828125
-47255 1691.574951171875
-47245 1688.001953125
-47235 1704.3389892578125
-47225 1707.26904296875
-47215 1707.7950439453125
-47205 1705.5030517578125
-47195 1699.321044921875
-47185 1697.8360595703125
-47175 1691.81494140625
-47165 1683.2860107421875
-47155 1677.0450439453125
-47145 1672.6700439453125
-47135 1663.93994140625
-47125 1653.2030029296875
-47115 1645.8570556640625
-47105 1638.612060546875
-47095 1635.0799560546875
-47085 1632.3909912109375
-47075 1626.470947265625
-47065 1621.5340576171875
-47055 1617.178955078125
-47045 1612.623046875
-47035 1607.666015625
-47025 1601.821044921875
-47015 1598.3890380859375
-47005 1594.5360107421875
-46995 1587.9129638671875
-46985 1581.31005859375
-46975 1582.052978515625
-46965 1584.1800537109375
-46955 1588.5350341796875
-46945 1596.14599609375
-46935 1604.5150146484375
-46925 1608.8299560546875
-46915 1608.68896484375
-46905 1613.10498046875
-46895 1618.4029541015625
-46885 1622.7779541015625
-46875 1624.1429443359375
-46865 1627.85498046875
-46855 1631.0460205078125
-46845 1638.2509765625
-46835 1645.8570556640625
-46825 1652.3399658203125
-46815 1658.541015625
-46805 1665.343994140625
-46795 1667.592041015625
-46785 1665.967041015625
-46775 1663.5780029296875
-46765 1664.60205078125
-46755 1663.698974609375
-46745 1666.969970703125
-46735 1670.9239501953125
-46725 1676.7239990234375
-46715 1681.6199951171875
-46705 1685.89501953125
-46695 1689.6280517578125
-46685 1687.740966796875
-46675 1686.958984375
-46665 1685.31298828125
-46655 1685.4530029296875
-46645 1684.208984375
-46635 1687.0389404296875
-46625 1694.0030517578125
-46615 1698.803955078125
-46605 1707.4139404296875
-46595 1726.259033203125
-46585 1729.2889404296875
-46575 1737.115966796875
-46565 1749.3780517578125
-46555 1752.428955078125
-46545 1762.1820068359375
-46535 1776.1510009765625
-46525 1778.5789794921875
-46515 1783.1949462890625
-46505 1792.365966796875
-46495 1802.0799560546875
-46485 1816.675048828125
-46475 1822.2139892578125
-46465 1828.97705078125
-46455 1838.6099853515625
-46445 1846.5780029296875
-46435 1853.4410400390625
-46425 1862.35205078125
-46415 1870.7010498046875
-46405 1878.2669677734375
-46395 1884.5889892578125
-46385 1890.14794921875
-46375 1895.927001953125
-46365 1901.5269775390625
-46355 1907.467041015625
-46345 1913.427978515625
-46335 1920.0350341796875
-46325 1926.47802734375
-46315 1933.301025390625
-46305 1940.2449951171875
-46295 1946.446044921875
-46285 1951.583984375
-46275 1954.3330078125
-46265 1954.9560546875
-46255 1955.45703125
-46245 1955.738037109375
-46235 1955.8990478515625
-46225 1954.573974609375
-46215 1952.968994140625
-46205 1950.5810546875
-46195 1950.0989990234375
-46185 1949.114990234375
-46175 1948.614013671875
-46165 1948.593994140625
-46155 1948.6939697265625
-46145 1948.81396484375
-46135 1949.656982421875
-46125 1949.2359619140625
-46115 1948.4329833984375
-46105 1950.3199462890625
-46095 1949.5169677734375
-46085 1948.4730224609375
-46075 1948.81396484375
-46065 1951.583984375
-46055 1958.6280517578125
-46045 1962.4010009765625
-46035 1964.529052734375
-46025 1964.447998046875
-46015 1967.51904296875
-46005 1968.1209716796875
-45995 1976.0880126953125
-45985 1984.8790283203125
-45975 1992.5849609375
-45965 1998.2449951171875
-45955 2001.2750244140625
-45945 2005.75
-45935 2002.3990478515625
-45925 2006.6529541015625
-45915 2010.0849609375
-45905 2014.260009765625
-45895 2018.5789794921875
-45885 2024.9210205078125
-45875 2028.553955078125
-45865 2035.718017578125
-45855 2043.64599609375
-45845 2051.33203125
-45835 2058.9580078125
-45825 2065.44091796875
-45815 2071.701904296875
-45805 2076.97998046875
-45795 2084.64697265625
-45785 2092.39306640625
-45775 2099.617919921875
-45765 2107.1640625
-45755 2113.466064453125
-45745 2124.48388671875
-45735 2132.4560546875
-45725 2149.89599609375
-45715 2155.535888671875
-45705 2161.135009765625
-45695 2167.2958984375
-45685 2172.81494140625
-45675 2177.070068359375
-45665 2180.701904296875
-45655 2183.8330078125
-45645 2186.06103515625
-45635 2185.820068359375
-45625 2186.160888671875
-45615 2189.3720703125
-45605 2192.722900390625
-45595 2196.556884765625
-45585 2200.931884765625
-45575 2204.5439453125
-45565 2205.6279296875
-45555 2206.73193359375
-45545 2208.85888671875
-45535 2208.31689453125
-45525 2207.675048828125
-45515 2209.701904296875
-45505 2210.343994140625
-45495 2211.508056640625
-45485 2211.22705078125
-45475 2209.301025390625
-45465 2209.239990234375
-45455 2208.4169921875
-45445 2210.384033203125
-45435 2213.375
-45425 2216.60595703125
-45415 2219.760986328125
-45405 2221.782958984375
-45395 2222.56591796875
-45385 2222.591064453125
-45375 2220.5439453125
-45365 2218.712890625
-45355 2218.091064453125
-45345 2212.470947265625
-45335 2204.925048828125
-45325 2196.195068359375
-45315 2189.85400390625
-45305 2183.79296875
-45295 2176.528076171875
-45285 2169.202880859375
-45275 2163.041015625
-45265 2155.154052734375
-45255 2129.406005859375
-45245 2113.364990234375
-45235 2103.070068359375
-45225 2086.85400390625
-45215 2079.72998046875
-45205 2073.14697265625
-45195 2069.27392578125
-45185 2063.173095703125
-45175 2058.176025390625
-45165 2049.6259765625
-45155 2042.240966796875
-45145 2036.9630126953125
-45135 2028.7750244140625
-45125 2022.7939453125
-45115 2018.197998046875
-45105 2014.6810302734375
-45095 2014.6810302734375
-45085 2015.1429443359375
-45075 2016.3070068359375
-45065 2016.68798828125
-45055 2012.41796875
-45045 2013.718017578125
-45035 2015.1080322265625
-45025 2016.6280517578125
-45015 2013.9029541015625
-45005 2017.196044921875
-44995 2016.3780517578125
-44985 2022.4940185546875
-44975 2024.4840087890625
-44965 2032.1259765625
-44955 2040.2440185546875
-44945 2037.0699462890625
-44935 2042.5140380859375
-44925 2041.623046875
-44915 2028.7080078125
-44905 2021.1510009765625
-44895 2038.571044921875
-44885 2034.2740478515625
-44875 2040.9639892578125
-44865 2048.6669921875
-44855 2059.666015625
-44845 2064.048095703125
-44835 2065.512939453125
-44825 2065.281005859375
-44815 2056.455078125
-44805 2045.5660400390625
-44795 2040.3050537109375
-44785 2040.2440185546875
-44775 2038.741943359375
