-74205 1187.31201171875
-74195 1186.39501953125
-74185 1185.280029296875
-74175 1182.3179931640625
-74165 1177.77099609375
-74155 1174.31298828125
-74145 1172.47900390625
-74135 1171.6240234375
-74125 1171.239990234375
-74115 1171.5379638671875
-74105 1172.156982421875
-74095 1173.2230224609375
-74085 1174.7840576171875
-74075 1175.6390380859375
-74065 1174.487060546875
-74055 1170.373046875
-74045 1166.717041015625
-74035 1163.904052734375
-74025 1161.81005859375
-74015 1160.2490234375
-74005 1158.947998046875
-73995 1159.0340576171875
-73985 1159.802978515625
-73975 1160.97998046875
-73965 1161.7850341796875
-73955 1160.373046875
-73945 1157.9940185546875
-73935 1156.06005859375
-73925 1154.56103515625
-73915 1152.7640380859375
-73905 1150.5340576171875
-73895 1148.7860107421875
-73885 1147.0760498046875
-73875 1144.3380126953125
-73865 1141.5870361328125
-73855 1141.7979736328125
-73845 1142.8260498046875
-73835 1143.06201171875
-73825 1144.4620361328125
-73815 1144.969970703125
-73805 1145.218017578125
-73795 1146.0849609375
-73785 1146.45703125
-73775 1148.4150390625
-73765 1149.2569580078125
-73755 1150.447021484375
-73745 1151.8719482421875
-73735 1152.491943359375
-73725 1153.333984375
-73715 1154.06494140625
-73705 1155.9859619140625
-73695 1158.35302734375
-73685 1161.7979736328125
-73675 1161.2530517578125
-73665 1158.0179443359375
-73655 1157.199951171875
-73645 1157.498046875
-73635 1156.2340087890625
-73625 1154.969970703125
-73615 1154.2259521484375
-73605 1151.31396484375
-73595 1149.5670166015625
-73585 1148.8489990234375
-73575 1147.447998046875
-73565 1145.4530029296875
-73555 1143.64404296875
-73545 1142.094970703125
-73535 1140.905029296875
-73525 1139.678955078125
-73515 1138.6500244140625
-73505 1137.720947265625
-73495 1136.803955078125
-73485 1135.8370361328125
-73475 1134.375
-73465 1133.0860595703125
-73455 1132.008056640625
-73445 1131.053955078125
-73435 1130.39697265625
-73425 1130.2490234375
-73415 1130.595947265625
-73405 1130.9549560546875
-73395 1131.0050048828125
-73385 1131.115966796875
-73375 1130.571044921875
-73365 1129.9759521484375
-73355 1129.4429931640625
-73345 1128.5760498046875
-73335 1127.001953125
-73325 1124.4119873046875
-73315 1121.970947265625
-73305 1119.988037109375
-73295 1119.133056640625
-73285 1119.3189697265625
-73275 1123.6309814453125
-73265 1121.6240234375
-73255 1119.81494140625
-73245 1117.8570556640625
-73235 1116.741943359375
-73225 1117.2989501953125
-73215 1118.760986328125
-73205 1117.323974609375
-73195 1114.845947265625
-73185 1116.02294921875
-73175 1114.95703125
-73165 1114.969970703125
-73155 1112.887939453125
-73145 1113.1610107421875
-73135 1116.6429443359375
-73125 1120.198974609375
-73115 1120.9549560546875
-73105 1120.7939453125
-73095 1121.56201171875
-73085 1121.4129638671875
-73075 1120.64501953125
-73065 1119.988037109375
-73055 1120.3599853515625
-73045 1120.8310546875
-73035 1121.0909423828125
-73025 1120.91796875
-73015 1121.0789794921875
-73005 1121.449951171875
-72995 1122.343017578125
-72985 1122.428955078125
-72975 1122.2060546875
-72965 1121.43798828125
-72955 1120.843017578125
-72945 1120.125
-72935 1119.5789794921875
-72925 1119.2569580078125
-72915 1119.1829833984375
-72905 1119.3070068359375
-72895 1119.343994140625
-72885 1118.9599609375
-72875 1118.1419677734375
-72865 1116.741943359375
-72855 1114.56103515625
-72845 1112.3050537109375
-72835 1111.0169677734375
-72825 1109.739990234375
-72815 1108.760986328125
-72805 1107.6829833984375
-72795 1106.406982421875
-72785 1106.1219482421875
-72775 1105.7249755859375
-72765 1106.1719970703125
-72755 1106.60498046875
-72745 1107.385986328125
-72735 1107.4969482421875
-72725 1108.2659912109375
-72715 1109.3189697265625
-72705 1108.8360595703125
-72695 1108.376953125
-72685 1107.9930419921875
-72675 1107.4599609375
-72665 1107.0140380859375
-72655 1106.7039794921875
-72645 1106.4439697265625
-72635 1105.7010498046875
-72625 1105.8740234375
-72615 1104.2259521484375
-72605 1104.375
-72595 1104.10205078125
-72585 1104.0279541015625
-72575 1104.845947265625
-72565 1103.5450439453125
-72555 1103.4949951171875
-72545 1103.345947265625
-72535 1103.260009765625
-72525 1103.1600341796875
-72515 1103.1600341796875
-72505 1103.237060546875
-72495 1103.3199462890625
-72485 1103.4410400390625
-72475 1103.31201171875
-72465 1103.3360595703125
-72455 1103.303955078125
-72445 1103.280029296875
-72435 1103.27197265625
-72425 1103.126953125
-72415 1103.1510009765625
-72405 1103.10302734375
-72395 1103.0870361328125
-72385 1102.9339599609375
-72375 1102.8690185546875
-72365 1101.8470458984375
-72355 1102.5880126953125
-72345 1103.9720458984375
-72335 1103.2640380859375
-72325 1103.2879638671875
-72315 1103.77099609375
-72305 1104.1739501953125
-72295 1104.7130126953125
-72285 1105.1319580078125
-72275 1105.6710205078125
-72265 1106.0980224609375
-72255 1106.532958984375
-72245 1106.991943359375
-72235 1107.072021484375
-72225 1107.3299560546875
-72215 1107.66796875
-72205 1108.4169921875
-72195 1108.7469482421875
-72185 1108.989013671875
-72175 1108.5780029296875
-72165 1108.6829833984375
-72155 1108.4329833984375
-72145 1108.4090576171875
-72135 1108.52197265625
-72125 1108.8199462890625
-72115 1109.06103515625
-72105 1108.81201171875
-72095 1108.9000244140625
-72085 1108.698974609375
-72075 1108.7869873046875
-72065 1104.3990478515625
-72055 1101.4119873046875
-72045 1097.52294921875
-72035 1096.718017578125
-72025 1096.6290283203125
-72015 1096.427978515625
-72005 1096.4200439453125
-71995 1096.291015625
-71985 1096.041015625
-71975 1096.0169677734375
-71965 1095.89599609375
-71955 1096.1619873046875
-71945 1097.699951171875
-71935 1099.0689697265625
-71925 1096.8470458984375
-71915 1094.406982421875
-71905 1094.342041015625
-71895 1093.9000244140625
-71885 1094.22998046875
-71875 1094.6719970703125
-71865 1094.011962890625
-71855 1093.6820068359375
-71845 1092.1600341796875
-71835 1091.636962890625
-71825 1092.8609619140625
-71815 1093.81103515625
-71805 1094.8819580078125
-71795 1092.77197265625
-71785 1093.31201171875
-71775 1094.760986328125
-71765 1094.79296875
-71755 1093.6419677734375
-71745 1092.10400390625
-71735 1091.613037109375
-71725 1091.5
-71715 1091.241943359375
-71705 1091.4520263671875
-71695 1091.781982421875
-71685 1091.636962890625
-71675 1090.823974609375
-71665 1088.5770263671875
-71655 1088.77099609375
-71645 1090.260009765625
-71635 1090.9930419921875
-71625 1091.0889892578125
-71615 1090.04296875
-71605 1087.8280029296875
-71595 1087.6829833984375
-71585 1087.8370361328125
-71575 1087.77197265625
-71565 1087.6510009765625
-71555 1087.6920166015625
-71545 1087.31298828125
-71535 1087.2969970703125
-71525 1087.8690185546875
-71515 1088.06201171875
-71505 1088.1910400390625
-71495 1088.2230224609375
-71485 1086.3709716796875
-71475 1086.1209716796875
-71465 1085.9520263671875
-71455 1086.009033203125
-71445 1085.718994140625
-71435 1085.64599609375
-71425 1085.4930419921875
-71415 1085.4930419921875
-71405 1085.3489990234375
-71395 1085.2030029296875
-71385 1085.0989990234375
-71375 1084.9139404296875
-71365 1084.969970703125
-71355 1084.8489990234375
-71345 1084.89794921875
-71335 1084.7769775390625
-71325 1084.7530517578125
-71315 1084.5830078125
-71305 1084.6319580078125
-71295 1084.551025390625
-71285 1084.54296875
-71275 1084.510986328125
-71265 1084.447021484375
-71255 1084.551025390625
-71245 1084.43896484375
-71235 1084.6080322265625
-71225 1084.470947265625
-71215 1084.39794921875
-71205 1084.3580322265625
-71195 1084.39794921875
-71185 1084.3819580078125
-71175 1084.1490478515625
-71165 1084.1490478515625
-71155 1084.092041015625
-71145 1083.8590087890625
-71135 1083.8189697265625
-71125 1083.9310302734375
-71115 1083.988037109375
-71105 1083.883056640625
-71095 1083.7860107421875
-71085 1083.761962890625
-71075 1083.8909912109375
-71065 1084.9139404296875
-71055 1085.39697265625
-71045 1086.2020263671875
-71035 1087.1280517578125
-71025 1087.14404296875
-71015 1087.0069580078125
-71005 1086.4840087890625
-70995 1086.0009765625
-70985 1085.5899658203125
-70975 1085.550048828125
-70965 1085.3890380859375
-70955 1085.3489990234375
-70945 1085.3890380859375
-70935 1085.1710205078125
-70925 1084.8900146484375
-70915 1084.8089599609375
-70905 1084.4310302734375
-70895 1084.220947265625
-70885 1084.156982421875
-70875 1084.1409912109375
-70865 1084.06005859375
-70855 1084.06005859375
-70845 1084.0360107421875
-70835 1085.001953125
-70825 1084.9539794921875
-70815 1085.678955078125
-70805 1085.6710205078125
-70795 1085.759033203125
-70785 1085.8800048828125
-70775 1086.281982421875
-70765 1086.3389892578125
-70755 1086.3389892578125
-70745 1086.258056640625
-70735 1086.0570068359375
-70725 1085.4610595703125
-70715 1084.8900146484375
-70705 1084.3819580078125
-70695 1084.092041015625
-70685 1084.1490478515625
-70675 1084.302001953125
-70665 1084.487060546875
-70655 1084.8170166015625
-70645 1084.969970703125
-70635 1084.8409423828125
-70625 1084.5670166015625
-70615 1084.4219970703125
-70605 1084.22900390625
-70595 1084.1490478515625
-70585 1084.052001953125
-70575 1083.8990478515625
-70565 1083.8909912109375
-70555 1084.0040283203125
-70545 1084.02001953125
-70535 1084.0999755859375
-70525 1084.220947265625
-70515 1084.0999755859375
-70505 1083.7860107421875
-70495 1083.2869873046875
-70485 1083.31103515625
-70475 1083.31103515625
-70465 1083.5770263671875
-70455 1083.8189697265625
-70445 1084.0279541015625
-70435 1084.4630126953125
-70425 1084.737060546875
-70415 1084.510986328125
-70405 1084.93798828125
-70395 1085.4610595703125
-70385 1086.218017578125
-70375 1087.2490234375
-70365 1088.27099609375
-70355 1089.1810302734375
-70345 1089.447021484375
-70335 1090.01904296875
-70325 1090.7030029296875
-70315 1091.241943359375
-70305 1088.5369873046875
-70295 1086.0009765625
-70285 1086.491943359375
-70275 1087.1920166015625
-70265 1089.9219970703125
-70255 1091.677001953125
-70245 1092.135986328125
-70235 1092.7080078125
-70225 1093.303955078125
-70215 1093.779052734375
-70205 1094.116943359375
-70195 1093.9000244140625
-70185 1091.9429931640625
-70175 1091.491943359375
-70165 1090.823974609375
-70155 1090.0989990234375
-70145 1089.7530517578125
-70135 1089.1490478515625
-70125 1088.5689697265625
-70115 1087.7080078125
-70105 1087.1280517578125
-70095 1085.68701171875
-70085 1084.760986328125
-70075 1083.8909912109375
-70065 1083.1910400390625
-70055 1082.6510009765625
-70045 1082.31298828125
-70035 1081.8380126953125
-70025 1081.6929931640625
-70015 1081.3310546875
-70005 1081.0849609375
-69995 1081.133056640625
-69985 1081.0469970703125
-69975 1081.1190185546875
-69965 1081.1689453125
-69955 1081.261962890625
-69945 1081.7879638671875
-69935 1082.1629638671875
-69925 1082.6669921875
-69915 1082.9620361328125
-69905 1083.2569580078125
-69895 1083.531005859375
-69885 1083.7469482421875
-69875 1084.322998046875
-69865 1084.81201171875
-69855 1085.35205078125
-69845 1085.6400146484375
-69835 1085.5899658203125
-69825 1085.3599853515625
-69815 1085.259033203125
-69805 1085
-69795 1085.3160400390625
-69785 1085.8489990234375
-69775 1086.1800537109375
-69765 1086.2669677734375
-69755 1086.3389892578125
-69745 1086.843017578125
-69735 1087.3470458984375
-69725 1087.2969970703125
-69715 1087.1529541015625
-69705 1087.1600341796875
-69695 1086.97998046875
-69685 1086.8070068359375
-69675 1086.6409912109375
-69665 1086.8929443359375
-69655 1087.2099609375
-69645 1087.8289794921875
-69635 1088.5999755859375
-69625 1089.6300048828125
-69615 1091.5250244140625
-69605 1093.2509765625
-69595 1095.115966796875
-69585 1097.3270263671875
-69575 1098.0400390625
-69565 1093.97900390625
-69555 1092.68994140625
-69545 1092.5889892578125
-69535 1092.6109619140625
-69525 1092.5389404296875
-69515 1092.5670166015625
-69505 1092.6319580078125
-69495 1092.6109619140625
-69485 1093.178955078125
-69475 1093.366943359375
-69465 1093.02099609375
-69455 1091.7900390625
-69445 1091.241943359375
-69435 1091.5379638671875
-69425 1092.0489501953125
-69415 1092.595947265625
-69405 1092.8990478515625
-69395 1092.8990478515625
-69385 1093.2080078125
-69375 1093.178955078125
-69365 1092.970947265625
-69355 1092.791015625
-69345 1092.2359619140625
-69335 1092.467041015625
-69325 1093.5970458984375
-69315 1095.260009765625
-69305 1097.3199462890625
-69295 1097.6290283203125
-69285 1097.8170166015625
-69275 1098.6090087890625
-69265 1100.156982421875
-69255 1101.5970458984375
-69245 1102.614013671875
-69235 1104.1099853515625
-69225 1105.9320068359375
-69215 1108.0770263671875
-69205 1109.740966796875
-69195 1111.56298828125
-69185 1113.91796875
-69175 1116.7969970703125
-69165 1119.39697265625
-69155 1120.9659423828125
-69145 1122.177001953125
-69135 1123.3299560546875
-69125 1124.3380126953125
-69115 1124.718994140625
-69105 1125.123046875
-69095 1125.595947265625
-69085 1125.8709716796875
-69075 1125.8199462890625
-69065 1126.2030029296875
-69055 1126.612060546875
-69045 1127.208984375
-69035 1128.0169677734375
-69025 1129.0889892578125
-69015 1130.4730224609375
-69005 1136.8719482421875
-68995 1137.9320068359375
-68985 1138.06201171875
-68975 1138.0169677734375
-68965 1137.989990234375
-68955 1138.177001953125
-68945 1138.5369873046875
-68935 1139.0970458984375
-68925 1140.0780029296875
-68915 1141.093017578125
-68905 1143.5699462890625
-68895 1147.3580322265625
-68885 1150.02197265625
-68875 1151.9300537109375
-68865 1153.6009521484375
-68855 1156.927001953125
-68845 1159.5699462890625
-68835 1160.7220458984375
-68825 1161.968017578125
-68815 1162.3709716796875
-68805 1162.717041015625
-68795 1162.9620361328125
-68785 1163.3719482421875
-68775 1163.6820068359375
-68765 1164.3580322265625
-68755 1164.0269775390625
-68745 1163.9189453125
-68735 1162.8680419921875
-68725 1162.428955078125
-68715 1160.4990234375
-68705 1157.3289794921875
-68695 1154.219970703125
-68685 1152.052978515625
-68675 1149.81298828125
-68665 1148.6810302734375
-68655 1148.10498046875
-68645 1148.199951171875
-68635 1148.199951171875
-68625 1147.9200439453125
-68615 1147.5880126953125
-68605 1147.1199951171875
-68595 1146.572998046875
-68585 1145.9320068359375
-68575 1143.93798828125
-68565 1142.208984375
-68555 1141.81298828125
-68545 1142.4019775390625
-68535 1142.3389892578125
-68525 1142.1009521484375
-68515 1140.6090087890625
-68505 1142.8070068359375
-68495 1144.427001953125
-68485 1146.8389892578125
-68475 1149.56103515625
-68465 1154.623046875
-68455 1153.5069580078125
-68445 1153.54296875
-68435 1153.1619873046875
-68425 1152.4110107421875
-68415 1151.779052734375
-68405 1151.02294921875
-68395 1150.3819580078125
-68385 1149.489013671875
-68375 1148.64501953125
-68365 1148.1500244140625
-68355 1147.47998046875
-68345 1146.760009765625
-68335 1146.1190185546875
-68325 1145.572021484375
-68315 1145.14697265625
-68305 1145.1829833984375
-68295 1142.541015625
-68285 1137.68798828125
-68275 1131.25
-68265 1125.0989990234375
-68255 1124.2509765625
-68245 1125.748046875
-68235 1130.9620361328125
-68225 1135.779052734375
-68215 1138.3719482421875
-68205 1136.8590087890625
-68195 1133.4820556640625
-68185 1128.72900390625
-68175 1124.1939697265625
-68165 1119.75
-68155 1116.322998046875
-68145 1113.18994140625
-68135 1111.166015625
-68125 1109.8489990234375
-68115 1108.68896484375
-68105 1107.428955078125
-68095 1102.928955078125
-68085 1093.95703125
-68075 1086.4830322265625
-68065 1085.0999755859375
-68055 1081.6510009765625
-68045 1080.052978515625
-68035 1080.6719970703125
-68025 1082.7530517578125
-68015 1084.5389404296875
-68005 1081.9830322265625
-67995 1082.0689697265625
-67985 1081.7020263671875
-67975 1081.14697265625
-67965 1080.571044921875
-67955 1080.001953125
-67945 1079.56298828125
-67935 1079.3470458984375
-67925 1078.9010009765625
-67915 1078.447021484375
-67905 1082.739013671875
-67895 1089.342041015625
-67885 1095.218994140625
-67875 1096.865966796875
-67865 1094.677001953125
-67855 1089.4930419921875
-67845 1085.4959716796875
-67835 1083.531005859375
-67825 1082.43603515625
-67815 1089.2120361328125
-67805 1093.3089599609375
-67795 1092.9219970703125
-67785 1091.89794921875
-67775 1091.3360595703125
-67765 1088.760009765625
-67755 1084.863037109375
-67745 1083.7469482421875
-67735 1086.2669677734375
-67725 1086.0870361328125
-67715 1085.927978515625
-67705 1085.77001953125
-67695 1085.4029541015625
-67685 1084.9200439453125
-67675 1084.3590087890625
-67665 1083.8399658203125
-67655 1083.4300537109375
-67645 1082.8609619140625
-67635 1082.010986328125
-67625 1081.197998046875
-67615 1080.3699951171875
-67605 1079.988037109375
-67595 1079.490966796875
-67585 1078.9580078125
-67575 1078.77099609375
-67565 1078.447021484375
-67555 1078.02197265625
-67545 1077.3170166015625
-67535 1076.9930419921875
-67525 1077.281005859375
-67515 1077.5179443359375
-67505 1077.4139404296875
-67495 1077.0789794921875
-67485 1076.4029541015625
-67475 1075.4560546875
-67465 1074.739013671875
-67455 1074.22802734375
-67445 1073.20703125
-67435 1072.2099609375
-67425 1071.89697265625
-67415 1071.7900390625
-67405 1071.633056640625
-67395 1071.583984375
-67385 1071.5179443359375
-67375 1071.3280029296875
-67365 1070.6610107421875
-67355 1069.97705078125
-67345 1070.4310302734375
-67335 1071.1639404296875
-67325 1071.238037109375
-67315 1071.2130126953125
-67305 1071.18798828125
-67295 1071.0899658203125
-67285 1070.9329833984375
-67275 1070.866943359375
-67265 1070.843017578125
-67255 1070.7440185546875
-67245 1070.612060546875
-67235 1070.612060546875
-67225 1070.488037109375
-67215 1070.4310302734375
-67205 1070.3070068359375
-67195 1070.3480224609375
-67185 1070.447021484375
-67175 1070.3809814453125
-67165 1070.373046875
-67155 1070.281982421875
-67145 1070.2159423828125
-67135 1070.1590576171875
-67125 1070.1090087890625
-67115 1070.0679931640625
-67105 1070.0760498046875
-67095 1070.04296875
-67085 1069.9530029296875
-67075 1069.5989990234375
-67065 1069.68896484375
-67055 1069.656005859375
-67045 1069.656005859375
-67035 1069.5989990234375
-67025 1069.573974609375
-67015 1069.541015625
-67005 1069.541015625
-66995 1069.5570068359375
-66985 1069.4580078125
-66975 1069.4580078125
-66965 1069.3509521484375
-66955 1069.0469970703125
-66945 1069.0469970703125
-66935 1069.31005859375
-66925 1069.3179931640625
-66915 1069.3179931640625
-66905 1069.3599853515625
-66895 1069.22802734375
-66885 1069.302001953125
-66875 1069.3270263671875
-66865 1069.4010009765625
-66855 1069.177978515625
-66845 1067.9100341796875
-66835 1069.5159912109375
-66825 1070.240966796875
-66815 1070.571044921875
-66805 1070.6689453125
-66795 1070.9169921875
-66785 1071.1390380859375
-66775 1071.4029541015625
-66765 1071.6090087890625
-66755 1071.8389892578125
-66745 1071.77294921875
-66735 1071.7979736328125
-66725 1071.781982421875
-66715 1071.85595703125
-66705 1071.7979736328125
-66695 1072.029052734375
-66685 1072.02099609375
-66675 1072.1109619140625
-66665 1072.1109619140625
-66655 1072.1109619140625
-66645 1072.02099609375
-66635 1072.0780029296875
-66625 1072.10302734375
-66615 1072.06201171875
-66605 1071.970947265625
-66595 1071.7320556640625
-66585 1071.3780517578125
-66575 1071.8060302734375
-66565 1070.6610107421875
-66555 1071.0069580078125
-66545 1071.279052734375
-66535 1071.666015625
-66525 1071.616943359375
-66515 1071.583984375
-66505 1071.781982421875
-66495 1071.8890380859375
-66485 1072.1280517578125
-66475 1072.3499755859375
-66465 1072.737060546875
-66455 1072.614013671875
-66445 1072.7540283203125
-66435 1072.7869873046875
-66425 1072.7540283203125
-66415 1073.092041015625
-66405 1073.0670166015625
-66395 1073.3389892578125
-66385 1073.511962890625
-66375 1073.8580322265625
-66365 1074.5660400390625
-66355 1073.7919921875
-66345 1074.5
-66335 1074.6070556640625
-66325 1074.7230224609375
-66315 1074.8790283203125
-66305 1074.7889404296875
-66295 1074.77197265625
-66285 1074.81298828125
-66275 1074.863037109375
-66265 1074.9119873046875
-66255 1074.7969970703125
-66245 1074.780029296875
-66235 1074.6490478515625
-66225 1074.5830078125
-66215 1074.5909423828125
-66205 1074.5660400390625
-66195 1074.41796875
-66185 1074.14599609375
-66175 1074.072021484375
-66165 1073.7440185546875
-66155 1073.5780029296875
-66145 1073.998046875
-66135 1072.9759521484375
-66125 1072.489990234375
-66115 1072.4820556640625
-66105 1072.2509765625
-66095 1071.97900390625
-66085 1071.7569580078125
-66075 1070.001953125
-66065 1069.6070556640625
-66055 1068.9720458984375
-66045 1069.4420166015625
-66035 1068.947998046875
-66025 1069.6810302734375
-66015 1069.8790283203125
-66005 1069.64794921875
-65995 1069.3270263671875
-65985 1066.822021484375
-65975 1066.5999755859375
-65965 1066.6490478515625
-65955 1066.6820068359375
-65945 1066.68994140625
-65935 1066.70703125
-65925 1066.7320556640625
-65915 1066.739990234375
-65905 1066.6490478515625
-65895 1066.6820068359375
-65885 1066.5830078125
-65875 1066.8719482421875
-65865 1066.7230224609375
-65855 1066.748046875
-65845 1066.748046875
-65835 1066.8719482421875
-65825 1066.6739501953125
-65815 1066.68994140625
-65805 1066.698974609375
-65795 1066.77294921875
-65785 1066.5670166015625
-65775 1066.5340576171875
-65765 1066.5169677734375
-65755 1066.509033203125
-65745 1066.4930419921875
-65735 1066.5009765625
-65725 1066.6820068359375
-65715 1066.68994140625
-65705 1066.863037109375
-65695 1066.6490478515625
-65685 1066.550048828125
-65675 1066.633056640625
-65665 1066.698974609375
-65655 1066.70703125
-65645 1066.68994140625
-65635 1066.6820068359375
-65625 1066.6080322265625
-65615 1066.698974609375
-65605 1066.7320556640625
-65595 1066.5670166015625
-65585 1066.5419921875
-65575 1066.550048828125
-65565 1067.3330078125
-65555 1069.7469482421875
-65545 1069.58203125
-65535 1067.1929931640625
-65525 1066.8470458984375
-65515 1066.77294921875
-65505 1066.7559814453125
-65495 1066.887939453125
-65485 1067.0860595703125
-65475 1067.177001953125
-65465 1068.345947265625
-65455 1068.1400146484375
-65445 1067.7779541015625
-65435 1067.8189697265625
-65425 1067.6710205078125
-65415 1067.77001953125
-65405 1067.56396484375
-65395 1067.52197265625
-65385 1067.3909912109375
-65375 1067.177001953125
-65365 1066.8299560546875
-65355 1066.6739501953125
-65345 1066.3690185546875
-65335 1066.220947265625
-65325 1066.18798828125
-65315 1066.3690185546875
-65305 1066.220947265625
-65295 1066.0069580078125
-65285 1065.883056640625
-65275 1065.8089599609375
-65265 1065.760009765625
-65255 1065.529052734375
-65245 1065.7430419921875
-65235 1065.72705078125
-65225 1065.6109619140625
-65215 1065.677001953125
-65205 1065.6610107421875
-65195 1065.5870361328125
-65185 1065.60302734375
-65175 1065.47900390625
-65165 1065.3719482421875
-65155 1065.3060302734375
-65145 1065.2569580078125
-65135 1065.3060302734375
-65125 1065.7919921875
-65115 1065.8089599609375
-65105 1065.6519775390625
-65095 1064.4000244140625
-65085 1063.758056640625
-65075 1062.9580078125
-65065 1062.7030029296875
-65055 1063.073974609375
-65045 1063.740966796875
-65035 1064.6390380859375
-65025 1065.133056640625
-65015 1065.1500244140625
-65005 1065.218994140625
-64995 1065.2139892578125
-64985 1065.0570068359375
-64975 1065.114013671875
-64965 1065.529052734375
-64955 1066.2010498046875
-64945 1066.9300537109375
-64935 1067.6300048828125
-64925 1068.416015625
-64915 1068.9310302734375
-64905 1068.7020263671875
-64895 1068.386962890625
-64885 1067.6590576171875
-64875 1067.14404296875
-64865 1067.0870361328125
-64855 1067.14404296875
-64845 1067.9310302734375
-64835 1068.615966796875
-64825 1068.68798828125
-64815 1068.844970703125
-64805 1069.344970703125
-64795 1070.2889404296875
-64785 1070.9599609375
-64775 1071.0030517578125
-64765 1071.4029541015625
-64755 1071.531982421875
-64745 1072.0469970703125
-64735 1072.2039794921875
-64725 1071.675048828125
-64715 1071.175048828125
-64705 1070.760009765625
-64695 1070.3740234375
-64685 1069.1590576171875
-64675 1068.64501953125
-64665 1068.072998046875
-64655 1067.615966796875
-64645 1067.386962890625
-64635 1067.416015625
-64625 1067.7159423828125
-64615 1067.8590087890625
-64605 1069.0589599609375
-64595 1071.0030517578125
-64585 1072.7469482421875
-64575 1074.14794921875
-64565 1075.14794921875
-64555 1076.06298828125
-64545 1077.70703125
-64535 1079.135986328125
-64525 1080.0369873046875
-64515 1081.093994140625
-64505 1081.666015625
-64495 1081.7950439453125
-64485 1082.9949951171875
-64475 1083.31005859375
-64465 1085.324951171875
-64455 1084.925048828125
-64445 1084.4530029296875
-64435 1085.5400390625
-64425 1086.9549560546875
-64415 1088.4840087890625
-64405 1090.72802734375
-64395 1091.9429931640625
-64385 1091.9859619140625
-64375 1091.699951171875
-64365 1092.31494140625
-64355 1094.9439697265625
-64345 1096.3740234375
-64335 1097.0889892578125
-64325 1099.3179931640625
-64315 1098.18896484375
-64305 1098.6610107421875
-64295 1099.56201171875
-64285 1105.06396484375
-64275 1111.4530029296875
-64265 1117.9139404296875
-64255 1122.8740234375
-64245 1125.718017578125
-64235 1125.675048828125
-64225 1122.2159423828125
-64215 1118.1710205078125
-64205 1114.2259521484375
-64195 1113.926025390625
-64185 1112.7110595703125
-64175 1113.883056640625
-64165 1110.696044921875
-64155 1115.81298828125
-64145 1117.9849853515625
-64135 1119.4859619140625
-64125 1119.04296875
-64115 1120.0439453125
-64105 1123.4439697265625
-64095 1127.7049560546875
-64085 1132.907958984375
-64075 1138.324951171875
-64065 1138.7969970703125
-64055 1135.7950439453125
-64045 1134.865966796875
-64035 1134.7230224609375
-64025 1136.009033203125
-64015 1135.3800048828125
-64005 1134.2939453125
-63995 1133.593994140625
-63985 1138.1099853515625
-63975 1138.052978515625
-63965 1136.5670166015625
-63955 1138.1820068359375
-63945 1142.6839599609375
-63935 1145.45703125
-63925 1144.0279541015625
-63915 1136.8809814453125
-63905 1133.3079833984375
-63895 1134.39404296875
-63885 1132.56494140625
-63875 1132.79296875
-63865 1130.135009765625
-63855 1130.1629638671875
-63845 1130.6490478515625
-63835 1130.2349853515625
-63825 1129.0909423828125
-63815 1124.446044921875
-63805 1129.56298828125
-63795 1132.93603515625
-63785 1134.3370361328125
-63775 1137.4530029296875
-63765 1142.1700439453125
-63755 1148.2159423828125
-63745 1146.1290283203125
-63735 1141.8699951171875
-63725 1141.426025390625
-63715 1138.552978515625
-63705 1143.7130126953125
-63695 1145.6429443359375
-63685 1147.14404296875
-63675 1146.4859619140625
-63665 1137.4530029296875
-63655 1137.5670166015625
-63645 1143.9849853515625
-63635 1151.8890380859375
-63625 1157.0780029296875
-63615 1160.93701171875
-63605 1165.7249755859375
-63595 1167.510986328125
-63585 1166.654052734375
-63575 1162.39501953125
-63565 1161.9530029296875
-63555 1162.4229736328125
-63545 1163.2239990234375
-63535 1163.3380126953125
-63525 1162.238037109375
-63515 1162.3380126953125
-63505 1164.5240478515625
-63495 1165.4959716796875
-63485 1165.7110595703125
-63475 1166.3389892578125
-63465 1168.1259765625
-63455 1170.7850341796875
-63445 1172.4429931640625
-63435 1175.615966796875
-63425 1177.60302734375
-63415 1182.4339599609375
-63405 1185.593994140625
-63395 1188.865966796875
-63385 1193.39697265625
-63375 1197.27099609375
-63365 1198.7860107421875
-63355 1200.5439453125
-63345 1202.22998046875
-63335 1207.489990234375
-63325 1208.3330078125
-63315 1208.8480224609375
-63305 1211.906982421875
-63295 1218.625
-63285 1216.281005859375
-63275 1214.56494140625
-63265 1213.4649658203125
-63255 1215.35205078125
-63245 1216.637939453125
-63235 1219.8680419921875
-63225 1221.5830078125
-63215 1223.427001953125
-63205 1226.18603515625
-63195 1226.5570068359375
-63185 1227.759033203125
-63175 1227.487060546875
-63165 1229.14501953125
-63155 1230.68798828125
-63145 1234.5760498046875
-63135 1236.634033203125
-63125 1238.70703125
-63115 1241.237060546875
-63105 1244.1949462890625
-63095 1246.9539794921875
-63085 1251.68505859375
-63075 1256.115966796875
-63065 1260.8900146484375
-63055 1268.5369873046875
-63045 1276.72705078125
-63035 1285.845947265625
-63025 1292.3349609375
-63015 1292.6070556640625
-63005 1292.406982421875
-62995 1290.863037109375
-62985 1288.761962890625
-62975 1284.7879638671875
-62965 1278.95703125
-62955 1280.6719970703125
-62945 1278.385009765625
-62935 1271.93896484375
-62925 1264.7349853515625
-62915 1260.676025390625
-62905 1254.4150390625
-62895 1244.3380126953125
-62885 1237.2060546875
-62875 1242.4949951171875
-62865 1251.698974609375
-62855 1255.6729736328125
-62845 1257.217041015625
-62835 1263.2060546875
-62825 1272.4820556640625
-62815 1280.4429931640625
-62805 1287.0469970703125
-62795 1293.1500244140625
-62785 1295.06494140625
-62775 1297.967041015625
-62765 1301.426025390625
-62755 1304.2860107421875
-62745 1306.071044921875
-62735 1308.157958984375
-62725 1309.072998046875
-62715 1309.373046875
-62705 1306.5999755859375
-62695 1301.426025390625
-62685 1305.0140380859375
-62675 1311.116943359375
-62665 1315.9620361328125
-62655 1317.7490234375
-62645 1318.75
-62635 1319.8929443359375
-62625 1320.1650390625
-62615 1320.06396484375
-62605 1318.821044921875
-62595 1318.491943359375
-62585 1321.135986328125
-62575 1318.9639892578125
-62565 1321.1650390625
-62555 1321.9229736328125
-62545 1323.094970703125
-62535 1323.2230224609375
-62525 1323.98095703125
-62515 1325.6529541015625
-62505 1326.739013671875
-62495 1327.3299560546875
-62485 1327.7080078125
-62475 1327.10205078125
-62465 1325.1929931640625
-62455 1322.77001953125
-62445 1321.1619873046875
-62435 1319.9339599609375
-62425 1319.8740234375
-62415 1318.20703125
-62405 1315.6309814453125
-62395 1313.9639892578125
-62385 1310.8719482421875
-62375 1307.281005859375
-62365 1302.7340087890625
-62355 1296.718017578125
-62345 1293.4449462890625
-62335 1289.6409912109375
-62325 1285.2769775390625
-62315 1281.7010498046875
-62305 1279.593994140625
-62295 1277.365966796875
-62285 1274.593017578125
-62275 1272.0780029296875
-62265 1271.926025390625
-62255 1269.592041015625
-62245 1263.3790283203125
-62235 1260.135986328125
-62225 1254.7259521484375
-62215 1246.2249755859375
-62205 1240.48095703125
-62195 1235.3590087890625
-62185 1231.583984375
-62175 1226.4329833984375
-62165 1223.052001953125
-62155 1216.051025390625
-62145 1212.717041015625
-62135 1209.1259765625
-62125 1204.594970703125
-62115 1196.958984375
-62105 1189.1529541015625
-62095 1191.593017578125
-62085 1206.1710205078125
-62075 1218.47802734375
-62065 1221.342041015625
-62055 1229.3570556640625
-62045 1239.5419921875
-62035 1246.5889892578125
-62025 1252.77099609375
-62015 1259.5
-62005 1263.7130126953125
-61995 1268.1070556640625
-61985 1274.8050537109375
-61975 1282.9429931640625
-61965 1287.594970703125
-61955 1288.217041015625
-61945 1290.79296875
-61935 1294.4749755859375
-61925 1298.385009765625
-61915 1302.7039794921875
-61905 1307.3260498046875
-61895 1311.386962890625
-61885 1315.0240478515625
-61875 1318.843017578125
-61865 1322.81396484375
-61855 1318.615966796875
-61845 1318.93603515625
-61835 1325.5260009765625
-61825 1330.844970703125
-61815 1336.9840087890625
-61805 1342.697998046875
-61795 1347.666015625
-61785 1351.0159912109375
-61775 1353.833984375
-61765 1356.9580078125
-61755 1360.594970703125
-61745 1363.625
-61735 1365.85302734375
-61725 1368.2320556640625
-61715 1370.9580078125
-61705 1374.4759521484375
-61695 1374.9759521484375
-61685 1378.2039794921875
-61675 1379.5980224609375
-61665 1381.7340087890625
-61655 1384.1739501953125
-61645 1386.175048828125
-61635 1387.3719482421875
-61625 1388.447998046875
-61615 1389.886962890625
-61605 1391.1300048828125
-61595 1393.843017578125
-61585 1397.677001953125
-61575 1400.7679443359375
-61565 1402.31396484375
-61555 1402.905029296875
-61545 1402.9649658203125
-61535 1403.4659423828125
-61525 1405.0260009765625
-61515 1407.0419921875
-61505 1410.072998046875
-61495 1412.10302734375
-61485 1412.345947265625
-61475 1412.845947265625
-61465 1412.1939697265625
-61455 1408.2540283203125
-61445 1407.4510498046875
-61435 1405.3289794921875
-61425 1404.616943359375
-61415 1404.4200439453125
-61405 1400.010009765625
-61395 1399.4949951171875
-61385 1396.8890380859375
-61375 1395.31298828125
-61365 1394.9189453125
-61355 1393.114990234375
-61345 1389.7969970703125
-61335 1383.1290283203125
-61325 1382.1290283203125
-61315 1379.113037109375
-61305 1376.6729736328125
-61295 1375.7030029296875
-61285 1374.0360107421875
-61275 1373.656982421875
-61265 1371.884033203125
-61255 1366.9439697265625
-61245 1363.51904296875
-61235 1357.8060302734375
-61225 1351.302978515625
-61215 1345.9560546875
-61205 1342.197998046875
-61195 1332.54296875
-61185 1325.375
-61175 1322.0260009765625
-61165 1314.6929931640625
-61155 1308.510009765625
-61145 1309.9630126953125
-61135 1310.177001953125
-61125 1310.1300048828125
-61115 1307.14404296875
-61105 1298.2030029296875
-61095 1285.322021484375
-61085 1275.032958984375
-61075 1267.7740478515625
-61065 1264.636962890625
-61055 1255.3480224609375
-61045 1252.573974609375
-61035 1246.2249755859375
-61025 1242.1629638671875
-61015 1238.373046875
-61005 1229.9320068359375
-60995 1223.824951171875
-60985 1222.97705078125
-60975 1221.2359619140625
-60965 1224.0999755859375
-60955 1232.9949951171875
-60945 1243.010009765625
-60935 1248.2080078125
-60925 1250.3470458984375
-60915 1251.9830322265625
-60905 1253.5439453125
-60895 1263.136962890625
-60885 1273.2750244140625
-60875 1281.4129638671875
-60865 1285.1409912109375
-60855 1294.2939453125
-60845 1302.780029296875
-60835 1311.3590087890625
-60825 1319.010009765625
-60815 1325.60400390625
-60805 1332.196044921875
-60795 1336.3609619140625
-60785 1338.4530029296875
-60775 1339.2860107421875
-60765 1342.39404296875
-60755 1343.6070556640625
-60745 1344.0009765625
-60735 1344.1510009765625
-60725 1344.258056640625
-60715 1343.89501953125
-60705 1349.6529541015625
-60695 1354.22998046875
-60685 1359.0469970703125
-60675 1362.9739990234375
-60665 1367.5050048828125
-60655 1371.4150390625
-60645 1375.58203125
-60635 1380.3399658203125
-60625 1384.9320068359375
-60615 1388.8270263671875
-60605 1391.4029541015625
-60595 1398.6309814453125
-60585 1403.81396484375
-60575 1408.9659423828125
-60565 1415.345947265625
-60555 1421.5140380859375
-60545 1428.56103515625
-60535 1434.926025390625
-60525 1440.927001953125
-60515 1448.2159423828125
-60505 1455.52197265625
-60495 1462.823974609375
-60485 1469.5689697265625
-60475 1475.8280029296875
-60465 1482.009033203125
-60455 1487.844970703125
-60445 1494.012939453125
-60435 1500.666015625
-60425 1507.5760498046875
-60415 1514.2440185546875
-60405 1521.032958984375
-60395 1528.125
-60385 1535.884033203125
-60375 1541.885009765625
-60365 1549.3409423828125
-60355 1555.7509765625
-60345 1562.281982421875
-60335 1568.282958984375
-60325 1574.6500244140625
-60315 1580.696044921875
-60305 1586.10595703125
-60295 1591.16796875
-60285 1596.8349609375
-60275 1602.2760009765625
-60265 1606.85205078125
-60255 1610.0799560546875
-60245 1612.822998046875
-60235 1614.656982421875
-60225 1616.762939453125
-60215 1618.4000244140625
-60205 1619.5360107421875
-60195 1620.7640380859375
-60185 1622.8699951171875
-60175 1625.6739501953125
-60165 1629.447021484375
-60155 1632.64501953125
-60145 1635.2969970703125
-60135 1636.5849609375
-60125 1636.9940185546875
-60115 1639.0699462890625
-60105 1640.9949951171875
-60095 1642.8740234375
-60085 1645.81396484375
-60075 1648.8289794921875
-60065 1648.4959716796875
-60055 1648.116943359375
-60045 1649.010986328125
-60035 1653.2850341796875
-60025 1655.93701171875
-60015 1657.2249755859375
-60005 1654.5
-59995 1661.529052734375
-59985 1664.4239501953125
-59975 1666.550048828125
-59965 1668.635009765625
-59955 1671.387939453125
-59945 1674.385009765625
-59935 1677.68505859375
-59925 1683.718017578125
-59915 1690.864990234375
-59905 1698.43701171875
-59895 1705.947998046875
-59885 1713.782958984375
-59875 1721.333984375
-59865 1726.9630126953125
-59855 1729.8170166015625
-59845 1731.9229736328125
-59835 1732.6719970703125
-59825 1733.56298828125
-59815 1732.7330322265625
-59805 1732.3480224609375
-59795 1730.8699951171875
-59785 1727.6920166015625
-59775 1723.7640380859375
-59765 1720.220947265625
-59755 1717.5689697265625
-59745 1716.779052734375
-59735 1711.5150146484375
-59725 1716.697998046875
-59715 1721.0909423828125
-59705 1714.511962890625
-59695 1708.2149658203125
-59685 1702.0810546875
-59675 1697.4649658203125
-59665 1713.9239501953125
-59655 1718.176025390625
-59645 1716.5159912109375
-59635 1713.175048828125
-59625 1708.843017578125
-59615 1703.842041015625
-59605 1698.5579833984375
-59595 1692.4239501953125
-59585 1687.72705078125
-59575 1693.5980224609375
-59565 1696.1490478515625
-59555 1690.3590087890625
-59545 1682.7060546875
-59535 1673.0279541015625
-59525 1657.6619873046875
-59515 1645.7979736328125
-59505 1640.737060546875
-59495 1637.6629638671875
-59485 1633.1240234375
-59475 1632.780029296875
-59465 1631.1810302734375
-59455 1624.0579833984375
-59445 1618.426025390625
-59435 1609.072998046875
-59425 1600.85302734375
-59415 1593.1219482421875
-59405 1590.426025390625
-59395 1586.39697265625
-59385 1585.5069580078125
-59375 1587.4100341796875
-59365 1588.2840576171875
-59355 1604.5
-59345 1618.8709716796875
-59335 1623.2440185546875
-59325 1629.5
-59315 1639.116943359375
-59305 1647.822998046875
-59295 1652.9449462890625
-59285 1654.968994140625
-59275 1655.9410400390625
-59265 1658.2900390625
-59255 1662.197021484375
-59245 1666.468994140625
-59235 1671.0040283203125
-59225 1676.0849609375
-59215 1681.3089599609375
-59205 1686.3499755859375
-59195 1691.8160400390625
-59185 1694.9139404296875
-59175 1694.509033203125
-59165 1689.85205078125
-59155 1683.779052734375
-59145 1678.595947265625
-59135 1673.93896484375
-59125 1668.635009765625
-59115 1663.655029296875
-59105 1658.3709716796875
-59095 1653.3089599609375
-59085 1647.6810302734375
-59075 1643.2469482421875
-59065 1639.116943359375
-59055 1634.2989501953125
-59045 1631.0789794921875
-59035 1627.5159912109375
-59025 1623.345947265625
-59015 1620.0460205078125
-59005 1613.9749755859375
-58995 1604.0150146484375
-58985 1592.39404296875
-58975 1580.405029296875
-58965 1572.06396484375
-58955 1566.6820068359375
-58945 1560.81005859375
-58935 1554.89501953125
-58925 1546.780029296875
-58915 1537.68701171875
-58905 1536.614013671875
-58895 1532.887939453125
-58885 1530.3370361328125
-58875 1528.35302734375
-58865 1522.64697265625
-58855 1518.112060546875
-58845 1514.529052734375
-58835 1507.1600341796875
-58825 1499.5469970703125
-58815 1491.06396484375
-58805 1482.7640380859375
-58795 1477.458984375
-58785 1475.0899658203125
-58775 1473.592041015625
-58765 1469.927978515625
-58755 1466.68896484375
-58745 1461.06005859375
-58735 1455.93798828125
-58725 1454.3389892578125
-58715 1452.9820556640625
-58705 1448.2449951171875
-58695 1441.178955078125
-58685 1434.9840087890625
-58675 1428.2220458984375
-58665 1416.0340576171875
-58655 1406.761962890625
-58645 1396.699951171875
-58635 1400.8299560546875
-58625 1410.5269775390625
-58615 1421.43994140625
-58605 1431.8260498046875
-58595 1441.4420166015625
-58585 1449.237060546875
-58575 1455.89794921875
-58565 1461.5059814453125
-58555 1469.0570068359375
-58545 1477.6619873046875
-58535 1486.5899658203125
-58525 1497.906982421875
-58515 1506.1669921875
-58505 1513.739013671875
-58495 1523.1939697265625
-58485 1539.0460205078125
-58475 1550.947021484375
-58465 1555.6070556640625
-58455 1561.1109619140625
-58445 1566.4560546875
-58435 1571.6820068359375
-58425 1577.2900390625
-58415 1582.93505859375
-58405 1588.1009521484375
-58395 1593.0780029296875
-58385 1590.467041015625
-58375 1586.4410400390625
-58365 1582.7130126953125
-58355 1580.8330078125
-58345 1579.678955078125
-58335 1580.323974609375
-58325 1583.322998046875
-58315 1586.47802734375
-58305 1588.239990234375
-58295 1591.2969970703125
-58285 1595.0250244140625
-58275 1599.4150390625
-58265 1606.927001953125
-58255 1611.4820556640625
-58245 1608.8499755859375
-58235 1607.0279541015625
-58225 1609.719970703125
-58215 1613.303955078125
-58205 1615.20703125
-58195 1620.97705078125
-58185 1629.6820068359375
-58175 1634.8050537109375
-58165 1637.031982421875
-58155 1644.1180419921875
-58145 1649.968994140625
-58135 1655.5560302734375
-58125 1662.115966796875
-58115 1667.6429443359375
-58105 1672.7039794921875
-58095 1674.991943359375
-58085 1677.4010009765625
-58075 1681.97705078125
-58065 1687.240966796875
-58055 1692.01904296875
-58045 1693.8809814453125
-58035 1695.946044921875
-58025 1700.3800048828125
-58015 1703.072998046875
-58005 1695.2989501953125
-57995 1693.3349609375
-57985 1694.366943359375
-57975 1696.97900390625
-57965 1701.0889892578125
-57955 1704.531005859375
-57945 1708.741943359375
-57935 1713.2769775390625
-57925 1718.6009521484375
-57915 1723.946044921875
-57905 1729.4730224609375
-57895 1735.5260009765625
-57885 1741.053955078125
-57875 1747.1070556640625
-57865 1753.8690185546875
-57855 1760.125
-57845 1766.3399658203125
-57835 1772.9200439453125
-57825 1779.7020263671875
-57815 1786.7879638671875
-57805 1794.300048828125
-57795 1801.6490478515625
-57785 1809.68603515625
-57775 1816.9339599609375
-57765 1823.7769775390625
-57755 1830.843017578125
-57745 1838.5560302734375
-57735 1846.27001953125
-57725 1854.14599609375
-57715 1862.2440185546875
-57705 1870.0379638671875
-57695 1877.366943359375
-57685 1886.072998046875
-57675 1894.1710205078125
-57665 1903.949951171875
-57655 1914.47705078125
-57645 1922.5760498046875
-57635 1929.3170166015625
-57625 1921.0369873046875
-57615 1913.5059814453125
-57605 1910.9949951171875
-57595 1909.801025390625
-57585 1907.4930419921875
-57575 1898.362060546875
-57565 1886.699951171875
-57555 1874.97802734375
-57545 1865.5439453125
-57535 1856.5350341796875
-57525 1860.6650390625
-57515 1867.85205078125
-57505 1866.5909423828125
-57495 1871.1729736328125
-57485 1876.1209716796875
-57475 1878.43798828125
-57465 1877.8680419921875
-57455 1869.779052734375
-57445 1868.2860107421875
-57435 1870.072998046875
-57425 1871.0350341796875
-57415 1864.39794921875
-57405 1834.1400146484375
-57395 1817.449951171875
-57385 1819.137939453125
-57375 1818.64697265625
-57365 1826.14794921875
-57355 1829.1719970703125
-57345 1831.31201171875
-57335 1830.468017578125
-57325 1827.6800537109375
-57315 1819.1190185546875
-57305 1811.6180419921875
-57295 1798.1669921875
-57285 1790.843017578125
-57275 1780.3580322265625
-57265 1765.6700439453125
-57255 1743.4630126953125
-57245 1729.875
-57235 1722.177001953125
-57225 1714.362060546875
-57215 1709.4930419921875
-57205 1697.613037109375
-57195 1700.1070556640625
-57185 1694.7659912109375
-57175 1681.2960205078125
-57165 1670.5880126953125
-57155 1637.678955078125
-57145 1632.06298828125
-57135 1626.0150146484375
-57125 1619.45703125
-57115 1613.488037109375
-57105 1607.4599609375
-57095 1602.8060302734375
-57085 1598.95703125
-57075 1594.5789794921875
-57065 1587.6080322265625
-57055 1583.6810302734375
-57045 1580.833984375
-57035 1577.887939453125
-57025 1576.8280029296875
-57015 1574.35400390625
-57005 1557.64404296875
-56995 1554.7569580078125
-56985 1549.906982421875
-56975 1561.39404296875
-56965 1574.72705078125
-56955 1585.7430419921875
-56945 1591.39794921875
-56935 1583.366943359375
-56925 1576.6510009765625
-56915 1573.9219970703125
-56905 1564.5159912109375
-56895 1560.864013671875
-56885 1561.68896484375
-56875 1564.0260009765625
-56865 1564.634033203125
-56855 1562.906005859375
-56845 1562.239013671875
-56835 1562.906005859375
-56825 1562.198974609375
-56815 1563.5350341796875
-56805 1565.125
-56795 1566.85302734375
-56785 1569.4649658203125
-56775 1572.8809814453125
-56765 1575.865966796875
-56755 1576.6510009765625
-56745 1578.3399658203125
-56735 1580.51904296875
-56725 1583.8380126953125
-56715 1593.0469970703125
-56705 1597.56298828125
-56695 1598.95703125
-56685 1604.10205078125
-56675 1606.47802734375
-56665 1615.136962890625
-56655 1614.97998046875
-56645 1616.4129638671875
-56635 1612.8399658203125
-56625 1619.0250244140625
-56615 1628.0970458984375
-56605 1646.2989501953125
-56595 1648.595947265625
-56585 1651.738037109375
-56575 1656.7060546875
-56565 1662.595947265625
-56555 1666.2679443359375
-56545 1671.0400390625
-56535 1673.3370361328125
-56525 1675.4639892578125
-56515 1688.9930419921875
-56505 1674.5350341796875
-56495 1690.8780517578125
-56485 1689.699951171875
-56475 1691.2509765625
-56465 1699.322021484375
-56455 1701.85498046875
-56445 1709.4539794921875
-56435 1711.260009765625
-56425 1712.1829833984375
-56415 1731.7989501953125
-56405 1728.166015625
-56395 1728.9119873046875
-56385 1739.3590087890625
-56375 1769.362060546875
-56365 1784.2459716796875
-56355 1790.135986328125
-56345 1798.717041015625
-56335 1813.7969970703125
-56325 1811.7950439453125
-56315 1812.8160400390625
-56305 1809.77197265625
-56295 1816.60498046875
-56285 1809.10400390625
-56275 1812.050048828125
-56265 1826.364013671875
-56255 1837.14404296875
-56245 1838.8330078125
-56235 1831.1939697265625
-56225 1836.81005859375
-56215 1831.468994140625
-56205 1815.4859619140625
-56195 1833.510986328125
-56185 1837.8310546875
-56175 1837.301025390625
-56165 1841.052001953125
-56155 1864.9090576171875
-56145 1870.093017578125
-56135 1872.762939453125
-56125 1877.73095703125
-56115 1888.2159423828125
-56105 1895.2459716796875
-56095 1922.0159912109375
-56085 1942.73095703125
-56075 1950.8409423828125
-56065 1955.553955078125
-56055 1961.6209716796875
-56045 1967.9830322265625
-56035 1972.5970458984375
-56025 1996.866943359375
-56015 2005.427978515625
-56005 2024.2979736328125
-55995 2022.333984375
-55985 2031.759033203125
-55975 2043.8160400390625
-55965 2048.528076171875
-55955 2043.22705078125
-55945 2037.5909423828125
-55935 2056.756103515625
-55925 2065.492919921875
-55915 2072.60205078125
-55905 2080.906982421875
-55895 2102.722900390625
-55885 2109.1240234375
-55875 2128.346923828125
-55865 2141.18896484375
-55855 2140.364013671875
-55845 2142.64208984375
-55835 2147.83203125
-55825 2170.98291015625
-55815 2194.053955078125
-55805 2201.947998046875
-55795 2257.909912109375
-55785 2249.387939453125
-55775 2242.593994140625
-55765 2230.949951171875
-55755 2242.7119140625
-55745 2246.77587890625
-55735 2237.37109375
-55725 2236.97802734375
-55715 2243.47705078125
-55705 2246.952880859375
-55695 2242.987060546875
-55685 2229.712890625
-55675 2218.030029296875
-55665 2216.39990234375
-55655 2218.5791015625
-55645 2213.631103515625
-55635 2220.445068359375
-55625 2215.1630859375
-55615 2217.970947265625
-55605 2214.337890625
-55595 2205.051025390625
-55585 2198.924072265625
-55575 2194.60400390625
-55565 2190.5791015625
-55555 2179.97607421875
-55545 2177.697998046875
-55535 2173.84912109375
-55525 2172.612060546875
-55515 2152.342041015625
-55505 2157.158935546875
-55495 2149.259033203125
-55485 2126.48193359375
-55475 2113.8759765625
-55465 2123.301025390625
-55455 2127.718994140625
-55445 2130.507080078125
-55435 2129.506103515625
-55425 2122.06396484375
-55415 2122.02392578125
-55405 2116.173095703125
-55395 2108.0830078125
-55385 2102.467041015625
-55375 2105.70703125
-55365 2101.662109375
-55355 2092.35498046875
-55345 2083.009033203125
-55335 2088.840087890625
-55325 2090.469970703125
-55315 2089.958984375
-55305 2086.306884765625
-55295 2082.7529296875
-55285 2078.472900390625
-55275 2072.739013671875
-55265 2066.1220703125
-55255 2061.7041015625
-55245 2054.47802734375
-55235 2046.6820068359375
-55225 2040.10498046875
-55215 2026.928955078125
-55205 2005.64404296875
-55195 1986.989990234375
-55185 1983.259033203125
-55175 1969.3380126953125
-55165 1954.218017578125
-55155 1947.345947265625
-55145 1940.68896484375
-55135 1934.3270263671875
-55125 1928.77099609375
-55115 1922.781982421875
-55105 1916.3409423828125
-55095 1910.3260498046875
-55085 1904.39599609375
-55075 1898.3349609375
-55065 1892.0260009765625
-55055 1885.447998046875
-55045 1879.10498046875
-55035 1872.958984375
-55025 1866.656005859375
-55015 1860.196044921875
-55005 1853.9129638671875
-54995 1847.845947265625
-54985 1842.0889892578125
-54975 1836.1070556640625
-54965 1830.04296875
-54955 1824.6739501953125
-54945 1820.64794921875
-54935 1819.0150146484375
-54925 1817.8179931640625
-54915 1816.0069580078125
-54905 1814.3580322265625
-54895 1812.20703125
-54885 1810.3480224609375
-54875 1808.697998046875
-54865 1806.904052734375
-54855 1804.446044921875
-54845 1798.9639892578125
-54835 1798.3330078125
-54825 1805.2869873046875
-54815 1813.8570556640625
-54805 1821.489013671875
-54795 1826.64697265625
-54785 1832.3070068359375
-54775 1837.384033203125
-54765 1842.9139404296875
-54755 1848.363037109375
-54745 1854.18505859375
-54735 1859.4720458984375
-54725 1866.0369873046875
-54715 1871.7449951171875
-54705 1878.8280029296875
-54695 1885.9100341796875
-54685 1886.2010498046875
-54675 1892.4749755859375
-54665 1901.385009765625
-54655 1910.31103515625
-54645 1918.8809814453125
-54635 1929.4560546875
-54625 1938.251953125
-54615 1948.1810302734375
-54605 1959.9560546875
-54595 1966.3719482421875
-54585 1978.1309814453125
-54575 1983.612060546875
-54565 1984.9830322265625
-54555 1992.697021484375
-54545 1999.6689453125
-54535 2011.6669921875
-54525 2026.219970703125
-54515 2031.7659912109375
-54505 2034.41796875
-54495 2037.7650146484375
-54485 2040.2879638671875
-54475 2045.6400146484375
-54465 2050.927978515625
-54455 2054.404052734375
-54445 2064.202880859375
-54435 2070.89794921875
-54425 2076.47607421875
-54415 2083.9150390625
-54405 2092
-54395 2097.174072265625
-54385 2099.79296875
-54375 2099.59912109375
-54365 2102.10595703125
-54355 2103.010986328125
-54345 2101.2490234375
-54335 2097.72412109375
-54325 2093.114990234375
-54315 2087.762939453125
-54305 2082.1201171875
-54295 2076.735107421875
-54285 2071.787109375
-54275 2066.14404296875
-54265 2059.594970703125
-54255 2054.2099609375
-54245 2048.777099609375
-54235 2043.748046875
-54225 2038.7030029296875
-54215 2033.4000244140625
-54205 2028.85595703125
-54195 2024.052978515625
-54185 2019.6070556640625
-54175 2014.2060546875
-54165 2009.823974609375
-54155 2005.781005859375
-54145 2001.237060546875
-54135 1997.8740234375
-54125 1993.7989501953125
-54115 1990.72705078125
-54105 1988.26904296875
-54095 1985.989013671875
-54085 1984.6920166015625
-54075 1982.56103515625
-54065 1981.10302734375
-54055 1979.3270263671875
-54045 1973.990966796875
-54035 1968.4119873046875
-54025 1963.366943359375
-54015 1959.5679931640625
-54005 1957.3170166015625
-53995 1955.5570068359375
-53985 1954.635986328125
-53975 1954.23095703125
-53965 1953.3389892578125
-53955 1952.3389892578125
-53945 1952.3389892578125
-53935 1952.9830322265625
-53925 1951.97998046875
-53915 1952.14599609375
-53905 1952.6429443359375
-53895 1953.5849609375
-53885 1953.823974609375
-53875 1954.6199951171875
-53865 1954.7969970703125
-53855 1955.5059814453125
-53845 1957.093994140625
-53835 1959.322021484375
-53825 1961.864013671875
-53815 1964.56103515625
-53805 1967.5550537109375
-53795 1971.1099853515625
-53785 1974.7509765625
-53775 1978.406005859375
-53765 1982.5770263671875
-53755 1987.072998046875
-53745 1991.1639404296875
-53735 1996.125
-53725 2000.5260009765625
-53715 2005.2640380859375
-53705 2010.22802734375
-53695 2014.6910400390625
-53685 2019.0240478515625
-53675 2023.5360107421875
-53665 2028.240966796875
-53655 2032.6070556640625
-53645 2036.5040283203125
-53635 2040.2559814453125
-53625 2043.699951171875
-53615 2047.06298828125
-53605 2051.090087890625
-53595 2054.873046875
-53585 2059.513916015625
-53575 2065.465087890625
-53565 2070.5419921875
-53555 2074.406005859375
-53545 2078.35205078125
-53535 2081.116943359375
-53525 2084.6259765625
-53515 2088.943115234375
-53505 2094.45703125
-53495 2100.083984375
-53485 2105.1298828125
-53475 2110.64404296875
-53465 2114.927978515625
-53455 2119.762939453125
-53445 2123.466064453125
-53435 2127.39599609375
-53425 2131.760986328125
-53415 2136.805908203125
-53405 2142.64404296875
-53395 2147.833984375
-53385 2152.52392578125
-53375 2156.533935546875
-53365 2160.04296875
-53355 2162.7919921875
-53345 2165.912109375
-53335 2168.822998046875
-53325 2172.39599609375
-53315 2174.48193359375
-53305 2175.85693359375
-53295 2177.18310546875
-53285 2177.927001953125
-53275 2178.26611328125
-53265 2178.39599609375
-53255 2178.008056640625
-53245 2178.02392578125
-53235 2178.23388671875
-53225 2179.89892578125
-53215 2182.551025390625
-53205 2186.577880859375
-53195 2189.925048828125
-53185 2195.06689453125
-53175 2198.930908203125
-53165 2203.52392578125
-53155 2206.385986328125
-53145 2209.60400390625
-53135 2211.85400390625
-53125 2213.56494140625
-53115 2215.618896484375
-53105 2218.22607421875
-53095 2221.294921875
-53085 2224.85498046875
-53075 2228.39599609375
-53065 2232.779052734375
-53055 2238.62890625
-53045 2244.824951171875
-53035 2252.052978515625
-53025 2255.137939453125
-53015 2257.323974609375
-53005 2258.068115234375
-52995 2259.14794921875
-52985 2261.18896484375
-52975 2262.43408203125
-52965 2261.25
-52955 2257.159912109375
-52945 2254.26806640625
-52935 2254.89892578125
-52925 2251.761962890625
-52915 2249.594970703125
-52905 2248.39599609375
-52895 2246.652099609375
-52885 2244.98388671875
-52875 2243.094970703125
-52865 2242.156982421875
-52855 2240.927978515625
-52845 2238.406005859375
-52835 2237.160888671875
-52825 2235.654052734375
-52815 2235.02294921875
-52805 2234.200927734375
-52795 2234.89404296875
-52785 2235.705078125
-52775 2236.367919921875
-52765 2237.904052734375
-52755 2240.7958984375
-52745 2244.14599609375
-52735 2247.492919921875
-52725 2251.240966796875
-52715 2254.85107421875
-52705 2257.59912109375
-52695 2259.587890625
-52685 2262.56298828125
-52675 2265.7939453125
-52665 2268.48193359375
-52655 2270.27294921875
-52645 2272.843994140625
-52635 2276.72900390625
-52625 2280.383056640625
-52615 2284.44091796875
-52605 2288.7099609375
-52595 2293.0439453125
-52585 2297.68505859375
-52575 2302.74609375
-52565 2307.159912109375
-52555 2311.347900390625
-52545 2315.826904296875
-52535 2320.404052734375
-52525 2325.416015625
-52515 2330.137939453125
-52505 2335.3740234375
-52495 2340.638916015625
-52485 2343.577880859375
-52475 2344.0029296875
-52465 2342.443115234375
-52455 2344.287109375
-52445 2342.80810546875
-52435 2339.139892578125
-52425 2337.6201171875
-52415 2336.10009765625
-52405 2335.471923828125
-52395 2334.134033203125
-52385 2333.68798828125
-52375 2334.31591796875
-52365 2334.985107421875
-52355 2336.404052734375
-52345 2339.444091796875
-52335 2342.0380859375
-52325 2344.97607421875
-52315 2347.81298828125
-52305 2350.9140625
-52295 2354.419921875
-52285 2355.452880859375
-52275 2354.987060546875
-52265 2354.156005859375
-52255 2353.02099609375
-52245 2347.447998046875
-52235 2340.699951171875
-52225 2335.31005859375
-52215 2327.60888671875
-52205 2326.14990234375
-52195 2326.677001953125
-52185 2315.712890625
-52175 2304.87109375
-52165 2301.75
-52155 2291.576904296875
-52145 2288.597900390625
-52135 2280.613037109375
-52125 2279.114013671875
-52115 2270.763916015625
-52105 2261.847900390625
-52095 2261.5439453125
-52085 2262.760009765625
-52075 2261.137939453125
-52065 2249.52587890625
-52055 2239.2919921875
-52045 2235.6240234375
-52035 2224.011962890625
-52025 2214.7919921875
-52015 2210.738037109375
-52005 2212.218017578125
-51995 2204.375
-51985 2207.39501953125
-51975 2209.825927734375
-51965 2204.031005859375
-51955 2196.410888671875
-51945 2182.06298828125
-51935 2167.511962890625
-51925 2159.528076171875
-51915 2157.39990234375
-51905 2153.85400390625
-51895 2152.39404296875
-51885 2152.19189453125
-51875 2151.198974609375
-51865 2155.4541015625
-51855 2155.47509765625
-51845 2148.301025390625
-51835 2136.222900390625
-51825 2134.946044921875
-51815 2129.778076171875
-51805 2129.656005859375
-51795 2121.22607421875
-51785 2108.053955078125
-51775 2098.406982421875
-51765 2087.949951171875
-51755 2066.81396484375
-51745 2053.62109375
-51735 2046.7919921875
-51725 2045.27197265625
-51715 2042.31298828125
-51705 2032.302001953125
-51695 2052
-51685 2048.717041015625
-51675 2041.56298828125
-51665 2021.9659423828125
-51655 2015.623046875
-51645 2004.720947265625
-51635 1998.3370361328125
-51625 1993.97998046875
-51615 1987.1300048828125
-51605 1993.4129638671875
-51595 1994.323974609375
-51585 1986.8060302734375
-51575 1980.56396484375
-51565 1977.1190185546875
-51555 1975.031982421875
-51545 1972.802978515625
-51535 1978.781005859375
-51525 1982.3270263671875
-51515 1979.97705078125
-51505 1977.8890380859375
-51495 1975.9639892578125
-51485 1973.0860595703125
-51475 1970.552978515625
-51465 1967.0469970703125
-51455 1967.3509521484375
-51445 1965.8310546875
-51435 1965.81103515625
-51425 1966.094970703125
-51415 1965.9119873046875
-51405 1965.1829833984375
-51395 1964.27099609375
-51385 1966.094970703125
-51375 1965.2840576171875
-51365 1964.717041015625
-51355 1968.06103515625
-51345 1969.032958984375
-51335 1969.905029296875
-51325 1968.8709716796875
-51315 1962.7509765625
-51305 1956.9749755859375
-51295 1951.0169677734375
-51285 1945.64697265625
-51275 1940.905029296875
-51265 1941.8370361328125
-51255 1942.1009521484375
-51245 1943.4990234375
-51235 1943.6409912109375
-51225 1940.6409912109375
-51215 1941.3709716796875
-51205 1949.2540283203125
-51195 1955.8199462890625
-51185 1962.73095703125
-51175 1970.31005859375
-51165 1976.93701171875
-51155 1980.5240478515625
-51145 1985.2049560546875
-51135 1996.3509521484375
-51125 2009.948974609375
-51115 2043.6300048828125
-51105 2050.64208984375
-51095 2047.7239990234375
-51085 2051.3720703125
-51075 2054.35107421875
-51065 2063.2880859375
-51055 2065.597900390625
-51045 2069.9140625
-51035 2077.9599609375
-51025 2083.654052734375
-51015 2090.179931640625
-51005 2096.096923828125
-50995 2100.738037109375
-50985 2102.5009765625
-50975 2105.4189453125
-50965 2109.695068359375
-50955 2115.97802734375
-50945 2125.055908203125
-50935 2123.98193359375
-50925 2115.572021484375
-50915 2110.486083984375
-50905 2106.614990234375
-50895 2097.4951171875
-50885 2093.218994140625
-50875 2087.64599609375
-50865 2083.735107421875
-50855 2079.43896484375
-50845 2076.6220703125
-50835 2075.406005859375
-50825 2073.764892578125
-50815 2068.596923828125
-50805 2063.2880859375
-50795 2056.235107421875
-50785 2045.0889892578125
-50775 2045.738037109375
-50765 2030.5179443359375
-50755 2034.14599609375
-50745 2038.7869873046875
-50735 2040.2860107421875
-50725 2034.612060546875
-50715 2032.5450439453125
-50705 2026.364013671875
-50695 2005.0250244140625
-50685 1980.7869873046875
-50675 1994.1419677734375
-50665 2001.883056640625
-50655 2006.362060546875
-50645 2000.5660400390625
-50635 1988.9139404296875
-50625 1980.5849609375
-50615 1973.97802734375
-50605 1971.425048828125
-50595 1965.68994140625
-50585 1958.27197265625
-50575 1947.3900146484375
-50565 1936.9530029296875
-50555 1927.387939453125
-50545 1917.9239501953125
-50535 1917.3360595703125
-50525 1921.9969482421875
-50515 1935.8790283203125
-50505 1931.177978515625
-50495 1922.3819580078125
-50485 1916.5460205078125
-50475 1923.010986328125
-50465 1924.8349609375
-50455 1921.633056640625
-50445 1922.8280029296875
-50435 1924.9759521484375
-50425 1927.14501953125
-50415 1928.68505859375
-50405 1930.04296875
-50395 1930.02197265625
-50385 1930.89404296875
-50375 1930.5699462890625
-50365 1930.77197265625
-50355 1929.739013671875
-50345 1928.968994140625
-50335 1928.60400390625
-50325 1929.1309814453125
-50315 1929.35400390625
-50305 1929.9620361328125
-50295 1931.845947265625
-50285 1933.02197265625
-50275 1934.3389892578125
-50265 1934.5419921875
-50255 1933.81201171875
-50245 1935.0689697265625
-50235 1936.9940185546875
-50225 1938.737060546875
-50215 1938.9189453125
-50205 1940.5400390625
-50195 1940.175048828125
-50185 1940.43896484375
-50175 1940.6820068359375
-50165 1940.6009521484375
-50155 1942.1610107421875
-50145 1943.114013671875
-50135 1942.1610107421875
-50125 1941.25
-50115 1941.7159423828125
-50105 1942.2020263671875
-50095 1943.43798828125
-50085 1945.1400146484375
-50075 1947.633056640625
-50065 1949.9639892578125
-50055 1952.4969482421875
-50045 1955.27294921875
-50035 1957.927978515625
-50025 1960.4210205078125
-50015 1963.0150146484375
-50005 1965.1929931640625
-49995 1967.383056640625
-49985 1969.218994140625
-49975 1971.072998046875
-49965 1972.762939453125
-49955 1974.5980224609375
-49945 1976.125
-49935 1977.1429443359375
-49925 1978.633056640625
-49915 1980.3780517578125
-49905 1981.68603515625
-49895 1982.9219970703125
-49885 1984.3759765625
-49875 1986.030029296875
-49865 1987.738037109375
-49855 1990.08203125
-49845 1993.843994140625
-49835 1998.988037109375
-49825 2004.5489501953125
-49815 2009.383056640625
-49805 2013.344970703125
-49795 2017.2889404296875
-49785 2020.7049560546875
-49775 2024.68505859375
-49765 2028.302001953125
-49755 2033.22705078125
-49745 2038.0250244140625
-49735 2043.114013671875
-49725 2047.9840087890625
-49715 2054.363037109375
-49705 2060.760009765625
-49695 2068.030029296875
-49685 2076.35302734375
-49675 2090.4560546875
-49665 2100.23388671875
-49655 2105.35888671875
-49645 2109.466064453125
-49635 2107.011962890625
-49625 2106.139892578125
-49615 2105.594970703125
-49605 2090.384033203125
-49595 2081.18798828125
-49585 2075.06298828125
-49575 2068.39306640625
-49565 2062.322998046875
-49555 2054.39892578125
-49545 2048.0390625
-49535 2042.822998046875
-49525 2038.47900390625
-49515 2033.8809814453125
-49505 2029.9739990234375
-49495 2026.030029296875
-49485 2022.8499755859375
-49475 2018.469970703125
-49465 2014.6529541015625
-49455 2012.0179443359375
-49445 2009.6190185546875
-49435 2008.0379638671875
-49425 2006.947998046875
-49415 2005.239013671875
-49405 2003.366943359375
-49395 2002.113037109375
-49385 2002.259033203125
-49375 2002.2220458984375
-49365 1999.386962890625
-49355 1994.0260009765625
-49345 1989.0469970703125
-49335 1984.0489501953125
-49325 1979.468994140625
-49315 1975.97900390625
-49305 1971.708984375
-49295 1967.238037109375
-49285 1962.2220458984375
-49275 1957.31494140625
-49265 1951.7540283203125
-49255 1948.3919677734375
-49245 1946.991943359375
-49235 1944.574951171875
-49225 1941.739990234375
-49215 1939.2679443359375
-49205 1936.5059814453125
-49195 1934.5980224609375
-49185 1931.7449951171875
-49175 1930.14501953125
-49165 1927.237060546875
-49155 1925.4019775390625
-49145 1922.4940185546875
-49135 1919.4949951171875
-49125 1916.0059814453125
-49115 1912.717041015625
-49105 1909.572998046875
-49095 1906.8280029296875
-49085 1903.302978515625
-49075 1901.4310302734375
-49065 1897.905029296875
-49055 1894.1070556640625
-49045 1892.635009765625
-49035 1889.56298828125
-49025 1886.1099853515625
-49015 1883.8570556640625
-49005 1880.657958984375
-48995 1877.114013671875
-48985 1873.824951171875
-48975 1871.3709716796875
-48965 1867.791015625
-48955 1864.1739501953125
-48945 1860.4849853515625
-48935 1857.449951171875
-48925 1854.2509765625
-48915 1850.8709716796875
-48905 1847.3270263671875
-48895 1845.4010009765625
-48885 1841.5479736328125
-48875 1836.2960205078125
-48865 1835.095947265625
-48855 1837.041015625
-48845 1830.8260498046875
-48835 1825.5009765625
-48825 1819.68505859375
-48815 1815.614013671875
-48805 1813.4329833984375
-48795 1811.85205078125
-48785 1817.7769775390625
-48775 1815.39599609375
-48765 1811.6519775390625
-48755 1806.8719482421875
-48745 1812.1070556640625
-48735 1810.2349853515625
-48725 1807.85400390625
-48715 1806.58203125
-48705 1801.4749755859375
-48695 1802.510986328125
-48685 1798.4029541015625
-48675 1792.134033203125
-48665 1785.208984375
-48655 1778.5760498046875
-48645 1772.5419921875
-48635 1767.98095703125
-48625 1765.126953125
-48615 1760.7840576171875
-48605 1758.2760009765625
-48595 1752.9510498046875
-48585 1748.7159423828125
-48575 1746.8079833984375
-48565 1746.0269775390625
-48555 1741.7919921875
-48545 1735.594970703125
-48535 1730.1429443359375
-48525 1724.8719482421875
-48515 1722.5460205078125
-48505 1719.4019775390625
-48495 1712.822998046875
-48485 1706.7530517578125
-48475 1700.3919677734375
-48465 1694.613037109375
-48455 1689.760986328125
-48445 1685.4169921875
-48435 1681.092041015625
-48425 1677.6929931640625
-48415 1674.60400390625
-48405 1671.8590087890625
-48395 1669.7330322265625
-48385 1667.47900390625
-48375 1663.5360107421875
-48365 1660.3740234375
-48355 1657.865966796875
-48345 1654.9219970703125
-48335 1653.031005859375
-48325 1650.7960205078125
-48315 1648.9599609375
-48305 1647.56103515625
-48295 1644.5439453125
-48285 1641.345947265625
-48275 1641.5999755859375
-48265 1646.1070556640625
-48255 1649.9599609375
-48245 1654.1939697265625
-48235 1658.35595703125
-48225 1663.1719970703125
-48215 1666.3890380859375
-48205 1670.4239501953125
-48195 1675.385009765625
-48185 1680.7650146484375
-48175 1685.56298828125
-48165 1689.9599609375
-48155 1693.6500244140625
-48145 1696.6669921875
-48135 1699.883056640625
-48125 1703.4090576171875
-48115 1706.862060546875
-48105 1710.988037109375
-48095 1717.18505859375
-48085 1722.6920166015625
-48075 1728.906982421875
-48065 1730.3609619140625
-48055 1721.801025390625
-48045 1713.8050537109375
-48035 1712.4420166015625
-48025 1708.5159912109375
-48015 1707.280029296875
-48005 1702.77294921875
-47995 1700.3380126953125
-47985 1702.301025390625
-47975 1712.531982421875
-47965 1727.1800537109375
-47955 1731.8509521484375
-47945 1737.866943359375
-47935 1749.1710205078125
-47925 1759.9840087890625
-47915 1769.7430419921875
-47905 1780.375
-47895 1790.8800048828125
-47885 1794.5870361328125
-47875 1797.6219482421875
-47865 1796.114013671875
-47855 1798.43994140625
-47845 1797.677001953125
-47835 1796.041015625
-47825 1803.2559814453125
-47815 1808.762939453125
-47805 1804.2919921875
-47795 1798.9310302734375
-47785 1798.4940185546875
-47775 1800.0570068359375
-47765 1801.093017578125
-47755 1804.491943359375
-47745 1807.344970703125
-47735 1806.85400390625
-47725 1807.654052734375
-47715 1814.342041015625
-47705 1812.2879638671875
-47695 1809.9439697265625
-47685 1812.9239501953125
-47675 1820.612060546875
-47665 1836.6409912109375
-47655 1838.7130126953125
-47645 1844.72802734375
-47635 1853.343017578125
-47625 1856.2509765625
-47615 1866.2099609375
-47605 1870.48095703125
-47595 1876.7869873046875
-47585 1880.6939697265625
-47575 1886.073974609375
-47565 1890.7080078125
-47555 1890.344970703125
-47545 1894.1070556640625
-47535 1895.81494140625
-47525 1897.52294921875
-47515 1902.9029541015625
-47505 1909.238037109375
-47495 1912.970947265625
-47485 1918.8909912109375
-47475 1925.39404296875
-47465 1932.5179443359375
-47455 1939.4420166015625
-47445 1946.5469970703125
-47435 1954.6949462890625
-47425 1961.7989501953125
-47415 1963.06298828125
-47405 1958.76904296875
-47395 1953.009033203125
-47385 1947.77099609375
-47375 1942.593017578125
-47365 1935.468994140625
-47355 1927.862060546875
-47345 1921.47998046875
-47335 1917.626953125
-47325 1911.5059814453125
-47315 1907.0860595703125
-47305 1901.927978515625
-47295 1896.18798828125
-47285 1890.6490478515625
-47275 1884.407958984375
-47265 1880.35400390625
-47255 1879.2099609375
-47245 1877.9659423828125
-47235 1874.7149658203125
-47225 1871.905029296875
-47215 1867.7509765625
-47205 1863.31494140625
-47195 1858.6190185546875
-47185 1853.782958984375
-47175 1849.0260009765625
-47165 1844.6109619140625
-47155 1838.81103515625
-47145 1829.137939453125
-47135 1821.8330078125
-47125 1826.949951171875
-47115 1835.157958984375
-47105 1843.10595703125
-47095 1852.43798828125
-47085 1857.7359619140625
-47075 1864.3790283203125
-47065 1868.7939453125
-47055 1874.9150390625
-47045 1873.6910400390625
-47035 1873.551025390625
-47025 1874.2330322265625
-47015 1879.1300048828125
-47005 1879.490966796875
-46995 1887.218017578125
-46985 1893.8199462890625
-46975 1898.39599609375
-46965 1903.7540283203125
-46955 1912.60498046875
-46945 1920.7779541015625
-46935 1929.488037109375
-46925 1936.3919677734375
-46915 1942.6929931640625
-46905 1948.7939453125
-46895 1954.5140380859375
-46885 1959.7120361328125
-46875 1963.364990234375
-46865 1966.696044921875
-46855 1967.6190185546875
-46845 1969.0439453125
-46835 1966.1939697265625
-46825 1969.10400390625
-46815 1948.6739501953125
-46805 1948.29296875
-46795 1944.9410400390625
-46785 1941.18798828125
-46775 1938.8599853515625
-46765 1931.7960205078125
-46755 1923.386962890625
-46745 1915.4949951171875
-46735 1903.593994140625
-46725 1891.3719482421875
-46715 1883.7259521484375
-46705 1877.885009765625
-46695 1877.9659423828125
-46685 1871.363037109375
-46675 1861.81005859375
-46665 1854.5250244140625
-46655 1848.2640380859375
-46645 1837.3260498046875
-46635 1827.27099609375
-46625 1818.741943359375
-46615 1810.77001953125
-46605 1801.9990234375
-46595 1793.5909423828125
-46585 1792.6070556640625
-46575 1789.5159912109375
-46565 1786.365966796875
-46555 1777.615966796875
-46545 1779.9029541015625
-46535 1779.843017578125
-46525 1786.426025390625
-46515 1787.75
-46505 1789.737060546875
-46495 1789.998046875
-46485 1794.112060546875
-46475 1798.7679443359375
-46465 1805.416015625
-46455 1809.469970703125
-46445 1816.93603515625
-46435 1824.501953125
-46425 1828.7359619140625
-46415 1827.3919677734375
-46405 1823.9200439453125
-46395 1831.18505859375
-46385 1832.428955078125
-46375 1832.2889404296875
-46365 1831.68701171875
-46355 1831.426025390625
-46345 1832.509033203125
-46335 1834.3759765625
-46325 1835.781005859375
-46315 1838.81103515625
-46305 1842.1629638671875
-46295 1846.196044921875
-46285 1850.3709716796875
-46275 1855.2080078125
-46265 1858.97998046875
-46255 1860.5260009765625
-46245 1865.52294921875
-46235 1867.3489990234375
-46225 1870.4200439453125
-46215 1874.4739990234375
-46205 1876.48095703125
-46195 1878.7889404296875
-46185 1881.0560302734375
-46175 1883.4849853515625
-46165 1884.9100341796875
-46155 1886.1739501953125
-46145 1886.9169921875
-46135 1887.5789794921875
-46125 1888.3409423828125
-46115 1886.8759765625
-46105 1887.3580322265625
-46095 1888
-46085 1888.9429931640625
-46075 1890.3079833984375
-46065 1891.2919921875
-46055 1893.5389404296875
-46045 1897.613037109375
-46035 1899.9410400390625
-46025 1903.5340576171875
-46015 1907.66796875
-46005 1910.6629638671875
-45995 1912.6500244140625
-45985 1915.5799560546875
-45975 1920.47705078125
-45965 1922.302978515625
-45955 1925.032958984375
-45945 1929.126953125
-45935 1931.9560546875
-45925 1934.2840576171875
-45915 1935.8900146484375
-45905 1937.656005859375
-45895 1939.1209716796875
-45885 1940.68701171875
-45875 1942.4530029296875
-45865 1946.3060302734375
-45855 1951.1619873046875
-45845 1952.5469970703125
-45835 1953.009033203125
-45825 1959.0699462890625
-45815 1963.0030517578125
-45805 1966.375
-45795 1967.8800048828125
-45785 1971.2320556640625
-45775 1973.56005859375
-45765 1977.2320556640625
-45755 1980.322998046875
-45745 1983.7750244140625
-45735 1988.25
-45725 1994.9930419921875
-45715 2001.7969970703125
-45705 2008.52001953125
-45695 2016.27099609375
-45685 2022.633056640625
-45675 2030.3800048828125
-45665 2036.52099609375
-45655 2040.7559814453125
-45645 2049.2451171875
-45635 2066.583984375
-45625 2084.06494140625
-45615 2096.166015625
-45605 2098.27294921875
-45595 2101.544921875
-45585 2107.74609375
-45575 2116.89794921875
-45565 2123.445068359375
-45555 2138.616943359375
-45545 2151.361083984375
-45535 2151.341064453125
-45525 2150.819091796875
-45515 2149.31396484375
-45505 2143.553955078125
-45495 2141.7080078125
-45485 2140.844970703125
-45475 2139.720947265625
-45465 2139.09912109375
-45455 2138.196044921875
-45445 2139.94189453125
-45435 2141.66796875
-45425 2144.4580078125
-45415 2147.76904296875
-45405 2150.759033203125
-45395 2153.85009765625
-45385 2157.782958984375
-45375 2162.0380859375
-45365 2166.9150390625
-45355 2170.467041015625
-45345 2174.862060546875
-45335 2179.718994140625
-45325 2183.81298828125
-45315 2188.77001953125
-45305 2193.18505859375
-45295 2197.39892578125
-45285 2202.014892578125
-45275 2206.7919921875
-45265 2211.0458984375
-45255 2215.02001953125
-45245 2219.2548828125
-45235 2223.7099609375
-45225 2228.73193359375
-45215 2233.85009765625
-45205 2238.927001953125
-45195 2244.285888671875
-45185 2249.464111328125
-45175 2255.202880859375
-45165 2260.60205078125
-45155 2265.739990234375
-45145 2271.259033203125
-45135 2276.537109375
-45125 2281.7548828125
-45115 2287.39404296875
-45105 2292.612060546875
-45095 2298.010009765625
-45085 2303.610107421875
-45075 2309.1689453125
-45065 2314.928955078125
-45055 2321.090087890625
-45045 2326.22802734375
-45035 2331.506103515625
-45025 2337.37109375
-45015 2343.633056640625
-45005 2349.5791015625
-44995 2355.26708984375
-44985 2360.430908203125
-44975 2366.22900390625
-44965 2372.784912109375
-44955 2423.77490234375
-44945 2433.491943359375
-44935 2433.87109375
-44925 2444.197998046875
-44915 2450.7529296875
-44905 2458.60302734375
-44895 2470.2490234375
-44885 2479.197021484375
-44875 2485.239013671875
-44865 2495.407958984375
-44855 2501.035888671875
-44845 2505.41796875
-44835 2511.386962890625
-44825 2515.867919921875
-44815 2523.533935546875
-44805 2530.56494140625
-44795 2531.492919921875
-44785 2524.279052734375
-44775 2517.51611328125
-44765 2510.069091796875
-44755 2494.68798828125
-44745 2482.01708984375
-44735 2482.56591796875
-44725 2488.14501953125
-44715 2491.794921875
-44705 2498.093994140625
-44695 2500.926025390625
-44685 2496.762939453125
-44675 2502.304931640625
-44665 2510.008056640625
-44655 2520.3720703125
-44645 2515.928955078125
-44635 2513.718994140625
-44625 2509.323974609375
-44615 2509.12890625
-44605 2511.85107421875
-44595 2484.7880859375
-44585 2480.697998046875
-44575 2477.096923828125
-44565 2475.25390625
-44555 2477.048095703125
-44545 2478.4150390625
-44535 2480.662109375
-44525 2482.27294921875
-44515 2478.916015625
-44505 2488.095947265625
-44495 2500.656982421875
-44485 2504.0390625
-44475 2490.537109375
-44465 2492.320068359375
-44455 2482.737060546875
-44445 2472.27490234375
-44435 2461.593994140625
-44425 2450.2900390625
-44415 2462.447998046875
-44405 2460.04296875
-44395 2450.679931640625
-44385 2463.534912109375
-44375 2475.240966796875
-44365 2493.797119140625
-44355 2504.14794921875
-44345 2516.89306640625
-44335 2506.137939453125
-44325 2496.615966796875
-44315 2489.5
-44305 2498.570068359375
-44295 2491.989990234375
-44285 2478.965087890625
-44275 2466.35400390625
-44265 2462.044921875
-44255 2441.6708984375
-44245 2435.9208984375
-44235 2430.68505859375
-44225 2435.360107421875
-44215 2407.91796875
-44205 2393.866943359375
-44195 2388.64208984375
-44185 2388.27587890625
-44175 2376.556884765625
-44165 2358.635986328125
-44155 2347.467041015625
-44145 2338.27490234375
-44135 2327.262939453125
-44125 2322.23388671875
-44115 2316.056884765625
-44105 2310.5400390625
-44095 2304.72900390625
-44085 2298.7470703125
-44075 2294.7548828125
-44065 2291.702880859375
-44055 2287.822021484375
-44045 2284.257080078125
-44035 2280.10595703125
-44025 2275.637939453125
-44015 2271.488037109375
-44005 2266.43408203125
-43995 2261.367919921875
-43985 2258.93896484375
-43975 2254.531982421875
-43965 2250.27099609375
-43955 2250.736083984375
-43945 2254.422119140625
-43935 2253.347900390625
-43925 2253.969970703125
-43915 2253.18896484375
-43905 2248.366943359375
-43895 2242.18994140625
-43885 2236.073974609375
-43875 2229.299072265625
-43865 2222.889892578125
-43855 2218.544921875
-43845 2204.261962890625
-43835 2196.31494140625
-43825 2180.3349609375
-43815 2169.593017578125
-43805 2163.85498046875
-43795 2157.923095703125
-43785 2152.074951171875
-43775 2147.778076171875
-43765 2145.763916015625
-43755 2144.153076171875
-43745 2142.553955078125
-43735 2139.94091796875
-43725 2137.70703125
-43715 2136.133056640625
-43705 2134.093994140625
-43695 2133.6669921875
-43685 2134.740966796875
-43675 2135.9130859375
-43665 2136.841064453125
-43655 2138.464111328125
-43645 2140.674072265625
-43635 2141.97998046875
-43625 2143.506103515625
-43615 2146.02099609375
-43605 2149.572998046875
-43595 2154.27294921875
-43585 2160.25390625
-43575 2163.23291015625
-43565 2172.193115234375
-43555 2184.694091796875
-43545 2197.31591796875
-43535 2209.510986328125
-43525 2215.737060546875
-43515 2219.14306640625
-43505 2221.93798828125
-43495 2226.18701171875
-43485 2228.700927734375
-43475 2232.35107421875
-43465 2235.342041015625
-43455 2236.52587890625
-43445 2237.990966796875
-43435 2239.4189453125
-43425 2241.89697265625
-43415 2231.544921875
-43405 2222.596923828125
-43395 2245.449951171875
-43385 2255.802001953125
-43375 2263.1630859375
-43365 2271.403076171875
-43355 2269.6689453125
-43345 2276.884033203125
-43335 2285.85595703125
-43325 2293.8759765625
-43315 2302.701904296875
-43305 2309.819091796875
-43295 2316.375
-43285 2319.93896484375
-43275 2324.68798828125
-43265 2329.22900390625
-43255 2333.073974609375
-43245 2336.198974609375
-43235 2333.305908203125
-43225 2335.075927734375
-43215 2340.631103515625
-43205 2350.6279296875
-43195 2358.587890625
-43185 2347.748046875
-43175 2347.235107421875
-43165 2345.97802734375
-43155 2350.261962890625
-43145 2359.075927734375
-43135 2370.24609375
-43125 2371.368896484375
-43115 2363.12890625
-43105 2362.212890625
-43095 2369.635009765625
-43085 2360.089111328125
-43075 2359.4541015625
-43065 2347.930908203125
-43055 2342.047119140625
-43045 2347.68701171875
-43035 2325.945068359375
-43025 2304.070068359375
-43015 2289.299072265625
-43005 2265.969970703125
-42995 2240.407958984375
-42985 2198.695068359375
-42975 2189.552001953125
-42965 2192.677001953125
-42955 2204.639892578125
-42945 2211.904052734375
-42935 2213.955078125
-42925 2217.507080078125
-42915 2215.2490234375
-42905 2215.68798828125
-42895 2204.445068359375
-42885 2199.916015625
-42875 2185.742919921875
-42865 2145.068115234375
-42855 2117.675048828125
-42845 2086.998046875
-42835 2062.75390625
-42825 2060.3369140625
-42815 2055.7470703125
-42805 2058.45703125
-42795 2047.7509765625
-42785 2042.489990234375
-42775 2028.2440185546875
-42765 2021.884033203125
-42755 2010.9219970703125
-42745 1988.9730224609375
-42735 1973.2860107421875
-42725 1959.8580322265625
-42715 1957.0989990234375
-42705 1948.884033203125
-40095 2185.989990234375
-40085 2190.458984375
-40075 2195.139892578125
-40065 2200.0458984375
-40055 2205.530029296875
-40045 2210.37890625
-40035 2214.031005859375
-40025 2218.597900390625
-40015 2223.306884765625
-40005 2227.970947265625
-39995 2233.264892578125
-39985 2238.68994140625
-39975 2243.908935546875
-39965 2250.051025390625
-39955 2255.655029296875
-39945 2262.85595703125
-39935 2269.135009765625
-39925 2274.9189453125
-39915 2280.3720703125
-39905 2285.384033203125
-39895 2291.071044921875
-39885 2301.08203125
-39875 2300.008056640625
-39865 2316.51806640625
-39855 2321.59912109375
-39845 2328.112060546875
-39835 2335.43701171875
-39825 2340.6279296875
-39815 2350.555908203125
-39805 2353.613037109375
-39795 2360.195068359375
-39785 2364.946044921875
-39775 2370.509033203125
-39765 2380.258056640625
-39755 2387.5419921875
-39745 2405.01611328125
-39735 2409.490966796875
-39725 2418.138916015625
-39715 2432.2529296875
-39705 2442.319091796875
-39695 2455.702880859375
-39685 2463.344970703125
-39675 2474.89794921875
-39665 2483.489990234375
-39655 2496.2958984375
-39645 2511.910888671875
-39635 2529.136962890625
-39625 2537.4541015625
-39615 2548.304931640625
-39605 2547.8779296875
-39595 2540.1669921875
-39585 2518.35498046875
-39575 2505.426025390625
-39565 2486.243896484375
-39555 2477.94091796875
-39545 2471.0419921875
-39535 2464.006103515625
-39525 2457.176025390625
-39515 2450.56689453125
-39505 2444.47998046875
-39495 2438.945068359375
-39485 2432.611083984375
-39475 2426.070068359375
-39465 2419.695068359375
-39455 2413.3330078125
-39445 2407.10888671875
-39435 2400.9541015625
-39425 2394.825927734375
-39415 2388.75390625
-39405 2382.22705078125
-39395 2376.01708984375
-39385 2370.426025390625
-39375 2365.0419921875
-39365 2360.154052734375
-39355 2357.5791015625
-39345 2355.404052734375
-39335 2353.5439453125
-39325 2350.9150390625
-39315 2349.4140625
-39305 2347.527099609375
-39295 2348.904052734375
-39285 2348.5869140625
-39275 2350.6669921875
-39265 2352.304931640625
-39255 2350.818115234375
-39245 2350.845947265625
-39235 2351.68603515625
-39225 2350.239990234375
-39215 2346.135986328125
-39205 2338.301025390625
-39195 2331.126953125
-39185 2323.264892578125
-39175 2317.19189453125
-39165 2311.381103515625
-39155 2305.9150390625
-39145 2301.865966796875
-39135 2300.323974609375
-39125 2298.327880859375
-39115 2295.64306640625
-39105 2293.3701171875
-39095 2292.654052734375
-39085 2288.72998046875
-39075 2279.751953125
-39065 2277.35595703125
-39055 2279.174072265625
-39045 2278.279052734375
-39035 2277.617919921875
-39025 2278.77392578125
-39015 2277.31494140625
-39005 2274.0380859375
-38995 2273.0048828125
-38985 2272.219970703125
-38975 2271.297119140625
-38965 2274.656982421875
-38955 2277.3701171875
-38945 2279.298095703125
-38935 2278.485107421875
-38925 2277.673095703125
-38915 2277.549072265625
-38905 2270.155029296875
-38895 2265.156005859375
-38885 2256.742919921875
-38875 2250.051025390625
-38865 2242.889892578125
-38855 2239.214111328125
-38845 2234.422119140625
-38835 2227.343994140625
-38825 2218.8759765625
-38815 2206.096923828125
-38805 2196.10009765625
-38795 2189.462890625
-38785 2184.465087890625
-38775 2179.467041015625
-38765 2173.35302734375
-38755 2166.095947265625
-38745 2162.39208984375
-38735 2155.68603515625
-38725 2143.968017578125
-38715 2140.04296875
-38705 2139.162109375
-38695 2142.3291015625
-38685 2143.636962890625
-38675 2149.14501953125
-38665 2153.841064453125
-38655 2158.2470703125
-38645 2159.156005859375
-38635 2161.676025390625
-38625 2169.291015625
-38615 2177.469970703125
-38605 2185.552978515625
-38595 2191.26708984375
-38585 2197.242919921875
-38575 2206.593017578125
-38565 2215.3369140625
-38555 2229.506103515625
-38545 2236.114990234375
-38535 2237.822998046875
-38525 2240.27392578125
-38515 2238.97998046875
-38505 2236.818115234375
-38495 2232.31494140625
-38485 2229.02392578125
-38475 2230.48388671875
-38465 2232.10791015625
-38455 2234.200927734375
-38445 2237.68505859375
-38435 2242.7939453125
-38425 2248.591064453125
-38415 2253.575927734375
-38405 2248.89404296875
-38395 2242.91796875
-38385 2238.677001953125
-38375 2241.2099609375
-38365 2240.97607421875
-38355 2236.666015625
-38345 2230.552001953125
-38335 2229.712890625
-38325 2226.14599609375
-38315 2227.027099609375
-38305 2222.97900390625
-38295 2216.507080078125
-38285 2215.2958984375
-38275 2213.76708984375
-38265 2213.134033203125
-38255 2211.825927734375
-38245 2211.177978515625
-38235 2213.89111328125
-38225 2215.25390625
-38215 2220.735107421875
-38205 2223.172119140625
-38195 2227.48193359375
-38185 2234.324951171875
-38175 2237.72705078125
-38165 2244.364013671875
-38155 2252.736083984375
-38145 2261.259033203125
-38135 2273.693115234375
-38125 2280.64697265625
-38115 2284.985107421875
-38105 2288.551025390625
-38095 2291.3740234375
-38085 2293.43896484375
-38075 2295.697998046875
-38065 2298.135009765625
-38055 2301.2470703125
-38045 2303.5458984375
-38035 2301.839111328125
-38025 2297.777099609375
-38015 2287.8349609375
-38005 2282.988037109375
-37995 2280.028076171875
-37985 2278.264892578125
-37975 2276.074951171875
-37965 2271.697021484375
-37955 2263.117919921875
-37945 2248.715087890625
-37935 2235.60595703125
-37925 2228.955078125
-37915 2224.19091796875
-37905 2217.77392578125
-37895 2211.136962890625
-37885 2204.14208984375
-37875 2196.81591796875
-37865 2187.508056640625
-37855 2193.801025390625
-37845 2194.820068359375
-37835 2193.718017578125
-37825 2191.679931640625
-37815 2188.05908203125
-37805 2182.510009765625
-37795 2176.547119140625
-37785 2168.202880859375
-37775 2169.510986328125
-37765 2167.7900390625
-37755 2163.383056640625
-37745 2158.2470703125
-37735 2154.98388671875
-37725 2155.1630859375
-37715 2154.39208984375
-37705 2151.761962890625
-37695 2147.589111328125
-37685 2148.304931640625
-37675 2147.68603515625
-37665 2143.512939453125
-37655 2143.4580078125
-37645 2150.2470703125
-37635 2154.791015625
-37625 2163.425048828125
-37615 2174.343994140625
-37605 2179.741943359375
-37595 2182.675048828125
-37585 2188.843994140625
-37575 2194.406982421875
-37565 2192.574951171875
-37555 2188.9541015625
-37545 2183.22607421875
-37535 2174.701904296875
-37525 2170.819091796875
-37515 2172.594970703125
-37505 2172.805908203125
-37495 2164.408935546875
-37485 2163.708984375
-37475 2168.450927734375
-37465 2169.638916015625
-37455 2168.949951171875
-37445 2166.4990234375
-37435 2174.81005859375
-37425 2178.5400390625
-37415 2182.58203125
-37405 2187.80810546875
-37395 2190.698974609375
-37385 2194.361083984375
-37375 2192.449951171875
-37365 2190.449951171875
-37355 2194.291015625
-37345 2198.220947265625
-37335 2198.98095703125
-37325 2196.77197265625
-37315 2192.37890625
-37305 2185.81201171875
-37295 2180.5400390625
-37285 2173.778076171875
-37275 2167.47900390625
-37265 2161.968994140625
-37255 2155.34912109375
-37245 2148.031982421875
-37235 2142.779052734375
-37225 2138.90087890625
-37215 2131.971923828125
-37205 2122.7099609375
-37195 2112.200927734375
-37185 2101.051025390625
-37175 2090.73095703125
-37165 2083.631103515625
-37155 2069.19091796875
-37145 2059.412109375
-37135 2049.912109375
