-74275 1504.6009521484375
-74265 1509.2110595703125
-74255 1509.18603515625
-74245 1507.6739501953125
-74235 1505.85205078125
-74225 1503.9439697265625
-74215 1502.3699951171875
-74205 1500.635009765625
-74195 1498.68994140625
-74185 1497.0670166015625
-74175 1495.5550537109375
-74165 1494.10498046875
-74155 1492.3330078125
-74145 1488.93798828125
-74135 1483.8819580078125
-74125 1479.73095703125
-74115 1479.718017578125
-74105 1478.5660400390625
-74095 1475.095947265625
-74085 1472.6669921875
-74075 1465.6409912109375
-74065 1462.072998046875
-74055 1458.8260498046875
-74045 1455.4310302734375
-74035 1451.552001953125
-74025 1447.7230224609375
-74015 1443.385986328125
-74005 1438.2559814453125
-73995 1435.2320556640625
-73985 1431.2049560546875
-73975 1426.050048828125
-73965 1421.365966796875
-73955 1416.6319580078125
-73945 1410.510986328125
-73935 1404.625
-73925 1396.8060302734375
-73915 1391.3909912109375
-73905 1390.238037109375
-73895 1388.0450439453125
-73885 1381.3780517578125
-73875 1376.2850341796875
-73865 1373.1500244140625
-73855 1368.9990234375
-73845 1365.81396484375
-73835 1367.1650390625
-73825 1358.6639404296875
-73815 1345.5909423828125
-73805 1336.8179931640625
-73795 1331.9110107421875
-73785 1338.08203125
-73775 1344.302001953125
-73765 1348.416015625
-73755 1350.447998046875
-73745 1352.93896484375
-73735 1359.1600341796875
-73725 1364.166015625
-73715 1372.8280029296875
-73705 1383.4849853515625
-73695 1389.5439453125
-73685 1392.0970458984375
-73675 1395.35595703125
-73665 1400.6219482421875
-73655 1400.1639404296875
-73645 1400.31298828125
-73635 1401.6510009765625
-73625 1401.3409423828125
-73615 1400.635009765625
-73605 1400.4239501953125
-73595 1400.386962890625
-73585 1400.697021484375
-73575 1401.1920166015625
-73565 1402.3570556640625
-73555 1402.0849609375
-73545 1401.0560302734375
-73535 1399.4449462890625
-73525 1397.89599609375
-73515 1395.7650146484375
-73505 1392.593017578125
-73495 1387.7099609375
-73485 1382.7779541015625
-73475 1378.428955078125
-73465 1374.6739501953125
-73455 1372.9150390625
-73445 1372.4189453125
-73435 1370.906982421875
-73425 1369.2220458984375
-73415 1367.4620361328125
-73405 1365.343017578125
-73395 1361.0560302734375
-73385 1357.5240478515625
-73375 1354.7359619140625
-73365 1353.2120361328125
-73355 1352.3819580078125
-73345 1352.3690185546875
-73335 1352.530029296875
-73325 1352.6669921875
-73315 1353.125
-73305 1353.64599609375
-73295 1354.376953125
-73285 1355.81396484375
-73275 1354.426025390625
-73265 1354.89697265625
-73255 1356.06201171875
-73245 1356.866943359375
-73235 1355.3179931640625
-73225 1353.8070068359375
-73215 1353.43505859375
-73205 1353.633056640625
-73195 1352.9139404296875
-73185 1352.0350341796875
-73175 1353.9310302734375
-73165 1354.6619873046875
-73155 1353.175048828125
-73145 1353.051025390625
-73135 1352.864990234375
-73125 1352.3570556640625
-73115 1351.8489990234375
-73105 1352.1590576171875
-73095 1352.3570556640625
-73085 1353.051025390625
-73075 1352.134033203125
-73065 1351.4649658203125
-73055 1352.14599609375
-73045 1353.5589599609375
-73035 1352.81494140625
-73025 1352.1710205078125
-73015 1351.7740478515625
-73005 1351.0679931640625
-72995 1349.9649658203125
-72985 1346.4090576171875
-72975 1344.4759521484375
-72965 1338.8990478515625
-72955 1335.35498046875
-72945 1336.594970703125
-72935 1337.4000244140625
-72925 1335.81396484375
-72915 1334.364013671875
-72905 1335.4549560546875
-72895 1336.5450439453125
-72885 1335.93798828125
-72875 1335.68994140625
-72865 1336.4090576171875
-72855 1337.3380126953125
-72845 1336.6190185546875
-72835 1336.446044921875
-72825 1334.1910400390625
-72815 1331.1920166015625
-72805 1327.572998046875
-72795 1324.1409912109375
-72785 1319.927978515625
-72775 1314.748046875
-72765 1311.9969482421875
-72755 1308.2049560546875
-72745 1305.032958984375
-72735 1301.551025390625
-72725 1297.0159912109375
-72715 1294.0909423828125
-72705 1289.2960205078125
-72695 1286.2349853515625
-72685 1286.0240478515625
-72675 1286.58203125
-72665 1285.925048828125
-72655 1283.64501953125
-72645 1281.364990234375
-72635 1280.237060546875
-72625 1278.7750244140625
-72615 1278.1429443359375
-72605 1276.0240478515625
-72595 1268.416015625
-72585 1263.8310546875
-72575 1260.9429931640625
-72565 1259.406982421875
-72555 1261.885009765625
-72545 1258.01904296875
-72535 1257.06494140625
-72525 1258.8740234375
-72515 1258.614013671875
-72505 1256.39501953125
-72495 1253.719970703125
-72485 1250.8609619140625
-72475 1253.0269775390625
-72465 1252.8909912109375
-72455 1252.3990478515625
-72445 1251.6099853515625
-72435 1250.2030029296875
-72425 1248.3189697265625
-72415 1246.3680419921875
-72405 1244.1240234375
-72395 1241.3599853515625
-72385 1237.8580322265625
-72375 1233.3900146484375
-72365 1228.1070556640625
-72355 1222.5030517578125
-72345 1216.35302734375
-72335 1210.4339599609375
-72325 1205.4990234375
-72315 1200.844970703125
-72305 1195.9730224609375
-72295 1188.0579833984375
-72285 1184.3380126953125
-72275 1177.781982421875
-72265 1175.989013671875
-72255 1172.251953125
-72245 1168.9090576171875
-72235 1166.3499755859375
-72225 1171.8399658203125
-72215 1173.6700439453125
-72205 1184.5400390625
-72195 1197.3900146484375
-72185 1212.8809814453125
-72175 1226.4580078125
-72165 1229.4510498046875
-72155 1229.91796875
-72145 1231.198974609375
-72135 1232.8489990234375
-72125 1234.4189453125
-72115 1235.7159423828125
-72105 1235.8609619140625
-72095 1235.031005859375
-72085 1230.93505859375
-72075 1226.3919677734375
-72065 1228.5830078125
-72055 1231.906982421875
-72045 1234.373046875
-72035 1234.4759521484375
-72025 1233.6300048828125
-72015 1232.489013671875
-72005 1231.2650146484375
-71995 1230.1280517578125
-71985 1229.1610107421875
-71975 1228.7030029296875
-71965 1228.4129638671875
-71955 1228.18701171875
-71945 1228.8480224609375
-71935 1229.9429931640625
-71925 1230.93505859375
-71915 1232.5050048828125
-71905 1233.9930419921875
-71895 1234.10498046875
-71885 1233.43896484375
-71875 1227.93798828125
-71865 1216.68896484375
-71855 1227.3509521484375
-71845 1228.1070556640625
-71835 1220.6929931640625
-71825 1214.595947265625
-71815 1205.73095703125
-71805 1196.092041015625
-71795 1189.35498046875
-71785 1195.0050048828125
-71775 1211.10302734375
-71765 1228.1490478515625
-71755 1233.196044921875
-71745 1238.5179443359375
-71735 1240.072998046875
-71725 1240.2889404296875
-71715 1240.16796875
-71705 1240.072998046875
-71695 1240.3699951171875
-71685 1240.6109619140625
-71675 1241.23095703125
-71665 1241.7469482421875
-71655 1242.197998046875
-71645 1242.73095703125
-71635 1243.6810302734375
-71625 1245.177001953125
-71615 1245.571044921875
-71605 1246.512939453125
-71595 1247.029052734375
-71585 1246.3299560546875
-71575 1244.508056640625
-71565 1242.511962890625
-71555 1240.4659423828125
-71545 1238.623046875
-71535 1237.011962890625
-71525 1236.93994140625
-71515 1236.0880126953125
-71505 1234.7249755859375
-71495 1233.3900146484375
-71485 1232.48095703125
-71475 1231.030029296875
-71465 1227.8509521484375
-71455 1224.8299560546875
-71445 1223.260009765625
-71435 1222.760009765625
-71425 1223.1070556640625
-71415 1223.4949951171875
-71405 1223.3800048828125
-71395 1221.948974609375
-71385 1220.56396484375
-71375 1220.2340087890625
-71365 1220.7469482421875
-71355 1221.6810302734375
-71345 1223.0660400390625
-71335 1223.333984375
-71325 1220.4649658203125
-71315 1212.260986328125
-71305 1203.1070556640625
-71295 1207.751953125
-71285 1207.5660400390625
-71275 1209.1610107421875
-71265 1208.5579833984375
-71255 1209.5570068359375
-71245 1215.113037109375
-71235 1217.7919921875
-71225 1220.5069580078125
-71215 1222.510986328125
-71205 1223.1729736328125
-71195 1223.2130126953125
-71185 1222.8170166015625
-71175 1222.342041015625
-71165 1220.126953125
-71155 1215.8199462890625
-71145 1211.5999755859375
-71135 1209.612060546875
-71125 1208.3800048828125
-71115 1207.833984375
-71105 1208.0660400390625
-71095 1207.93798828125
-71085 1207.8800048828125
-71075 1207.89599609375
-71065 1207.76904296875
-71055 1207.375
-71045 1206.988037109375
-71035 1206.3179931640625
-71025 1205.949951171875
-71015 1205.8270263671875
-71005 1205.4169921875
-70995 1204.925048828125
-70985 1203.614990234375
-70975 1201.6400146484375
-70965 1200.2469482421875
-70955 1200.0880126953125
-70945 1201.342041015625
-70935 1201.552001953125
-70925 1201.487060546875
-70915 1201.407958984375
-70905 1201.342041015625
-70895 1201.02001953125
-70885 1200.4820556640625
-70875 1200.0479736328125
-70865 1199.8280029296875
-70855 1199.0560302734375
-70845 1198.83203125
-70835 1198.5479736328125
-70825 1197.9940185546875
-70815 1197.052001953125
-70805 1196.22900390625
-70795 1196.1090087890625
-70785 1195.7320556640625
-70775 1195.5789794921875
-70765 1195.7779541015625
-70755 1195.85302734375
-70745 1195.498046875
-70735 1195.0389404296875
-70725 1194.6669921875
-70715 1194.0550537109375
-70705 1193.7030029296875
-70695 1193.136962890625
-70685 1192.0260009765625
-70675 1190.5379638671875
-70665 1189.7149658203125
-70655 1188.8719482421875
-70645 1187.7850341796875
-70635 1186.3590087890625
-70625 1185.52001953125
-70615 1184.9820556640625
-70605 1184.35400390625
-70595 1183.541015625
-70585 1182.3409423828125
-70575 1181.197998046875
-70565 1180.7869873046875
-70555 1180.8199462890625
-70545 1180.1669921875
-70535 1181.324951171875
-70525 1181.501953125
-70515 1181.7540283203125
-70505 1181.5279541015625
-70495 1180.95703125
-70485 1180.762939453125
-70475 1180.68896484375
-70465 1180.72900390625
-70455 1180.303955078125
-70445 1179.7490234375
-70435 1179.281982421875
-70425 1178.5889892578125
-70415 1177.886962890625
-70405 1177.04296875
-70395 1176.27001953125
-70385 1176.2939453125
-70375 1175.4010009765625
-70365 1174.20703125
-70355 1173.81396484375
-70345 1173.009033203125
-70335 1172.0009765625
-70325 1171.1729736328125
-70315 1170.739013671875
-70305 1170.3680419921875
-70295 1168.5570068359375
-70285 1165.866943359375
-70275 1165.093994140625
-70265 1162.051025390625
-70255 1162.0589599609375
-70245 1162.0269775390625
-70235 1162.123046875
-70225 1157.8699951171875
-70215 1155.97998046875
-70205 1153.7889404296875
-70195 1152.6619873046875
-70185 1148.9990234375
-70175 1146.43798828125
-70165 1143.8780517578125
-70155 1141.54296875
-70145 1138.947998046875
-70135 1135.093017578125
-70125 1132.404052734375
-70115 1129.7850341796875
-70105 1127.9429931640625
-70095 1125.302001953125
-70085 1122.990966796875
-70075 1119.512939453125
-70065 1117.3310546875
-70055 1115.760009765625
-70045 1114.262939453125
-70035 1113.8759765625
-70025 1114.7540283203125
-70015 1113.948974609375
-70005 1114.6199951171875
-69995 1114.406982421875
-69985 1113.427001953125
-69975 1112.010009765625
-69965 1110.3819580078125
-69955 1109.33203125
-69945 1108.4520263671875
-69935 1107.5009765625
-69925 1105.6309814453125
-69915 1105.47900390625
-69905 1105.2760009765625
-69895 1103.2530517578125
-69885 1102.1300048828125
-69875 1101.4599609375
-69865 1099.0909423828125
-69855 1097.5069580078125
-69845 1096.10302734375
-69835 1095.614990234375
-69825 1095.52001953125
-69815 1095.5789794921875
-69805 1094.77099609375
-69795 1093.5679931640625
-69785 1093.3590087890625
-69775 1092.7979736328125
-69765 1091.22802734375
-69755 1087.8370361328125
-69745 1087.0009765625
-69735 1085.4599609375
-69725 1084.488037109375
-69715 1085.4530029296875
-69705 1084.012939453125
-69695 1083.4229736328125
-69685 1082.1629638671875
-69675 1081.1400146484375
-69665 1081.0389404296875
-69655 1080.593017578125
-69645 1079.75
-69635 1078.8580322265625
-69625 1078.029052734375
-69615 1078.0579833984375
-69605 1077.468017578125
-69595 1077.5469970703125
-69585 1077.35302734375
-69575 1077.3599853515625
-69565 1077.281005859375
-69555 1077.3380126953125
-69545 1077.4320068359375
-69535 1077.237060546875
-69525 1077.1800537109375
-69515 1077.2230224609375
-69505 1077.366943359375
-69495 1078.3890380859375
-69485 1077.5830078125
-69475 1077.3170166015625
-69465 1076.9420166015625
-69455 1076.9210205078125
-69445 1077.4820556640625
-69435 1077.4610595703125
-69425 1077.302001953125
-69415 1077.3170166015625
-69405 1077.762939453125
-69395 1078.447021484375
-69385 1077.64794921875
-69375 1077.489013671875
-69365 1077.4029541015625
-69355 1077.251953125
-69345 1076.876953125
-69335 1075.43701171875
-69325 1075.509033203125
-69315 1076.81298828125
-69305 1077.1729736328125
-69295 1077.3890380859375
-69285 1077.3809814453125
-69275 1077.18701171875
-69265 1077.1219482421875
-69255 1077.02099609375
-69245 1077.1729736328125
-69235 1077.251953125
-69225 1077.050048828125
-69215 1077.22998046875
-69205 1077.208984375
-69195 1077.2010498046875
-69185 1077.237060546875
-69175 1076.948974609375
-69165 1077.237060546875
-69155 1077.259033203125
-69145 1077.259033203125
-69135 1077.56103515625
-69125 1077.489013671875
-69115 1077.7130126953125
-69105 1077.633056640625
-69095 1076.7120361328125
-69085 1076.7979736328125
-69075 1076.718994140625
-69065 1076.9420166015625
-69055 1076.739990234375
-69045 1077.02099609375
-69035 1077.0789794921875
-69025 1077.072021484375
-69015 1077.04296875
-69005 1076.927978515625
-68995 1076.9420166015625
-68985 1076.970947265625
-68975 1076.8199462890625
-68965 1076.8270263671875
-68955 1076.8270263671875
-68945 1076.76904296875
-68935 1076.56103515625
-68925 1076.4310302734375
-68915 1076.43798828125
-68905 1076.510009765625
-68895 1076.5970458984375
-68885 1076.58203125
-68875 1076.531982421875
-68865 1076.697021484375
-68855 1076.64697265625
-68845 1076.6610107421875
-68835 1076.6109619140625
-68825 1076.6610107421875
-68815 1076.5889892578125
-68805 1076.6400146484375
-68795 1076.552978515625
-68785 1076.68994140625
-68775 1075.7110595703125
-68765 1075.8909912109375
-68755 1076.68994140625
-68745 1076.8699951171875
-68735 1076.927978515625
-68725 1076.8270263671875
-68715 1076.948974609375
-68705 1076.9129638671875
-68695 1076.97802734375
-68685 1077.1219482421875
-68675 1077.259033203125
-68665 1077.2879638671875
-68655 1077.1800537109375
-68645 1076.4169921875
-68635 1074.7099609375
-68625 1074.717041015625
-68615 1074.7030029296875
-68605 1074.68798828125
-68595 1075.4300537109375
-68585 1077.64794921875
-68575 1078.0369873046875
-68565 1078.1810302734375
-68555 1078.2889404296875
-68545 1078.238037109375
-68535 1078.31005859375
-68525 1078.4110107421875
-68515 1078.1590576171875
-68505 1078.9730224609375
-68495 1078.3890380859375
-68485 1078.7569580078125
-68475 1079.822021484375
-68465 1079.822021484375
-68455 1079.56298828125
-68445 1079.8800048828125
-68435 1080.5570068359375
-68425 1080.2979736328125
-68415 1080.1390380859375
-68405 1081.1400146484375
-68395 1079.47705078125
-68385 1078.4110107421875
-68375 1078.6629638671875
-68365 1081.1619873046875
-68355 1078.6409912109375
-68345 1076.927978515625
-68335 1077.3089599609375
-68325 1077.157958984375
-68315 1077.3599853515625
-68305 1077.3310546875
-68295 1077.302001953125
-68285 1077.3170166015625
-68275 1076.301025390625
-68265 1076.6180419921875
-68255 1076.5389404296875
-68245 1076.2359619140625
-68235 1076.387939453125
-68225 1075.969970703125
-68215 1075.696044921875
-68205 1075.552001953125
-68195 1075.89794921875
-68185 1075.927001953125
-68175 1075.5880126953125
-68165 1075.407958984375
-68155 1075.1419677734375
-68145 1075.0269775390625
-68135 1074.8900146484375
-68125 1074.8900146484375
-68115 1074.803955078125
-68105 1074.781982421875
-68095 1074.6519775390625
-68085 1074.60205078125
-68075 1074.4000244140625
-68065 1074.3790283203125
-68055 1075.011962890625
-68045 1075.4300537109375
-68035 1075.02001953125
-68025 1075.092041015625
-68015 1075.113037109375
-68005 1074.6309814453125
-67995 1074.0689697265625
-67985 1075.0269775390625
-67975 1074.781982421875
-67965 1073.91796875
-67955 1074.5009765625
-67945 1074.1199951171875
-67935 1074.0760498046875
-67925 1074.22802734375
-67915 1074.241943359375
-67905 1074.487060546875
-67895 1075.3289794921875
-67885 1075.696044921875
-67875 1074.01904296875
-67865 1073.636962890625
-67855 1073.248046875
-67845 1072.6290283203125
-67835 1071.779052734375
-67825 1073.947021484375
-67815 1073.449951171875
-67805 1073.5579833984375
-67795 1073.3780517578125
-67785 1072.967041015625
-67775 1072.9599609375
-67765 1072.9169921875
-67755 1072.8590087890625
-67745 1072.93896484375
-67735 1072.9530029296875
-67725 1073.0830078125
-67715 1072.571044921875
-67705 1072.5069580078125
-67695 1072.6719970703125
-67685 1072.3990478515625
-67675 1072.376953125
-67665 1072.3189697265625
-67655 1072.3270263671875
-67645 1072.3189697265625
-67635 1072.780029296875
-67625 1072.9100341796875
-67615 1072.93896484375
-67605 1072.9169921875
-67595 1072.9029541015625
-67585 1072.866943359375
-67575 1073.0830078125
-67565 1072.77294921875
-67555 1072.7869873046875
-67545 1073.2989501953125
-67535 1073.14697265625
-67525 1073.1619873046875
-67515 1073.0830078125
-67505 1073.22900390625
-67495 1072.8360595703125
-67485 1072.9599609375
-67475 1072.5479736328125
-67465 1071.77294921875
-67455 1071.8890380859375
-67445 1072.06201171875
-67435 1071.970947265625
-67425 1071.4110107421875
-67415 1070.6280517578125
-67405 1070.3809814453125
-67395 1070.47998046875
-67385 1070.9169921875
-67375 1071.3609619140625
-67365 1071.583984375
-67355 1071.7490234375
-67345 1071.781982421875
-67335 1071.7900390625
-67325 1071.551025390625
-67315 1070.7020263671875
-67305 1070.0269775390625
-67295 1070.5460205078125
-67285 1071.123046875
-67275 1071.5679931640625
-67265 1072.572998046875
-67255 1072.614013671875
-67245 1072.64697265625
-67235 1072.77001953125
-67225 1072.7869873046875
-67215 1072.5069580078125
-67205 1072.3909912109375
-67195 1072.407958984375
-67185 1072.5479736328125
-67175 1072.5400390625
-67165 1072.6300048828125
-67155 1073.0670166015625
-67145 1074.06396484375
-67135 1075.3740234375
-67125 1076.9219970703125
-67115 1078.8499755859375
-67105 1080.760986328125
-67095 1082.5899658203125
-67085 1082.218994140625
-67075 1081.5030517578125
-67065 1082.698974609375
-67055 1084.0889892578125
-67045 1084.70703125
-67035 1082.9200439453125
-67025 1082.58203125
-67015 1086.39794921875
-67005 1092.1219482421875
-66995 1095.0789794921875
-66985 1096.447021484375
-66975 1096.218017578125
-66965 1094.7020263671875
-66955 1092.946044921875
-66945 1091.116943359375
-66935 1091.8170166015625
-66925 1093.16796875
-66915 1091.8170166015625
-66905 1090.6639404296875
-66895 1089.7659912109375
-66885 1089.1400146484375
-66875 1088.10205078125
-66865 1086.6429443359375
-66855 1085.1929931640625
-66845 1083.7110595703125
-66835 1082.656005859375
-66825 1083.802001953125
-66815 1086.281005859375
-66805 1086.487060546875
-66795 1085.720947265625
-66785 1083.760009765625
-66775 1081.5689697265625
-66765 1079.8719482421875
-66755 1081.1319580078125
-66745 1083.9580078125
-66735 1085.1929931640625
-66725 1083.8179931640625
-66715 1080.4730224609375
-66705 1077.1689453125
-66695 1076.5269775390625
-66685 1077.366943359375
-66675 1078.9320068359375
-66665 1080.5059814453125
-66655 1081.4620361328125
-66645 1082.26904296875
-66635 1083.218017578125
-66625 1084.10595703125
-66615 1085.0880126953125
-66605 1085.8609619140625
-66595 1087.14599609375
-66585 1088.8199462890625
-66575 1091.04296875
-66565 1092.7239990234375
-66555 1094.0159912109375
-66545 1094.281005859375
-66535 1094.0009765625
-66525 1093.259033203125
-66515 1092.1629638671875
-66505 1090.779052734375
-66495 1089.14794921875
-66485 1088.3990478515625
-66475 1088.1180419921875
-66465 1087.7550048828125
-66455 1087.2120361328125
-66445 1086.487060546875
-66435 1085.9429931640625
-66425 1085.72900390625
-66415 1087.02197265625
-66405 1089.8399658203125
-66395 1093.0050048828125
-66385 1094.3470458984375
-66375 1094.469970703125
-66365 1093.843994140625
-66355 1092.4019775390625
-66345 1089.2469482421875
-66335 1085.4739990234375
-66325 1082.698974609375
-66315 1083.9000244140625
-66305 1083.3909912109375
-66295 1082.490966796875
-66285 1082.7320556640625
-66275 1082.1209716796875
-66265 1081.9229736328125
-66255 1082.154052734375
-66245 1083.1829833984375
-66235 1082.6309814453125
-66225 1083.1669921875
-66215 1083.1009521484375
-66205 1083.0269775390625
-66195 1082.5489501953125
-66185 1081.2060546875
-66175 1080.498046875
-66165 1079.739990234375
-66155 1079.6920166015625
-66145 1077.06201171875
-66135 1076.6009521484375
-66125 1076.7330322265625
-66115 1076.4029541015625
-66105 1076.31298828125
-66095 1075.9010009765625
-66085 1075.3900146484375
-66075 1074.969970703125
-66065 1074.0880126953125
-66055 1072.2509765625
-66045 1071.3699951171875
-66035 1070.751953125
-66025 1070.866943359375
-66015 1070.35595703125
-66005 1070.2490234375
-65995 1070.0679931640625
-65985 1069.968994140625
-65975 1069.9200439453125
-65965 1069.927978515625
-65955 1066.863037109375
-65945 1066.9210205078125
-65935 1066.863037109375
-65925 1066.89599609375
-65915 1067.0780029296875
-65905 1066.781005859375
-65895 1066.781005859375
-65885 1066.70703125
-65875 1066.7320556640625
-65865 1066.509033203125
-65855 1066.509033203125
-65845 1066.4599609375
-65835 1066.4930419921875
-65825 1066.615966796875
-65815 1066.781005859375
-65805 1066.8470458984375
-65795 1066.89599609375
-65785 1066.5999755859375
-65775 1066.39404296875
-65765 1066.1710205078125
-65755 1066.1219482421875
-65745 1066.237060546875
-65735 1066.2540283203125
-65725 1066.31201171875
-65715 1066.887939453125
-65705 1066.77294921875
-65695 1067.0279541015625
-65685 1067.2259521484375
-65675 1067.2840576171875
-65665 1067.218017578125
-65655 1067.0860595703125
-65645 1067.1190185546875
-65635 1067.1190185546875
-65625 1067.218017578125
-65615 1067.126953125
-65605 1066.887939453125
-65595 1066.70703125
-65585 1066.5340576171875
-65575 1066.39404296875
-65565 1066.220947265625
-65555 1066.2130126953125
-65545 1066.1710205078125
-65535 1066.114013671875
-65525 1066.0970458984375
-65515 1066.02294921875
-65505 1065.9320068359375
-65495 1065.9000244140625
-65485 1065.833984375
-65475 1065.842041015625
-65465 1065.948974609375
-65455 1065.948974609375
-65445 1066.031005859375
-65435 1066.0810546875
-65425 1066.0560302734375
-65415 1066.0069580078125
-65405 1065.9820556640625
-65395 1065.9320068359375
-65385 1065.989990234375
-65375 1065.9739990234375
-65365 1066.031005859375
-65355 1065.883056640625
-65345 1065.948974609375
-65335 1065.8580322265625
-65325 1065.801025390625
-65315 1065.7679443359375
-65305 1065.6939697265625
-65295 1065.6109619140625
-65285 1065.6610107421875
-65275 1065.6610107421875
-65265 1065.635986328125
-65255 1065.6109619140625
-65245 1065.60302734375
-65235 1065.5870361328125
-65225 1065.5780029296875
-65215 1065.6280517578125
-65205 1065.5780029296875
-65195 1065.6519775390625
-65185 1065.7430419921875
-65175 1065.718017578125
-65165 1065.5780029296875
-65155 1065.553955078125
-65145 1065.677001953125
-65135 1066.072998046875
-65125 1066.14697265625
-65115 1066.0810546875
-65105 1066.0479736328125
-65095 1066.072998046875
-65085 1066.0970458984375
-65075 1065.998046875
-65065 1066.3360595703125
-65055 1066.8299560546875
-65045 1067.3409423828125
-65035 1067.7860107421875
-65025 1068.56103515625
-65015 1069.0140380859375
-65005 1069.27099609375
-64995 1069.4310302734375
-64985 1069.7449951171875
-64975 1070.4169921875
-64965 1070.8170166015625
-64955 1071.2750244140625
-64945 1071.91796875
-64935 1072.904052734375
-64925 1073.4759521484375
-64915 1074.3050537109375
-64905 1074.905029296875
-64895 1075.4329833984375
-64885 1075.8489990234375
-64875 1076.5780029296875
-64865 1077.220947265625
-64855 1077.5069580078125
-64845 1078.06396484375
-64835 1078.8790283203125
-64825 1079.6929931640625
-64815 1080.0789794921875
-64805 1080.5369873046875
-64795 1080.9940185546875
-64785 1081.47900390625
-64775 1082.4530029296875
-64765 1083.4100341796875
-64755 1083.9239501953125
-64745 1084.281982421875
-64735 1084.6529541015625
-64725 1084.9110107421875
-64715 1085.196044921875
-64705 1085.625
-64695 1085.93994140625
-64685 1086.2550048828125
-64675 1086.4830322265625
-64665 1086.697021484375
-64655 1087.0550537109375
-64645 1087.1259765625
-64635 1087.282958984375
-64625 1087.383056640625
-64615 1087.6829833984375
-64605 1087.8690185546875
-64595 1088.22705078125
-64585 1088.7840576171875
-64575 1089.22705078125
-64565 1089.7850341796875
-64555 1090.342041015625
-64545 1091.6280517578125
-64535 1092.156982421875
-64525 1092.5570068359375
-64515 1093.04296875
-64505 1093.5439453125
-64495 1092.9720458984375
-64485 1092.9720458984375
-64475 1093.343994140625
-64465 1093.9439697265625
-64455 1094.4730224609375
-64445 1095.115966796875
-64435 1096.1739501953125
-64425 1096.8740234375
-64415 1097.64599609375
-64405 1098.260986328125
-64395 1098.8609619140625
-64385 1099.14697265625
-64375 1099.718994140625
-64365 1100.2760009765625
-64355 1100.905029296875
-64345 1101.447998046875
-64335 1102.0770263671875
-64325 1102.6490478515625
-64315 1103.2919921875
-64305 1103.864013671875
-64295 1104.43505859375
-64285 1105.02099609375
-64275 1105.593017578125
-64265 1106.25
-64255 1106.7939453125
-64245 1107.39404296875
-64235 1107.9229736328125
-64225 1108.47998046875
-64215 1108.9949951171875
-64205 1109.48095703125
-64195 1109.93798828125
-64185 1110.4239501953125
-64175 1110.8389892578125
-64165 1111.2530517578125
-64155 1111.6390380859375
-64145 1112.0250244140625
-64135 1112.0970458984375
-64125 1111.7110595703125
-64115 1111.1390380859375
-64105 1110.81005859375
-64095 1110.5240478515625
-64085 1110.4959716796875
-64075 1110.552978515625
-64065 1110.6529541015625
-64055 1111.0670166015625
-64045 1110.9239501953125
-64035 1110.239013671875
-64025 1109.7950439453125
-64015 1109.323974609375
-64005 1108.89501953125
-63995 1108.5369873046875
-63985 1108.4659423828125
-63975 1108.89501953125
-63965 1108.8800048828125
-63955 1109.0670166015625
-63945 1109.5670166015625
-63935 1109.594970703125
-63925 1109.594970703125
-63915 1109.5240478515625
-63905 1109.2239990234375
-63895 1108.637939453125
-63885 1108.0799560546875
-63875 1107.8800048828125
-63865 1107.5660400390625
-63855 1107.406982421875
-63845 1106.7080078125
-63835 1105.593017578125
-63825 1104.6639404296875
-63815 1103.864013671875
-63805 1103.1920166015625
-63795 1102.6490478515625
-63785 1102.0770263671875
-63775 1101.4189453125
-63765 1100.7049560546875
-63755 1099.9329833984375
-63745 1099.18994140625
-63735 1098.7469482421875
-63725 1098.3609619140625
-63715 1097.8890380859375
-63705 1097.3599853515625
-63695 1096.64501953125
-63685 1096.4449462890625
-63675 1096.3740234375
-63665 1096.4739990234375
-63655 1095.373046875
-63645 1094.572998046875
-63635 1093.987060546875
-63625 1093.529052734375
-63615 1093.18603515625
-63605 1093.0150146484375
-63595 1093.2010498046875
-63585 1092.5150146484375
-63575 1091.385009765625
-63565 1090.6409912109375
-63555 1090.0849609375
-63545 1089.4129638671875
-63535 1088.7130126953125
-63525 1087.9549560546875
-63515 1087.383056640625
-63505 1086.9830322265625
-63495 1086.5260009765625
-63485 1086.0679931640625
-63475 1085.824951171875
-63465 1084.66796875
-63455 1083.467041015625
-63445 1082.322998046875
-63435 1081.322998046875
-63425 1080.1080322265625
-63415 1079.1080322265625
-63405 1078.0360107421875
-63395 1077.43603515625
-63385 1076.7060546875
-63375 1075.5770263671875
-63365 1074.248046875
-63355 1073.10400390625
-63345 1071.947021484375
-63335 1070.9599609375
-63325 1069.802001953125
-63315 1068.5589599609375
-63305 1067.3299560546875
-63295 1064.9859619140625
-63285 1061.5550537109375
-63275 1058.6390380859375
-63265 1056.4229736328125
-63255 1054.9949951171875
-63245 1054.136962890625
-63235 1053.3370361328125
-63225 1052.4219970703125
-63215 1051.050048828125
-63205 1049.8909912109375
-63195 1049.092041015625
-63185 1047.876953125
-63175 1047.0899658203125
-63165 1046.51904296875
-63155 1045.6610107421875
-63145 1044.802978515625
-63135 1043.68896484375
-63125 1042.4169921875
-63115 1041.6300048828125
-63105 1040.4439697265625
-63095 1039.2149658203125
-63085 1038.31396484375
-63075 1037.45703125
-63065 1036.3990478515625
-63055 1035.126953125
-63045 1034.1259765625
-63035 1035.626953125
-63025 1040.04296875
-63015 1041.0589599609375
-63005 1038.300048828125
-62995 1033.655029296875
-62985 1028.9659423828125
-62975 1024.6639404296875
-62965 1023.5059814453125
-62955 1022.9349975585937
-62945 1022.2340087890625
-62935 1019.905029296875
-62925 1019.4329833984375
-62915 1019.2760009765625
-62905 1019.2760009765625
-62895 1017.7459716796875
-62885 1015.302001953125
-62875 1014.6160278320312
-62865 1014.3159790039062
-62855 1013.9439697265625
-62845 1016.2449951171875
-62835 1017.6890258789062
-62825 1017.8460083007812
-62815 1017.60302734375
-62805 1018.3040161132812
-62795 1017.4030151367187
-62785 1018.8040161132812
-62775 1024.70703125
-62765 1030.739013671875
-62755 1035.7550048828125
-62745 1038.7860107421875
-62735 1041.8590087890625
-62725 1046.0469970703125
-62715 1048.9339599609375
-62705 1052.7650146484375
-62695 1057.281982421875
-62685 1063.1700439453125
-62675 1067.9010009765625
-62665 1071.345947265625
-62655 1078.550048828125
-62645 1084.35400390625
-62635 1093.31494140625
-62625 1091.31396484375
-62615 1090.0849609375
-62605 1098.2320556640625
-62595 1103.1629638671875
-62585 1105.43603515625
-62575 1111.052978515625
-62565 1115.7979736328125
-62555 1119.5
-62545 1121.5870361328125
-62535 1122.7449951171875
-62525 1123.989013671875
-62515 1124.615966796875
-62505 1124.3719482421875
-62495 1125.051025390625
-62485 1124.7330322265625
-62475 1123.2779541015625
-62465 1122.884033203125
-62455 1123.5030517578125
-62445 1123.8819580078125
-62435 1125.06396484375
-62425 1125.217041015625
-62415 1115.125
-62405 1112.39501953125
-62395 1110.291015625
-62385 1108.6240234375
-62375 1104.5780029296875
-62365 1096.1650390625
-62355 1087.1639404296875
-62345 1078.31396484375
-62335 1070.5699462890625
-62325 1066.447998046875
-62315 1060.886962890625
-62305 1063.3719482421875
-62295 1063.7509765625
-62285 1059.780029296875
-62275 1050.248046875
-62265 1045.2779541015625
-62255 1051.7030029296875
-62245 1065.583984375
-62235 1078.7530517578125
-62225 1083.8599853515625
-62215 1087.2869873046875
-62205 1090.906982421875
-62195 1094.5439453125
-62185 1096.9100341796875
-62175 1103.3199462890625
-62165 1112.5169677734375
-62155 1115.56298828125
-62145 1123.199951171875
-62135 1129.8389892578125
-62125 1138.823974609375
-62115 1146.887939453125
-62105 1151.0860595703125
-62095 1152.2220458984375
-62085 1153.343994140625
-62075 1155.0560302734375
-62065 1157.510986328125
-62055 1161.875
-62045 1167.406005859375
-62035 1171.7249755859375
-62025 1175.27099609375
-62015 1178.241943359375
-62005 1178.5450439453125
-61995 1179.1810302734375
-61985 1178.4539794921875
-61975 1173.9530029296875
-61965 1169.467041015625
-61955 1166.4969482421875
-61945 1161.93603515625
-61935 1156.3590087890625
-61925 1150.3580322265625
-61915 1144.2659912109375
-61905 1144.386962890625
-61895 1151.843017578125
-61885 1158.010986328125
-61875 1158.81396484375
-61865 1161.010986328125
-61855 1165.633056640625
-61845 1167.208984375
-61835 1166.072998046875
-61825 1162.8299560546875
-61815 1162.5269775390625
-61805 1164.1639404296875
-61795 1168.239990234375
-61785 1170.906982421875
-61775 1172.6800537109375
-61765 1172.968017578125
-61755 1173.5140380859375
-61745 1173.8919677734375
-61735 1174.8929443359375
-61725 1174.9840087890625
-61715 1170.9530029296875
-61705 1168.93701171875
-61695 1171.1650390625
-61685 1175.0899658203125
-61675 1174.8929443359375
-61665 1169.5889892578125
-61655 1165.0419921875
-61645 1164.511962890625
-61635 1163.7239990234375
-61625 1167.4969482421875
-61615 1169.3310546875
-61605 1168.27001953125
-61595 1165.60302734375
-61585 1162.800048828125
-61575 1162.10302734375
-61565 1160.616943359375
-61555 1158.6929931640625
-61545 1161.1629638671875
-61535 1159.8289794921875
-61525 1155.9949951171875
-61515 1150.1610107421875
-61505 1147.4940185546875
-61495 1149.5699462890625
-61485 1149.0550537109375
-61475 1148.5250244140625
-61465 1147.3270263671875
-61455 1139.4320068359375
-61445 1131.0059814453125
-61435 1128.7010498046875
-61425 1122.85302734375
-61415 1118.8380126953125
-61405 1113.5030517578125
-61395 1106.197021484375
-61385 1104.0450439453125
-61375 1099.7110595703125
-61365 1095.27099609375
-61355 1091.5889892578125
-61345 1083.3599853515625
-61335 1075.510009765625
-61325 1074.64599609375
-61315 1073.4639892578125
-61305 1069.5240478515625
-61295 1066.8719482421875
-61285 1061.9169921875
-61275 1054.6280517578125
-61265 1048.4449462890625
-61255 1043.761962890625
-61245 1038.0489501953125
-61235 1041.2469482421875
-61225 1043.884033203125
-61215 1048.35400390625
-61205 1053.5059814453125
-61195 1061.64404296875
-61185 1069.343017578125
-61175 1070.4940185546875
-61165 1078.5870361328125
-61155 1086.344970703125
-61145 1101.27197265625
-61135 1109.487060546875
-61125 1123.0660400390625
-61115 1135.324951171875
-61105 1140.2349853515625
-61095 1147.176025390625
-61085 1154.4949951171875
-61075 1162.8299560546875
-61065 1166.708984375
-61055 1172.8470458984375
-61045 1177.741943359375
-61035 1183.43994140625
-61025 1189.0469970703125
-61015 1189.803955078125
-61005 1190.531982421875
-60995 1191.7139892578125
-60985 1192.3349609375
-60975 1192.7750244140625
-60965 1193.8050537109375
-60955 1194.56298828125
-60945 1194.0780029296875
-60935 1194.260009765625
-60925 1194.8070068359375
-60915 1189.2740478515625
-60905 1184.43994140625
-60895 1193.1529541015625
-60885 1200.68505859375
-60875 1204.5360107421875
-60865 1207.2010498046875
-60855 1213.79296875
-60845 1218.7659912109375
-60835 1223.0830078125
-60825 1224.64404296875
-60815 1219.97802734375
-60805 1218.7030029296875
-60795 1220.5670166015625
-60785 1224.416015625
-60775 1227.0830078125
-60765 1229.873046875
-60755 1232.114990234375
-60745 1230.4949951171875
-60735 1228.2220458984375
-60725 1225.8260498046875
-60715 1228.9630126953125
-60705 1235.342041015625
-60695 1239.405029296875
-60685 1242.2540283203125
-60675 1245.10302734375
-60665 1247.9959716796875
-60655 1250.7559814453125
-60645 1253.9990234375
-60635 1256.166015625
-60625 1258.43896484375
-60615 1260.5760498046875
-60605 1264.5159912109375
-60595 1268.5770263671875
-60585 1270.970947265625
-60575 1272.637939453125
-60565 1274.1080322265625
-60555 1275.7750244140625
-60545 1278.2449951171875
-60535 1281.89794921875
-60525 1283.9580078125
-60515 1286.1409912109375
-60505 1288.2320556640625
-60495 1289.1259765625
-60485 1290.748046875
-60475 1292.262939453125
-60465 1292.0660400390625
-60455 1290.79296875
-60445 1290.79296875
-60435 1291.29296875
-60425 1293.4150390625
-60415 1292.823974609375
-60405 1291.9139404296875
-60395 1288.1409912109375
-60385 1285.125
-60375 1290.656982421875
-60365 1294.5059814453125
-60355 1292.29296875
-60345 1290.4439697265625
-60335 1288.261962890625
-60325 1286.717041015625
-60315 1290.2469482421875
-60305 1296.823974609375
-60295 1303.7039794921875
-60285 1308.97802734375
-60275 1320.677001953125
-60265 1329.406005859375
-60255 1335.5889892578125
-60245 1340.8489990234375
-60235 1345.77197265625
-60225 1351.0909423828125
-60215 1356.3360595703125
-60205 1361.0789794921875
-60195 1366.35302734375
-60185 1371.29296875
-60175 1375.7939453125
-60165 1379.18896484375
-60155 1382.5679931640625
-60145 1385.14404296875
-60135 1386.9169921875
-60125 1388.7659912109375
-60115 1391.2359619140625
-60105 1393.81201171875
-60095 1395.5849609375
-60085 1397.843017578125
-60075 1401.0860595703125
-60065 1405.64794921875
-60055 1409.7550048828125
-60045 1413.0579833984375
-60035 1415.634033203125
-60025 1419.1650390625
-60015 1422.0439453125
-60005 1424.4630126953125
-59995 1427.8170166015625
-59985 1430.510009765625
-59975 1433.1209716796875
-59965 1434.781005859375
-59955 1436.947998046875
-59945 1437.93994140625
-59935 1439.6409912109375
-59925 1439.376953125
-59915 1439.904052734375
-59905 1438.8509521484375
-59895 1436.8260498046875
-59885 1434.39697265625
-59875 1431.52197265625
-59865 1429.3349609375
-59855 1426.8050537109375
-59845 1424.678955078125
-59835 1423.4439697265625
-59825 1422.4110107421875
-59815 1420.6700439453125
-59805 1419.677978515625
-59795 1416.4189453125
-59785 1414.4549560546875
-59775 1409.5350341796875
-59765 1405
-59755 1398.0970458984375
-59745 1391.6180419921875
-59735 1394.7149658203125
-59725 1397.407958984375
-59715 1391.8199462890625
-59705 1387.2449951171875
-59695 1386.9010009765625
-59685 1390.4029541015625
-59675 1396.45703125
-59665 1401.133056640625
-59655 1405.4859619140625
-59645 1410.9530029296875
-59635 1415.123046875
-59625 1409.718017578125
-59615 1404.0689697265625
-59605 1402.7130126953125
-59595 1401.5179443359375
-59585 1403.6639404296875
-59575 1400.626953125
-59565 1404.2509765625
-59555 1406.9840087890625
-59545 1406.9639892578125
-59535 1407.7740478515625
-59525 1404.5550537109375
-59515 1398.156982421875
-59505 1392.14404296875
-59495 1397.8330078125
-59485 1401.9029541015625
-59475 1404.0279541015625
-59465 1408.886962890625
-59455 1415.06201171875
-59445 1419.4560546875
-59435 1424.031005859375
-59425 1430.0240478515625
-59415 1434.4169921875
-59405 1436.3609619140625
-59395 1436.3609619140625
-59385 1436.198974609375
-59375 1436.8260498046875
-59365 1437.595947265625
-59355 1437.4339599609375
-59345 1437.595947265625
-59335 1436.7449951171875
-59325 1437.23095703125
-59315 1437.4940185546875
-59305 1437.717041015625
-59295 1437.8389892578125
-59285 1437.8179931640625
-59275 1436.3809814453125
-59265 1435.18603515625
-59255 1434.011962890625
-59245 1433.5670166015625
-59235 1431.885986328125
-59225 1429.8819580078125
-59215 1427.0880126953125
-59205 1423.1610107421875
-59195 1416.7020263671875
-59185 1407.6729736328125
-59175 1398.906005859375
-59165 1391.718994140625
-59155 1385.322021484375
-59145 1382.385986328125
-59135 1377.1419677734375
-59125 1374.2879638671875
-59115 1375.280029296875
-59105 1377.9520263671875
-59095 1377.303955078125
-59085 1375.7659912109375
-59075 1373.5989990234375
-59065 1371.7769775390625
-59055 1367.5660400390625
-59045 1365.177001953125
-59035 1363.9830322265625
-59025 1360.197021484375
-59015 1356.7550048828125
-59005 1355.762939453125
-58995 1351.613037109375
-58985 1350.781982421875
-58975 1348.738037109375
-58965 1346.3890380859375
-58955 1340.113037109375
-58945 1338.4530029296875
-58935 1329.342041015625
-58925 1311.1619873046875
-58915 1295.2490234375
-58905 1290.0860595703125
-58895 1295.3699951171875
-58885 1306.06005859375
-58875 1316.1219482421875
-58865 1326.468017578125
-58855 1335.801025390625
-58845 1343.0889892578125
-58835 1350.41796875
-58825 1353.738037109375
-58815 1357.5450439453125
-58805 1363.092041015625
-58795 1368.47705078125
-58785 1369.77294921875
-58775 1376.5350341796875
-58765 1385.968994140625
-58755 1390.68701171875
-58745 1392.873046875
-58735 1395.281982421875
-58725 1391.5570068359375
-58715 1402.6109619140625
-58705 1406.6199951171875
-58695 1410.08203125
-58685 1403.6639404296875
-58675 1408.4620361328125
-58665 1414.5159912109375
-58655 1421.5
-58645 1428.06005859375
-58635 1434.113037109375
-58625 1441.8070068359375
-58615 1447.9010009765625
-58605 1454.946044921875
-58595 1459.116943359375
-58585 1461.1009521484375
-58575 1463.9959716796875
-58565 1470.1099853515625
-58555 1476.0830078125
-58545 1482.156005859375
-58535 1488.91796875
-58525 1495.2960205078125
-58515 1500.39697265625
-58505 1497.6639404296875
-58495 1495.43701171875
-58485 1510.5
-58475 1523.801025390625
-58465 1532.4019775390625
-58455 1541.333984375
-58445 1549.1080322265625
-58435 1556.3929443359375
-58425 1562.9560546875
-58415 1570.1810302734375
-58405 1577.9580078125
-58395 1584.595947265625
-58385 1589.5789794921875
-58375 1592.490966796875
-58365 1593.5040283203125
-58355 1594.739013671875
-58345 1596.0169677734375
-58335 1601.3990478515625
-58325 1600.8330078125
-58315 1598.6259765625
-58305 1599.0909423828125
-58295 1607.27099609375
-58285 1613.9520263671875
-58275 1616.72900390625
-58265 1617.2149658203125
-58255 1624.2359619140625
-58245 1631.70703125
-58235 1638.125
-58225 1644.198974609375
-58215 1651.2850341796875
-58205 1657.9659423828125
-58195 1664.970947265625
-58185 1670.9840087890625
-58175 1677.866943359375
-58165 1683.697998046875
-58155 1690.5
-58145 1700.4410400390625
-58135 1705.259033203125
-58125 1711.029052734375
-58115 1718.6820068359375
-58105 1728.6829833984375
-58095 1737.10595703125
-58085 1744.1309814453125
-58075 1750.9539794921875
-58065 1758.7889404296875
-58055 1768.5880126953125
-58045 1777.616943359375
-58035 1785.4320068359375
-58025 1791.5460205078125
-58015 1795.7769775390625
-58005 1800.697021484375
-57995 1805.9210205078125
-57985 1808.26904296875
-57975 1809.5040283203125
-57965 1807.0340576171875
-57955 1800.1099853515625
-57945 1793.550048828125
-57935 1784.60205078125
-57925 1778.001953125
-57915 1767.1500244140625
-57905 1757.532958984375
-57895 1746.6209716796875
-57885 1731.6390380859375
-57875 1722.6910400390625
-57865 1714.3900146484375
-57855 1706.1910400390625
-57845 1698.6590576171875
-57835 1691.16796875
-57825 1683.759033203125
-57815 1675.9439697265625
-57805 1668.655029296875
-57795 1660.9859619140625
-57785 1653.552001953125
-57775 1646.5069580078125
-57765 1639.3189697265625
-57755 1632.760009765625
-57745 1628.529052734375
-57735 1622.4549560546875
-57725 1618.2879638671875
-57715 1614.239013671875
-57705 1609.2550048828125
-57695 1605.2659912109375
-57685 1602.8170166015625
-57675 1599.7220458984375
-57665 1591.41796875
-57655 1585.468994140625
-57645 1580.530029296875
-57635 1575.73095703125
-57625 1570.0999755859375
-57615 1564.572998046875
-57605 1560.0980224609375
-57595 1555.1820068359375
-57585 1550.3800048828125
-57575 1549.27001953125
-57565 1540.8680419921875
-57555 1528.3160400390625
-57545 1513.333984375
-57535 1507.4840087890625
-57525 1500.51904296875
-57515 1493.0889892578125
-57505 1484.7039794921875
-57495 1475.7239990234375
-57485 1468.47900390625
-57475 1461.5469970703125
-57465 1464.4730224609375
-57455 1465.6710205078125
-57445 1468.43896484375
-57435 1468.498046875
-57425 1471.5419921875
-57415 1474.7030029296875
-57405 1472.876953125
-57395 1474.821044921875
-57385 1475.97900390625
-57375 1472.89599609375
-57365 1478.001953125
-57355 1475.2530517578125
-57345 1468.81201171875
-57335 1479.886962890625
-57325 1481.0059814453125
-57315 1482.2239990234375
-57305 1477.7659912109375
-57295 1469.4010009765625
-57285 1447.135009765625
-57275 1442.5789794921875
-57265 1441.7740478515625
-57255 1436.7080078125
-57245 1441.989990234375
-57235 1445.5050048828125
-57225 1438.782958984375
-57215 1434.666015625
-57205 1424.3570556640625
-57195 1415.1219482421875
-57185 1411.0770263671875
-57175 1406.5799560546875
-57165 1408.1910400390625
-57155 1406.5999755859375
-57145 1396.114990234375
-57135 1385.7080078125
-57125 1388.907958984375
-57115 1396.428955078125
-57105 1378.14794921875
-57095 1364.4420166015625
-57085 1363.0679931640625
-57075 1366.3470458984375
-57065 1356.843017578125
-57055 1339.3680419921875
-57045 1336.4620361328125
-57035 1323.3060302734375
-57025 1320.498046875
-57015 1311.6810302734375
-57005 1306.2230224609375
-56995 1314.5679931640625
-56985 1323.9139404296875
-56975 1331.43505859375
-56965 1343.4520263671875
-56955 1352.012939453125
-56945 1363.656982421875
-56935 1376.9310302734375
-56925 1390.8919677734375
-56915 1396.447998046875
-56905 1400.6309814453125
-56895 1408.112060546875
-56885 1409.801025390625
-56875 1423.9840087890625
-56865 1422.5439453125
-56855 1424.1739501953125
-56845 1430.9549560546875
-56835 1432.93798828125
-56825 1436.406982421875
-56815 1441.008056640625
-56805 1448.0770263671875
-56795 1455.1259765625
-56785 1461.428955078125
-56775 1462.803955078125
-56765 1464.197998046875
-56755 1466.9859619140625
-56745 1467.8699951171875
-56735 1474.134033203125
-56725 1477.0789794921875
-56715 1478.552001953125
-56705 1481.751953125
-56695 1486.60205078125
-56685 1488.97802734375
-56675 1493.3570556640625
-56665 1496.7340087890625
-56655 1500.9560546875
-56645 1503.822998046875
-56635 1509.988037109375
-56625 1515.56494140625
-56615 1520.6109619140625
-56605 1525.52001953125
-56595 1530.3900146484375
-56585 1534.3170166015625
-56575 1540.404052734375
-56565 1545.27294921875
-56555 1549.2989501953125
-56545 1554.3260498046875
-56535 1556.8590087890625
-56525 1561.6689453125
-56515 1565.5770263671875
-56505 1568.385009765625
-56495 1571.487060546875
-56485 1574.2750244140625
-56475 1576.1600341796875
-56465 1578.81103515625
-56455 1582.2469482421875
-56445 1585.8409423828125
-56435 1591.0830078125
-56425 1595.364013671875
-56415 1599.97802734375
-56405 1604.39599609375
-56395 1609.364013671875
-56385 1614.64599609375
-56375 1618.376953125
-56365 1622.029052734375
-56355 1625.9759521484375
-56345 1630.7669677734375
-56335 1635.696044921875
-56325 1638.9549560546875
-56315 1642.3909912109375
-56305 1645.532958984375
-56295 1648.81201171875
-56285 1651.9739990234375
-56275 1654.8800048828125
-56265 1656.31298828125
-56255 1656.863037109375
-56245 1661.7130126953125
-56235 1665.89501953125
-56225 1671.2230224609375
-56215 1675.3270263671875
-56205 1677.27099609375
-56195 1682.1600341796875
-56185 1686.7550048828125
-56175 1689.2879638671875
-56165 1689.5040283203125
-56155 1685.635009765625
-56145 1684.8699951171875
-56135 1687.85400390625
-56125 1692.27197265625
-56115 1684.2020263671875
-56105 1690.60302734375
-56095 1692.93994140625
-56085 1697.3189697265625
-56075 1701.5989990234375
-56065 1706.802978515625
-56055 1710.218994140625
-56045 1716.758056640625
-56035 1721.31298828125
-56025 1724.2979736328125
-56015 1726.4189453125
-56005 1737.512939453125
-55995 1754.1839599609375
-55985 1768.281982421875
-55975 1773.800048828125
-55965 1755.989990234375
-55955 1762.822998046875
-55945 1766.73095703125
-55935 1771.010986328125
-55925 1778.177978515625
-55915 1782.7340087890625
-55905 1793.0030517578125
-55895 1795.77197265625
-55885 1802.093994140625
-55875 1809.47802734375
-55865 1818.5489501953125
-55855 1825.126953125
-55845 1840.4229736328125
-55835 1854.541015625
-55825 1850.280029296875
-55815 1849.1610107421875
-55805 1849.4949951171875
-55795 1863.2989501953125
-55785 1871.761962890625
-55775 1876.9849853515625
-55765 1882.2860107421875
-55755 1897.8580322265625
-55745 1907.3809814453125
-55735 1905.18798828125
-55725 1910.3260498046875
-55715 1921.10595703125
-55705 1930.5570068359375
-55695 1940.4339599609375
-55685 1939.72705078125
-55675 1945.873046875
-55665 1954.4930419921875
-55655 1960.030029296875
-55645 1965.7440185546875
-55635 1971.2230224609375
-55625 1977.133056640625
-55615 1982.4150390625
-55605 1987.637939453125
-55595 1993.31298828125
-55585 1998.2220458984375
-55575 2002.385009765625
-55565 2008.373046875
-55555 2013.8709716796875
-55545 2023.39501953125
-55535 2035.0579833984375
-55525 2041.47900390625
-55515 2048.60693359375
-55505 2057.541015625
-55495 2074.2900390625
-55485 2079.965087890625
-55475 2081.10400390625
-55465 2096.89111328125
-55455 2097.009033203125
-55445 2086.345947265625
-55435 2078.511962890625
-55425 2086.60205078125
-55415 2085.501953125
-55405 2105.490966796875
-55395 2107.68994140625
-55385 2108.77099609375
-55375 2116.8798828125
-55365 2123.555908203125
-55355 2129.701904296875
-55345 2136.45703125
-55335 2133.4130859375
-55325 2128.97509765625
-55315 2125.873046875
-55305 2121.926025390625
-55295 2118.72607421875
-55285 2115.3291015625
-55275 2114.032958984375
-55265 2111.302978515625
-55255 2108.0439453125
-55245 2106.001953125
-55235 2103.528076171875
-55225 2099.364990234375
-55215 2095.751953125
-55205 2095.8310546875
-55195 2092.76708984375
-55185 2088.19189453125
-55175 2084.2060546875
-55165 2079.885986328125
-55155 2076.25390625
-55145 2072.739013671875
-55135 2072.993896484375
-55125 2071.875
-55115 2073.60302734375
-55105 2073.700927734375
-55095 2070.422119140625
-55085 2059.9169921875
-55075 2051.47412109375
-55065 2044.22802734375
-55055 2037.06103515625
-55045 2028.0880126953125
-55035 2019.31005859375
-55025 2008.9229736328125
-55015 2000.302978515625
-55005 1988.824951171875
-54995 1980.4229736328125
-54985 1969.1719970703125
-54975 1961.6820068359375
-54965 1952.2879638671875
-54955 1940.93603515625
-54945 1903.8260498046875
-54935 1894.9649658203125
-54925 1885.2149658203125
-54915 1867.83203125
-54905 1854.345947265625
-54895 1846.8270263671875
-54885 1829.89697265625
-54875 1816.4759521484375
-54865 1809.863037109375
-54855 1802.8609619140625
-54845 1795.95703125
-54835 1789.5050048828125
-54825 1782.843017578125
-54815 1775.987060546875
-54805 1770.2139892578125
-54795 1763.6650390625
-54785 1757.3260498046875
-54775 1750.8590087890625
-54765 1744.7459716796875
-54755 1740.31201171875
-54745 1734.9630126953125
-54735 1728.97998046875
-54725 1724.06201171875
-54715 1720.5069580078125
-54705 1715.8179931640625
-54695 1711.4849853515625
-54685 1703.675048828125
-54675 1698.904052734375
-54665 1704.5439453125
-54655 1704.3380126953125
-54645 1705.7440185546875
-54635 1704.47998046875
-54625 1703.5780029296875
-54615 1702.2349853515625
-54605 1699.6290283203125
-54595 1697.1219482421875
-54585 1695.1820068359375
-54575 1693.4200439453125
-54565 1691.1719970703125
-54555 1688.5040283203125
-54545 1686.824951171875
-54535 1689.68798828125
-54525 1689.218994140625
-54515 1688.2650146484375
-54505 1688.9730224609375
-54495 1689.52294921875
-54485 1687.906005859375
-54475 1688.635986328125
-54465 1687.0489501953125
-54455 1686.2760009765625
-54445 1687.60205078125
-54435 1688.95703125
-54425 1691.625
-54415 1692.905029296875
-54405 1693.31005859375
-54395 1692.594970703125
-54385 1692.676025390625
-54375 1692.7569580078125
-54365 1690.7030029296875
-54355 1687.14599609375
-54345 1693.8079833984375
-54335 1694.9560546875
-54325 1693.06396484375
-54315 1697.3170166015625
-54305 1697.093017578125
-54295 1695.134033203125
-54285 1693.1610107421875
-54275 1690.7840576171875
-54265 1688.375
-54255 1685.5450439453125
-54245 1680.9200439453125
-54235 1673.175048828125
-54225 1666.06005859375
-54215 1666.302001953125
-54205 1669.8759765625
-54195 1673.012939453125
-54185 1673.5179443359375
-54175 1679.9849853515625
-54165 1687.0810546875
-54155 1685.9329833984375
-54145 1690.8189697265625
-54135 1691.0260009765625
-54125 1695.3280029296875
-54115 1707.5360107421875
-54105 1723.176025390625
-54095 1725.9239501953125
-54085 1726.0379638671875
-54075 1722.56103515625
-54065 1726.781005859375
-54055 1725.697998046875
-54045 1729.1419677734375
-54035 1734.8499755859375
-54025 1738.3909912109375
-54015 1744.93994140625
-54005 1742.8380126953125
-53995 1741.511962890625
-53985 1737.5670166015625
-53975 1735.2220458984375
-53965 1737.3079833984375
-53955 1739.89501953125
-53945 1744.1319580078125
-53935 1745.8299560546875
-53925 1747.866943359375
-53915 1742.77294921875
-53905 1736.35400390625
-53895 1742.7569580078125
-53885 1756.4859619140625
-53875 1771.10302734375
-53865 1776.4229736328125
-53855 1780.7569580078125
-53845 1783.7159423828125
-53835 1786.011962890625
-53825 1795.633056640625
-53815 1799.1910400390625
-53805 1793.5469970703125
-53795 1787.27294921875
-53785 1778.8160400390625
-53775 1776.6820068359375
-53765 1780.626953125
-53755 1788.8580322265625
-53745 1798.4139404296875
-53735 1807.5670166015625
-53725 1807.22705078125
-53715 1808.95703125
-53705 1810.5260009765625
-53695 1817.592041015625
-53685 1825.467041015625
-53675 1836.6400146484375
-53665 1837.27099609375
-53655 1834.1009521484375
-53645 1835.7020263671875
-53635 1842.3800048828125
-53625 1851.4200439453125
-53615 1859.197021484375
-53605 1866.2960205078125
-53595 1874.446044921875
-53585 1882.3360595703125
-53575 1890.987060546875
-53565 1898.248046875
-53555 1897.0030517578125
-53545 1900.3819580078125
-53535 1907.4969482421875
-53525 1913.383056640625
-53515 1916.843017578125
-53505 1921.904052734375
-53495 1925.8819580078125
-53485 1928.177978515625
-53475 1928.696044921875
-53465 1927.239990234375
-53455 1921.4189453125
-53445 1916.989013671875
-53435 1910.8929443359375
-53425 1902.35498046875
-53415 1893.7359619140625
-53405 1886.1689453125
-53395 1888.626953125
-53385 1891.116943359375
-53375 1890.0980224609375
-53365 1886.4759521484375
-53355 1881.0909423828125
-53345 1880.655029296875
-53335 1880.31494140625
-53325 1884.5030517578125
-53315 1892.60400390625
-53305 1897.72998046875
-53295 1899.751953125
-53285 1902.2740478515625
-53275 1904.876953125
-53265 1913.916015625
-53255 1921.72705078125
-53245 1929.925048828125
-53235 1935.0670166015625
-53225 1936.9429931640625
-53215 1944.801025390625
-53205 1955.699951171875
-53195 1962.5269775390625
-53185 1972.06396484375
-53175 1979.405029296875
-53165 1985.43896484375
-53155 1993.0550537109375
-53145 1998.489013671875
-53135 2009.06396484375
-53125 2016.5989990234375
-53115 2024.052978515625
-53105 2040.1419677734375
-53095 2043.8780517578125
-53085 2044.9449462890625
-53075 2044.4439697265625
-53065 2043.2960205078125
-53055 2043.262939453125
-53045 2039.802978515625
-53035 2039.4310302734375
-53025 2040.27197265625
-53015 2042.2120361328125
-53005 2045.737060546875
-52995 2048.889892578125
-52985 2052.674072265625
-52975 2054.27490234375
-52965 2055.666015625
-52955 2058.139892578125
-52945 2060.77490234375
-52935 2063.556884765625
-52925 2068.035888671875
-52915 2071.867919921875
-52905 2076.702880859375
-52895 2081.748046875
-52885 2084.93310546875
-52875 2088.490966796875
-52865 2091.531005859375
-52855 2094.990966796875
-52845 2097.77197265625
-52835 2100.31103515625
-52825 2103.49609375
-52815 2107.635986328125
-52805 2110.64404296875
-52795 2115.283935546875
-52785 2118.987060546875
-52775 2123.093994140625
-52765 2128.2529296875
-52755 2131.7939453125
-52745 2134.737060546875
-52735 2137.824951171875
-52725 2140.89697265625
-52715 2143.22607421875
-52705 2147.639892578125
-52695 2151.214111328125
-52685 2151.715087890625
-52675 2155.839111328125
-52665 2158.248046875
-52655 2159.84912109375
-52645 2161.4169921875
-52635 2162.968994140625
-52625 2164.44091796875
-52615 2169.323974609375
-52605 2172.02490234375
-52595 2173.64208984375
-52585 2176.633056640625
-52575 2178.23388671875
-52565 2181.031005859375
-52555 2183.65087890625
-52545 2186.998046875
-52535 2190.31298828125
-52525 2194.64599609375
-52515 2198.56005859375
-52505 2201.3759765625
-52495 2205.489990234375
-52485 2210.15087890625
-52475 2214.993896484375
-52465 2217.8310546875
-52455 2222.756103515625
-52445 2226.424072265625
-52435 2230.678955078125
-52425 2235.887939453125
-52415 2240.123046875
-52405 2244.074951171875
-52395 2249.080078125
-52385 2253.863037109375
-52375 2257.18701171875
-52365 2262.071044921875
-52355 2267.64404296875
-52345 2271.93994140625
-52335 2265.9609375
-52325 2261.198974609375
-52315 2260.22607421875
-52305 2256.679931640625
-52295 2252.241943359375
-52285 2243.06201171875
-52275 2236.47509765625
-52265 2233.010009765625
-52255 2230.739990234375
-52245 2223.364013671875
-52235 2215.177001953125
-52225 2206.64501953125
-52215 2200.888916015625
-52205 2207.010009765625
-52195 2206.806884765625
-52185 2197.322998046875
-52175 2189.47998046875
-52165 2190.1279296875
-52155 2194.10009765625
-52145 2192.5810546875
-52135 2192.62109375
-52125 2192.5
-52115 2189.135009765625
-52105 2180.968994140625
-52095 2173.0849609375
-52085 2167.511962890625
-52075 2162.202880859375
-52065 2157.804931640625
-52055 2153.570068359375
-52045 2149.4560546875
-52035 2142.68701171875
-52025 2135.412109375
-52015 2130.385986328125
-52005 2122.01708984375
-51995 2119.301025390625
-51985 2112.81591796875
-51975 2108.762939453125
-51965 2098.22509765625
-51955 2090.403076171875
-51945 2085.35595703125
-51935 2073.906005859375
-51925 2068.090087890625
-51915 2056.985107421875
-51905 2049.507080078125
-51895 2043.1839599609375
-51885 2045.635986328125
-51875 2045.697021484375
-51865 2042.0699462890625
-51855 2033.35595703125
-51845 2031.20703125
-51835 2026.9110107421875
-51825 2016.7989501953125
-51815 2005.18701171875
-51805 2002.7550048828125
-51795 2001.376953125
-51785 1995.43896484375
-51775 1988.873046875
-51765 1984.31298828125
-51755 1976.7340087890625
-51745 1963.6429443359375
-51735 1958.9820556640625
-51725 1957.279052734375
-51715 1959.488037109375
-51705 1961.677001953125
-51695 1944.7760009765625
-51685 1936.2840576171875
-51675 1932.0689697265625
-51665 1927.407958984375
-51655 1929.29296875
-51645 1929.4549560546875
-51635 1932.656982421875
-51625 1926.698974609375
-51615 1921.469970703125
-51605 1916.343017578125
-51595 1907.1829833984375
-51585 1898.2459716796875
-51575 1886.22900390625
-51565 1871.1719970703125
-51555 1820.488037109375
-51545 1812.1390380859375
-51535 1811.1259765625
-51525 1807.760986328125
-51515 1806.8089599609375
-51505 1791.529052734375
-51495 1767.656005859375
-51485 1757.301025390625
-51475 1749.9439697265625
-51465 1743.0340576171875
-51455 1735.4749755859375
-51445 1728.3819580078125
-51435 1721.8160400390625
-51425 1715.958984375
-51415 1708.6639404296875
-51405 1704.5909423828125
-51395 1697.3360595703125
-51385 1690.9110107421875
-51375 1685.237060546875
-51365 1690.77001953125
-51355 1696.1800537109375
-51345 1695.3699951171875
-51335 1689.573974609375
-51325 1686.717041015625
-51315 1689.0880126953125
-51305 1696.5450439453125
-51295 1701.9560546875
-51285 1709.23095703125
-51275 1714.9659423828125
-51265 1720.41796875
-51255 1727.2669677734375
-51245 1733.468994140625
-51235 1738.008056640625
-51225 1745.405029296875
-51215 1751.970947265625
-51205 1760.1180419921875
-51195 1766.885986328125
-51185 1772.782958984375
-51175 1777.0999755859375
-51165 1784.092041015625
-51155 1797.1219482421875
-51145 1806.302001953125
-51135 1819.779052734375
-51125 1833.2960205078125
-51115 1841.1180419921875
-51105 1844.7459716796875
-51095 1841.8280029296875
-51085 1840.9969482421875
-51075 1843.489013671875
-51065 1837.6529541015625
-51055 1834.511962890625
-51045 1829.364013671875
-51035 1828.97900390625
-51025 1838.3819580078125
-51015 1839.9630126953125
-51005 1831.3499755859375
-50995 1819.4949951171875
-50985 1817.6099853515625
-50975 1810.6390380859375
-50965 1802.0670166015625
-50955 1800.708984375
-50945 1789.501953125
-50935 1784.031005859375
-50925 1783.4630126953125
-50915 1790.0899658203125
-50905 1781.6600341796875
-50895 1775.43798828125
-50885 1767.4940185546875
-50875 1756.0439453125
-50865 1752.9840087890625
-50855 1752.093017578125
-50845 1759.93505859375
-50835 1751.01904296875
-50825 1744.0069580078125
-50815 1737.6429443359375
-50805 1726.133056640625
-50795 1719.364013671875
-50785 1720.843017578125
-50775 1725.0589599609375
-50765 1721.14697265625
-50755 1725.0589599609375
-50745 1723.6600341796875
-50735 1717.2969970703125
-50725 1719.384033203125
-50715 1702.137939453125
-50705 1701.6519775390625
-50695 1694.2960205078125
-50685 1692.532958984375
-50675 1688.3580322265625
-50665 1682.0350341796875
-50655 1685.6419677734375
-50645 1688.5810546875
-50635 1686.0269775390625
-50625 1683.656005859375
-50615 1679.7249755859375
-50605 1671.43603515625
-50595 1665.43798828125
-50585 1664.1209716796875
-50575 1670.342041015625
-50565 1671.719970703125
-50555 1671.760986328125
-50545 1671.2139892578125
-50535 1670.4639892578125
-50525 1670.0989990234375
-50515 1670.1800537109375
-50505 1670.9300537109375
-50495 1673.301025390625
-50485 1673.969970703125
-50475 1673.0169677734375
-50465 1669.0860595703125
-50455 1666.2490234375
-50445 1675.5909423828125
-50435 1679.116943359375
-50425 1683.0689697265625
-50415 1684.3050537109375
-50405 1688.5400390625
-50395 1691.925048828125
-50385 1696.5250244140625
-50375 1703.050048828125
-50365 1709.7989501953125
-50355 1716.5880126953125
-50345 1725.0179443359375
-50335 1734.0560302734375
-50325 1744.7769775390625
-50315 1751.68701171875
-50305 1759.3480224609375
-50295 1766.845947265625
-50285 1770.594970703125
-50275 1773.3310546875
-50265 1777.8299560546875
-50255 1785.14501953125
-50245 1791.386962890625
-50235 1797.5269775390625
-50225 1798.6829833984375
-50215 1798.074951171875
-50205 1797.06103515625
-50195 1794.873046875
-50185 1796.23095703125
-50175 1798.3790283203125
-50165 1803.2020263671875
-50155 1807.2750244140625
-50145 1809.5250244140625
-50135 1812.260009765625
-50125 1815.7869873046875
-50115 1819.029052734375
-50105 1818.989013671875
-50095 1819.3330078125
-50085 1824.6219482421875
-50075 1832.8699951171875
-50065 1840.06494140625
-50055 1847.279052734375
-50045 1854.5340576171875
-50035 1861.1810302734375
-50025 1867.4429931640625
-50015 1873.56298828125
-50005 1879.47705078125
-49995 1885.6009521484375
-49985 1897.97802734375
-49975 1903.9930419921875
-49965 1912.1529541015625
-49955 1916.6600341796875
-49945 1920.512939453125
-49935 1926.7469482421875
-49925 1935.7969970703125
-49915 1943.4300537109375
-49905 1946.6290283203125
-49895 1948.1009521484375
-49885 1950.281982421875
-49875 1955.552001953125
-49865 1962.4580078125
-49855 1970.509033203125
-49845 1978.81494140625
-49835 1989.9549560546875
-49825 2000.47802734375
-49815 2003.31298828125
-49805 2010.3819580078125
-49795 2013.363037109375
-49785 2023.1949462890625
-49775 2025.448974609375
-49765 2029.5379638671875
-49755 2037.425048828125
-49745 2045.1669921875
-49735 2056.97998046875
-49725 2067.011962890625
-49715 2071.010009765625
-49705 2076.8798828125
-49695 2099.39794921875
-49685 2107.97607421875
-49675 2120.169921875
-49665 2133.092041015625
-49655 2141.72412109375
-49645 2145.196044921875
-49635 2150.12109375
-49625 2154.718994140625
-49615 2161.678955078125
-49605 2168.14892578125
-49595 2174.18310546875
-49585 2179.090087890625
-49575 2182.14306640625
-49565 2183.797119140625
-49555 2184.26904296875
-49545 2183.178955078125
-49535 2176.740966796875
-49525 2176.344970703125
-49515 2166.712890625
-49505 2157.3359375
-49495 2151.611083984375
-49485 2144.52294921875
-49475 2135.344970703125
-49465 2130.85595703125
-49455 2128.02099609375
-49445 2123.60498046875
-49435 2118.571044921875
-49425 2114.39111328125
-49415 2109.011962890625
-49405 2106.721923828125
-49395 2106.758056640625
-49385 2101.305908203125
-49375 2101.070068359375
-49365 2100.5791015625
-49355 2097.5439453125
-49345 2098.85302734375
-49335 2100.506103515625
-49325 2094.927001953125
-49315 2094.344970703125
-49305 2101.032958984375
-49295 2098.9609375
-49285 2099.72509765625
-49275 2097.906982421875
-49265 2095.41796875
-49255 2094.364013671875
-49245 2093.237060546875
-49235 2089.3291015625
-49225 2085.73095703125
-49215 2083.31396484375
-49205 2080.823974609375
-49195 2077.51611328125
-49185 2074.89892578125
-49175 2071.010009765625
-49165 2065.8310546875
-49155 2059.924072265625
-49145 2054
-49135 2047.5479736328125
-49125 2041.241943359375
-49115 2034.863037109375
-49105 2028.6290283203125
-49095 2021.8680419921875
-49085 2016.197998046875
-49075 2009.01904296875
-49065 2000.9139404296875
-49055 1994.3170166015625
-49045 1986.4659423828125
-49035 1980.6500244140625
-49025 1972.635009765625
-49015 1965.1839599609375
-49005 1957.406005859375
-48995 1952.2259521484375
-48985 1946.5379638671875
-48975 1942.302978515625
-48965 1938.26904296875
-48955 1932.926025390625
-48945 1927.1829833984375
-48935 1920.7860107421875
-48925 1914.1710205078125
-48915 1908.08203125
-48905 1901.2850341796875
-48895 1891.8890380859375
-48885 1882.530029296875
-48875 1875.7149658203125
-48865 1869.06298828125
-48855 1865.5560302734375
-48845 1861.321044921875
-48835 1855.2509765625
-48825 1847.1090087890625
-48815 1837.2039794921875
-48805 1829.0810546875
-48795 1820.248046875
-48785 1814.9229736328125
-48775 1811.0340576171875
-48765 1803.2010498046875
-48755 1797.803955078125
-48745 1793.7869873046875
-48735 1789.89794921875
-48725 1785.9539794921875
-48715 1782.428955078125
-48705 1778.2669677734375
-48695 1774.5780029296875
-48685 1770.071044921875
-48675 1765.6910400390625
-48665 1761.2020263671875
-48655 1760.60205078125
-48645 1759.9110107421875
-48635 1758.2760009765625
-48625 1757.4759521484375
-48615 1752.9510498046875
-48605 1749.406982421875
-48595 1746.3360595703125
-48585 1743.0830078125
-48575 1737.6669921875
-48565 1732.7960205078125
-48555 1731.886962890625
-48545 1735.1409912109375
-48535 1741.3380126953125
-48525 1746.0269775390625
-48515 1752.1510009765625
-48505 1756.7669677734375
-48495 1760.675048828125
-48485 1765.41796875
-48475 1768.780029296875
-48465 1772.8690185546875
-48455 1774.3050537109375
-48445 1775.196044921875
-48435 1779.447998046875
-48425 1783.0830078125
-48415 1788.717041015625
-48405 1790.406982421875
-48395 1790.9339599609375
-48385 1795.7860107421875
-48375 1801.4019775390625
-48365 1806.635986328125
-48355 1811.615966796875
-48345 1816.7769775390625
-48335 1820.666015625
-48325 1824.573974609375
-48315 1828.2080078125
-48305 1832.7159423828125
-48295 1837.114013671875
-48285 1842.1300048828125
-48275 1848.218017578125
-48265 1857.7230224609375
-48255 1865.156005859375
-48245 1873.115966796875
-48235 1877.677001953125
-48225 1883.093017578125
-48215 1890.0179443359375
-48205 1900.23095703125
-48195 1906.9739990234375
-48185 1915.406005859375
-48175 1924.60205078125
-48165 1934.1070556640625
-48155 1942.8489990234375
-48145 1953.2259521484375
-48135 1957.31494140625
-48125 1964.385009765625
-48115 1972.9439697265625
-48105 1981.123046875
-48095 1986.8289794921875
-48085 1993.843994140625
-48075 1998.2060546875
-48065 2001.9859619140625
-48055 2005.748046875
-48045 2009.092041015625
-48035 2013.072021484375
-48025 2016.1800537109375
-48015 2018.2340087890625
-48005 2020.3780517578125
-47995 2022.6319580078125
-47985 2022.303955078125
-47975 2021.39599609375
-47965 2022.39501953125
-47955 2025.5579833984375
-47945 2031.010009765625
-47935 2036.6800537109375
-47925 2042.75
-47915 2050.383056640625
-47905 2057.68896484375
-47895 2060.741943359375
-47885 2063.449951171875
-47875 2064.430908203125
-47865 2064.322021484375
-47855 2062.14111328125
-47845 2058.70703125
-47835 2055.198974609375
-47825 2055.090087890625
-47815 2052.964111328125
-47805 2054.9990234375
-47795 2052.528076171875
-47785 2047.0570068359375
-47775 2042.0780029296875
-47765 2042.3680419921875
-47755 2051.636962890625
-47745 2051.2919921875
-47735 2047.8570556640625
-47725 2049.928955078125
-47715 2060.1240234375
-47705 2066.26708984375
-47695 2067.26611328125
-47685 2067.739013671875
-47675 2066.049072265625
-47665 2068.919921875
-47655 2070.174072265625
-47645 2072.263916015625
-47635 2074.10009765625
-47625 2079.587890625
-47615 2085.639892578125
-47605 2092.14599609375
-47595 2097.998046875
-47585 2105.35888671875
-47575 2110.97412109375
-47565 2116.154052734375
-47555 2121.0791015625
-47545 2122.569091796875
-47535 2123.64208984375
-47525 2120.751953125
-47515 2112.22802734375
-47505 2103.385986328125
-47495 2101.10302734375
-47485 2098.77490234375
-47475 2091.029052734375
-47465 2081.9580078125
-47455 2078.2451171875
-47445 2069.916015625
-47435 2061.80810546875
-47425 2052.697021484375
-47415 2044.7490234375
-47405 2037.926025390625
-47395 2029.47705078125
-47385 2021.8909912109375
-47375 2017.2900390625
-47365 2015.0269775390625
-47355 2010.947998046875
-47345 2002.8800048828125
-47335 1994.81298828125
-47325 1989.2939453125
-47315 1986.364013671875
-47305 1986.4239501953125
-47295 1989.594970703125
-47285 1988.25
-47275 1987.427001953125
-47265 1985.0789794921875
-47255 1982.551025390625
-47245 1980.905029296875
-47235 1979.781005859375
-47225 1979.4000244140625
-47215 1978.5169677734375
-47205 1976.77099609375
-47195 1976.72998046875
-47185 1977.634033203125
-47175 1979.8409423828125
-47165 1981.907958984375
-47155 1983.85498046875
-47145 1979.3389892578125
-47135 1981.10498046875
-47125 1984.095947265625
-47115 1987.8690185546875
-47105 1995.9169921875
-47095 1999.428955078125
-47085 2004.0240478515625
-47075 2008.9659423828125
-47065 2014.0389404296875
-47055 2019.3819580078125
-47045 2025.843994140625
-47035 2032.2459716796875
-47025 2039.1300048828125
-47015 2046.2139892578125
-47005 2052.47607421875
-46995 2059.239013671875
-46985 2066.06298828125
-46975 2072.7060546875
-46965 2080.031005859375
-46955 2088.198974609375
-46945 2098.2939453125
-46935 2108.81005859375
-46925 2117.821044921875
-46915 2126.175048828125
-46905 2132.416015625
-46895 2139.760986328125
-46885 2147.10595703125
-46875 2154.412109375
-46865 2158.506103515625
-46855 2157.180908203125
-46845 2152.865966796875
-46835 2146.64501953125
-46825 2142.35009765625
-46815 2138.837890625
-46805 2134.965087890625
-46795 2130.489013671875
-46785 2127.177978515625
-46775 2127.43896484375
-46765 2130.7099609375
-46755 2132.9580078125
-46745 2132.215087890625
-46735 2136.429931640625
-46725 2141.547119140625
-46715 2141.748046875
-46705 2135.345947265625
-46695 2128.217041015625
-46685 2121.9150390625
-46675 2114.068115234375
-46665 2110.215087890625
-46655 2114.970947265625
-46645 2123.805908203125
-46635 2129.18505859375
-46625 2119.305908203125
-46615 2114.2890625
-46605 2111.364013671875
-46595 2112.041015625
-46585 2115.23193359375
-46575 2117.0380859375
-46565 2121.052001953125
-46555 2132.97802734375
-46545 2142.912109375
-46535 2126.093994140625
-46525 2110.615966796875
-46515 2102.047119140625
-46505 2107.5048828125
-46495 2114.10791015625
-46485 2134.803955078125
-46475 2137.674072265625
-46465 2149.81591796875
-46455 2157.52197265625
-46445 2165.3291015625
-46435 2173.4970703125
-46425 2173.657958984375
-46415 2162.821044921875
-46405 2172.81494140625
-46395 2180.321044921875
-46385 2188.969970703125
-46375 2199.447021484375
-46365 2211.76904296875
-46355 2229.85595703125
-46345 2242.239013671875
-46335 2253.5380859375
-46325 2261.1240234375
-46315 2265.638916015625
-46305 2271.177978515625
-46295 2276.537109375
-46285 2280.330078125
-46275 2282.85791015625
-46265 2282.657958984375
-46255 2271.719970703125
-46245 2257.030029296875
-46235 2252.3740234375
-46225 2244.14501953125
-46215 2235.595947265625
-46205 2226.739990234375
-46195 2220.56396484375
-46185 2219.85693359375
-46175 2214.52294921875
-46165 2213.43505859375
-46155 2204.50390625
-46145 2209.721923828125
-46135 2226.424072265625
-46125 2234.33203125
-46115 2239.408935546875
-46105 2244.72705078125
-46095 2250.7880859375
-46085 2256.10595703125
-46075 2260.4609375
-46065 2263.93310546875
-46055 2267.425048828125
-46045 2272.06103515625
-46035 2277.0791015625
-46025 2281.614013671875
-46015 2285.68798828125
-46005 2287.9560546875
-45995 2282.35693359375
-45985 2278.02197265625
-45975 2276.3359375
-45965 2267.927001953125
-45955 2254.199951171875
-45945 2241.575927734375
-45935 2250.2060546875
-45925 2270.155029296875
-45915 2272.362060546875
-45905 2274.6298828125
-45895 2276.636962890625
-45885 2285.14599609375
-45875 2291.387939453125
-45865 2298.35205078125
-45855 2296.2451171875
-45845 2298.9140625
-45835 2302.344970703125
-45825 2317.257080078125
-45815 2320.868896484375
-45805 2317.739013671875
-45795 2309.590087890625
-45785 2293.27392578125
-45775 2280.25
-45765 2250.527099609375
-45755 2237.02099609375
-45745 2229.534912109375
-45735 2230.29296875
-45725 2227.02587890625
-45715 2225.741943359375
-45705 2226.60498046875
-45695 2228.93310546875
-45685 2228.93310546875
-45675 2227.7041015625
-45665 2227.7490234375
-45655 2227.7890625
-45645 2225.822021484375
-45635 2224.152099609375
-45625 2222.56591796875
-45615 2220.60400390625
-45605 2219.615966796875
-45595 2218.85302734375
-45585 2218.2109375
-45575 2217.81005859375
-45565 2218.051025390625
-45555 2219.31494140625
-45545 2218.993896484375
-45535 2220.4189453125
-45525 2221.822998046875
-45515 2224.095947265625
-45505 2227.60791015625
-45495 2231.883056640625
-45485 2235.595947265625
-45475 2239.550048828125
-45465 2243.7041015625
-45455 2248.0791015625
-45445 2252.675048828125
-45435 2257.090087890625
-45425 2261.465087890625
-45415 2266.10107421875
-45405 2270.555908203125
-45395 2275.031005859375
-45385 2280.449951171875
-45375 2286.110107421875
-45365 2290.343994140625
-45355 2295.06103515625
-45345 2308.125
-45335 2319.5849609375
-45325 2343.412109375
-45315 2355.674072265625
-45305 2362.035888671875
-45295 2368.779052734375
-45285 2374.238037109375
-45275 2384.492919921875
-45265 2390.4541015625
-45255 2397.55810546875
-45245 2404.68310546875
-45235 2427.52099609375
-45225 2429.989990234375
-45215 2443.541015625
-45205 2453.656005859375
-45195 2465.51708984375
-45185 2478.4609375
-45175 2489.37890625
-45165 2498.7509765625
-45155 2504.951904296875
-45145 2510.35107421875
-45135 2517.35498046875
-45125 2524.39892578125
-45115 2531.68896484375
-45105 2539.592041015625
-45095 2549.611083984375
-45085 2557.4580078125
-45075 2562.575927734375
-45065 2569.259033203125
-45055 2535.422119140625
-45045 2545.636962890625
-45035 2558.923095703125
-45025 2557.056884765625
-45015 2544.875
-45005 2521.080078125
-44995 2525.988037109375
-44985 2510.39892578125
-44975 2487.131103515625
-44965 2449.239990234375
-44955 2421.85888671875
-44945 2407.906005859375
-44935 2402.8759765625
-44925 2398.322998046875
-44915 2395.33203125
-44905 2390.39990234375
-44895 2383.4541015625
-44885 2376.39794921875
-44875 2369.68408203125
-44865 2364.239990234375
-44855 2359.589111328125
-44845 2356.488037109375
-44835 2353.217041015625
-44825 2349.468994140625
-44815 2345.2451171875
-44805 2340.43505859375
-44795 2335.235107421875
-44785 2329.9130859375
-44775 2323.8701171875
-44765 2318.364013671875
-44755 2312.919921875
-44745 2308.097900390625
-44735 2303.617919921875
-44725 2298.636962890625
-44715 2295.6708984375
-44705 2294.4140625
-44695 2292.39892578125
-44685 2290.10400390625
-44675 2287.72412109375
-44665 2284.94091796875
-44655 2281.22900390625
-44645 2277.360107421875
-44635 2273.39208984375
-44625 2270.083984375
-44615 2267.569091796875
-44605 2265.969970703125
-44595 2263.468017578125
-44585 2260.5380859375
-44575 2257.718017578125
-44565 2254.98388671875
-44555 2252.677001953125
-44545 2249.68603515625
-44535 2246.73095703125
-44525 2243.4970703125
-44515 2240.8349609375
-44505 2239.39501953125
-44495 2238.60107421875
-44485 2238.64990234375
-44475 2238.2109375
-44465 2237.85693359375
-44455 2236.819091796875
-44445 2235.281005859375
-44435 2232.0458984375
-44425 2230.409912109375
-44415 2229.8359375
-44405 2229.81201171875
-44395 2228.9208984375
-44385 2228.10302734375
-44375 2227.590087890625
-44365 2226.80908203125
-44355 2227.431884765625
-44345 2227.4560546875
-44335 2227.5419921875
-44325 2227.7490234375
-44315 2228.22509765625
-44305 2228.298095703125
-44295 2231.117919921875
-44285 2234.93896484375
-44275 2238.14990234375
-44265 2240.492919921875
-44255 2243.044921875
-44245 2244.791015625
-44235 2245.742919921875
-44225 2248.904052734375
-44215 2252.431884765625
-44205 2255.64306640625
-44195 2258.8291015625
-44185 2271.781005859375
-44175 2267.031982421875
-44165 2263.198974609375
-44155 2262.2470703125
-44145 2263.883056640625
-44135 2267.069091796875
-44125 2268.2529296875
-44115 2278.7509765625
-44105 2273.60009765625
-44095 2276.01708984375
-44085 2274.735107421875
-44075 2273.3798828125
-44065 2277.200927734375
-44055 2276.5048828125
-44045 2277.506103515625
-44035 2291.5810546875
-44025 2301.45703125
-44015 2311.198974609375
-44005 2314.98291015625
-43995 2316.31298828125
-43985 2327.751953125
-43975 2310.405029296875
-43965 2321.952880859375
-43955 2333.635986328125
-43945 2338.177001953125
-43935 2304.093994140625
-43925 2299.97998046875
-43915 2312.72509765625
-43905 2330.095947265625
-43895 2307.35302734375
-43885 2279.7041015625
-43875 2269.205078125
-43865 2271.9150390625
-43855 2273.35595703125
-43845 2277.445068359375
-43835 2284.819091796875
-43825 2291.7890625
-43815 2299.222900390625
-43805 2310.89404296875
-43795 2319.903076171875
-43785 2329.594970703125
-43775 2337.176025390625
-43765 2343.864990234375
-43755 2344.79296875
-43745 2335.174072265625
-43735 2333.965087890625
-43725 2331.10888671875
-43715 2327.7890625
-43705 2324.297119140625
-43695 2321.489990234375
-43685 2317.8759765625
-43675 2316.972900390625
-43665 2320.43994140625
-43655 2323.5400390625
-43645 2327.34912109375
-43635 2331.572998046875
-43625 2335.955078125
-43615 2340.277099609375
-43605 2339.373046875
-43595 2347.748046875
-43585 2349.626953125
-43575 2348.468017578125
-43565 2363.4951171875
-43555 2364.263916015625
-43545 2364.39794921875
-43535 2371.259033203125
-43525 2378.571044921875
-43515 2385.18798828125
-43505 2384.614013671875
-43495 2379.449951171875
-43485 2380.389892578125
-43475 2386.0419921875
-43465 2393.781005859375
-43455 2406.366943359375
-43445 2409.784912109375
-43435 2412.910888671875
-43425 2415.534912109375
-43415 2412.69091796875
-43405 2404.950927734375
-43395 2404.10888671875
-43385 2402.9130859375
-43375 2407.320068359375
-43365 2410.5791015625
-43355 2401.044921875
-43345 2393.2080078125
-43335 2392.20703125
-43325 2386.51806640625
-43315 2380.47607421875
-43305 2369.305908203125
-43295 2358.74609375
-43285 2364.239990234375
-43275 2359.44189453125
-43265 2360.10107421875
-43255 2356.6220703125
-43245 2351.470947265625
-43235 2336.9560546875
-43225 2326.006103515625
-43215 2325.677001953125
-43205 2340.777099609375
-43195 2350.56689453125
-43185 2355.950927734375
-43175 2365.337890625
-43165 2356.256103515625
-43155 2358.27001953125
-43145 2344.964111328125
-43135 2340.35009765625
-43125 2333.635986328125
-43115 2333.35498046875
-43105 2334.551025390625
-43095 2334.83203125
-43085 2336.87109375
-43075 2343.669921875
-43065 2340.31298828125
-43055 2330.742919921875
-43045 2328.362060546875
-43035 2327.215087890625
-43025 2326.847900390625
-43015 2329.424072265625
-43005 2329.4609375
-42995 2330.02197265625
-42985 2329.375
-42975 2332.243896484375
-42965 2331.426025390625
-42955 2334.782958984375
-42945 2337.431884765625
-42935 2342.987060546875
-42925 2350.0419921875
-42915 2351.055908203125
-42905 2357.318115234375
-42895 2364.10498046875
-42885 2368.157958984375
-42875 2365.4599609375
-42865 2366.339111328125
-42855 2363.4580078125
-42845 2365.887939453125
-42835 2368.804931640625
-42825 2371.514892578125
-42815 2376.14208984375
-42805 2375.080078125
-42795 2378.47412109375
-42785 2377.509033203125
-42775 2377.363037109375
-42765 2368.610107421875
-42755 2359.697998046875
-42745 2354.76708984375
-42735 2350.8359375
-42725 2343.548095703125
-42715 2337.93310546875
-42705 2331.4140625
-42695 2321.77001953125
-42685 2313.75
-42675 2305.240966796875
-42665 2295.450927734375
-42655 2289.468994140625
-42645 2285.3798828125
-42635 2282.85302734375
-42625 2281.498046875
-42615 2280.216064453125
-42605 2276.98095703125
-42595 2273.27001953125
-42585 2268.85107421875
-42575 2266.031005859375
-42565 2241.580078125
-42555 2235.049072265625
-42545 2229.72705078125
-42535 2225.820068359375
-42525 2223.597900390625
-42515 2222.0849609375
-42505 2226.3798828125
-42495 2223.77197265625
-42485 2222.0380859375
-42475 2222.262939453125
-42465 2222.884033203125
-42455 2223.363037109375
-42445 2221.756103515625
-42435 2219.3740234375
-42425 2216.864013671875
-42415 2213.424072265625
-42405 2212.77587890625
-42395 2210.77392578125
-42385 2209.462890625
-42375 2210.74609375
-42365 2209.64599609375
-42355 2209.7451171875
-42345 2210.886962890625
-42335 2212.14111328125
-42325 2213.240966796875
-42315 2222.3759765625
-42305 2223.10888671875
-42295 2223.631103515625
-42285 2219.866943359375
-42275 2216.80810546875
-42265 2216.52587890625
-42255 2215.60888671875
-42245 2215.906005859375
-42235 2216.52587890625
-42225 2217.2451171875
-42215 2219.176025390625
-42205 2219.529052734375
-42195 2219.866943359375
-42185 2221.5439453125
-42175 2223.5458984375
-42165 2222.657958984375
-42155 2220.614013671875
-42145 2219.06298828125
-42135 2219.2041015625
-42125 2218.72509765625
-42115 2220.318115234375
-42105 2220.135009765625
-42095 2217.611083984375
-42085 2216.385009765625
-42075 2219.134033203125
-42065 2220.9951171875
-42055 2224.9140625
-42045 2223.968994140625
-42035 2227.31005859375
-42025 2238.094970703125
-42015 2236.303955078125
-42005 2241.16796875
-41995 2246.14501953125
-41985 2240.64599609375
-41975 2237.20703125
-41965 2240.617919921875
-41955 2249.583984375
-41945 2258.466064453125
-41935 2258.69091796875
-41925 2261.299072265625
-41915 2264.23193359375
-41905 2271.37890625
-41895 2271.660888671875
-41885 2268.489013671875
-41875 2268.85595703125
-41865 2268.77099609375
-41855 2270.068115234375
-41845 2276.072998046875
-41835 2281.89599609375
-41825 2282.9951171875
-41815 2283.305908203125
-41805 2277.553955078125
-41795 2272.52099609375
-41785 2274.424072265625
-41775 2280.31689453125
-41765 2287.60498046875
-41755 2281.205078125
-41745 2275.593994140625
-41735 2281.035888671875
-41725 2279.922119140625
-41715 2268.587890625
-41705 2260.10107421875
-41695 2254.43408203125
-41685 2243.39599609375
-41675 2236.967041015625
-41665 2232.243896484375
-41655 2224.885009765625
-41645 2221.64306640625
-41635 2222.657958984375
-41625 2220.824951171875
-41615 2229.847900390625
-41605 2246.427001953125
-41595 2244.39599609375
-41585 2245.299072265625
-41575 2236.783935546875
-41565 2219.923095703125
-41555 2233.93603515625
-41545 2246.7509765625
-41535 2255.617919921875
-41525 2261.455078125
-41515 2263.485107421875
-41505 2265.923095703125
-41495 2271.125
-41485 2271.364990234375
-41475 2270.843994140625
-41465 2266.177001953125
-41455 2268.235107421875
-41445 2278.527099609375
-41435 2277.216064453125
-41425 2279.739013671875
-41415 2281.966064453125
-41405 2278.7939453125
-41395 2277.0458984375
-41385 2275.862060546875
-41375 2275.693115234375
-41365 2273.18408203125
-41355 2266.077880859375
-41345 2262.695068359375
-41335 2268.47509765625
-41325 2268.5029296875
-41315 2268.235107421875
-41305 2273.7900390625
-41295 2275.833984375
-41285 2278.427978515625
-41275 2276.623046875
-41265 2291.552978515625
-41255 2299.715087890625
-41245 2308.76611328125
-41235 2316.2939453125
-41225 2321.52392578125
-41215 2326.5
-41205 2331.7451171875
-41195 2337.341064453125
-41185 2336.114990234375
-41175 2328.277099609375
-41165 2318.43701171875
-41155 2311.514892578125
-41145 2306.341064453125
-41135 2296.416015625
-41125 2287.197021484375
-41115 2271.7880859375
-41105 2263.8369140625
-41095 2255.26611328125
-41085 2246.510986328125
-41075 2239.547119140625
-41065 2239.095947265625
-41055 2237.68603515625
-41045 2229.70703125
-41035 2218.302001953125
-41025 2216.595947265625
-41015 2219.218017578125
-41005 2220.89599609375
-40995 2217.554931640625
-40985 2206.3330078125
-40975 2189.10595703125
-40965 2190.2900390625
-40955 2205.1630859375
-40945 2203.486083984375
-40935 2222.884033203125
-40925 2230.552978515625
-40915 2236.446044921875
-40905 2227.987060546875
-40895 2220.303955078125
-40885 2212.987060546875
-40875 2205.825927734375
-40865 2205.712890625
-40855 2207.757080078125
-40845 2199.18603515625
-40835 2196.155029296875
-40825 2208.701904296875
-40815 2225.9150390625
-40805 2225.675048828125
-40795 2223.194091796875
-40785 2218.85205078125
-40775 2220.260986328125
-40765 2219.866943359375
-40755 2215.4970703125
-40745 2211.534912109375
-40735 2209.4208984375
-40725 2200.552978515625
-40715 2195.422119140625
-40705 2192.827880859375
-40695 2187.991943359375
-40685 2185.384033203125
-40675 2186.7939453125
-40665 2187.6259765625
-40655 2188.034912109375
-40645 2191.14990234375
-40635 2193.9130859375
-40625 2191.99609375
-40615 2192.9970703125
-40605 2197.635009765625
-40595 2198.804931640625
-40585 2200.52490234375
-40575 2201.708984375
-40565 2201.93505859375
-40555 2202.385986328125
-40545 2202.2451171875
-40535 2203.5
-40525 2205.782958984375
-40235 2324.991943359375
-40225 2330.25
-40215 2335.156005859375
-40205 2337.18603515625
-40195 2336.805908203125
-40185 2336.52392578125
-40175 2336.635986328125
-40165 2335.888916015625
-40155 2338.595947265625
-40145 2341.2041015625
-40135 2342.797119140625
-40125 2342.1630859375
-40115 2341.23193359375
-40105 2342.72705078125
-40095 2345.236083984375
-40085 2347.30810546875
-40075 2351.70703125
-40065 2357.444091796875
-40055 2361.658935546875
-40045 2363.718017578125
-40035 2366.156982421875
-40025 2367.22802734375
-40015 2370.174072265625
-40005 2373.5380859375
-39995 2377.091064453125
-39985 2379.0458984375
-39975 2381.2080078125
-39965 2384.10009765625
-39955 2386.468017578125
-39945 2385.656005859375
-39935 2386.35791015625
-39925 2386.49609375
-39915 2389.138916015625
-39905 2393.092041015625
-39895 2399.64599609375
-39885 2410.2900390625
-39875 2414.738037109375
-39865 2419.804931640625
-39855 2425.76708984375
-39845 2434.7041015625
-39835 2444.412109375
-39825 2456.47412109375
-39815 2463.841064453125
-39805 2468.123046875
-39795 2471.166015625
-39785 2475.614013671875
-39775 2478.615966796875
-39765 2482.85693359375
-39755 2489.9208984375
-39745 2496.26904296875
-39735 2502.781982421875
-39725 2509.570068359375
-39715 2516.44091796875
-39705 2524.882080078125
-39695 2531.905029296875
-39685 2535.072021484375
-39675 2531.988037109375
-39665 2509.583984375
-39655 2490.238037109375
-39645 2486.06494140625
-39635 2481.47998046875
-39625 2460.330078125
-39615 2452.135986328125
-39605 2445.197021484375
-39595 2438.806884765625
-39585 2433.9189453125
-39575 2430.035888671875
-39565 2426.85498046875
-39555 2424.2939453125
-39545 2422.076904296875
-39535 2420.14892578125
-39525 2417.614990234375
-39515 2414.5859375
-39505 2413.416015625
-39495 2414.034912109375
-39485 2413.801025390625
-39475 2412.864990234375
-39465 2411.294921875
-39455 2411.14404296875
-39445 2410.510009765625
-39435 2409.257080078125
-39425 2406.970947265625
-39415 2422.339111328125
-39405 2425.547119140625
-39395 2425.06494140625
-39385 2420.24609375
-39375 2418.85498046875
-39365 2417.573974609375
-39355 2409.216064453125
-39345 2408.73388671875
-39335 2398.18603515625
-39325 2390.66796875
-39315 2388.18896484375
-39305 2381.125
-39295 2378.81201171875
-39285 2376.0439453125
-39275 2373.303955078125
-39265 2369.655029296875
-39255 2366.14404296875
-39245 2362.260986328125
-39235 2357.676025390625
-39225 2352.6630859375
-39215 2347.6240234375
-39205 2342.047119140625
-39195 2337.95703125
-39185 2334.156982421875
-39175 2329.639892578125
-39165 2324.614013671875
-39155 2319.615966796875
-39145 2314.60400390625
-39135 2309.39794921875
-39125 2304.27587890625
-39115 2299.113037109375
-39105 2294.554931640625
-39095 2290.176025390625
-39085 2288.991943359375
-39075 2287.656005859375
-39065 2286.553955078125
-39055 2286.00390625
-39045 2287.215087890625
-39035 2289.9140625
-39025 2291.593994140625
-39015 2292.95703125
-39005 2293.64599609375
-38995 2297.43310546875
-38985 2300.888916015625
-38975 2301.094970703125
-38965 2302.9541015625
-38955 2306.507080078125
-38945 2310.595947265625
-38935 2315.113037109375
-38925 2320.89599609375
-38915 2327.35400390625
-38905 2333.4541015625
-38895 2339.7470703125
-38885 2345.5439453125
-38875 2351.919921875
-38865 2357.60693359375
-38855 2363.3349609375
-38845 2368.952880859375
-38835 2372.988037109375
-38825 2377.697021484375
-38815 2392.568115234375
-38805 2400.18310546875
-38795 2402.344970703125
-38785 2405.01611328125
-38775 2411.612060546875
-38765 2417.573974609375
-38755 2422.282958984375
-38745 2426.083984375
-38735 2431.31591796875
-38725 2439.2890625
-38715 2447.840087890625
-38705 2456.638916015625
-38695 2465.23095703125
-38685 2475.72412109375
-38675 2479.89599609375
-38665 2476.89501953125
-38655 2472.033935546875
-38645 2467.256103515625
-38635 2463.344970703125
-38625 2461.404052734375
-38615 2458.801025390625
-38605 2453.05908203125
-38595 2447.60595703125
-38585 2440.968994140625
-38575 2437.0029296875
-38565 2434.4560546875
-38555 2440.735107421875
-38545 2439.3720703125
-38535 2421.884033203125
-38525 2412.72705078125
-38515 2400.7060546875
-38505 2383.756103515625
-38495 2378.633056640625
-38485 2369.256103515625
-38475 2365.179931640625
-38465 2359.1630859375
-38455 2350.570068359375
-38445 2340.283935546875
-38435 2330.493896484375
-38425 2320.56591796875
-38415 2310.445068359375
-38405 2296.5791015625
-38395 2289.2119140625
-38385 2282.43701171875
-38375 2278.485107421875
-38365 2273.0048828125
-38355 2267.235107421875
-38345 2261.616943359375
-38335 2255.764892578125
-38325 2250.64306640625
-38315 2246.56689453125
-38305 2242.22900390625
-38295 2239.281982421875
-38285 2235.701904296875
-38275 2230.498046875
-38265 2226.47705078125
-38255 2221.794921875
-38245 2218.365966796875
-38235 2214.235107421875
-38225 2210.22802734375
-38215 2206.60693359375
-38205 2203.783935546875
-38195 2200.31396484375
-38185 2197.76708984375
-38175 2195.053955078125
-38165 2192.43798828125
-38155 2191.638916015625
-38145 2192.217041015625
-38135 2194.655029296875
-38125 2197.284912109375
-38115 2201.01611328125
-38105 2204.22509765625
-38095 2208.06591796875
-38085 2212.41796875
-38075 2216.60400390625
-38065 2221.051025390625
-38055 2225.527099609375
-38045 2229.134033203125
-38035 2234.904052734375
-38025 2241.22412109375
-38015 2247.66796875
-38005 2253.72705078125
-37995 2260.14404296875
-37985 2267.070068359375
-37975 2274.217041015625
-37965 2282.43701171875
-37955 2293.135986328125
-37945 2304.965087890625
-37935 2298.285888671875
-37925 2288.60595703125
-37915 2282.27197265625
-37905 2276.4609375
-37895 2271.297119140625
-37885 2265.748046875
-37875 2260.074951171875
-37865 2253.64501953125
-37855 2248.77001953125
-37845 2243.784912109375
-37835 2240.839111328125
-37825 2237.02392578125
-37815 2235.537109375
-37805 2234.174072265625
-37795 2230.77294921875
-37785 2229.615966796875
-37775 2228.528076171875
-37765 2227.64697265625
-37755 2226.324951171875
-37745 2225.155029296875
-37735 2223.763916015625
-37725 2223.02099609375
-37715 2222.303955078125
-37705 2222.373046875
-37695 2220.376953125
-37685 2219.866943359375
-37675 2218.324951171875
-37665 2216.590087890625
-37655 2216.590087890625
-37645 2215.887939453125
-37635 2215.6669921875
-37625 2214.826904296875
-37615 2217.155029296875
-37605 2219.701904296875
-37595 2219.248046875
-37585 2219.949951171875
-37575 2219.2060546875
-37565 2219.964111328125
-37555 2219.949951171875
-37545 2220.114990234375
-37535 2222.303955078125
-37525 2224.24609375
-37515 2227.110107421875
-37505 2229.81201171875
-37495 2232.739990234375
-37485 2237.218994140625
-37475 2242.300048828125
-37465 2247.068115234375
-37455 2250.4580078125
-37445 2293.587890625
-37435 2302.077880859375
-37425 2311.988037109375
-37415 2316.159912109375
-37405 2313.6298828125
-37395 2315.299072265625
-37385 2318.577880859375
-37375 2319.43798828125
-37365 2321.10693359375
-37355 2323.47998046875
-37345 2322.876953125
-37335 2323.5400390625
-37325 2329.340087890625
-37315 2335.927001953125
-37305 2342.9189453125
-37295 2348.35888671875
-37285 2354.468017578125
-37275 2358.9580078125
-37265 2359.300048828125
-37255 2357.656982421875
-37245 2352.389892578125
-37235 2348.612060546875
-37225 2344.1640625
-37215 2340.550048828125
-37205 2336.840087890625
-37195 2330
-37185 2321.866943359375
-37175 2318.968994140625
-37165 2312.679931640625
-37155 2293.360107421875
-37145 2283.048095703125
-37135 2275.758056640625
-37125 2268.2880859375
-37115 2260.551025390625
-37105 2253.59912109375
-37095 2247.1279296875
-37085 2240.1279296875
-37075 2233.12109375
-37065 2227.070068359375
-37055 2220.919921875
-37045 2215.39111328125
-37035 2209.360107421875
-37025 2201.87890625
-37015 2191.9580078125
-37005 2183.531005859375
-36995 2176.89990234375
-36985 2169.360107421875
-36975 2161.208984375
-36965 2158.072021484375
-36955 2156.10888671875
-36945 2151.60107421875
-36935 2149.260986328125
-36925 2147.589111328125
-36915 2142.589111328125
-36905 2135.160888671875
-36895 2129.781005859375
-36885 2125.091064453125
-36875 2119.279052734375
-36865 2114.23095703125
-36855 2106.8701171875
-36845 2100.741943359375
-36835 2093.9609375
-36825 2090.14990234375
-36815 2084.56201171875
-36805 2080.65087890625
-36795 2077.5810546875
-36785 2073.89990234375
-36775 2068.319091796875
-36765 2066.662109375
-36755 2063.320068359375
-36745 2058.510009765625
-36735 2048.19091796875
-36725 2036.1090087890625
-36715 2023.8900146484375
-36705 2010.031982421875
-36695 2008.35205078125
-36685 2026.27099609375
-36675 2037.6710205078125
-36665 2034.321044921875
