-74425 1745.072998046875
-74415 1743.9830322265625
-74405 1744.1689453125
-74395 1741.3310546875
-74385 1738.4439697265625
-74375 1733.2640380859375
-74365 1727.365966796875
-74355 1721.0460205078125
-74345 1715.85400390625
-74335 1711.8389892578125
-74325 1709.2740478515625
-74315 1706.386962890625
-74305 1702.532958984375
-74295 1697.1180419921875
-74285 1694.404052734375
-74275 1690.35205078125
-74265 1686.114013671875
-74255 1682.18603515625
-74245 1678.3570556640625
-74235 1676.572021484375
-74225 1677.5760498046875
-74215 1677.4520263671875
-74205 1676.114013671875
-74195 1674.0069580078125
-74185 1671.0460205078125
-74175 1666.2750244140625
-74165 1665.9649658203125
-74155 1659.385009765625
-74145 1655.0849609375
-74135 1659.447021484375
-74125 1657.3900146484375
-74115 1655.4449462890625
-74105 1652.8919677734375
-74095 1652.27197265625
-74085 1651.3680419921875
-74075 1649.8809814453125
-74065 1648.0340576171875
-74055 1645.717041015625
-74045 1642.7550048828125
-74035 1640.8349609375
-74025 1638.81494140625
-74015 1637.3900146484375
-74005 1635.60595703125
-73995 1633.2020263671875
-73985 1631.343017578125
-73975 1629.0379638671875
-73965 1626.9439697265625
-73955 1625.406982421875
-73945 1621.8509521484375
-73935 1621.751953125
-73925 1620.81005859375
-73915 1619.6700439453125
-73905 1620.0660400390625
-73895 1620.6240234375
-73885 1621.6650390625
-73875 1622.85400390625
-73865 1623.06494140625
-73855 1620.251953125
-73845 1613.4239501953125
-73835 1614.7259521484375
-73825 1623.177001953125
-73815 1631.552978515625
-73805 1634.416015625
-73795 1635.4820556640625
-73785 1634.9859619140625
-73775 1633.7099609375
-73765 1632.5450439453125
-73755 1632.18505859375
-73745 1633.7960205078125
-73735 1635.39501953125
-73725 1637.2779541015625
-73715 1639.1500244140625
-73705 1640.56201171875
-73695 1641.9010009765625
-73685 1643.845947265625
-73675 1645.5059814453125
-73665 1646.64599609375
-73655 1647.81103515625
-73645 1649.2239990234375
-73635 1650.426025390625
-73625 1651.8509521484375
-73615 1652.7060546875
-73605 1653.6600341796875
-73595 1654.9859619140625
-73585 1655.7540283203125
-73575 1656.782958984375
-73565 1657.279052734375
-73555 1659.0379638671875
-73545 1659.97998046875
-73535 1660.7110595703125
-73525 1660.7110595703125
-73515 1660.3759765625
-73505 1660.822998046875
-73495 1660.8349609375
-73485 1661.2440185546875
-73475 1660.6739501953125
-73465 1662.7559814453125
-73455 1655.916015625
-73445 1649.2490234375
-73435 1642.2230224609375
-73425 1635.1839599609375
-73415 1630.822021484375
-73405 1628.6409912109375
-73395 1632.333984375
-73385 1632.2850341796875
-73375 1629.9429931640625
-73365 1624.68798828125
-73355 1622.446044921875
-73345 1620.2030029296875
-73335 1619.1490478515625
-73325 1617.6619873046875
-73315 1616.89404296875
-73305 1614.7130126953125
-73295 1614.0439453125
-73285 1613.6600341796875
-73275 1613.10205078125
-73265 1612.6070556640625
-73255 1612.73095703125
-73245 1612.5689697265625
-73235 1612.446044921875
-73225 1612.7919921875
-73215 1611.8260498046875
-73205 1610.7850341796875
-73195 1610.0909423828125
-73185 1609.3349609375
-73175 1608.7779541015625
-73165 1608.071044921875
-73155 1606.5350341796875
-73145 1604.279052734375
-73135 1602.593994140625
-73125 1601.81298828125
-73115 1599.991943359375
-73105 1598.2939453125
-73095 1595.9150390625
-73085 1591.8380126953125
-73075 1589.4090576171875
-73065 1588.2449951171875
-73055 1590.2149658203125
-73045 1589.9169921875
-73035 1588.02197265625
-73025 1588.0340576171875
-73015 1587.5379638671875
-73005 1586.199951171875
-72995 1589.012939453125
-72985 1588.8890380859375
-72975 1589.8680419921875
-72965 1588.7650146484375
-72955 1586.9930419921875
-72945 1584.8740234375
-72935 1581.4659423828125
-72925 1580.511962890625
-72915 1578.864013671875
-72905 1577.947021484375
-72895 1577.4139404296875
-72885 1576.843994140625
-72875 1576.2740478515625
-72865 1575.39404296875
-72855 1574.5770263671875
-72845 1573.4239501953125
-72835 1572.8050537109375
-72825 1571.280029296875
-72815 1568.20703125
-72805 1561.9739990234375
-72795 1559.470947265625
-72785 1560.64794921875
-72775 1561.031982421875
-72765 1562.656005859375
-72755 1563.375
-72745 1562.345947265625
-72735 1560.1400146484375
-72725 1556.7080078125
-72715 1553.7960205078125
-72705 1553.126953125
-72695 1551.948974609375
-72685 1548.864013671875
-72675 1547.89697265625
-72665 1549.2850341796875
-72655 1547.5260009765625
-72645 1545.7659912109375
-72635 1543.238037109375
-72625 1542.4449462890625
-72615 1540.9830322265625
-72605 1536.571044921875
-72595 1533.7960205078125
-72585 1530.9580078125
-72575 1522.18505859375
-72565 1515.3199462890625
-72555 1511.60205078125
-72545 1505.468017578125
-72535 1499.18603515625
-72525 1493.89404296875
-72515 1490.5360107421875
-72505 1487.35302734375
-72495 1482.166015625
-72485 1478.301025390625
-72475 1475.323974609375
-72465 1470.9520263671875
-72455 1465.885009765625
-72445 1461.31298828125
-72435 1457.3280029296875
-72425 1452.5760498046875
-72415 1448.801025390625
-72405 1443.8089599609375
-72395 1439.427978515625
-72385 1437.9610595703125
-72375 1435.2960205078125
-72365 1432.616943359375
-72355 1429.050048828125
-72345 1425.7640380859375
-72335 1422.260009765625
-72325 1419.5479736328125
-72315 1416.6719970703125
-72305 1412.6800537109375
-72295 1408.0579833984375
-72285 1404.989990234375
-72275 1402.551025390625
-72265 1400.448974609375
-72255 1395.239990234375
-72245 1389.6280517578125
-72235 1385.3179931640625
-72225 1381.237060546875
-72215 1377.7430419921875
-72205 1375.56103515625
-72195 1372.7430419921875
-72185 1368.008056640625
-72175 1357.3800048828125
-72165 1351.510009765625
-72155 1346.9119873046875
-72145 1335.7359619140625
-72135 1334.68994140625
-72125 1341.7110595703125
-72115 1346.68701171875
-72105 1352.5970458984375
-72095 1361.0679931640625
-72085 1368.4510498046875
-72075 1377.791015625
-72065 1386.1810302734375
-72055 1395.7869873046875
-72045 1403.8790283203125
-72035 1410.3370361328125
-72025 1414.8280029296875
-72015 1421.27099609375
-72005 1420.208984375
-71995 1416.3819580078125
-71985 1414.677001953125
-71975 1415.031005859375
-71965 1417.220947265625
-71955 1422.197021484375
-71945 1425.7889404296875
-71935 1428.8480224609375
-71925 1426.76904296875
-71915 1422.260009765625
-71905 1419.321044921875
-71895 1417.7669677734375
-71885 1423.990966796875
-71875 1427.7530517578125
-71865 1430.8690185546875
-71855 1433.373046875
-71845 1435.31201171875
-71835 1432.47998046875
-71825 1435.10498046875
-71815 1437.302978515625
-71805 1436.5140380859375
-71795 1436.5679931640625
-71785 1432.6090087890625
-71775 1431.884033203125
-71765 1427.5679931640625
-71755 1420.5770263671875
-71745 1415.5140380859375
-71735 1410.5379638671875
-71725 1405.9969482421875
-71715 1401.833984375
-71705 1398.5489501953125
-71695 1391.3990478515625
-71685 1387.3089599609375
-71675 1398.404052734375
-71665 1414.5799560546875
-71655 1427.1490478515625
-71645 1435.5799560546875
-71635 1437.1800537109375
-71625 1440.0479736328125
-71615 1443.052001953125
-71605 1443.68603515625
-71595 1447.4300537109375
-71585 1451.9010009765625
-71575 1455.1300048828125
-71565 1458.2220458984375
-71555 1460.0980224609375
-71545 1458.22998046875
-71535 1457.10205078125
-71525 1452.8409423828125
-71515 1448.8070068359375
-71505 1451.6910400390625
-71495 1454.9110107421875
-71485 1457.093994140625
-71475 1457.8990478515625
-71465 1459.324951171875
-71455 1462.425048828125
-71445 1463.9129638671875
-71435 1461.60302734375
-71425 1460.9410400390625
-71415 1467.012939453125
-71405 1467.06298828125
-71395 1467.1409912109375
-71385 1465.2650146484375
-71375 1464.3470458984375
-71365 1462.8260498046875
-71355 1465.876953125
-71345 1465.885009765625
-71335 1465.8389892578125
-71325 1465.3800048828125
-71315 1464.3800048828125
-71305 1464.1319580078125
-71295 1463.72705078125
-71285 1464.39697265625
-71275 1464.7440185546875
-71265 1464.9510498046875
-71255 1464.2850341796875
-71245 1463.06103515625
-71235 1461.3699951171875
-71225 1460.16796875
-71215 1459.3790283203125
-71205 1459.1390380859375
-71195 1459.1800537109375
-71185 1459.0989990234375
-71175 1458.4129638671875
-71165 1451.3360595703125
-71155 1447.4000244140625
-71145 1443.43798828125
-71135 1438.3170166015625
-71125 1432.9630126953125
-71115 1427.3179931640625
-71105 1420.0799560546875
-71095 1413.4110107421875
-71085 1405.321044921875
-71075 1408.9520263671875
-71065 1417.4310302734375
-71055 1426.35205078125
-71045 1431.43896484375
-71035 1435.35400390625
-71025 1437.197998046875
-71015 1440.60205078125
-71005 1443.02001953125
-70995 1445.4510498046875
-70985 1446.248046875
-70975 1447.06201171875
-70965 1446.625
-70955 1441.7879638671875
-70945 1438.54296875
-70935 1440.531005859375
-70925 1442.3909912109375
-70915 1442.552978515625
-70905 1441.803955078125
-70895 1440.0970458984375
-70885 1437.0770263671875
-70875 1435.0889892578125
-70865 1434.2989501953125
-70855 1436.031005859375
-70845 1438.886962890625
-70835 1439.114013671875
-70825 1436.2459716796875
-70815 1435.6259765625
-70805 1435.2010498046875
-70795 1435.0889892578125
-70785 1434.781982421875
-70775 1433.968994140625
-70765 1432.633056640625
-70755 1431.2080078125
-70745 1429.7159423828125
-70735 1428.3890380859375
-70725 1427.1409912109375
-70715 1427.0989990234375
-70705 1426.156982421875
-70695 1425.06201171875
-70685 1423.9610595703125
-70675 1422.3499755859375
-70665 1419.6689453125
-70655 1418.1390380859375
-70645 1419.1939697265625
-70635 1419.4820556640625
-70625 1415.6190185546875
-70615 1412.551025390625
-70605 1410.3929443359375
-70595 1409.2320556640625
-70585 1409.136962890625
-70575 1409.1939697265625
-70565 1407.5169677734375
-70555 1404.5880126953125
-70545 1400.6510009765625
-70535 1397.2750244140625
-70525 1395.3599853515625
-70515 1394.5880126953125
-70505 1395.802978515625
-70495 1396.833984375
-70485 1396.157958984375
-70475 1393.6610107421875
-70465 1388.1619873046875
-70455 1386.447021484375
-70445 1383.468017578125
-70435 1382.93603515625
-70425 1382.3489990234375
-70415 1379.031005859375
-70405 1374.9090576171875
-70395 1368.0810546875
-70385 1364.2960205078125
-70375 1369.9410400390625
-70365 1370.5360107421875
-70355 1368.177001953125
-70345 1366.6800537109375
-70335 1365.279052734375
-70325 1362.782958984375
-70315 1361.5589599609375
-70305 1359.9320068359375
-70295 1357.4520263671875
-70285 1353.6109619140625
-70275 1350.116943359375
-70265 1351.2760009765625
-70255 1351.887939453125
-70245 1352.2430419921875
-70235 1349.883056640625
-70225 1347.5889892578125
-70215 1343.8360595703125
-70205 1336.47705078125
-70195 1332.322021484375
-70185 1335.9129638671875
-70175 1338.6109619140625
-70165 1336.991943359375
-70155 1332.6929931640625
-70145 1335.6070556640625
-70135 1338.1600341796875
-70125 1338.989013671875
-70115 1341.3399658203125
-70105 1346.8800048828125
-70095 1347.1700439453125
-70085 1346.7919921875
-70075 1344.802978515625
-70065 1338.9730224609375
-70055 1332.56396484375
-70045 1327.5880126953125
-70035 1323.4090576171875
-70025 1319.1090087890625
-70015 1317.77294921875
-70005 1319.113037109375
-69995 1319.7139892578125
-69985 1318.68994140625
-69975 1316.6009521484375
-69965 1316.4720458984375
-69955 1315.8599853515625
-69945 1313.3990478515625
-69935 1314.6510009765625
-69925 1315.9840087890625
-69915 1316.199951171875
-69905 1316.2769775390625
-69895 1315.6729736328125
-69885 1314.3709716796875
-69875 1312.56201171875
-69865 1312.6710205078125
-69855 1312.9720458984375
-69845 1311.949951171875
-69835 1310.156982421875
-69825 1308.3280029296875
-69815 1306.3909912109375
-69805 1306.16796875
-69795 1307.5860595703125
-69785 1308.012939453125
-69775 1308.1700439453125
-69765 1310.1929931640625
-69755 1306.68798828125
-69745 1305.031982421875
-69735 1306.0400390625
-69725 1307.45703125
-69715 1304.5909423828125
-69705 1304.447021484375
-69695 1303.5830078125
-69685 1301.322021484375
-69675 1296.928955078125
-69665 1292.1500244140625
-69655 1291.3780517578125
-69645 1293.4300537109375
-69635 1290.491943359375
-69625 1288.626953125
-69615 1288.97998046875
-69605 1288.0799560546875
-69595 1286.322998046875
-69585 1284.6090087890625
-69575 1282.26904296875
-69565 1280.39697265625
-69555 1279.072021484375
-69545 1276.9329833984375
-69535 1273.7869873046875
-69525 1271.4320068359375
-69515 1270.0999755859375
-69505 1269.3509521484375
-69495 1266.989990234375
-69485 1266.9530029296875
-69475 1268.343017578125
-69465 1268.5589599609375
-69455 1268.7030029296875
-69445 1266.802001953125
-69435 1266.72998046875
-69425 1265.758056640625
-69415 1264.72900390625
-69405 1264.31103515625
-69395 1264.1309814453125
-69385 1264.0009765625
-69375 1264.3470458984375
-69365 1264.93701171875
-69355 1265.6929931640625
-69345 1265.9090576171875
-69335 1266.08203125
-69325 1265.7869873046875
-69315 1266.218994140625
-69305 1266.133056640625
-69295 1263.302978515625
-69285 1258.77197265625
-69275 1257.657958984375
-69265 1256.2099609375
-69255 1256.1600341796875
-69245 1254.6910400390625
-69235 1254.7919921875
-69225 1254.97900390625
-69215 1254.697998046875
-69205 1254.322021484375
-69195 1252.29296875
-69185 1251.6090087890625
-69175 1250.0830078125
-69165 1246.072021484375
-69155 1243.6810302734375
-69145 1243.6090087890625
-69135 1244.301025390625
-69125 1244.8330078125
-69115 1245.27294921875
-69105 1244.3289794921875
-69095 1241.6490478515625
-69085 1238.251953125
-69075 1232.072998046875
-69065 1227.7879638671875
-69055 1228.25
-69045 1229.8480224609375
-69035 1229.322998046875
-69025 1226.8179931640625
-69015 1223.5689697265625
-69005 1221.092041015625
-68995 1219.3280029296875
-68985 1219.198974609375
-68975 1219.3199462890625
-68965 1218.990966796875
-68955 1218.0469970703125
-68945 1216.3699951171875
-68935 1211.6090087890625
-68925 1208.7860107421875
-68915 1206.633056640625
-68905 1204.6820068359375
-68895 1202.14697265625
-68885 1199.4630126953125
-68875 1196.7900390625
-68865 1194.4210205078125
-68855 1191.41796875
-68845 1188.9410400390625
-68835 1187.126953125
-68825 1184.469970703125
-68815 1180.7330322265625
-68805 1178.508056640625
-68795 1176.699951171875
-68785 1175.31103515625
-68775 1173.531982421875
-68765 1172.3509521484375
-68755 1170.4210205078125
-68745 1168.2110595703125
-68735 1166.259033203125
-68725 1164.4019775390625
-68715 1161.2769775390625
-68705 1160.5419921875
-68695 1159.7430419921875
-68685 1157.949951171875
-68675 1156.114013671875
-68665 1154.8680419921875
-68655 1153.4139404296875
-68645 1150.4969482421875
-68635 1144.8800048828125
-68625 1138.6240234375
-68615 1130.968994140625
-68605 1125.04296875
-68595 1119.39697265625
-68585 1113.54296875
-68575 1108.864013671875
-68565 1105.31201171875
-68555 1102.366943359375
-68545 1099.198974609375
-68535 1095.4620361328125
-68525 1090.7020263671875
-68515 1090.262939453125
-68505 1089.93896484375
-68495 1086.6629638671875
-68485 1087.5770263671875
-68475 1088.656982421875
-68465 1088.5780029296875
-68455 1088.5999755859375
-68445 1088.72900390625
-68435 1088.678955078125
-68425 1089.9820556640625
-68415 1092.458984375
-68405 1091.9119873046875
-68395 1094.93603515625
-68385 1093.3310546875
-68375 1094.6409912109375
-68365 1096.593017578125
-68355 1099.60205078125
-68345 1105.3699951171875
-68335 1110.4320068359375
-68325 1111.8499755859375
-68315 1111.9219970703125
-68305 1115.14794921875
-68295 1119.801025390625
-68285 1123.739013671875
-68275 1128.737060546875
-68265 1134.178955078125
-68255 1140.970947265625
-68245 1147.47998046875
-68235 1152.282958984375
-68225 1151.3330078125
-68215 1145.4119873046875
-68205 1139.220947265625
-68195 1132.093017578125
-68185 1125.18701171875
-68175 1126.843994140625
-68165 1128.8289794921875
-68155 1129.93798828125
-68145 1137.3919677734375
-68135 1145.1109619140625
-68125 1150.51904296875
-68115 1157.072021484375
-68105 1161.802001953125
-68095 1165.927978515625
-68085 1169.9599609375
-68075 1173.6689453125
-68065 1178.89599609375
-68055 1181.7769775390625
-68045 1185.550048828125
-68035 1186.9610595703125
-68025 1191.39697265625
-68015 1195.010986328125
-68005 1201.52099609375
-67995 1207.447021484375
-67985 1213.510009765625
-67975 1219.4229736328125
-67965 1224.3179931640625
-67955 1226.8819580078125
-67945 1225.3900146484375
-67935 1220.8909912109375
-67925 1214.740966796875
-67915 1210.3790283203125
-67905 1204.7099609375
-67895 1201.197021484375
-67885 1211.4429931640625
-67875 1222.156982421875
-67865 1228.0780029296875
-67855 1233.4420166015625
-67845 1239.3160400390625
-67835 1245.1429443359375
-67825 1250.3919677734375
-67815 1253.156982421875
-67805 1254.3310546875
-67795 1255.051025390625
-67785 1255.75
-67775 1256.8079833984375
-67765 1258.5789794921875
-67755 1260.3289794921875
-67745 1262.387939453125
-67735 1264.6280517578125
-67725 1266.18994140625
-67715 1267.5369873046875
-67705 1268.487060546875
-67695 1269.0780029296875
-67685 1270.0279541015625
-67675 1271.1800537109375
-67665 1271.8929443359375
-67655 1273.56396484375
-67645 1275.4210205078125
-67635 1276.9119873046875
-67625 1278.718994140625
-67615 1281.0379638671875
-67605 1283.2989501953125
-67595 1285.012939453125
-67585 1286.3590087890625
-67575 1287.4029541015625
-67565 1288.345947265625
-67555 1289.512939453125
-67545 1290.657958984375
-67535 1292.177001953125
-67525 1293.7679443359375
-67515 1295.237060546875
-67505 1297.801025390625
-67495 1300.427001953125
-67485 1302.81005859375
-67475 1304.7869873046875
-67465 1306.137939453125
-67455 1307.291015625
-67445 1307.76904296875
-67435 1308.22998046875
-67425 1309.5899658203125
-67415 1310.2080078125
-67405 1311.4599609375
-67395 1312.0689697265625
-67385 1312.7039794921875
-67375 1313.280029296875
-67365 1314.136962890625
-67355 1314.780029296875
-67345 1315.3070068359375
-67335 1316.2869873046875
-67325 1315.72705078125
-67315 1316.3370361328125
-67305 1319.739013671875
-67295 1321.08203125
-67285 1321.4029541015625
-67275 1321.6090087890625
-67265 1322.135986328125
-67255 1322.2020263671875
-67245 1322.7130126953125
-67235 1323.635986328125
-67225 1324.6739501953125
-67215 1325.3489990234375
-67205 1325.958984375
-67195 1325.531005859375
-67185 1324.0059814453125
-67175 1323.133056640625
-67165 1323.157958984375
-67155 1323.7760009765625
-67145 1324.5579833984375
-67135 1325.0860595703125
-67125 1324.81396484375
-67115 1324.468017578125
-67105 1324.4100341796875
-67095 1324.14599609375
-67085 1323.5780029296875
-67075 1322.8699951171875
-67065 1322.366943359375
-67055 1322.06201171875
-67045 1322.1529541015625
-67035 1322.18603515625
-67025 1322.3509521484375
-67015 1321.7740478515625
-67005 1321.22998046875
-66995 1322.135986328125
-66985 1321.7159423828125
-66975 1320.5789794921875
-66965 1320.802001953125
-66955 1320.3160400390625
-66945 1320.0439453125
-66935 1319.7969970703125
-66925 1319.822021484375
-66915 1320.0689697265625
-66905 1320.595947265625
-66895 1321.2139892578125
-66885 1322.177978515625
-66875 1323.1090087890625
-66865 1323.8089599609375
-66855 1324.9129638671875
-66845 1325.6710205078125
-66835 1326.23095703125
-66825 1327.2359619140625
-66815 1328.1829833984375
-66805 1328.6610107421875
-66795 1327.1529541015625
-66785 1325.81103515625
-66775 1322.9029541015625
-66765 1322.6639404296875
-66755 1322.1689453125
-66745 1321.7159423828125
-66735 1321.1719970703125
-66725 1320.241943359375
-66715 1318.75
-66705 1316.97900390625
-66695 1315.3890380859375
-66685 1314.623046875
-66675 1313.9720458984375
-66665 1314.343017578125
-66655 1315.488037109375
-66645 1316.7320556640625
-66635 1317.614013671875
-66625 1318.0579833984375
-66615 1318.31396484375
-66605 1318.2230224609375
-66595 1317.5970458984375
-66585 1317.2099609375
-66575 1316.7900390625
-66565 1316.4930419921875
-66555 1316.072998046875
-66545 1315.72705078125
-66535 1315.5870361328125
-66525 1315.529052734375
-66515 1315.1920166015625
-66505 1314.2359619140625
-66495 1313.2469482421875
-66485 1312.10205078125
-66475 1311.3690185546875
-66465 1311.196044921875
-66455 1310.9410400390625
-66445 1310.6280517578125
-66435 1310.2239990234375
-66425 1308.758056640625
-66415 1306.5909423828125
-66405 1306.41796875
-66395 1301.656005859375
-66385 1298.31201171875
-66375 1293.509033203125
-66365 1290.4610595703125
-66355 1289.428955078125
-66345 1288.3580322265625
-66335 1289.2740478515625
-66325 1289.612060546875
-66315 1288.7960205078125
-66305 1287.8719482421875
-66295 1288.3680419921875
-66285 1289.010986328125
-66275 1291.260009765625
-66265 1293.739013671875
-66255 1296.5240478515625
-66245 1299.9510498046875
-66235 1308.1309814453125
-66225 1315.1669921875
-66215 1320.1920166015625
-66205 1323.4300537109375
-66195 1323.1910400390625
-66185 1323.470947265625
-66175 1319.5830078125
-66165 1317.3330078125
-66155 1315.134033203125
-66145 1313.0169677734375
-66135 1311.9129638671875
-66125 1311.137939453125
-66115 1309.7459716796875
-66105 1308.468994140625
-66095 1307.2010498046875
-66085 1305.60205078125
-66075 1303.8389892578125
-66065 1300.4859619140625
-66055 1300.3790283203125
-66045 1300.60205078125
-66035 1301.58203125
-66025 1300.197998046875
-66015 1297.116943359375
-66005 1294.6700439453125
-65995 1292.009033203125
-65985 1291.6390380859375
-65975 1292.0999755859375
-65965 1295.1710205078125
-65955 1297.7919921875
-65945 1300.427001953125
-65935 1302.373046875
-65925 1302.43896484375
-65915 1301.113037109375
-65905 1299.052978515625
-65895 1295.7740478515625
-65885 1292.759033203125
-65875 1290.0980224609375
-65865 1288.0880126953125
-65855 1286.81103515625
-65845 1286.052978515625
-65835 1285.864013671875
-65825 1285.987060546875
-65815 1286.177001953125
-65805 1286.2430419921875
-65795 1285.781005859375
-65785 1284.2979736328125
-65775 1281.6290283203125
-65765 1281.6290283203125
-65755 1281.052001953125
-65745 1279.9820556640625
-65735 1279.5279541015625
-65725 1279.56103515625
-65715 1281.1009521484375
-65705 1282.3709716796875
-65695 1280.5989990234375
-65685 1276.9580078125
-65675 1276.52099609375
-65665 1276.4949951171875
-65655 1277.1719970703125
-65645 1279.2900390625
-65635 1282.0579833984375
-65625 1285.968994140625
-65615 1287.8570556640625
-65605 1288.5989990234375
-65595 1288.7960205078125
-65585 1288.68896484375
-65575 1288.260009765625
-65565 1287.89794921875
-65555 1286.85205078125
-65545 1285.509033203125
-65535 1283.821044921875
-65525 1281.8260498046875
-65515 1279.93994140625
-65505 1278.2669677734375
-65495 1276.7430419921875
-65485 1275.8780517578125
-65475 1274.0909423828125
-65465 1273.991943359375
-65455 1273.802001953125
-65445 1270.448974609375
-65435 1266.2969970703125
-65425 1265.126953125
-65415 1264.27099609375
-65405 1263.9730224609375
-65395 1267.1610107421875
-65385 1271.1820068359375
-65375 1274.4520263671875
-65365 1272.4110107421875
-65355 1272.3599853515625
-65345 1273.240966796875
-65335 1273.02001953125
-65325 1272.748046875
-65315 1272.3929443359375
-65305 1271
-65295 1268.79296875
-65285 1266.18896484375
-65275 1263.4949951171875
-65265 1261.8809814453125
-65255 1261.873046875
-65245 1263.7099609375
-65235 1264.781005859375
-65225 1264.93896484375
-65215 1263.8089599609375
-65205 1261.2139892578125
-65195 1259.2530517578125
-65185 1258.1590576171875
-65175 1257.5059814453125
-65165 1257.365966796875
-65155 1257.406982421875
-65145 1257.218994140625
-65135 1256.8489990234375
-65125 1256.5689697265625
-65115 1257.3499755859375
-65105 1258.8179931640625
-65095 1260.1009521484375
-65085 1261.072998046875
-65075 1260.720947265625
-65065 1257.6719970703125
-65055 1255.6610107421875
-65045 1254.030029296875
-65035 1252.8929443359375
-65025 1252.5059814453125
-65015 1252.7779541015625
-65005 1253.5899658203125
-64995 1255.2869873046875
-64985 1258.10302734375
-64975 1260.8759765625
-64965 1263.0050048828125
-64955 1262.906005859375
-64945 1254.31494140625
-64935 1247.426025390625
-64925 1240.7359619140625
-64915 1234.3470458984375
-64905 1228.18701171875
-64895 1222.469970703125
-64885 1217.6240234375
-64875 1214.093994140625
-64865 1212.8499755859375
-64855 1209.0909423828125
-64845 1209.134033203125
-64835 1208.5340576171875
-64825 1211.6500244140625
-64815 1220.0400390625
-64805 1220.883056640625
-64795 1219.625
-64785 1220.76904296875
-64775 1217.2669677734375
-64765 1211.9930419921875
-64755 1205.803955078125
-64745 1201.343994140625
-64735 1198.2850341796875
-64725 1194.6829833984375
-64715 1190.0240478515625
-64705 1186.1500244140625
-64695 1182.64794921875
-64685 1179.260009765625
-64675 1177.14599609375
-64665 1175.27294921875
-64655 1173.27197265625
-64645 1171.1280517578125
-64635 1169.156005859375
-64625 1167.6829833984375
-64615 1166.8260498046875
-64605 1166.553955078125
-64595 1167.0970458984375
-64585 1167.926025390625
-64575 1169.0550537109375
-64565 1170.0560302734375
-64555 1169.3270263671875
-64545 1167.35400390625
-64535 1165.510986328125
-64525 1164.2960205078125
-64515 1163.5670166015625
-64505 1164.824951171875
-64495 1165.7969970703125
-64485 1166.324951171875
-64475 1166.739990234375
-64465 1165.425048828125
-64455 1165.81103515625
-64445 1161.06494140625
-64435 1162.9949951171875
-64425 1161.43701171875
-64415 1162.666015625
-64405 1160.6650390625
-64395 1158.6929931640625
-64385 1159.6650390625
-64375 1160.1219482421875
-64365 1162.666015625
-64355 1165.6390380859375
-64345 1168.112060546875
-64335 1171.072021484375
-64325 1175.4300537109375
-64315 1179.2039794921875
-64305 1183.6629638671875
-64295 1187.6650390625
-64285 1192.2960205078125
-64275 1196.5699462890625
-64265 1198.68603515625
-64255 1201.615966796875
-64245 1203.9310302734375
-64235 1207.3330078125
-64225 1210.6920166015625
-64215 1212.6929931640625
-64205 1213.0069580078125
-64195 1212.5069580078125
-64185 1211.8070068359375
-64175 1209.9339599609375
-64165 1206.60400390625
-64155 1199.885986328125
-64145 1194.2550048828125
-64135 1190.322998046875
-64125 1187.6080322265625
-64115 1181.218994140625
-64105 1177.387939453125
-64095 1176.6600341796875
-64085 1175.572998046875
-64075 1174.7010498046875
-64065 1174.18798828125
-64055 1173.7440185546875
-64045 1173.22900390625
-64035 1172.81494140625
-64025 1172.843017578125
-64015 1172.81494140625
-64005 1171.9139404296875
-63995 1171.2989501953125
-63985 1170.72900390625
-63975 1170.2850341796875
-63965 1169.927001953125
-63955 1168.7840576171875
-63945 1167.656005859375
-63935 1167.0830078125
-63925 1166.4539794921875
-63915 1165.7969970703125
-63905 1165.2530517578125
-63895 1164.781005859375
-63885 1163.89599609375
-63875 1163.0670166015625
-63865 1162.3380126953125
-63855 1161.8370361328125
-63845 1160.93701171875
-63835 1159.5789794921875
-63825 1158.8929443359375
-63815 1158.364013671875
-63805 1157.821044921875
-63795 1157.364013671875
-63785 1156.906005859375
-63775 1156.5059814453125
-63765 1155.06201171875
-63755 1153.8900146484375
-63745 1152.64697265625
-63735 1151.260009765625
-63725 1149.5159912109375
-63715 1148.7020263671875
-63705 1147.9300537109375
-63695 1146.8289794921875
-63685 1143.5269775390625
-63675 1138.1529541015625
-63665 1132.2359619140625
-63655 1127.3189697265625
-63645 1124.2750244140625
-63635 1127.8050537109375
-63625 1128.719970703125
-63615 1128.3050537109375
-63605 1127.489990234375
-63595 1126.9759521484375
-63585 1126.68994140625
-63575 1126.6190185546875
-63565 1129.2340087890625
-63555 1130.5780029296875
-63545 1130.2919921875
-63535 1129.0340576171875
-63525 1127.748046875
-63515 1126.489990234375
-63505 1125.175048828125
-63495 1124.10302734375
-63485 1122.64501953125
-63475 1121.7159423828125
-63465 1120.4010009765625
-63455 1119.1290283203125
-63445 1118.083984375
-63435 1117.27099609375
-63425 1116.0560302734375
-63415 1115.240966796875
-63405 1114.1409912109375
-63395 1111.9959716796875
-63385 1111.552001953125
-63375 1109.5810546875
-63365 1108.52294921875
-63355 1108.208984375
-63345 1106.635986328125
-63335 1104.8070068359375
-63325 1103.6629638671875
-63315 1102.6629638671875
-63305 1101.990966796875
-63295 1100.4759521484375
-63285 1100.2760009765625
-63275 1098.3609619140625
-63265 1097.5889892578125
-63255 1096.616943359375
-63245 1095.8740234375
-63235 1094.6729736328125
-63225 1092.428955078125
-63215 1091.7860107421875
-63205 1090.970947265625
-63195 1090.012939453125
-63185 1089.3280029296875
-63175 1088.5550537109375
-63165 1086.6829833984375
-63155 1085.4969482421875
-63145 1084.6529541015625
-63135 1083.6529541015625
-63125 1082.4659423828125
-63115 1081.3800048828125
-63105 1079.9510498046875
-63095 1078.7640380859375
-63085 1078.0069580078125
-63075 1076.93505859375
-63065 1075.8489990234375
-63055 1074.7039794921875
-63045 1073.18896484375
-63035 1071.718017578125
-63025 1071.074951171875
-63015 1070.4169921875
-63005 1068.7020263671875
-62995 1067.2149658203125
-62985 1066.0150146484375
-62975 1065
-62965 1064.156982421875
-62955 1063.4990234375
-62945 1062.427001953125
-62935 1061.468994140625
-62925 1060.5550537109375
-62915 1059.5400390625
-62905 1058.739990234375
-62895 1058.1529541015625
-62885 1057.366943359375
-62875 1055.3809814453125
-62865 1054.737060546875
-62855 1053.89404296875
-62845 1053.279052734375
-62835 1052.635986328125
-62825 1049.7060546875
-62815 1049.0770263671875
-62805 1048.876953125
-62795 1047.5050048828125
-62785 1046.176025390625
-62775 1045.303955078125
-62765 1044.0030517578125
-62755 1042.5589599609375
-62745 1041.68701171875
-62735 1037.656005859375
-62725 1036.012939453125
-62715 1035.8270263671875
-62705 1035.9420166015625
-62695 1035.9840087890625
-62685 1034.884033203125
-62675 1034.5550537109375
-62665 1033.282958984375
-62655 1031.824951171875
-62645 1030.39599609375
-62635 1029.1240234375
-62625 1028.166015625
-62615 1026.4949951171875
-62605 1025.56494140625
-62595 1024.70703125
-62585 1023.3350219726562
-62575 1022.52001953125
-62565 1021.5910034179687
-62555 1020.2899780273437
-62545 1019.2899780273437
-62535 1018.4609985351562
-62525 1017.5029907226562
-62515 1016.4739990234375
-62505 1015.073974609375
-62495 1014.166015625
-62485 1012.9240112304687
-62475 1012.3179931640625
-62465 1011.5449829101562
-62455 1010.7849731445312
-62445 1010.166015625
-62435 1009.60302734375
-62425 1008.8469848632812
-62415 1008.0900268554687
-62405 1006.9359741210937
-62395 1005.7860107421875
-62385 1005.2249755859375
-62375 1004.468017578125
-62365 1004.073974609375
-62355 1003.3140258789062
-62345 1002.572998046875
-62335 1001.9979858398437
-62325 1001.0280151367187
-62315 1000.5130004882812
-62305 999.906005859375
-62295 999.3590087890625
-62285 998.88897705078125
-62275 998.28302001953125
-62265 997.7979736328125
-62255 997.10101318359375
-62245 996.5880126953125
-62235 996.072021484375
-62225 995.46502685546875
-62215 995.28399658203125
-62205 994.61798095703125
-62195 994.43597412109375
-62185 994.239013671875
-62175 993.60101318359375
-62165 993.13299560546875
-62155 992.5999755859375
-62145 992.66302490234375
-62135 992.31298828125
-62125 991.677978515625
-62115 991.03997802734375
-62105 990.52398681640625
-62095 990.25201416015625
-62085 990.02398681640625
-62075 989.905029296875
-62065 989.7080078125
-62055 989.5260009765625
-62045 989.1920166015625
-62035 988.64501953125
-62025 988.2509765625
-62015 987.843994140625
-62005 987.25299072265625
-61995 986.49298095703125
-61985 985.9019775390625
-61975 985.20501708984375
-61965 984.55401611328125
-61955 984.1290283203125
-61945 983.583984375
-61935 983.40399169921875
-61925 983.2969970703125
-61915 983.2650146484375
-61905 983.14398193359375
-61895 982.64398193359375
-61885 982.49298095703125
-61875 982.22100830078125
-61865 981.0980224609375
-61855 981.17401123046875
-61845 981.1610107421875
-61835 981.29498291015625
-61825 981.0980224609375
-61815 981.31097412109375
-61805 981.385986328125
-61795 977.70599365234375
-61785 978.2340087890625
-61775 977.552001953125
-61765 977.5989990234375
-61755 977.64300537109375
-61745 977.02398681640625
-61735 976.72100830078125
-61725 976.2039794921875
-61715 975.35699462890625
-61705 974.68798828125
-61695 974.49102783203125
-61685 974.49102783203125
-61675 974.2659912109375
-61665 974.18798828125
-61655 974.2659912109375
-61645 974.083984375
-61635 973.96099853515625
-61625 973.7340087890625
-61615 973.65802001953125
-61605 973.23297119140625
-61595 972.73297119140625
-61585 972.14202880859375
-61575 971.3389892578125
-61565 971.1719970703125
-61555 971.11199951171875
-61545 971.1290283203125
-61535 971.0059814453125
-61525 970.9749755859375
-61515 971.26300048828125
-61505 971.18798828125
-61495 970.59698486328125
-61485 969.9749755859375
-61475 969.718017578125
-61465 969.56597900390625
-61455 969.38397216796875
-61445 969.12701416015625
-61435 968.88397216796875
-61425 968.5679931640625
-61415 968.489990234375
-61405 968.156982421875
-61395 967.96002197265625
-61385 967.8690185546875
-61375 967.26300048828125
-61365 966.85400390625
-61355 966.09600830078125
-61345 965.73199462890625
-61335 965.74700927734375
-61325 966.26300048828125
-61315 965.989990234375
-61305 965.76202392578125
-61295 965.35302734375
-61285 964.822998046875
-61275 964.79302978515625
-61265 964.86798095703125
-61255 962.9739990234375
-61245 963.156005859375
-61235 962.1099853515625
-61225 961.822021484375
-61215 961.01898193359375
-61205 960.85302734375
-61195 960.427978515625
-61185 962.2919921875
-61175 963.1259765625
-61165 962.35302734375
-61155 961.156005859375
-61145 960.7769775390625
-61135 960.5040283203125
-61125 960.21600341796875
-61115 959.9429931640625
-61105 959.85198974609375
-61095 959.41302490234375
-61085 959.20098876953125
-61075 958.88299560546875
-61065 958.68499755859375
-61055 958.68499755859375
-61045 958.625
-61035 959.0040283203125
-61025 958.18499755859375
-61015 958.760986328125
-61005 958.2459716796875
-60995 957.093994140625
-60985 955.00299072265625
-60975 952.791015625
-60965 952.7449951171875
-60955 952.8060302734375
-60945 955.6400146484375
-60935 958.989013671875
-60925 961.91302490234375
-60915 963.656005859375
-60905 966.35302734375
-60895 969.64202880859375
-60885 971.85400390625
-60875 974.15802001953125
-60865 974.94598388671875
-60855 977.29498291015625
-60845 978.64300537109375
-60835 986.614990234375
-60825 990.614990234375
-60815 994.10198974609375
-60805 997.67901611328125
-60795 999.52801513671875
-60785 1002.5579833984375
-60775 1003.4959716796875
-60765 1006.2410278320312
-60755 1008.5289916992187
-60745 1009.7260131835937
-60735 1011.8930053710937
-60725 1014.801025390625
-60715 1017.6669921875
-60705 1017.7429809570312
-60695 1019.0910034179687
-60685 1019.0910034179687
-60675 1019.833984375
-60665 1020.697998046875
-60655 1022.333984375
-60645 1025.864990234375
-60635 1026.531982421875
-60625 1025.1829833984375
-60615 1019.864013671875
-60605 1016.2269897460937
-60595 1016.9550170898437
-60585 1023.0770263671875
-60575 1029.321044921875
-60565 1033.291015625
-60555 1037.260986328125
-60545 1041.2769775390625
-60535 1043.884033203125
-60525 1046.4139404296875
-60515 1051.2490234375
-60505 1059.7650146484375
-60495 1061.6290283203125
-60485 1066.447998046875
-60475 1072.373046875
-60465 1077.782958984375
-60455 1083.0269775390625
-60445 1086.10498046875
-60435 1088.4969482421875
-60425 1098.9990234375
-60415 1103.987060546875
-60405 1111.927001953125
-60395 1122.4439697265625
-60385 1126.2459716796875
-60375 1129.823974609375
-60365 1132.08203125
-60355 1133.52001953125
-60345 1131.9439697265625
-60335 1129.9150390625
-60325 1129.18798828125
-60315 1128.5360107421875
-60305 1127.5970458984375
-60295 1126.1400146484375
-60285 1127.5660400390625
-60275 1130.0970458984375
-60265 1131.1710205078125
-60255 1131.885009765625
-60245 1129.883056640625
-60235 1125.8079833984375
-60225 1123.822998046875
-60215 1123.384033203125
-60205 1123.656982421875
-60195 1124.428955078125
-60185 1125.4449462890625
-60175 1126.2459716796875
-60165 1127.218017578125
-60155 1126.0489501953125
-60145 1133.2640380859375
-60135 1135.68701171875
-60125 1137.4169921875
-60115 1138.614013671875
-60105 1131.916015625
-60095 1130.218017578125
-60085 1136.0679931640625
-60075 1142.842041015625
-60065 1149.9339599609375
-60055 1155.3740234375
-60045 1158.6929931640625
-60035 1153.9339599609375
-60025 1147.9029541015625
-60015 1141.47802734375
-60005 1155.2769775390625
-59995 1158.14599609375
-59985 1158.166015625
-59975 1158.9150390625
-59965 1162.883056640625
-59955 1162.134033203125
-59945 1163.6929931640625
-59935 1165.31298828125
-59925 1165.738037109375
-59915 1167.4990234375
-59905 1168.8349609375
-59895 1170.4949951171875
-59885 1172.884033203125
-59875 1175.375
-59865 1177.197021484375
-59855 1179.9100341796875
-59845 1181.751953125
-59835 1182.967041015625
-59825 1185.5379638671875
-59815 1188.7969970703125
-59805 1191.2879638671875
-59795 1193.9599609375
-59785 1196.7139892578125
-59775 1199.3050537109375
-59765 1201.7550048828125
-59755 1204.3060302734375
-59745 1208.051025390625
-59735 1211.7359619140625
-59725 1215.0760498046875
-59715 1219.125
-59705 1223.2550048828125
-59695 1227.344970703125
-59685 1233.2159423828125
-59675 1237.6500244140625
-59665 1240.949951171875
-59655 1243.136962890625
-59645 1243.6829833984375
-59635 1244.22998046875
-59625 1246.801025390625
-59615 1252.571044921875
-59605 1254.1710205078125
-59595 1255.06103515625
-59585 1256.7010498046875
-59575 1258.1390380859375
-59565 1252.2669677734375
-59555 1255.6280517578125
-59545 1255.81005859375
-59535 1251.740966796875
-59525 1255.9119873046875
-59515 1253.64404296875
-59505 1258.260009765625
-59495 1258.56396484375
-59485 1264.2120361328125
-59475 1267.1280517578125
-59465 1263.928955078125
-59455 1265.2449951171875
-59445 1267.89697265625
-59435 1263.968994140625
-59425 1270.489013671875
-59415 1272.1689453125
-59405 1278.5059814453125
-59395 1283.66796875
-59385 1283.343994140625
-59375 1279.9429931640625
-59365 1273.5460205078125
-59355 1273.5860595703125
-59345 1277.3919677734375
-59335 1280.10498046875
-59325 1281.157958984375
-59315 1279.862060546875
-59305 1280.0849609375
-59295 1279.1739501953125
-59285 1277.5340576171875
-59275 1275.93505859375
-59265 1274.112060546875
-59255 1271.43994140625
-59245 1270.1240234375
-59235 1268.8890380859375
-59225 1268.72705078125
-59215 1268.383056640625
-59205 1268.56494140625
-59195 1268.4639892578125
-59185 1267.0059814453125
-59175 1266.237060546875
-59165 1264.616943359375
-59155 1255.9119873046875
-59145 1244.5340576171875
-59135 1235.8280029296875
-59125 1222.66796875
-59115 1218.093017578125
-59105 1201.3089599609375
-59095 1198.1099853515625
-59085 1170.636962890625
-59075 1155.7159423828125
-59065 1131.7449951171875
-59055 1138.8310546875
-59045 1152.072021484375
-59035 1159.3199462890625
-59025 1167.904052734375
-59015 1192.968017578125
-59005 1208.031005859375
-58995 1222.2430419921875
-58985 1222.8709716796875
-58975 1223.6199951171875
-58965 1246.35595703125
-58955 1255.4659423828125
-58945 1263.4429931640625
-58935 1265.1839599609375
-58925 1267.4520263671875
-58915 1273.60595703125
-58905 1279.052001953125
-58895 1282.8590087890625
-58885 1293.6700439453125
-58875 1302.9620361328125
-58865 1310.7159423828125
-58855 1316.9320068359375
-58845 1323.3089599609375
-58835 1329.5849609375
-58825 1336.9549560546875
-58815 1344.1009521484375
-58805 1350.9239501953125
-58795 1358.739013671875
-58785 1366.0679931640625
-58775 1372.8499755859375
-58765 1380.0579833984375
-58755 1386.5360107421875
-58745 1393.52099609375
-58735 1401.822021484375
-58725 1409.1510009765625
-58715 1414.9410400390625
-58705 1423.1810302734375
-58695 1426.623046875
-58685 1426.7850341796875
-58675 1430.5909423828125
-58665 1432.8580322265625
-58655 1435.0040283203125
-58645 1436.177978515625
-58635 1438.9720458984375
-58625 1441.0169677734375
-58615 1441.968994140625
-58605 1442.5760498046875
-58595 1443.447021484375
-58585 1444.0140380859375
-58575 1446.219970703125
-58565 1452.112060546875
-58555 1459.136962890625
-58545 1462.6190185546875
-58535 1465.7779541015625
-58525 1467.032958984375
-58515 1467.093994140625
-58505 1466.5670166015625
-58495 1468.8349609375
-58485 1472.5999755859375
-58475 1475.0899658203125
-58465 1477.196044921875
-58455 1479.625
-58445 1480.759033203125
-58435 1484.56494140625
-58425 1489.2220458984375
-58415 1492.7039794921875
-58405 1495.6199951171875
-58395 1497.6639404296875
-58385 1498.8389892578125
-58375 1498.595947265625
-58365 1497.4620361328125
-58355 1493.1290283203125
-58345 1492.157958984375
-58335 1490.760986328125
-58325 1492.4010009765625
-58315 1499.406005859375
-58305 1503.656982421875
-58295 1507.1190185546875
-58285 1515.803955078125
-58275 1525.137939453125
-58265 1533.1949462890625
-58255 1542.83203125
-58245 1545.969970703125
-58235 1551.3349609375
-58225 1557.9520263671875
-58215 1564.029052734375
-58205 1567.2650146484375
-58195 1569.572998046875
-58185 1573.0789794921875
-58175 1575.468017578125
-58165 1576.9659423828125
-58155 1576.885009765625
-58145 1575.1650390625
-58135 1570.0789794921875
-58125 1563.3819580078125
-58115 1557.2239990234375
-58105 1551.1300048828125
-58095 1548.0350341796875
-58085 1544.0069580078125
-58075 1535.135986328125
-58065 1527.64794921875
-58055 1529.0450439453125
-58045 1529.02099609375
-58035 1529.1829833984375
-58025 1535.239990234375
-58015 1542.02197265625
-58005 1549.9759521484375
-57995 1556.31298828125
-57985 1561.677978515625
-57975 1562.7509765625
-57965 1565.1400146484375
-57955 1573.946044921875
-57945 1580.083984375
-57935 1584.3160400390625
-57925 1586.927001953125
-57915 1591.7249755859375
-57905 1596.68603515625
-57895 1601.824951171875
-57885 1603.06005859375
-57875 1602.43505859375
-57865 1602.1319580078125
-57855 1608.5260009765625
-57845 1613.1009521484375
-57835 1615.531005859375
-57825 1618.9930419921875
-57815 1620.8759765625
-57805 1625.22900390625
-57795 1627.718994140625
-57785 1629.3590087890625
-57775 1629.6619873046875
-57765 1625.779052734375
-57755 1621.2440185546875
-57745 1619.2969970703125
-57735 1617.8189697265625
-57725 1616.52294921875
-57715 1614.2149658203125
-57705 1607.291015625
-57695 1596.196044921875
-57685 1588.364990234375
-57675 1566.4560546875
-57665 1560.0379638671875
-57655 1552.262939453125
-57645 1552.0040283203125
-57635 1552.1219482421875
-57625 1550.197998046875
-57615 1547.6099853515625
-57605 1541.9420166015625
-57595 1537.1639404296875
-57585 1524.6920166015625
-57575 1516.083984375
-57565 1490.47705078125
-57555 1478.8360595703125
-57545 1473.3289794921875
-57535 1469.4830322265625
-57525 1458.3470458984375
-57515 1455.1280517578125
-57505 1450.0150146484375
-57495 1444.031982421875
-57485 1436.571044921875
-57475 1426.02001953125
-57465 1409.9580078125
-57455 1411.68603515625
-57445 1386.7879638671875
-57435 1354.1729736328125
-57425 1342.469970703125
-57415 1329.68701171875
-57405 1322.4420166015625
-57395 1317.68994140625
-57385 1326.761962890625
-57375 1325.60302734375
-57365 1325.386962890625
-57355 1328.7249755859375
-57345 1332.5340576171875
-57335 1328.5679931640625
-57325 1302.0009765625
-57315 1281.7760009765625
-57305 1213.759033203125
-57295 1183.2840576171875
-57285 1172.5760498046875
-57275 1171.10302734375
-57265 1178.375
-57255 1186.7530517578125
-57245 1196.43994140625
-57235 1229.761962890625
-57225 1252.0479736328125
-57215 1261.9840087890625
-57205 1271.7430419921875
-57195 1276.4940185546875
-57185 1297.8189697265625
-57175 1304.927001953125
-57165 1324.6800537109375
-57155 1332.8680419921875
-57145 1335.4210205078125
-57135 1338.4639892578125
-57125 1339.720947265625
-57115 1338.052001953125
-57105 1328.9610595703125
-57095 1330.7869873046875
-57085 1337.22705078125
-57075 1345.612060546875
-57065 1354.31005859375
-57055 1371.6290283203125
-57045 1379.364990234375
-57035 1381.8790283203125
-57025 1416.81103515625
-57015 1422.22998046875
-57005 1423.0350341796875
-56995 1428.833984375
-56985 1435
-56975 1436.1319580078125
-56965 1434.35205078125
-56955 1437.02197265625
-56945 1439.9090576171875
-56935 1440.9100341796875
-56925 1436.6490478515625
-56915 1433.0560302734375
-56905 1434.89501953125
-56895 1455.7740478515625
-56885 1458.8570556640625
-56875 1487.4659423828125
-56865 1494.1619873046875
-56855 1531.802978515625
-56845 1556.93701171875
-56835 1562.35595703125
-56825 1567.1669921875
-56815 1567.5799560546875
-56805 1576.9649658203125
-56795 1581.14794921875
-56785 1586.3909912109375
-56775 1583.1700439453125
-56765 1594.343017578125
-56755 1605.6729736328125
-56745 1607.989990234375
-56735 1614.4110107421875
-56725 1626.427978515625
-56715 1638.052001953125
-56705 1639.4659423828125
-56695 1659.7490234375
-56685 1661.41796875
-56675 1666.1700439453125
-56665 1670.260986328125
-56655 1689.18994140625
-56645 1696.198974609375
-56635 1706.0169677734375
-56625 1712.8310546875
-56615 1719.1929931640625
-56605 1715.8349609375
-56595 1724.6910400390625
-56585 1728.7159423828125
-56575 1757.5810546875
-56565 1772.1109619140625
-56555 1771.22705078125
-56545 1765.6309814453125
-56535 1753.280029296875
-56525 1753.083984375
-56515 1777.1180419921875
-56505 1784.4420166015625
-56495 1787.89794921875
-56485 1790.529052734375
-56475 1792.1199951171875
-56465 1793.532958984375
-56455 1794.0050048828125
-56445 1798.2259521484375
-56435 1801.093017578125
-56425 1804.9019775390625
-56415 1811.47998046875
-56405 1819.824951171875
-56395 1822.1619873046875
-56385 1828.5240478515625
-56375 1835.04296875
-56365 1838.18505859375
-56355 1841.1099853515625
-56345 1841.52294921875
-56335 1846.470947265625
-56325 1853.7559814453125
-56315 1861.531982421875
-56305 1869.208984375
-56295 1876.8079833984375
-56285 1884.386962890625
-56275 1892.5760498046875
-56265 1904.866943359375
-56255 1909.508056640625
-56245 1912.0799560546875
-56235 1914.33203125
-56225 1915.2349853515625
-56215 1915.9090576171875
-56205 1916.157958984375
-56195 1915.281005859375
-56185 1914.8289794921875
-56175 1919.2669677734375
-56165 1922.427978515625
-56155 1927.6710205078125
-56145 1932.4420166015625
-56135 1937.0570068359375
-56125 1942.2989501953125
-56115 1946.737060546875
-56105 1950.3890380859375
-56095 1954.02197265625
-56085 1957.7139892578125
-56075 1956.4959716796875
-56065 1944.3809814453125
-56055 1933.051025390625
-56045 1933.051025390625
-56035 1934.1309814453125
-56025 1932.14794921875
-56015 1928.8690185546875
-56005 1929.41796875
-55995 1929.1240234375
-55985 1929.0450439453125
-55975 1941.572998046875
-55965 1954.0810546875
-55955 1960.344970703125
-55945 1958.342041015625
-55935 1965.6070556640625
-55925 1962.8580322265625
-55915 1958.262939453125
-55905 1959.5989990234375
-55895 1968.7879638671875
-55885 1960.9339599609375
-55875 1963.6429443359375
-55865 1962.3079833984375
-55855 1966.6080322265625
-55845 1956.947998046875
-55835 1948.89697265625
-55825 1928.0050048828125
-55815 1929.301025390625
-55805 1920.876953125
-55795 1914.4560546875
-55785 1928.39697265625
-55775 1930.79296875
-55765 1933.2469482421875
-55755 1934.1309814453125
-55745 1938.4310302734375
-55735 1934.18994140625
-55725 1928.4759521484375
-55715 1929.5760498046875
-55705 1931.0479736328125
-55695 1937.7440185546875
-55685 1958.0279541015625
-55675 1966.68701171875
-55665 1978.6650390625
-55655 1994.884033203125
-55645 1991.5460205078125
-55635 2007.01904296875
-55625 2017.8179931640625
-55615 2026.6929931640625
-55605 2026.1629638671875
-55595 2020.4100341796875
-55585 2010.43505859375
-55575 2005.0550537109375
-55565 1993.2149658203125
-55555 1991.073974609375
-55545 1993.2540283203125
-55535 1998.1820068359375
-55525 2007.0579833984375
-55515 1998.41796875
-55505 2004.3480224609375
-55495 2006.0169677734375
-55485 1996.9649658203125
-55475 1997.06298828125
-55465 1994.843994140625
-55455 1994.2750244140625
-55445 1986.51904296875
-55435 1981.6099853515625
-55425 1978.31103515625
-55415 1977.093994140625
-55405 1977.7030029296875
-55395 1979.8819580078125
-55385 1984.083984375
-55375 1987.9720458984375
-55365 1992.0760498046875
-55355 1996.1009521484375
-55345 2003.208984375
-55335 2008.197021484375
-55325 2013.7340087890625
-55315 2015.697998046875
-55305 2019.093994140625
-55295 2026.9090576171875
-55285 2034.7049560546875
-55275 2037.7679443359375
-55265 2036.31494140625
-55255 2037.0999755859375
-55245 2036.8060302734375
-55235 2038.4749755859375
-55225 2039.1820068359375
-55215 2038.1610107421875
-55205 2037.197998046875
-55195 2035.803955078125
-55185 2034.9210205078125
-55175 2034.508056640625
-55165 2033.7030029296875
-55155 2033.3890380859375
-55145 2033.3699951171875
-55135 2033.7030029296875
-55125 2033.625
-55115 2032.447021484375
-55105 2031.7989501953125
-55095 2030.738037109375
-55085 2029.697998046875
-55075 2029.010009765625
-55065 2028.2840576171875
-55055 2026.0849609375
-55045 2024.75
-55035 2024.199951171875
-55025 2022.68798828125
-55015 2022.904052734375
-55005 2023.2320556640625
-54995 2024.280029296875
-54985 2026.5269775390625
-54975 2029.050048828125
-54965 2026.2359619140625
-54955 2020.657958984375
-54945 2011.279052734375
-54935 1996.125
-54925 2001.9169921875
-54915 1997.1949462890625
-54905 1996.06298828125
-54895 1993.135986328125
-54885 1984.4169921875
-54875 1978.08203125
-54865 1974.52099609375
-54855 1974.39501953125
-54845 1972.823974609375
-54835 1966.177978515625
-54825 1969.074951171875
-54815 1968.801025390625
-54805 1958.4649658203125
-54795 1953.7459716796875
-54785 1944.6259765625
-54775 1936.0050048828125
-54765 1928.2750244140625
-54755 1919.7049560546875
-54745 1910.762939453125
-54735 1899.946044921875
-54725 1889.322021484375
-54715 1882.4329833984375
-54705 1876.0140380859375
-54695 1870.14404296875
-54685 1862.156005859375
-54675 1854.5240478515625
-54665 1845.4200439453125
-54655 1838.112060546875
-54645 1830.593017578125
-54635 1821.489013671875
-54625 1812.56298828125
-54615 1809.0379638671875
-54605 1804.9150390625
-54595 1799.967041015625
-54585 1795.342041015625
-54575 1790.636962890625
-54565 1785.883056640625
-54555 1779.7540283203125
-54545 1774.2080078125
-54535 1769.8260498046875
-54525 1764.3929443359375
-54515 1755.126953125
-54505 1742.093994140625
-54495 1735.3349609375
-54485 1731.3580322265625
-54475 1727.4119873046875
-54465 1722.154052734375
-54455 1719.114013671875
-54445 1718.2110595703125
-54435 1713.052978515625
-54425 1706.3260498046875
-54415 1698.4189453125
-54405 1691.967041015625
-54395 1686.72802734375
-54385 1680.5810546875
-54375 1674.905029296875
-54365 1669.666015625
-54355 1662.14697265625
-54345 1654.4820556640625
-54335 1648.4019775390625
-54325 1645.8310546875
-54315 1642.2249755859375
-54305 1639.427978515625
-54295 1634.68994140625
-54285 1630.0009765625
-54275 1623.9210205078125
-54265 1616.677001953125
-54255 1611.697021484375
-54245 1604.8890380859375
-54235 1598.0169677734375
-54225 1592.760986328125
-54215 1588.0560302734375
-54205 1585.113037109375
-54195 1580.95703125
-54185 1578.0469970703125
-54175 1572.85595703125
-54165 1567.633056640625
-54155 1564.5450439453125
-54145 1562.2330322265625
-54135 1556.4599609375
-54125 1554.72998046875
-54115 1550.8170166015625
-54105 1548.375
-54095 1546.239990234375
-54085 1541.7939453125
-54075 1537.0240478515625
-54065 1532.6090087890625
-54055 1528.551025390625
-54045 1524.135986328125
-54035 1520.303955078125
-54025 1516.7950439453125
-54015 1512.154052734375
-54005 1510.7469482421875
-53995 1507.7879638671875
-53985 1503.2449951171875
-53975 1501.093994140625
-53965 1498.2969970703125
-53955 1495.968017578125
-53945 1492.9930419921875
-53935 1487.4949951171875
-53925 1480.6390380859375
-53915 1473.31396484375
-53905 1465.4549560546875
-53895 1458.1949462890625
-53885 1450.626953125
-53875 1444.6280517578125
-53865 1439.14404296875
-53855 1438.56103515625
-53845 1442.2349853515625
-53835 1442.656005859375
-53825 1439.6800537109375
-53815 1436.782958984375
-53805 1435.60595703125
-53795 1432.9019775390625
-53785 1430.218017578125
-53775 1426.7900390625
-53765 1423.344970703125
-53755 1422.0880126953125
-53745 1420.031005859375
-53735 1415.6650390625
-53725 1415.52197265625
-53715 1411.625
-53705 1417.8800048828125
-53695 1418.4649658203125
-53685 1415.8260498046875
-53675 1413.8079833984375
-53665 1414.532958984375
-53655 1409.083984375
-53645 1416.7679443359375
-53635 1432.885986328125
-53625 1466.4580078125
-53615 1476.7740478515625
-53605 1489.095947265625
-53595 1498.958984375
-53585 1528.0169677734375
-53575 1546.1429443359375
-53565 1557.4620361328125
-53555 1567.406982421875
-53545 1578.14404296875
-53535 1590.5140380859375
-53525 1599.1490478515625
-53515 1608.883056640625
-53505 1621.9639892578125
-53495 1628.9010009765625
-53485 1637.14794921875
-53475 1646.3160400390625
-53465 1652.7840576171875
-53455 1660.3680419921875
-53445 1669.1810302734375
-53435 1676.635009765625
-53425 1686.1920166015625
-53415 1692.5169677734375
-53405 1701.7659912109375
-53395 1709.8349609375
-53385 1718.0169677734375
-53375 1728.074951171875
-53365 1735.7879638671875
-53355 1739.991943359375
-53345 1748.77294921875
-53335 1758.4739990234375
-53325 1767.9990234375
-53315 1774.094970703125
-53305 1786.2550048828125
-53295 1787.6939697265625
-53285 1788.22705078125
-53275 1803.782958984375
-53265 1796.23095703125
-53255 1805.998046875
-53245 1795.342041015625
-53235 1796.4739990234375
-53225 1800.095947265625
-53215 1810.9300537109375
-53205 1821.6180419921875
-53195 1838.43505859375
-53185 1848.31494140625
-53175 1858.6639404296875
-53165 1868.592041015625
-53155 1878.2130126953125
-53145 1886.5889892578125
-53135 1903.552001953125
-53125 1913.85205078125
-53115 1921.904052734375
-53105 1933.4339599609375
-53095 1937.7989501953125
-53085 1935.260986328125
-53075 1935.4219970703125
-53065 1937.39501953125
-53055 1935.552001953125
-53045 1933.4339599609375
-53035 1939.125
-53025 1945.27001953125
-53015 1945.4639892578125
-53005 1942.116943359375
-52995 1943.2159423828125
-52985 1953.4520263671875
-52975 1961.31103515625
-52965 1968.927001953125
-52955 1977.7430419921875
-52945 1984.8409423828125
-52935 1982.156982421875
-52925 1979.9090576171875
-52915 1980.39404296875
-52905 1977.177001953125
-52895 1975.073974609375
-52885 1975.56005859375
-52875 1979.6629638671875
-52865 1983.6280517578125
-52855 1985.468994140625
-52845 1984.93798828125
-52835 1988.1719970703125
-52825 1990.64599609375
-52815 1992.45703125
-52805 1992.6839599609375
-52795 1993.7989501953125
-52785 1992.166015625
-52775 1999.2969970703125
-52765 2000.655029296875
-52755 1995.9820556640625
-52745 2004.7459716796875
-52735 2009.8719482421875
-52725 2018.4749755859375
-52715 2019.8330078125
-52705 2024.81298828125
-52695 2026.0579833984375
-52685 2021.27197265625
-52675 2032.5589599609375
-52665 2046.0770263671875
-52655 2048.1630859375
-52645 2045.155029296875
-52635 2050.846923828125
-52625 2048.050048828125
-52615 2064.26806640625
-52605 2070.801025390625
-52595 2070.02392578125
-52585 2075.327880859375
-52575 2080.712890625
-52565 2076.007080078125
-52555 2075.2470703125
-52545 2080.43798828125
-52535 2075.52197265625
-52525 2078.967041015625
-52515 2083.7041015625
-52505 2090.462890625
-52495 2100.14990234375
-52485 2109.35107421875
-52475 2116.949951171875
-52465 2121.287109375
-52455 2126.4951171875
-52445 2131.217041015625
-52435 2133.10205078125
-52425 2128.968017578125
-52415 2119.362060546875
-52405 2100.554931640625
-52395 2094.9619140625
-52385 2087.0791015625
-52375 2080.047119140625
-52365 2073.135986328125
-52355 2065.698974609375
-52345 2058.0791015625
-52335 2050.843994140625
-52325 2043.73095703125
-52315 2036.2130126953125
-52305 2026.425048828125
-52295 2021.053955078125
-52285 2013.8599853515625
-52275 2005.510986328125
-52265 1997.66796875
-52255 1988.77197265625
-52245 1982.06396484375
-52235 1976.4300537109375
-52225 1970.3909912109375
-52215 1964.5140380859375
-52205 1958.9820556640625
-52195 1951.8079833984375
-52185 1945.6669921875
-52175 1934.58203125
-52165 1919.72802734375
-52155 1903.759033203125
-52145 1895.22705078125
-52135 1891.113037109375
-52125 1887.9110107421875
-52115 1882.56103515625
-52105 1873.6240234375
-52095 1858.76904296875
-52085 1844.3809814453125
-52075 1829.5870361328125
-52065 1822.7979736328125
-52055 1811.8349609375
-52045 1807.4580078125
-52035 1798.52099609375
-52025 1788.6309814453125
-52015 1778.031982421875
-52005 1773.0269775390625
-51995 1769.946044921875
-51985 1770.594970703125
-51975 1769.5
-51965 1766.3389892578125
-51955 1762.6910400390625
-51945 1760.280029296875
-51935 1758.637939453125
-51925 1750.22802734375
-51915 1738.5350341796875
-51905 1726.5989990234375
-51895 1711.2779541015625
-51885 1711.3389892578125
-51875 1711.885986328125
-51865 1716.4859619140625
-51855 1717.6619873046875
-51845 1718.93798828125
-51835 1715.7769775390625
-51825 1714.053955078125
-51815 1714.906005859375
-51805 1717.073974609375
-51795 1717.823974609375
-51785 1711.52099609375
-51775 1692.876953125
-51765 1683.677001953125
-51755 1676.300048828125
-51745 1671.9229736328125
-51735 1665.39697265625
-51725 1657.7979736328125
-51715 1636.052978515625
-51705 1626.85302734375
-51695 1632.8709716796875
-51685 1618.887939453125
-51675 1594.18896484375
-51665 1582.876953125
-51655 1576.3310546875
-51645 1574.344970703125
-51635 1565.9749755859375
-51625 1567.2359619140625
-51615 1562.5909423828125
-51605 1564.050048828125
-51595 1567.27197265625
-51585 1565.3270263671875
-51575 1555.35595703125
-51565 1558.2540283203125
-51555 1557.1199951171875
-51545 1557.7879638671875
-51535 1547.9840087890625
-51525 1541.2919921875
-51515 1537.927978515625
-51505 1532.35498046875
-51495 1527.633056640625
-51485 1518.676025390625
-51475 1516.3699951171875
-51465 1513.6300048828125
-51455 1510.3270263671875
-51445 1506.051025390625
-51435 1502.0379638671875
-51425 1498.3699951171875
-51415 1492.842041015625
-51405 1487.26904296875
-51395 1481.9749755859375
-51385 1479.10205078125
-51375 1472.0460205078125
-51365 1465.7020263671875
-51355 1459.60302734375
-51345 1450.77099609375
-51335 1448.719970703125
-51325 1437.958984375
-51315 1430.3389892578125
-51305 1420.9000244140625
-51295 1424.968994140625
-51285 1431.4949951171875
-51275 1432.08203125
-51265 1437.8780517578125
-51255 1439.3370361328125
-51245 1442.863037109375
-51235 1439.9649658203125
-51225 1440.8170166015625
-51215 1440.634033203125
-51205 1442.3360595703125
-51195 1441.9510498046875
-51185 1442.0570068359375
-51175 1437.3349609375
-51165 1435.364990234375
-51155 1435.10595703125
-51145 1435.8759765625
-51135 1436.260986328125
-51125 1438.1409912109375
-51115 1437.4530029296875
-51105 1436.52001953125
-51095 1436.240966796875
-51085 1435.7340087890625
-51075 1437.18896484375
-51065 1439.3570556640625
-51055 1441.404052734375
-51045 1445.886962890625
-51035 1450.0369873046875
-51025 1455.27001953125
-51015 1460.9239501953125
-51005 1463.1090087890625
-50995 1462.2779541015625
-50985 1464.1820068359375
-50975 1466.112060546875
-50965 1467.1610107421875
-50955 1468.884033203125
-50945 1469.2530517578125
-50935 1470.1810302734375
-50925 1472.3489990234375
-50915 1475.10595703125
-50905 1477.375
-50895 1478.6929931640625
-50885 1478.635986328125
-50875 1481.4730224609375
-50865 1483.4949951171875
-50855 1485.095947265625
-50845 1487.10302734375
-50835 1489.1290283203125
-50825 1491.2769775390625
-50815 1493.343994140625
-50805 1495.91796875
-50795 1498.613037109375
-50785 1501.510986328125
-50775 1503.1929931640625
-50765 1504.6319580078125
-50755 1506.43994140625
-50745 1508.989013671875
-50735 1511.8709716796875
-50725 1520.3580322265625
-50715 1527.1669921875
-50705 1527.3089599609375
-50695 1526.843017578125
-50685 1528.2049560546875
-50675 1530.7139892578125
-50665 1533.2669677734375
-50655 1537.6689453125
-50645 1544.011962890625
-50635 1550.6949462890625
-50625 1554.8499755859375
-50615 1557.9300537109375
-50605 1560.4429931640625
-50595 1564.8809814453125
-50585 1568.81298828125
-50575 1574
-50565 1580.1820068359375
-50555 1586.60595703125
-50545 1593.2530517578125
-50535 1598.988037109375
-50525 1604.823974609375
-50515 1610.4580078125
-50505 1615.4639892578125
-50495 1621.3399658203125
-50485 1628.594970703125
-50475 1634.93798828125
-50465 1641.6669921875
-50455 1648.718994140625
-50445 1656.0150146484375
-50435 1663.91796875
-50425 1672.4090576171875
-50415 1679.60302734375
-50405 1684.9329833984375
-50395 1688.6209716796875
-50385 1693.991943359375
-50375 1701.612060546875
-50365 1709.595947265625
-50355 1716.9320068359375
-50345 1724.3089599609375
-50335 1733.083984375
-50325 1742.02099609375
-50315 1751.5660400390625
-50305 1757.198974609375
-50295 1760.583984375
-50285 1755.1319580078125
-50275 1750.6939697265625
-50265 1763.4410400390625
-50255 1771.5469970703125
-50245 1772.9859619140625
-50235 1775.5799560546875
-50225 1767.0479736328125
-50215 1782.1259765625
-50205 1797.0009765625
-50195 1809.70703125
-50185 1810.5379638671875
-50175 1820.14404296875
-50165 1811.7939453125
-50155 1805.0870361328125
-50145 1804.9849853515625
-50135 1811.85498046875
-50125 1821.156982421875
-50115 1817.751953125
-50105 1820.001953125
-50095 1819.2320556640625
-50085 1822.23095703125
-50075 1824.7840576171875
-50065 1835.748046875
-50055 1845.29296875
-50045 1849.6910400390625
-50035 1848.2919921875
-50025 1855.72998046875
-50015 1856.196044921875
-50005 1857.031982421875
-49995 1859.2130126953125
-49985 1856.740966796875
-49975 1859.0860595703125
-49965 1858.123046875
-49955 1857.8499755859375
-49945 1859.8310546875
-49935 1870.135009765625
-49925 1881.676025390625
-49915 1890.27197265625
-49905 1893.56103515625
-49895 1894.6519775390625
-49885 1899.25
-49875 1908.010009765625
-49865 1919.405029296875
-49855 1927.56494140625
-49845 1928.1280517578125
-49835 1938.81396484375
-49825 1952.1719970703125
-49815 1963.0579833984375
-49805 1960.2960205078125
-49795 1964.5660400390625
-49785 1969.0550537109375
-49775 1975.615966796875
-49765 1979.39599609375
-49755 1984.4849853515625
-49745 1982.885009765625
-49735 1994.5169677734375
-49725 2004.511962890625
-49715 2005.9119873046875
-49705 2012.2540283203125
-49695 2013.7080078125
-49685 2017.9429931640625
-49675 2026.1939697265625
-49665 2019.5970458984375
-49655 2023.1590576171875
-49645 2031.64599609375
-49635 2046.9300537109375
-49625 2059.305908203125
-49615 2068.501953125
-49605 2071.2470703125
-49595 2077.589111328125
-49585 2089.966064453125
-49575 2100.797119140625
-49565 2100.797119140625
-49555 2108.97509765625
-49545 2126.05908203125
-49535 2138.30810546875
-49525 2144.468994140625
-49515 2153.51904296875
-49505 2157.22705078125
-49495 2166.85888671875
-49485 2177.818115234375
-49475 2177.544921875
-49465 2176.69091796875
-49455 2173.0380859375
-49445 2170.347900390625
-49435 2167.60400390625
-49425 2165.655029296875
-49415 2162.928955078125
-49405 2156.06298828125
-49395 2150.22998046875
-49385 2143.177978515625
-49375 2141.01611328125
-49365 2136.7080078125
-49355 2134.636962890625
-49345 2128.093994140625
-49335 2124.386962890625
-49325 2118.716064453125
-49315 2116.736083984375
-49305 2112.883056640625
-49295 2110.320068359375
-49285 2106.35791015625
-49275 2097.2900390625
-49265 2091.073974609375
-49255 2088.947998046875
-49245 2087.72998046875
-49235 2079.06103515625
-49225 2073.535888671875
-49215 2070.047119140625
-49205 2058.779052734375
-49195 2048.346923828125
-49185 2040.2060546875
-49175 2034.5169677734375
-49165 2028.7919921875
-49155 2021.2869873046875
-49145 2018.4329833984375
-49135 2016.197998046875
-49125 2010.218994140625
-49115 2002.113037109375
-49105 1995.9530029296875
-49095 1992.863037109375
-49085 1990.08203125
-49075 1988.738037109375
-49065 1988.8280029296875
-49055 1987.137939453125
-49045 1983.9940185546875
-49035 1982.758056640625
-49025 1978.81494140625
-49015 1972.126953125
-49005 1964.7840576171875
-48995 1959.2230224609375
-48985 1955.2430419921875
-48975 1949.8819580078125
-48965 1946.06494140625
-48955 1940.4859619140625
-48945 1935.779052734375
-48935 1932.362060546875
-48925 1926.3289794921875
-48915 1921.1669921875
-48905 1916.6419677734375
-48895 1911.5169677734375
-48885 1907.1009521484375
-48875 1903.9019775390625
-48865 1901.6490478515625
-48855 1897.5050048828125
-48845 1892.27099609375
-48835 1886.1829833984375
-48825 1881.9849853515625
-48815 1876.0240478515625
-48805 1871.407958984375
-48795 1866.8819580078125
-48785 1860.612060546875
-48775 1855.2509765625
-48765 1851.39794921875
-48755 1848.363037109375
-48745 1844.383056640625
-48735 1840.9849853515625
-48725 1837.47705078125
-48715 1833.7879638671875
-48705 1830.6070556640625
-48695 1828.06298828125
-48685 1824.0469970703125
-48675 1823.3199462890625
-48665 1823.137939453125
-48655 1822.52001953125
-48645 1822.9560546875
-48635 1823.2650146484375
-48625 1825.0460205078125
-48615 1827.5179443359375
-48605 1829.717041015625
-48595 1832.18896484375
-48585 1835.4229736328125
-48575 1838.5489501953125
-48565 1841.4940185546875
-48555 1844.947021484375
-48545 1849.363037109375
-48535 1853.251953125
-48525 1855.886962890625
-48515 1858.2130126953125
-48505 1859.9940185546875
-48495 1862.9019775390625
-48485 1867.35498046875
-48475 1872.280029296875
-48465 1877.531982421875
-48455 1883.2569580078125
-48445 1889.509033203125
-48435 1896.0880126953125
-48425 1902.3759765625
-48415 1908.8819580078125
-48405 1915.333984375
-48395 1921.7669677734375
-48385 1928.1280517578125
-48375 1933.906982421875
-48365 1939.759033203125
-48355 1946.3380126953125
-48345 1954.3349609375
-48335 1961.5860595703125
-48325 1968.4189453125
-48315 1975.998046875
-48305 1985.4119873046875
-48295 1991.4090576171875
-48285 1997.7149658203125
-48275 2005.14794921875
-48265 2013.5989990234375
-48255 2020.4329833984375
-48245 2024.303955078125
-48235 2030.3370361328125
-48225 2036.35302734375
-48215 2041.5689697265625
-48205 2047.0030517578125
-48195 2051.14599609375
-48185 2057.39794921875
-48175 2062.595947265625
-48165 2067.5390625
-48155 2072.0830078125
-48145 2076.662109375
-48135 2080.570068359375
-48125 2084.986083984375
-48115 2088.929931640625
-48105 2092.781982421875
-48095 2096.5810546875
-48085 2099.906005859375
-48075 2102.5048828125
-48065 2104.031982421875
-48055 2106.139892578125
-48045 2110.156005859375
-48035 2114.718017578125
-48025 2121.0791015625
-48015 2127.73095703125
-48005 2132.56494140625
-47995 2136.9990234375
-47985 2141.742919921875
-47975 2146.212890625
-47965 2150.77490234375
-47955 2155.681884765625
-47945 2160.824951171875
-47935 2165.458984375
-47925 2169.784912109375
-47915 2174.5419921875
-47905 2179.68896484375
-47895 2185.3779296875
-47885 2191.321044921875
-47875 2197.47705078125
-47865 2203.89697265625
-47855 2210.198974609375
-47845 2216.5048828125
-47835 2222.70703125
-47825 2229.448974609375
-47815 2236.15087890625
-47805 2243.04296875
-47795 2249.654052734375
-47785 2255.741943359375
-47775 2261.993896484375
-47765 2267.155029296875
-47755 2272.739013671875
-47745 2278.386962890625
-47735 2284.570068359375
-47725 2291.72607421875
-47715 2298.64990234375
-47705 2304.324951171875
-47695 2310.027099609375
-47685 2314.135009765625
-47675 2316.387939453125
-47665 2319.47802734375
-47655 2322.221923828125
-47645 2325.001953125
-47635 2326.693115234375
-47625 2324.694091796875
-47615 2321.367919921875
-47605 2317.260009765625
-47595 2311.9580078125
-47585 2306.465087890625
-47575 2301.2900390625
-47565 2296.669921875
-47555 2292.8349609375
-47545 2288.69091796875
-47535 2284.570068359375
-47525 2279.14990234375
-47515 2277.6240234375
-47505 2274.93603515625
-47495 2270.195068359375
-47485 2264.013916015625
-47475 2257.8330078125
-47465 2250.72802734375
-47455 2242.841064453125
-47445 2234.471923828125
-47435 2225.876953125
-47425 2212.531005859375
-47415 2206.6708984375
-47405 2203.64111328125
-47395 2203.178955078125
-47385 2203.43994140625
-47375 2198.864990234375
-47365 2197.60009765625
-47355 2193.6669921875
-47345 2186.160888671875
-47335 2181.465087890625
-47325 2178.9560546875
-47315 2178.25390625
-47305 2178.735107421875
-47295 2175.1630859375
-47285 2167.135009765625
-47275 2170.76806640625
-47265 2175.844970703125
-47255 2178.032958984375
-47245 2181.785888671875
-47235 2186.5419921875
-47225 2192.241943359375
-47215 2194.81103515625
-47205 2186.5419921875
-47195 2183.010009765625
-47185 2186.782958984375
-47175 2193.6259765625
-47165 2177.612060546875
-47155 2167.636962890625
-47145 2164.446044921875
-47135 2165.028076171875
-47125 2158.886962890625
-47115 2150.498046875
-47105 2146.5849609375
-47095 2147.548095703125
-47085 2144.177001953125
-47075 2141.76806640625
-47065 2132.616943359375
-47055 2127.655029296875
-47045 2124.569091796875
-47035 2121.2529296875
-47025 2115.23193359375
-47015 2111.5390625
-47005 2104.554931640625
-46995 2100.822021484375
-46985 2099.35693359375
-46975 2095.906005859375
-46965 2093.616943359375
-46955 2092.573974609375
-46945 2090.507080078125
-46935 2091.409912109375
-46925 2090.166015625
-46915 2087.175048828125
-46905 2083.06103515625
-46895 2081.677001953125
-46885 2080.77294921875
-46875 2082.90087890625
-46865 2086.39306640625
-46855 2090.325927734375
-46845 2107.364990234375
-46835 2115.472900390625
-46825 2123.280029296875
-46815 2129.06396484375
-46805 2134.5029296875
-46795 2139.300048828125
-46785 2144.617919921875
-46775 2150.51806640625
-46765 2156.93994140625
-46755 2163.5830078125
-46745 2169.763916015625
-46735 2175.946044921875
-46725 2182.8701171875
-46715 2191.458984375
-46705 2199.887939453125
-46695 2209.219970703125
-46685 2216.76611328125
-46675 2223.930908203125
-46665 2225.822021484375
-46655 2234.77294921875
-46645 2244.7470703125
-46635 2253.738037109375
-46625 2262.830078125
-46615 2270.797119140625
-46605 2277.821044921875
-46595 2283.39990234375
-46585 2288.779052734375
-46575 2296.22412109375
-46565 2303.7099609375
-46555 2310.955078125
-46545 2317.55810546875
-46535 2322.81591796875
-46525 2331.10400390625
-46515 2340.883056640625
-46505 2347.083984375
-46495 2351.639892578125
-46485 2355.714111328125
-46475 2359.748046875
-46465 2365.326904296875
-46455 2371.007080078125
-46445 2375.98388671875
-46435 2382.466064453125
-46425 2388.507080078125
-46415 2394.0859375
-46405 2395.992919921875
-46395 2390.573974609375
-46385 2382.52587890625
-46375 2380.239013671875
-46365 2379.677001953125
-46355 2376.18505859375
-46345 2394.14599609375
-46335 2396.4541015625
-46325 2380.117919921875
-46315 2370.967041015625
-46305 2389.77099609375
-46295 2381.54296875
-46285 2391.095947265625
-46275 2405.68603515625
-46265 2414.85693359375
-46255 2430.430908203125
-46245 2436.35595703125
-46235 2439.56298828125
-46225 2429.2919921875
-46215 2420.718017578125
-46205 2405.02392578125
-46195 2384.614013671875
-46185 2370.72607421875
-46175 2367.4140625
-46165 2391.45703125
-46155 2425.052001953125
-46145 2424.971923828125
-46135 2429.468017578125
-46125 2431.27392578125
-46115 2419.674072265625
-46105 2409.8798828125
-46095 2393.404052734375
-46085 2373.43505859375
-46075 2369.361083984375
-46065 2351.9609375
-46055 2334.52099609375
-46045 2331.3701171875
-46035 2330.14599609375
-46025 2328.781005859375
-46015 2326.39306640625
-46005 2323.318115234375
-45995 2321.410888671875
-45985 2331.991943359375
-45975 2353.1650390625
-45965 2342.60888671875
-45955 2343.73291015625
-45945 2372.2109375
-45935 2383.72998046875
-45925 2369.903076171875
-45915 2371.22802734375
-45905 2356.9580078125
-45895 2354.910888671875
-45885 2354.14892578125
-45875 2363.5810546875
-45865 2361.23291015625
-45855 2336.326904296875
-45845 2328.178955078125
-45835 2330.64794921875
-45825 2331.18505859375
-45815 2333.718994140625
-45805 2344.294921875
-45795 2357.43994140625
-45785 2367.47509765625
-45775 2377.368896484375
-45765 2364.72509765625
-45755 2358.925048828125
-45745 2358.0419921875
-45735 2354.409912109375
-45725 2379.053955078125
-45715 2417.6669921875
-45705 2423.487060546875
-45695 2430.531005859375
-45685 2429.1669921875
-45675 2434.008056640625
-45665 2443.381103515625
-45655 2456.18505859375
-45645 2445.407958984375
-45635 2459.416015625
-45625 2466.419921875
-45615 2467.222900390625
-45605 2479.926025390625
-45595 2478.080078125
-45585 2483.8798828125
-45575 2493.373046875
-45565 2501.541015625
-45555 2512.278076171875
-45545 2525.925048828125
-45535 2534.655029296875
-45525 2545.596923828125
-45515 2545.156005859375
-45505 2566.889892578125
-45495 2595.367919921875
-45485 2585.012939453125
-45475 2593.422119140625
-45465 2581.340087890625
-45455 2557.498046875
-45445 2569.279052734375
-45435 2588.425048828125
-45425 2580.55810546875
-45415 2573.2119140625
-45405 2582.764892578125
-45395 2621.298095703125
-45385 2629.56591796875
-45375 2641.491943359375
-45365 2647.89404296875
-45355 2653.512939453125
-45345 2657.24609375
-45335 2663.20703125
-45325 2667.5009765625
-45315 2673.5419921875
-45305 2677.175048828125
-45295 2680.345947265625
-45285 2684.680908203125
-45275 2689.156005859375
-45265 2690.9619140625
-45255 2680.264892578125
-45245 2678.239013671875
-45235 2665.7958984375
-45225 2659.99609375
-45215 2654.054931640625
-45205 2640.18310546875
-45195 2629.304931640625
-45185 2624.529052734375
-45175 2615.135986328125
-45165 2604.299072265625
-45155 2591.635009765625
-45145 2583.7890625
-45135 2575.9619140625
-45125 2568.094970703125
-45115 2560.407958984375
-45105 2548.507080078125
-45095 2509.427978515625
-45085 2495.419921875
-45075 2484.14111328125
-45065 2469.3701171875
-45055 2467.222900390625
-45045 2460.077880859375
-45035 2449.240966796875
-45025 2442.498046875
-45015 2429.66796875
-45005 2418.64794921875
-44995 2409.4560546875
-44985 2403.4619140625
-44975 2401.985107421875
-44965 2372.590087890625
-44955 2355.572998046875
-44945 2350.006103515625
-44935 2352.60595703125
-44925 2336.444091796875
-44915 2333.74609375
-44905 2332.26904296875
-44895 2329.0830078125
-44885 2325.993896484375
-44875 2321.794921875
-44865 2317.533935546875
-44855 2313.237060546875
-44845 2307.964111328125
-44835 2302.43408203125
-44825 2297.966064453125
-44815 2292.802001953125
-44805 2287.468017578125
-44795 2282.449951171875
-44785 2277.39599609375
-44775 2272.0009765625
-44765 2267.60595703125
-44755 2262.85693359375
-44745 2257.827880859375
-44735 2252.907958984375
-44725 2247.610107421875
-44715 2243.117919921875
-44705 2238.760009765625
-44695 2234.610107421875
-44685 2230.958984375
-44675 2227.041015625
-44665 2222.23095703125
-44655 2217.12890625
-44645 2213.33203125
-44635 2211.18408203125
-44625 2209.095947265625
-44615 2207.02099609375
-44605 2203.760986328125
-44595 2202.01611328125
-44585 2197.742919921875
-44575 2195.826904296875
-44565 2194.9970703125
-44555 2193.947021484375
-44545 2190.283935546875
-44535 2187.89208984375
-44525 2187.68408203125
-44515 2188.197021484375
-44505 2186.218994140625
-44495 2187.52587890625
-44485 2190.236083984375
-44475 2189.136962890625
-44465 2186.20703125
-44455 2187.158935546875
-44445 2184.547119140625
-44435 2181.8740234375
-44425 2179.346923828125
-44415 2175.111083984375
-44405 2173.487060546875
-44395 2171.632080078125
-44385 2168.823974609375
-44375 2165.222900390625
-44365 2162.7080078125
-44355 2161.85400390625
-44345 2160.694091796875
-44335 2157.177978515625
-44325 2153.406005859375
-44315 2152.83203125
-44305 2151.819091796875
-44295 2148.962890625
-44285 2147.131103515625
-44275 2144.092041015625
-44265 2140.527099609375
-44255 2139.551025390625
-44245 2137.23095703125
-44235 2136.56005859375
-44225 2137.950927734375
-44215 2134.839111328125
-44205 2134.631103515625
-44195 2134.19189453125
-44185 2133.19091796875
-44175 2132.031005859375
-44165 2130.4189453125
-44155 2132.153076171875
-44145 2132.507080078125
-44135 2132.800048828125
-44125 2132.51904296875
-44115 2138.43994140625
-44105 2141.576904296875
-44095 2141.614013671875
-44085 2142.65087890625
-44075 2144.22607421875
-44065 2146.362060546875
-44055 2148.14501953125
-44045 2148.388916015625
-44035 2147.693115234375
-44025 2145.654052734375
-44015 2139.989990234375
-44005 2132.970947265625
-43995 2125.865966796875
-43985 2118.468994140625
-43975 2111.302978515625
-43965 2104.35693359375
-43955 2097.362060546875
-43945 2090.427978515625
-43935 2084.39794921875
-43925 2081.968994140625
-43915 2080.797119140625
-43905 2077.6708984375
-43895 2071.970947265625
-43885 2066.0869140625
-43875 2060.18994140625
-43865 2053.830078125
-43855 2047.7139892578125
-43845 2042.2459716796875
-43835 2039.6209716796875
-43825 2037.7530517578125
-43815 2038.302978515625
-43805 2037.7039794921875
-43795 2037.6920166015625
-43785 2035.824951171875
-43775 2037.240966796875
-43765 2036.7650146484375
-43755 2035.72705078125
-43745 2035.72705078125
-43735 2035.373046875
-43725 2035.739013671875
-43715 2035.7760009765625
-43705 2036.251953125
-43695 2038.571044921875
-43685 2039.7550048828125
-43675 2040.8780517578125
-43665 2040.1090087890625
-43655 2038.5830078125
-43645 2035.824951171875
-43635 2032.406005859375
-43625 2030.8070068359375
-43615 2028.7080078125
-43605 2026.9739990234375
-43595 2024.22802734375
-43585 2021.98095703125
-43575 2019.0269775390625
-43565 2016.427001953125
-43555 2014.1080322265625
-43545 2012.2030029296875
-43535 2012.4720458984375
-43525 2010.2989501953125
-43515 2009.1510009765625
-43505 2006.9659423828125
-43495 2005.012939453125
-43485 2002.9620361328125
-43475 2000.447998046875
-43465 1997.2860107421875
-43455 1995.9310302734375
-43445 1994.4539794921875
-43435 1994.197021484375
-43425 1992.9639892578125
-43415 1993.7459716796875
-43405 1993.5140380859375
-43395 1994.2950439453125
-43385 1993.56298828125
-43375 1993.27001953125
-43365 1993.0860595703125
-43355 1994.0389404296875
-43345 1994.56396484375
-43335 1994.5389404296875
-43325 1995.3809814453125
-43315 1993.9410400390625
-43305 1994.258056640625
-43295 1993.6600341796875
-43285 1994.074951171875
-43275 1992
-43265 1991.2919921875
-43255 1990.64501953125
-43245 1988.72802734375
-43235 1989.3509521484375
-43225 1988.6920166015625
-43215 1989.0699462890625
-43205 1990.4739990234375
-43195 1988.5450439453125
-43185 1985.3590087890625
-43175 1982.782958984375
-43165 1983.260009765625
-43155 1983.344970703125
-43145 1989.5460205078125
-43135 1996.491943359375
-43125 2002.449951171875
-43115 2004.8790283203125
-43105 2006.9420166015625
-43095 2009.237060546875
-43085 2014.72998046875
-43075 2018.8929443359375
-43065 2024.4959716796875
-43055 2030.0260009765625
-43045 2033.6390380859375
-43035 2035.5439453125
-43025 2036.324951171875
-43015 2035.72705078125
-43005 2035.262939453125
-42995 2033.31005859375
-42985 2031.625
-42975 2029.6839599609375
-42965 2027.133056640625
-42955 2024.2760009765625
-42945 2023.18994140625
-42935 2025.7659912109375
-42925 2030.8189697265625
-42915 2037.8270263671875
-42905 2050.217041015625
-42895 2059.946044921875
-42885 2078.843017578125
-42875 2085.7041015625
-42865 2085.532958984375
-42855 2081.85888671875
-42845 2079.294921875
-42835 2076.669921875
-42825 2073.337890625
-42815 2068.2470703125
-42805 2063.02197265625
-42795 2058.8720703125
-42785 2055.4541015625
-42775 2051.291015625
-42765 2048.301025390625
-42755 2048.739990234375
-42745 2052.218994140625
-42735 2056.51611328125
-42725 2059.006103515625
-42715 2061.48388671875
-42705 2065.47607421875
-42695 2063.7060546875
-42685 2064.14599609375
-42675 2066.673095703125
-42665 2068.906005859375
-42655 2072.89794921875
-42645 2076.487060546875
-42635 2077.658935546875
-42625 2078.928955078125
-42615 2081.1630859375
-42605 2081.72412109375
-42595 2080.10107421875
-42585 2079.820068359375
-42575 2081.30908203125
-42565 2080.783935546875
-42555 2080.368896484375
-42545 2078.819091796875
-42535 2077.5859375
-42525 2076.487060546875
-42515 2075.60791015625
-42505 2073.054931640625
-42495 2068.1640625
-42485 2063.93408203125
-42475 2058.77490234375
-42465 2056.180908203125
-42455 2055.531982421875
-42445 2060.014892578125
-42435 2063.8359375
-42425 2067.1630859375
-42415 2067.824951171875
-42405 2067.656005859375
-42395 2069.02392578125
-42385 2070.405029296875
-42375 2072.322998046875
-42365 2075.26904296875
-42355 2079.4130859375
-42345 2086.998046875
-42335 2096.175048828125
-42325 2099.9541015625
-42315 2102.2939453125
-42305 2105.577880859375
-42295 2109.327880859375
-42285 2114.177978515625
-42275 2119.322998046875
-42265 2124.6669921875
-42255 2131.0810546875
-42245 2137.762939453125
-42235 2143.669921875
-42225 2150.971923828125
-42215 2157.76708984375
-42205 2163.843017578125
-42195 2171.01904296875
-42185 2178.053955078125
-42175 2185.48291015625
-42165 2193.1240234375
-42155 2200.31396484375
-42145 2203.97900390625
-42135 2204.360107421875
-42125 2205.952880859375
-42115 2209.125
-42105 2211.916015625
-42095 2214.39697265625
-42085 2218.583984375
-42075 2221.93896484375
-42065 2223.51806640625
-42055 2224.885009765625
-42045 2225.3369140625
-42035 2225.37890625
-42025 2224.095947265625
-42015 2225.9150390625
-42005 2226.986083984375
-41995 2229.5380859375
-41985 2232.4140625
-41975 2236.698974609375
-41965 2238.321044921875
-41955 2237.9541015625
-41945 2240.364990234375
-41935 2242.760986328125
-41925 2245.594970703125
-41915 2249.076904296875
-41905 2253.010009765625
-41895 2257.971923828125
-41885 2262.35693359375
-41875 2266.5009765625
-41865 2271.138916015625
-41855 2275.39697265625
-41845 2279.23095703125
-41835 2283.9541015625
-41825 2288.818115234375
-41815 2293.52587890625
-41805 2297.656982421875
-41795 2302.886962890625
-41785 2308.385009765625
-41775 2313.614990234375
-41765 2319.39501953125
-41755 2323.822021484375
-41745 2328.825927734375
-41735 2334.366943359375
-41725 2339.906982421875
-41715 2345.9970703125
-41705 2351.0859375
-41695 2355.23095703125
-41685 2359.5869140625
-41675 2365.014892578125
-41665 2370.66796875
-41655 2374.47412109375
-41645 2381.324951171875
-41635 2396.072021484375
-41625 2417.907958984375
-41615 2422.716064453125
-41605 2446.287109375
-41595 2455.576904296875
-41585 2467.320068359375
-41575 2480.530029296875
-41565 2491.764892578125
-41555 2503.73388671875
-41545 2526.3330078125
-41535 2537.52587890625
-41525 2542.55908203125
-41515 2549.537109375
-41505 2560.56103515625
-41495 2573.1640625
-41485 2583.595947265625
-41475 2599.97802734375
-41465 2610.22705078125
-41455 2617.487060546875
-41445 2622.011962890625
-41435 2619.926025390625
-41425 2625.114013671875
-41415 2629.10302734375
-41405 2633.6279296875
-41395 2635.376953125
-41385 2634.826904296875
-41375 2652.35009765625
-41365 2655.705078125
-41355 2647.176025390625
-41345 2635.81396484375
-41335 2624.577880859375
-41325 2609.43701171875
-41315 2593.083984375
-41305 2553.964111328125
-41295 2548.113037109375
-41285 2542.544921875
-41275 2536.876953125
-41265 2530.702880859375
-41255 2524.7529296875
-41245 2518.424072265625
-41235 2514.264892578125
-41225 2512.262939453125
-41215 2509.373046875
-41205 2506.947998046875
-41195 2505.18603515625
-41185 2502.9169921875
-41175 2503.240966796875
-41165 2503.35400390625
-41155 2504.425048828125
-41145 2507.6669921875
-41135 2514.98388671875
-41125 2526.7548828125
-41115 2533.958984375
-41105 2539.612060546875
-41095 2546.35107421875
-41085 2551.215087890625
-41075 2555.965087890625
-41065 2560.998046875
-41055 2566.833984375
-41045 2571.93798828125
-41035 2590.885009765625
-41025 2603.135986328125
-41015 2609.803955078125
-41005 2588.93896484375
-40995 2583.498046875
-40985 2574.9970703125
-40975 2564.493896484375
-40965 2559.587890625
-40955 2554.72509765625
-40945 2549.7060546875
-40935 2543.193115234375
-40925 2537.822021484375
-40915 2531.26708984375
-40905 2529.9130859375
-40895 2520.044921875
-40885 2514.3779296875
-40875 2512.68603515625
-40865 2511.346923828125
-40855 2510.7548828125
-40845 2508.654052734375
-40835 2508.794921875
-40825 2509.35888671875
-40815 2511.446044921875
-40805 2515.39306640625
-40795 2521.679931640625
-40785 2528.615966796875
-40775 2535.283935546875
-40765 2541.89599609375
-40755 2547.8740234375
-40745 2562.676025390625
-40735 2580.0439453125
-40725 2597.172119140625
-40715 2616.626953125
-40705 2638.74609375
-40695 2659.79296875
-40685 2669.055908203125
-40675 2672.283935546875
-40665 2652.969970703125
-40655 2647.613037109375
-40645 2636.110107421875
-40635 2636.64599609375
-40625 2635.912109375
-40615 2628.722900390625
-40605 2631.75390625
-40595 2633.60009765625
-40585 2646.555908203125
-40575 2638.0830078125
-40565 2643.01806640625
-40555 2646.6259765625
-40545 2659.52587890625
-40535 2662.24609375
-40525 2662.06298828125
-40515 2653.4208984375
-40505 2644.385009765625
-40495 2650.235107421875
-40485 2646.68310546875
-40475 2634.85498046875
-40465 2627.736083984375
-40455 2629.10302734375
-40445 2638.322998046875
-40435 2631.8798828125
-40425 2624.013916015625
-40415 2616.302978515625
-40405 2615.697021484375
-40395 2613.285888671875
-40385 2610.424072265625
-40375 2608.760009765625
-40365 2603.89697265625
-40355 2595.014892578125
-40345 2585.992919921875
-40335 2580.2548828125
-40325 2582.552978515625
-40315 2577.112060546875
-40305 2574.827880859375
-40295 2575.631103515625
-40285 2577.322998046875
-40275 2582.14501953125
-40265 2586.924072265625
-40255 2613.427001953125
-40245 2627.721923828125
-40235 2631.4150390625
-40225 2642.52392578125
-40215 2648.514892578125
-40205 2657.425048828125
-40195 2663.614013671875
-40185 2659.864013671875
-40175 2676.97802734375
-40165 2694.698974609375
-40155 2708.59912109375
-40145 2719.0029296875
-40135 2734.383056640625
-40125 2731.39501953125
-40115 2721.611083984375
-40105 2714.802001953125
-40095 2722.385986328125
-40085 2716.18408203125
-40075 2708.529052734375
-40065 2696.305908203125
-40055 2683.575927734375
-40045 2669.8310546875
-40035 2657.368896484375
-40025 2647.260986328125
-40015 2643.764892578125
-40005 2647.281982421875
-39995 2672.618896484375
-39985 2718.14208984375
-39975 2721.556884765625
-39965 2718.26611328125
-39955 2736.014892578125
-39945 2733.757080078125
-39935 2701.64599609375
-39925 2661.8779296875
-39915 2649.527099609375
-39905 2625.072021484375
-39895 2601.925048828125
-39885 2572.705078125
-39875 2520.9169921875
-39865 2498.9541015625
-39855 2492.60595703125
-39845 2487.318115234375
-39835 2481.0810546875
-39825 2474.77392578125
-39815 2468.4541015625
-39805 2461.99609375
-39795 2455.20703125
-39785 2448.322021484375
-39775 2441.615966796875
-39765 2434.909912109375
-39755 2427.95703125
-39745 2421.208984375
-39735 2415.027099609375
-39725 2408.927001953125
-39715 2402.991943359375
-39705 2397.139892578125
-39695 2391.52197265625
-39685 2386.93603515625
-39675 2381.89599609375
-39665 2375.68701171875
-39655 2370.302001953125
-39645 2364.72607421875
-39635 2359.2451171875
-39625 2354.535888671875
-39615 2350.3359375
-39605 2345.419921875
-39595 2341.178955078125
-39585 2336.236083984375
-39575 2332.242919921875
-39565 2328.4150390625
-39555 2325.825927734375
-39545 2323.952880859375
-39535 2320.950927734375
-39525 2317.97705078125
-39515 2314.18994140625
-39505 2310.197021484375
-39495 2306.548095703125
-39485 2303.697998046875
-39475 2301.27392578125
-39465 2298.947021484375
-39455 2297.791015625
-39445 2296.758056640625
-39435 2296.248046875
-39425 2295.159912109375
-39415 2292.970947265625
-39405 2293.35693359375
-39395 2292.875
-39385 2292.654052734375
-39375 2291.8701171875
-39365 2288.27587890625
-39355 2273.99609375
-39345 2263.173095703125
-39335 2256.48095703125
-39325 2250.257080078125
-39315 2244.625
-39305 2239.2958984375
-39295 2235.81298828125
-39285 2232.27392578125
-39275 2228.2939453125
-39265 2223.654052734375
-39255 2219.1650390625
-39245 2215.54296875
-39235 2208.7958984375
-39225 2202.323974609375
-39215 2198.455078125
-39205 2195.094970703125
-39195 2191.844970703125
-39185 2188.554931640625
-39175 2186.007080078125
-39165 2183.22607421875
-39155 2180.7060546875
-39145 2178.805908203125
-39135 2179.2880859375
-39125 2175.156005859375
-39115 2172.636962890625
-39105 2172.512939453125
-39095 2176.64404296875
-39085 2177.868896484375
-39075 2178.916015625
-39065 2179.68701171875
-39055 2180.375
-39045 2180.830078125
-39035 2180.01708984375
-39025 2178.613037109375
-39015 2176.326904296875
-39005 2174.31689453125
-38995 2173.544921875
-38985 2171.617919921875
-38975 2170.501953125
-38965 2169.138916015625
-38955 2168.76708984375
-38945 2167.748046875
-38935 2165.751953125
-38925 2164.0439453125
-38915 2162.26806640625
-38905 2161.64794921875
-38895 2159.404052734375
-38885 2157.14599609375
-38875 2156.594970703125
-38865 2156.443115234375
-38855 2154.721923828125
-38845 2151.610107421875
-38835 2149.681884765625
-38825 2148.85595703125
-38815 2149.02099609375
-38805 2148.993896484375
-38795 2147.8779296875
-38785 2147.383056640625
-38775 2148.74609375
-38765 2148.787109375
-38755 2148.593994140625
-38745 2146.9560546875
-38735 2144.958984375
-38725 2142.1640625
-38715 2140.3740234375
-38705 2137.743896484375
-38695 2140.48388671875
-38685 2144.14697265625
-38675 2145.166015625
-38665 2144.02294921875
-38655 2142.48095703125
-38645 2139.68603515625
-38635 2136.10498046875
-38625 2136.159912109375
-38615 2134.011962890625
-38605 2132.4150390625
-38595 2131.76806640625
-38585 2129.758056640625
-38575 2125.985107421875
-38565 2120.39404296875
-38555 2115.284912109375
-38545 2110.64501953125
-38535 2106.197021484375
-38525 2101.762939453125
-38515 2098.00390625
-38505 2093.625
-38495 2088.9580078125
-38485 2085.032958984375
-38475 2081.535888671875
-38465 2076.1240234375
-38455 2071.25
-38445 2065.740966796875
-38435 2062.217041015625
-38425 2059.47607421875
-38415 2057.135009765625
-38405 2055.096923828125
-38395 2052.824951171875
-38385 2050.428955078125
-38375 2048.26806640625
-38365 2045.802978515625
-38355 2042.85595703125
-38345 2040.803955078125
-38335 2038.3260498046875
-38325 2035.447998046875
-38315 2033.259033203125
-38305 2030.2569580078125
-38295 2027.364990234375
-38285 2024.2530517578125
-38275 2022.0360107421875
-38265 2019.447021484375
-38255 2016.5419921875
-38245 2013.9119873046875
-38235 2011.4749755859375
-38225 2009.0240478515625
-38215 2006.9310302734375
-38205 2004.64501953125
-38195 2002.386962890625
-38185 2000.197021484375
-38175 1998.008056640625
-38165 1996.740966796875
-38155 1994.9649658203125
-38145 1990.9849853515625
-38135 1985.2159423828125
-38125 1980.4649658203125
-38115 1975.64599609375
-38105 1971.3079833984375
-38095 1968.126953125
-38085 1968.237060546875
-38075 1969.18798828125
-38065 1968.333984375
-38055 1969.5040283203125
-38045 1970.1650390625
-38035 1970.633056640625
-38025 1970.0550537109375
-38015 1970.219970703125
-38005 1969.6700439453125
-37995 1970.675048828125
-37985 1971.197998046875
-37975 1971.41796875
-37965 1971.10205078125
-37955 1971.487060546875
-37945 1973.1949462890625
-37935 1975.177001953125
-37925 1976.553955078125
-37915 1979.8179931640625
-37905 1983.2879638671875
-37895 1985.3809814453125
-37885 1989.3740234375
-37875 1993.3260498046875
-37865 1998.1319580078125
-37855 2002.6209716796875
-37845 2007.426025390625
-37835 2012.9339599609375
-37825 2017.9739990234375
-37815 2024.073974609375
-37805 2029.9539794921875
-37795 2034.8280029296875
-37785 2042.3470458984375
-37775 2055.60693359375
-37765 2058.77392578125
-37755 2064.902099609375
-37745 2072.887939453125
-37735 2077.9970703125
-37725 2074.1689453125
-37715 2065.14892578125
-37705 2059.297119140625
-37695 2053.596923828125
-37685 2046.573974609375
-37675 2040.115966796875
-37665 2032.6939697265625
-37655 2026.81396484375
-37645 2020.9620361328125
-37635 2015.3299560546875
-37625 2010.0150146484375
-37615 2004.823974609375
-37605 2000.5689697265625
-37595 1999.385009765625
-37585 1998.862060546875
-37575 1997.9530029296875
-37565 1997.89794921875
-37555 1997.9940185546875
-37545 1997.967041015625
-37535 1997.85595703125
-37525 1997.677001953125
-37515 1999.64599609375
-37505 1999.1500244140625
-37495 1998.489990234375
-37485 1997.4019775390625
-37475 1997.9759521484375
-37465 1999.571044921875
-37455 2001.2919921875
-37445 2003.198974609375
-37435 2005.6390380859375
-37425 2008.239990234375
-37415 2010.2960205078125
-37405 2012.196044921875
-37395 2013.6829833984375
-37385 2016.2230224609375
-37375 2018.0899658203125
-37365 2020.362060546875
-37355 2023.093017578125
-37345 2026.550048828125
-37335 2031.822021484375
-37325 2035.6619873046875
-37315 2039.9429931640625
-37305 2044.2120361328125
-37295 2048.48193359375
-37285 2051.781982421875
-37275 2055.220947265625
-37265 2053.861083984375
-37255 2051.820068359375
-37245 2052.162109375
-37235 2058.6298828125
-37225 2062.741943359375
-37215 2065.2119140625
-37205 2070.81201171875
-37195 2082.389892578125
-37185 2094.281982421875
-37175 2099.069091796875
-37165 2110.5400390625
-37155 2117.860107421875
-37145 2128.58203125
-37135 2148.7509765625
-37125 2168.239013671875
-37115 2191.530029296875
-37105 2193.47802734375
-37095 2198.220947265625
-37085 2196.362060546875
-37075 2193.31103515625
-37065 2190.40087890625
-37055 2195.34912109375
-37045 2205.239990234375
-37035 2212.590087890625
-37025 2219.719970703125
-37015 2225.22998046875
-37005 2224.820068359375
-36995 2224.868896484375
-36985 2224.387939453125
-36975 2225.301025390625
-36965 2232.169921875
-36955 2236.529052734375
-36945 2242.360107421875
-36935 2251.610107421875
-36925 2258.85888671875
-36915 2264.659912109375
-36905 2268.93994140625
-36895 2271.51806640625
-36885 2275.470947265625
-36875 2290.298095703125
-36865 2296.568115234375
-36855 2308.626953125
-36845 2312.93798828125
-36835 2313.909912109375
-36825 2317.656982421875
-36815 2324.781005859375
-36805 2330.669921875
-36795 2351.037109375
-36785 2387.281982421875
-36775 2385.1279296875
-36765 2399.947998046875
-36755 2405.181884765625
-36745 2401.81103515625
-36735 2398.030029296875
-36725 2391.842041015625
-36715 2389.30810546875
-36705 2385.75
-36695 2388.156982421875
-36685 2385.23291015625
-36675 2383.876953125
-36665 2384.801025390625
-36655 2384.177978515625
-36645 2390.552978515625
-36635 2387.93408203125
-36625 2389.968017578125
-36615 2386.447021484375
-36605 2392.531005859375
-36595 2399.198974609375
-36585 2404.73193359375
-36575 2404.0419921875
-36565 2405.56201171875
-36555 2408.385986328125
-36545 2407.510986328125
-36535 2407.972900390625
-36525 2413.863037109375
-36515 2423.60107421875
-36505 2433.551025390625
-36495 2438.830078125
-36485 2434.470947265625
-36475 2427.73193359375
-36465 2420.962890625
-36455 2412.90087890625
-36445 2405.916015625
-36435 2401.85205078125
-36425 2397.862060546875
-36415 2395.656005859375
-36405 2389.076904296875
-36395 2384.041015625
-36385 2380.512939453125
-36375 2375.778076171875
-36365 2370.339111328125
-36355 2364.708984375
-36345 2359.239990234375
-36335 2354.616943359375
-36325 2350.363037109375
-36315 2345.5390625
-36305 2340.34912109375
-36295 2334.843017578125
-36285 2329.43701171875
-36275 2326.7890625
-36265 2325.339111328125
-36255 2323.01806640625
-36245 2319.806884765625
-36235 2317.050048828125
-36225 2314.3310546875
-36215 2310.739990234375
-36205 2307.669921875
-36195 2304.16796875
-36185 2300.52099609375
-36175 2296.64990234375
-36165 2293.218994140625
-36155 2289.2099609375
-36145 2285.26904296875
-36135 2281.87890625
-36125 2277.47900390625
-36115 2273.618896484375
-36105 2268.799072265625
-36095 2265.777099609375
-36085 2262.361083984375
-36075 2259.14990234375
-36065 2253.759033203125
-36055 2248.990966796875
-36045 2244.070068359375
-36035 2238.988037109375
-36025 2232.30810546875
-36015 2225.070068359375
-36005 2221.239990234375
-35995 2219.9580078125
-35985 2215.949951171875
-35975 2218.22998046875
-35965 2215.677978515625
-35955 2212.760986328125
-35945 2211.181884765625
-35935 2208.219970703125
-35925 2207.3291015625
-35915 2205.760986328125
-35905 2205.89111328125
-35895 2196.89111328125
-35885 2189.260986328125
-35875 2187.998046875
-35865 2184.80908203125
-35855 2181.2509765625
-35845 2179.678955078125
-35835 2173.990966796875
-35825 2169.580078125
-35815 2166.468994140625
-35805 2166.97900390625
-35795 2163.049072265625
-35785 2159.592041015625
-35775 2155.34912109375
-35765 2152.08203125
-35755 2144.958984375
-35745 2140.9609375
-35735 2139.069091796875
-35725 2137.541015625
-35715 2132.910888671875
-35705 2130.541015625
-35695 2132.922119140625
-35685 2127.840087890625
-35675 2125.64990234375
-35665 2122.662109375
-35655 2120.382080078125
-35645 2119.041015625
-35635 2117.52099609375
-35625 2116.672119140625
-35615 2115.501953125
-35605 2113.85107421875
-35595 2114.779052734375
-35585 2114.949951171875
-35575 2114.219970703125
-35565 2114.541015625
-35555 2114.239013671875
-35545 2112.7900390625
-35535 2109.590087890625
-35525 2107.280029296875
-35515 2106.300048828125
-35505 2106.7919921875
-35495 2109.458984375
-35485 2110.281982421875
-35475 2107.510986328125
-35465 2107.89111328125
-35455 2108.44189453125
-35445 2109.950927734375
-35435 2111.69091796875
-35425 2113.001953125
-35415 2114.362060546875
-35405 2117.111083984375
-35395 2119.02197265625
-35385 2120.4189453125
-35375 2124.052001953125
-35365 2121.77197265625
-35355 2127.662109375
-35345 2137.909912109375
-35335 2147.131103515625
-35325 2139.448974609375
-35315 2145.2119140625
-35305 2183.419921875
-35295 2187.998046875
-35285 2194.87890625
-35275 2196.39892578125
-35265 2187.760009765625
-35255 2187.030029296875
