-74505 1886.7950439453125
-74495 1885.1719970703125
-74485 1882.906982421875
-74475 1876.9429931640625
-74465 1872.64599609375
-74455 1868.626953125
-74445 1865.4840087890625
-74435 1862.9560546875
-74425 1860.10595703125
-74415 1856.2030029296875
-74405 1852.56396484375
-74395 1849.5970458984375
-74385 1845.9580078125
-74375 1841.134033203125
-74365 1837.8160400390625
-74355 1833.7679443359375
-74345 1830.3909912109375
-74335 1827.0589599609375
-74325 1823.4339599609375
-74315 1819.385986328125
-74305 1814.3580322265625
-74295 1810.6009521484375
-74285 1808.1309814453125
-74275 1805.1929931640625
-74265 1801.2469482421875
-74255 1798.54296875
-74245 1799.72705078125
-74235 1801.3060302734375
-74225 1800.822998046875
-74215 1800.4429931640625
-74205 1800.1800537109375
-74195 1800.85302734375
-74185 1801.14501953125
-74175 1800.208984375
-74165 1800.31201171875
-74155 1801.261962890625
-74145 1801.2030029296875
-74135 1800.1070556640625
-74125 1798.60205078125
-74115 1797.9730224609375
-74105 1796.93603515625
-74095 1795.1820068359375
-74085 1793.9539794921875
-74075 1792.4339599609375
-74065 1791.7760009765625
-74055 1791.3079833984375
-74045 1789.6710205078125
-74035 1788.093017578125
-74025 1785.5059814453125
-74015 1780.302001953125
-74005 1775.552001953125
-73995 1772.5560302734375
-73985 1772.7750244140625
-73975 1772.365966796875
-73965 1769.633056640625
-73955 1770.3050537109375
-73945 1771.6639404296875
-73935 1771.2840576171875
-73925 1769.866943359375
-73915 1768.843994140625
-73905 1768.5660400390625
-73895 1770.6710205078125
-73885 1771.5770263671875
-73875 1771.27001953125
-73865 1770.8310546875
-73855 1770.2320556640625
-73845 1771.6639404296875
-73835 1772.5849609375
-73825 1772.760986328125
-73815 1770.1300048828125
-73805 1768.3470458984375
-73795 1774.1929931640625
-73785 1776.488037109375
-73775 1779.322998046875
-73765 1780.6820068359375
-73755 1780.4189453125
-73745 1780.5799560546875
-73735 1780.5799560546875
-73725 1780.6390380859375
-73715 1780.9749755859375
-73705 1780.886962890625
-73695 1781.092041015625
-73685 1780.9749755859375
-73675 1781.0770263671875
-73665 1781.865966796875
-73655 1784.6290283203125
-73645 1785.490966796875
-73635 1786.572998046875
-73625 1786.4410400390625
-73615 1785.2430419921875
-73605 1785.636962890625
-73595 1786.93798828125
-73585 1787.260009765625
-73575 1787.2889404296875
-73565 1785.1259765625
-73555 1784.468017578125
-73545 1784
-73535 1783.5909423828125
-73525 1784.18994140625
-73515 1784.4530029296875
-73505 1783.678955078125
-73495 1781.865966796875
-73485 1782.0860595703125
-73475 1781.2530517578125
-73465 1778.9429931640625
-73455 1778.635986328125
-73445 1777.04296875
-73435 1774.93798828125
-73425 1772.614990234375
-73415 1771.093994140625
-73405 1767.322998046875
-73395 1763.947021484375
-73385 1755.572021484375
-73375 1749.7550048828125
-73365 1743.6309814453125
-73355 1741.175048828125
-73345 1740.0059814453125
-73335 1737.156005859375
-73325 1737.0830078125
-73315 1737.3310546875
-73305 1737.81396484375
-73295 1737.8580322265625
-73285 1735.22705078125
-73275 1731.06103515625
-73265 1728.1669921875
-73255 1724.572021484375
-73245 1722.3499755859375
-73235 1722.2330322265625
-73225 1721.9990234375
-73215 1720.47900390625
-73205 1719.237060546875
-73195 1718.9739990234375
-73185 1718.56396484375
-73175 1718.2430419921875
-73165 1718.3310546875
-73155 1717.322021484375
-73145 1716.635009765625
-73135 1718.5059814453125
-73125 1719.2950439453125
-73115 1719.135009765625
-73105 1717.760986328125
-73095 1715.77294921875
-73085 1714.2969970703125
-73075 1713.697021484375
-73065 1712.5279541015625
-73055 1709.4730224609375
-73045 1706.404052734375
-73035 1703.5830078125
-73025 1702.4139404296875
-73015 1702.2239990234375
-73005 1700.3089599609375
-72995 1699.5489501953125
-72985 1697.4739990234375
-72975 1694.52099609375
-72965 1691.759033203125
-72955 1690.01904296875
-72945 1686.8330078125
-72935 1683.5450439453125
-72925 1679.364013671875
-72915 1678.0780029296875
-72905 1676.2950439453125
-72895 1675.9439697265625
-72885 1675.958984375
-72875 1676.7340087890625
-72865 1676.4560546875
-72855 1676.35400390625
-72845 1675.4620361328125
-72835 1673.9859619140625
-72825 1672.14404296875
-72815 1670.4630126953125
-72805 1671.0040283203125
-72795 1673.4010009765625
-72785 1673.7080078125
-72775 1670.6820068359375
-72765 1667.802978515625
-72755 1667.5250244140625
-72745 1668.31494140625
-72735 1668.125
-72725 1669.2060546875
-72715 1667.613037109375
-72705 1661.8399658203125
-72695 1659.75
-72685 1658.3170166015625
-72675 1656.9429931640625
-72665 1656.2860107421875
-72655 1655.6719970703125
-72645 1654.35595703125
-72635 1649.1240234375
-72625 1644.22802734375
-72615 1639.9449462890625
-72605 1633.9229736328125
-72595 1630.824951171875
-72585 1624.7440185546875
-72575 1620.447021484375
-72565 1614.2939453125
-72555 1611.166015625
-72545 1606.89794921875
-72535 1604.719970703125
-72525 1601.5780029296875
-72515 1597.9090576171875
-72505 1594.7239990234375
-72495 1590.405029296875
-72485 1585.2490234375
-72475 1581.407958984375
-72465 1577.0860595703125
-72455 1574.114990234375
-72445 1570.9940185546875
-72435 1568.43994140625
-72425 1565.052001953125
-72415 1559.04296875
-72405 1554.636962890625
-72395 1549.7969970703125
-72385 1542.737060546875
-72375 1534.6590576171875
-72365 1526.5469970703125
-72355 1521.6739501953125
-72345 1515.948974609375
-72335 1505.5989990234375
-72325 1498.123046875
-72315 1491.1639404296875
-72305 1484.468994140625
-72295 1477.5439453125
-72285 1469.8330078125
-72275 1464.6090087890625
-72265 1455.7130126953125
-72255 1449.802978515625
-72245 1443.3280029296875
-72235 1436.5849609375
-72225 1429.2259521484375
-72215 1438.7220458984375
-72205 1453.3929443359375
-72195 1451.02294921875
-72185 1460.35302734375
-72175 1475.541015625
-72165 1484.7550048828125
-72155 1488.5579833984375
-72145 1490.343994140625
-72135 1496.969970703125
-72125 1507.803955078125
-72115 1517.2509765625
-72105 1524.9949951171875
-72095 1533.791015625
-72085 1539.114990234375
-72075 1541.7850341796875
-72065 1542.85400390625
-72055 1546.741943359375
-72045 1549.56298828125
-72035 1552.050048828125
-72025 1552.885009765625
-72015 1553.1519775390625
-72005 1558.1090087890625
-71995 1565.6190185546875
-71985 1570.8270263671875
-71975 1575.717041015625
-71965 1579.77294921875
-71955 1582.89404296875
-71945 1585.06396484375
-71935 1585.5980224609375
-71925 1585.4139404296875
-71915 1585.9320068359375
-71905 1585.114013671875
-71895 1584.72998046875
-71885 1583.928955078125
-71875 1582.593017578125
-71865 1582.0260009765625
-71855 1580.7569580078125
-71845 1576.0340576171875
-71835 1570.3759765625
-71825 1565.0350341796875
-71815 1562.4649658203125
-71805 1559.2099609375
-71795 1554.487060546875
-71785 1552.4840087890625
-71775 1546.9759521484375
-71765 1540.5
-71755 1534.759033203125
-71745 1530.468994140625
-71735 1526.8480224609375
-71725 1520.35498046875
-71715 1515.48095703125
-71705 1510.072021484375
-71695 1512.2769775390625
-71685 1521.5069580078125
-71675 1531.386962890625
-71665 1542.1529541015625
-71655 1548.1949462890625
-71645 1553.751953125
-71635 1562.58203125
-71625 1568.4229736328125
-71615 1573.81396484375
-71605 1579.406005859375
-71595 1584.5980224609375
-71585 1587.5340576171875
-71575 1589.77001953125
-71565 1591.5059814453125
-71555 1590.18798828125
-71545 1588.3349609375
-71535 1585.56396484375
-71525 1582.47705078125
-71515 1581.0250244140625
-71505 1580.907958984375
-71495 1579.1719970703125
-71485 1578.2869873046875
-71475 1580.02294921875
-71465 1583.7969970703125
-71455 1584.363037109375
-71445 1583.427978515625
-71435 1582.5770263671875
-71425 1582.177978515625
-71415 1581.3580322265625
-71405 1581.175048828125
-71395 1580.3070068359375
-71385 1579.873046875
-71375 1579.2220458984375
-71365 1577.93701171875
-71355 1577.18603515625
-71345 1576.9520263671875
-71335 1576.43505859375
-71325 1577.0860595703125
-71315 1576.9849853515625
-71305 1575.383056640625
-71295 1573.2130126953125
-71285 1571.5780029296875
-71275 1571.510986328125
-71265 1569.2239990234375
-71255 1566.68798828125
-71245 1560.0780029296875
-71235 1550.6650390625
-71225 1542.5030517578125
-71215 1544.6400146484375
-71205 1545.45703125
-71195 1545.6409912109375
-71185 1545.1070556640625
-71175 1543.1209716796875
-71165 1540.884033203125
-71155 1537.4630126953125
-71145 1529.9849853515625
-71135 1526.14697265625
-71125 1536.5279541015625
-71115 1549.5970458984375
-71105 1550.83203125
-71095 1545.7239990234375
-71085 1539.6319580078125
-71075 1538.2469482421875
-71065 1538.8480224609375
-71055 1537.81298828125
-71045 1533.2230224609375
-71035 1531.35400390625
-71025 1531.43701171875
-71015 1532.572021484375
-71005 1531.8380126953125
-70995 1532.0050048828125
-70985 1534.675048828125
-70975 1538.197021484375
-70965 1537.863037109375
-70955 1538.748046875
-70945 1540.217041015625
-70935 1541.135009765625
-70925 1541.9019775390625
-70915 1543.7220458984375
-70905 1544.85595703125
-70895 1544.822998046875
-70885 1544.2559814453125
-70875 1543.053955078125
-70865 1543.9720458984375
-70855 1542.6529541015625
-70845 1542.001953125
-70835 1540.6839599609375
-70825 1539.2149658203125
-70815 1535.7769775390625
-70805 1535.1429443359375
-70795 1535.843994140625
-70785 1536.844970703125
-70775 1537.178955078125
-70765 1537.029052734375
-70755 1536.5450439453125
-70745 1536.427978515625
-70735 1534.759033203125
-70725 1534.4420166015625
-70715 1533.573974609375
-70705 1532.2550048828125
-70695 1532.10498046875
-70685 1530.9029541015625
-70675 1529.5179443359375
-70665 1529.083984375
-70655 1529.116943359375
-70645 1527.58203125
-70635 1523.3260498046875
-70625 1517.7010498046875
-70615 1512.8280029296875
-70605 1510.0570068359375
-70595 1506.051025390625
-70585 1501.6099853515625
-70575 1504.6309814453125
-70565 1500.6600341796875
-70555 1505.8680419921875
-70545 1505.583984375
-70535 1503.7650146484375
-70525 1502.6629638671875
-70515 1502.762939453125
-70505 1503.748046875
-70495 1503.81494140625
-70485 1502.864013671875
-70475 1502.762939453125
-70465 1501.761962890625
-70455 1499.9429931640625
-70445 1497.873046875
-70435 1495.5870361328125
-70425 1493.9169921875
-70415 1493.9840087890625
-70405 1493.3330078125
-70395 1494.0340576171875
-70385 1497.656005859375
-70375 1501.81201171875
-70365 1501.0279541015625
-70355 1499.375
-70345 1497.155029296875
-70335 1495.5360107421875
-70325 1494.885009765625
-70315 1495.5870361328125
-70305 1496.989013671875
-70295 1498.02294921875
-70285 1498.123046875
-70275 1499.7760009765625
-70265 1501.6099853515625
-70255 1498.9410400390625
-70245 1495.4200439453125
-70235 1491.614013671875
-70225 1490.196044921875
-70215 1488.843994140625
-70205 1488.073974609375
-70195 1488.7939453125
-70185 1489.9599609375
-70175 1491.864990234375
-70165 1492.14794921875
-70155 1491.4310302734375
-70145 1491.8480224609375
-70135 1492.5989990234375
-70125 1488.81005859375
-70115 1489.3759765625
-70105 1490.89599609375
-70095 1488.927001953125
-70085 1486.9580078125
-70075 1484.68798828125
-70065 1482.5009765625
-70055 1481.833984375
-70045 1483.43603515625
-70035 1484.7550048828125
-70025 1484.2540283203125
-70015 1482.8499755859375
-70005 1481.884033203125
-69995 1481.884033203125
-69985 1480.9110107421875
-69975 1481.2509765625
-69965 1481.6259765625
-69955 1480.197998046875
-69945 1479.614013671875
-69935 1479.0159912109375
-69925 1478.9329833984375
-69915 1479.27294921875
-69905 1480.0350341796875
-69895 1480.89501953125
-69885 1481.510986328125
-69875 1481.4129638671875
-69865 1480.3759765625
-69855 1477.9620361328125
-69845 1477.9119873046875
-69835 1478.301025390625
-69825 1476.583984375
-69815 1474.9449462890625
-69805 1473.113037109375
-69795 1469.18896484375
-69785 1468.0240478515625
-69775 1465.363037109375
-69765 1462.5760498046875
-69755 1460.239990234375
-69745 1458.862060546875
-69735 1457.6300048828125
-69725 1455.97705078125
-69715 1453.6099853515625
-69705 1452.052978515625
-69695 1451.4530029296875
-69685 1450.2550048828125
-69675 1449.281982421875
-69665 1448.666015625
-69655 1447.238037109375
-69645 1445.0830078125
-69635 1444.176025390625
-69625 1442.81201171875
-69615 1441.176025390625
-69605 1439.635986328125
-69595 1438.177001953125
-69585 1437.1070556640625
-69575 1435.906982421875
-69565 1435.240966796875
-69555 1434.9189453125
-69545 1434.7230224609375
-69535 1434.625
-69525 1434.4959716796875
-69515 1433.0050048828125
-69505 1431.302978515625
-69495 1429.1629638671875
-69485 1426.373046875
-69475 1425.64501953125
-69465 1425.6610107421875
-69455 1423.3900146484375
-69445 1420.60302734375
-69435 1418.6729736328125
-69425 1417.81298828125
-69415 1415.364990234375
-69405 1412.85205078125
-69395 1411.31201171875
-69385 1410.4539794921875
-69375 1409.6419677734375
-69365 1408.8489990234375
-69355 1407.762939453125
-69345 1406.4320068359375
-69335 1404.552978515625
-69325 1402.4940185546875
-69315 1400.56494140625
-69305 1398.5059814453125
-69295 1396.447021484375
-69285 1394.27294921875
-69275 1392.052001953125
-69265 1390.04296875
-69255 1388.43798828125
-69245 1386.18505859375
-69235 1383.0240478515625
-69225 1380.54296875
-69215 1376.3929443359375
-69205 1372.0970458984375
-69195 1367.16796875
-69185 1362.20703125
-69175 1356.824951171875
-69165 1352.3179931640625
-69155 1345.1519775390625
-69145 1340.1590576171875
-69135 1336.5269775390625
-69125 1333.0579833984375
-69115 1329.5889892578125
-69105 1325.2760009765625
-69095 1318.175048828125
-69085 1314.218994140625
-69075 1310.4100341796875
-69065 1306.875
-69055 1303.989990234375
-69045 1301.4119873046875
-69035 1298.833984375
-69025 1296.6939697265625
-69015 1294.5379638671875
-69005 1292.3330078125
-68995 1290.3389892578125
-68985 1287.177978515625
-68975 1284.0159912109375
-68965 1281.6820068359375
-68955 1273.9990234375
-68945 1266.0050048828125
-68935 1262.3890380859375
-68925 1255.4019775390625
-68915 1249.0469970703125
-68905 1242.5460205078125
-68895 1234.3929443359375
-68885 1228.7989501953125
-68875 1221.51904296875
-68865 1217.9530029296875
-68855 1214.85498046875
-68845 1209.4580078125
-68835 1203.509033203125
-68825 1198.7239990234375
-68815 1192.0469970703125
-68805 1187.0050048828125
-68795 1181.458984375
-68785 1177.43896484375
-68775 1173.2080078125
-68765 1169.364013671875
-68755 1166.5770263671875
-68745 1164.3399658203125
-68735 1162.0870361328125
-68725 1158.488037109375
-68715 1156.83203125
-68705 1154.2559814453125
-68695 1150.3170166015625
-68685 1142.51904296875
-68675 1134.39599609375
-68665 1125.7879638671875
-68655 1117.487060546875
-68645 1108.8780517578125
-68635 1100.77197265625
-68625 1094.6929931640625
-68615 1094.5150146484375
-68605 1094.303955078125
-68595 1091.6939697265625
-68585 1093.1529541015625
-68575 1091.1259765625
-68565 1092.4229736328125
-68555 1094.093017578125
-68545 1096.217041015625
-68535 1102.718017578125
-68525 1109.39697265625
-68515 1121.68603515625
-68505 1125.4310302734375
-68495 1129.35400390625
-68485 1138.3360595703125
-68475 1151.85498046875
-68465 1173.322021484375
-68455 1179.968994140625
-68445 1182.3189697265625
-68435 1185.0589599609375
-68425 1187.8480224609375
-68415 1190.31005859375
-68405 1194.47802734375
-68395 1200.4610595703125
-68385 1205.3570556640625
-68375 1210.1719970703125
-68365 1213.31494140625
-68355 1215.634033203125
-68345 1214.1920166015625
-68335 1212.6199951171875
-68325 1212.3599853515625
-68315 1212.2950439453125
-68305 1211.791015625
-68295 1211.1610107421875
-68285 1211.5169677734375
-68275 1213.041015625
-68265 1215.5870361328125
-68255 1219.362060546875
-68245 1223.0770263671875
-68235 1226.4630126953125
-68225 1229.2860107421875
-68215 1231.9749755859375
-68205 1233.3370361328125
-68195 1233.8580322265625
-68185 1234.3280029296875
-68175 1235.072998046875
-68165 1236.1739501953125
-68155 1239.384033203125
-68145 1241.16796875
-68135 1241.3480224609375
-68125 1238.6219482421875
-68115 1234.927978515625
-68105 1228.2469482421875
-68095 1225.071044921875
-68085 1222.4429931640625
-68075 1214.239013671875
-68065 1205.614990234375
-68055 1199.5679931640625
-68045 1203.637939453125
-68035 1209.39404296875
-68025 1214.8079833984375
-68015 1221.7149658203125
-68005 1228.489990234375
-67995 1236.9530029296875
-67985 1246.6800537109375
-67975 1254.866943359375
-67965 1262.6490478515625
-67955 1271.2740478515625
-67945 1279.3800048828125
-67935 1290.2259521484375
-67925 1298.802001953125
-67915 1305.302978515625
-67905 1311.3819580078125
-67895 1313.9930419921875
-67885 1316.7969970703125
-67875 1320.6070556640625
-67865 1322.3900146484375
-67855 1324.156982421875
-67845 1326.0059814453125
-67835 1328.22705078125
-67825 1329.7020263671875
-67815 1330.885009765625
-67805 1331.4530029296875
-67795 1331.7769775390625
-67785 1331.550048828125
-67775 1331.241943359375
-67765 1329.7989501953125
-67755 1327.8050537109375
-67745 1329.10205078125
-67735 1328.697021484375
-67725 1328.6639404296875
-67715 1335.89501953125
-67705 1341.260986328125
-67695 1344.925048828125
-67685 1350.8260498046875
-67675 1354.81494140625
-67665 1358.9969482421875
-67655 1362.35302734375
-67645 1365.904052734375
-67635 1369.406005859375
-67625 1373.0050048828125
-67615 1375.8089599609375
-67605 1378.14404296875
-67595 1379.5059814453125
-67585 1379.666015625
-67575 1380.446044921875
-67565 1382.5050048828125
-67555 1385.0989990234375
-67545 1387.157958984375
-67535 1389.3790283203125
-67525 1391.95703125
-67515 1394.4530029296875
-67505 1397.7540283203125
-67495 1400.137939453125
-67485 1402.4940185546875
-67475 1405.345947265625
-67465 1407.616943359375
-67455 1409.66796875
-67445 1412.593017578125
-67435 1414.572998046875
-67425 1415.8819580078125
-67415 1417.426025390625
-67405 1420.2760009765625
-67395 1421.863037109375
-67385 1424.3370361328125
-67375 1426.0250244140625
-67365 1429.4739990234375
-67355 1431.39404296875
-67345 1432.8060302734375
-67335 1434.8719482421875
-67325 1436.094970703125
-67315 1437.623046875
-67305 1438.844970703125
-67295 1439.7330322265625
-67285 1440.4169921875
-67275 1441.333984375
-67265 1438.467041015625
-67255 1433.60595703125
-67245 1441.654052734375
-67235 1439.718017578125
-67225 1440.51904296875
-67215 1441.66796875
-67205 1441.5369873046875
-67195 1442.64501953125
-67185 1442.425048828125
-67175 1442.8759765625
-67165 1443.093994140625
-67155 1443.5889892578125
-67145 1444.47705078125
-67135 1445.7430419921875
-67125 1444.8990478515625
-67115 1444.1710205078125
-67105 1444.2149658203125
-67095 1443.633056640625
-67085 1443.428955078125
-67075 1442.9639892578125
-67065 1443.822021484375
-67055 1444.666015625
-67045 1445.43701171875
-67035 1446.324951171875
-67025 1447.052978515625
-67015 1447.490966796875
-67005 1446.676025390625
-66995 1447.56201171875
-66985 1448.406005859375
-66975 1449.074951171875
-66965 1448.77001953125
-66955 1449.365966796875
-66945 1450.79296875
-66935 1451.3170166015625
-66925 1451.8399658203125
-66915 1451.6510009765625
-66905 1451.9439697265625
-66895 1452.0880126953125
-66885 1452.6259765625
-66875 1453.615966796875
-66865 1454.240966796875
-66855 1455.4930419921875
-66845 1456.14794921875
-66835 1456.279052734375
-66825 1456.177001953125
-66815 1455.5660400390625
-66805 1455.8709716796875
-66795 1456.177001953125
-66785 1457.573974609375
-66775 1457.573974609375
-66765 1458.258056640625
-66755 1456.5699462890625
-66745 1455.260009765625
-66735 1455.81298828125
-66725 1456.468017578125
-66715 1456.875
-66705 1456.583984375
-66695 1456.25
-66685 1455.448974609375
-66675 1454.998046875
-66665 1454.300048828125
-66655 1453.8050537109375
-66645 1452.6839599609375
-66635 1451.4329833984375
-66625 1449.7449951171875
-66615 1448.14404296875
-66605 1446.761962890625
-66595 1444.81201171875
-66585 1442.9200439453125
-66575 1440.4310302734375
-66565 1437.9429931640625
-66555 1436.4150390625
-66545 1434.4940185546875
-66535 1433.112060546875
-66525 1431.97705078125
-66515 1428.426025390625
-66505 1428.8909912109375
-66495 1428.323974609375
-66485 1428.7459716796875
-66475 1425.31201171875
-66465 1423.9439697265625
-66455 1421.2969970703125
-66445 1413.843994140625
-66435 1408.0240478515625
-66425 1404.9969482421875
-66415 1405.636962890625
-66405 1405.2879638671875
-66395 1402.5660400390625
-66385 1399.9029541015625
-66375 1396.512939453125
-66365 1391.625
-66355 1388.7850341796875
-66345 1385.7740478515625
-66335 1383.4449462890625
-66325 1381.8160400390625
-66315 1380.56298828125
-66305 1378.06005859375
-66295 1373.6519775390625
-66285 1369.5040283203125
-66275 1365.4300537109375
-66265 1361.2530517578125
-66255 1355.5340576171875
-66245 1353.83203125
-66235 1362.3160400390625
-66225 1367.6259765625
-66215 1375.7919921875
-66205 1379.9239501953125
-66195 1386.822021484375
-66185 1394.0260009765625
-66175 1400.7330322265625
-66165 1404.2989501953125
-66155 1402.012939453125
-66145 1400.9659423828125
-66135 1400.6910400390625
-66125 1401.7669677734375
-66115 1404.822998046875
-66105 1408.125
-66095 1407.093994140625
-66085 1405.9429931640625
-66075 1404.865966796875
-66065 1408.5040283203125
-66055 1407.8489990234375
-66045 1408.0240478515625
-66035 1408.56201171875
-66025 1409.2039794921875
-66015 1409.5670166015625
-66005 1409.697998046875
-65995 1409.697998046875
-65985 1409.4949951171875
-65975 1409.2039794921875
-65965 1409.0570068359375
-65955 1408.7659912109375
-65945 1408.4749755859375
-65935 1408.0980224609375
-65925 1407.833984375
-65915 1406.802001953125
-65905 1406.10302734375
-65895 1405.697021484375
-65885 1405.594970703125
-65875 1405.18603515625
-65865 1404.79296875
-65855 1403.9639892578125
-65845 1402.697021484375
-65835 1401.0830078125
-65825 1398.2010498046875
-65815 1393.616943359375
-65805 1392.06005859375
-65795 1389.0469970703125
-65785 1386.1510009765625
-65775 1386.4129638671875
-65765 1387.6209716796875
-65755 1388.698974609375
-65745 1390.5479736328125
-65735 1392.0469970703125
-65725 1393.573974609375
-65715 1395.1319580078125
-65705 1397.1090087890625
-65695 1397.9530029296875
-65685 1402.43505859375
-65675 1405.739013671875
-65665 1406.612060546875
-65655 1408.2860107421875
-65645 1411.416015625
-65635 1413.843994140625
-65625 1414.1080322265625
-65615 1414.7919921875
-65605 1416.114990234375
-65595 1417.1619873046875
-65585 1417.2659912109375
-65575 1416.697021484375
-65565 1416.2159423828125
-65555 1416.3330078125
-65545 1416.637939453125
-65535 1416.4219970703125
-65525 1415.6490478515625
-65515 1414.35400390625
-65505 1413.321044921875
-65495 1410.7449951171875
-65485 1407.8070068359375
-65475 1404.865966796875
-65465 1402.1009521484375
-65455 1399.6710205078125
-65445 1396.93505859375
-65435 1390.7060546875
-65425 1384.2020263671875
-65415 1385.365966796875
-65405 1381.2760009765625
-65395 1376.3719482421875
-65385 1372.5169677734375
-65375 1372.1240234375
-65365 1374.656005859375
-65355 1377.18701171875
-65345 1377.14404296875
-65335 1378.802978515625
-65325 1378.322021484375
-65315 1380.114013671875
-65305 1379.89501953125
-65295 1377.988037109375
-65285 1377.3330078125
-65275 1377.5360107421875
-65265 1377.885986328125
-65255 1377.1300048828125
-65245 1376.0679931640625
-65235 1375.7760009765625
-65225 1375.675048828125
-65215 1376.31494140625
-65205 1376.6070556640625
-65195 1375.4560546875
-65185 1374.3070068359375
-65175 1373.9429931640625
-65165 1374.073974609375
-65155 1374.248046875
-65145 1374.0159912109375
-65135 1373.5780029296875
-65125 1372.9530029296875
-65115 1372.31201171875
-65105 1371.6009521484375
-65095 1370.7559814453125
-65085 1369.7230224609375
-65075 1368.238037109375
-65065 1366.9000244140625
-65055 1365.89599609375
-65045 1365.0670166015625
-65035 1364.0770263671875
-65025 1362.95703125
-65015 1361.64599609375
-65005 1360.2120361328125
-64995 1358.0989990234375
-64985 1356.18798828125
-64975 1354.156005859375
-64965 1353.7249755859375
-64955 1353.363037109375
-64945 1351.4000244140625
-64935 1350.677001953125
-64925 1351.5030517578125
-64915 1350.6080322265625
-64905 1349.0240478515625
-64895 1347.4219970703125
-64885 1345.9410400390625
-64875 1344.614990234375
-64865 1343.322998046875
-64855 1341.9630126953125
-64845 1340.7569580078125
-64835 1339.3280029296875
-64825 1339.68896484375
-64815 1337.864013671875
-64805 1336.6240234375
-64795 1335.1600341796875
-64785 1333.4210205078125
-64775 1331.14794921875
-64765 1329.06396484375
-64755 1327.135009765625
-64745 1325.447021484375
-64735 1323.948974609375
-64725 1322.5369873046875
-64715 1321.657958984375
-64705 1321.383056640625
-64695 1320.073974609375
-64685 1319.592041015625
-64675 1316.613037109375
-64665 1313.615966796875
-64655 1311.18798828125
-64645 1309.2760009765625
-64635 1306.9339599609375
-64625 1304.988037109375
-64615 1302.9560546875
-64605 1301.0269775390625
-64595 1298.97802734375
-64585 1297.342041015625
-64575 1295.947021484375
-64565 1294.60400390625
-64555 1293.071044921875
-64545 1291.9339599609375
-64535 1288.14501953125
-64525 1281.2740478515625
-64515 1274.5400390625
-64505 1268.8060302734375
-64495 1262.6920166015625
-64485 1256.7679443359375
-64475 1251.6529541015625
-64465 1247.1929931640625
-64455 1243.6280517578125
-64445 1240.1829833984375
-64435 1232.2099609375
-64425 1227.0780029296875
-64415 1222.8929443359375
-64405 1216.1590576171875
-64395 1212.2330322265625
-64385 1212.2330322265625
-64375 1212.7340087890625
-64365 1211.7330322265625
-64355 1218.053955078125
-64345 1219.1729736328125
-64335 1216.4520263671875
-64325 1216.4520263671875
-64315 1218.3289794921875
-64305 1219.0870361328125
-64295 1219.260986328125
-64285 1219.2080078125
-64275 1219.052978515625
-64265 1218.7249755859375
-64255 1218.31201171875
-64245 1217.7779541015625
-64235 1217.2099609375
-64225 1216.81396484375
-64215 1216.4010009765625
-64205 1216.0389404296875
-64195 1215.5050048828125
-64185 1214.8160400390625
-64175 1214.0240478515625
-64165 1213.2320556640625
-64155 1212.45703125
-64145 1211.8370361328125
-64135 1211.35498046875
-64125 1210.9239501953125
-64115 1209.7869873046875
-64105 1208.7540283203125
-64095 1207.6689453125
-64085 1206.843017578125
-64075 1206.0159912109375
-64065 1205.0360107421875
-64055 1203.467041015625
-64045 1201.81396484375
-64035 1201.5560302734375
-64025 1200.969970703125
-64015 1199.3680419921875
-64005 1194.6319580078125
-63995 1192.5159912109375
-63985 1184.626953125
-63975 1180.6309814453125
-63965 1178.822998046875
-63955 1176.0350341796875
-63945 1179.7010498046875
-63935 1183.404052734375
-63925 1186.883056640625
-63915 1189.02001953125
-63905 1187.8819580078125
-63895 1187.02099609375
-63885 1185.72900390625
-63875 1184.6610107421875
-63865 1183.7330322265625
-63855 1183.2679443359375
-63845 1183.2490234375
-63835 1183.0770263671875
-63825 1184.248046875
-63815 1186.677001953125
-63805 1189.448974609375
-63795 1192.5999755859375
-63785 1195.47802734375
-63775 1199.696044921875
-63765 1204.6729736328125
-63755 1210.9759521484375
-63745 1215.469970703125
-63735 1221.9110107421875
-63725 1229.4539794921875
-63715 1237.4969482421875
-63705 1245.5050048828125
-63695 1251.0849609375
-63685 1247.865966796875
-63675 1244.196044921875
-63665 1241.93994140625
-63655 1240.1319580078125
-63645 1238.633056640625
-63635 1236.39501953125
-63625 1235.843994140625
-63615 1235.0340576171875
-63605 1233.364013671875
-63595 1231.41796875
-63585 1228.7139892578125
-63575 1225.5970458984375
-63565 1222.4969482421875
-63555 1219.4830322265625
-63545 1216.468994140625
-63535 1213.5250244140625
-63525 1210.64794921875
-63515 1207.324951171875
-63505 1203.967041015625
-63495 1200.2979736328125
-63485 1197.5770263671875
-63475 1195.06298828125
-63465 1192.239013671875
-63455 1189.5870361328125
-63445 1187.553955078125
-63435 1185.866943359375
-63425 1184.3680419921875
-63415 1182.387939453125
-63405 1181.2340087890625
-63395 1179.3070068359375
-63385 1177.635009765625
-63375 1176.135986328125
-63365 1174.552001953125
-63355 1173.072021484375
-63345 1171.883056640625
-63335 1170.866943359375
-63325 1169.7650146484375
-63315 1168.7659912109375
-63305 1167.198974609375
-63295 1166.26904296875
-63285 1166.14794921875
-63275 1165.1839599609375
-63265 1163.97900390625
-63255 1162.8070068359375
-63245 1161.0679931640625
-63235 1159.759033203125
-63225 1158.10595703125
-63215 1157.073974609375
-63205 1156.262939453125
-63195 1155.72900390625
-63185 1155.3160400390625
-63175 1154.93701171875
-63165 1154.7469482421875
-63155 1154.592041015625
-63145 1154.300048828125
-63135 1153.7139892578125
-63125 1152.9219970703125
-63115 1152.113037109375
-63105 1150.958984375
-63095 1149.3909912109375
-63085 1148.1180419921875
-63075 1145.7750244140625
-63065 1143.501953125
-63055 1141.7459716796875
-63045 1139.93701171875
-63035 1138.2149658203125
-63025 1137.14697265625
-63015 1135.666015625
-63005 1133.0999755859375
-62995 1129.81103515625
-62985 1127.864990234375
-62975 1126.572998046875
-62965 1126.865966796875
-62955 1126.761962890625
-62945 1126.1259765625
-62935 1125.1610107421875
-62925 1124.0260009765625
-62915 1122.8360595703125
-62905 1121.35498046875
-62895 1119.7020263671875
-62885 1117.9449462890625
-62875 1115.9310302734375
-62865 1114.071044921875
-62855 1112.3489990234375
-62845 1110.0570068359375
-62835 1107.35400390625
-62825 1104.3919677734375
-62815 1101.5689697265625
-62805 1098.552978515625
-62795 1095.093017578125
-62785 1091.199951171875
-62775 1086.79296875
-62765 1081.365966796875
-62755 1077.7330322265625
-62745 1075.7010498046875
-62735 1073.343017578125
-62725 1071.7060546875
-62715 1070.0169677734375
-62705 1069.51904296875
-62695 1068.156982421875
-62685 1067.262939453125
-62675 1062.510009765625
-62665 1054.4150390625
-62655 1049.3699951171875
-62645 1045.2030029296875
-62635 1043.8590087890625
-62625 1041.6719970703125
-62615 1041.2060546875
-62605 1040.7769775390625
-62595 1040.4320068359375
-62585 1039.3470458984375
-62575 1040.5179443359375
-62565 1040.4649658203125
-62555 1040.4649658203125
-62545 1038.8310546875
-62535 1039.2430419921875
-62525 1041.4830322265625
-62515 1044.511962890625
-62505 1045.6729736328125
-62495 1042.0340576171875
-62485 1032.6519775390625
-62475 1032.2939453125
-62465 1031.7449951171875
-62455 1030.635009765625
-62445 1029.85400390625
-62435 1029.134033203125
-62425 1026.14794921875
-62415 1023.0369873046875
-62405 1020.9730224609375
-62395 1018.7990112304687
-62385 1017.4539794921875
-62375 1017.4229736328125
-62365 1017.0170288085937
-62355 1016.6259765625
-62345 1016.5469970703125
-62335 1016.218994140625
-62325 1015.125
-62315 1013.8419799804687
-62305 1012.5269775390625
-62295 1011.1060180664062
-62285 1009.573974609375
-62275 1008.322998046875
-62265 1007.6820068359375
-62255 1006.6959838867187
-62245 1005.6170043945312
-62235 1004.4920043945312
-62225 1003.052978515625
-62215 999.34698486328125
-62205 998.45599365234375
-62195 997.47100830078125
-62185 996.594970703125
-62175 995.8289794921875
-62165 994.968994140625
-62155 994.43701171875
-62145 993.5460205078125
-62135 992.84197998046875
-62125 992.20098876953125
-62115 991.70098876953125
-62105 991.29400634765625
-62095 991.21600341796875
-62085 991.15399169921875
-62075 990.91900634765625
-62065 990.51300048828125
-62055 990.46600341796875
-62045 990.63800048828125
-62035 991.07501220703125
-62025 991.60699462890625
-62015 993.01397705078125
-62005 993.1240234375
-61995 992.71697998046875
-61985 991.77899169921875
-61975 991.35699462890625
-61965 990.93499755859375
-61955 989.90301513671875
-61945 988.22998046875
-61935 988.322998046875
-61925 987.9639892578125
-61915 986.947021484375
-61905 985.60302734375
-61895 984.41400146484375
-61885 983.61700439453125
-61875 982.97601318359375
-61865 982.41302490234375
-61855 982.3499755859375
-61845 982.1309814453125
-61835 981.552978515625
-61825 981.3809814453125
-61815 981.1619873046875
-61805 980.989990234375
-61795 980.9739990234375
-61785 981.114990234375
-61775 981.1929931640625
-61765 981.083984375
-61755 981.052001953125
-61745 980.6300048828125
-61735 980.364013671875
-61725 980.3489990234375
-61715 980.7869873046875
-61705 981.833984375
-61695 982.083984375
-61685 982.4439697265625
-61675 982.66302490234375
-61665 982.66302490234375
-61655 982.52197265625
-61645 983.24102783203125
-61635 982.96002197265625
-61625 981.3489990234375
-61615 980.614990234375
-61605 980.6610107421875
-61595 980.5679931640625
-61585 980.39599609375
-61575 980.3170166015625
-61565 980.2080078125
-61555 980.364013671875
-61545 980.677001953125
-61535 981.2869873046875
-61525 981.833984375
-61515 982.3809814453125
-61505 983.00701904296875
-61495 983.69500732421875
-61485 984.55499267578125
-61475 985.33697509765625
-61465 986.072021484375
-61455 986.666015625
-61445 987.4320068359375
-61435 988.1510009765625
-61425 988.1669921875
-61415 988.10400390625
-61405 988.1669921875
-61395 988.10400390625
-61385 988.885986328125
-61375 989.5269775390625
-61365 989.85601806640625
-61355 989.573974609375
-61345 989.4019775390625
-61335 989.79302978515625
-61325 990.35601806640625
-61315 991.01300048828125
-61305 991.80999755859375
-61295 991.93499755859375
-61285 992.76397705078125
-61275 989.90301513671875
-61265 990.76300048828125
-61255 990.68499755859375
-61245 989.60601806640625
-61235 988.9329833984375
-61225 987.9949951171875
-61215 986.8380126953125
-61205 986.291015625
-61195 985.22698974609375
-61185 984.25799560546875
-61175 983.44500732421875
-61165 980.114013671875
-61155 979.4730224609375
-61145 978.81597900390625
-61135 978.22198486328125
-61125 978.03399658203125
-61115 977.36199951171875
-61105 975.2979736328125
-61095 975.0479736328125
-61085 973.343994140625
-61075 971.48297119140625
-61065 970.24700927734375
-61055 969.18597412109375
-61045 969.07501220703125
-61035 969.01397705078125
-61025 968.49798583984375
-61015 966.4949951171875
-61005 965.822021484375
-60995 965.166015625
-60985 964.33697509765625
-60975 963.64898681640625
-60965 962.97601318359375
-60955 962.22601318359375
-60945 961.61700439453125
-60935 961.11602783203125
-60925 960.64697265625
-60915 960.052001953125
-60905 959.4739990234375
-60895 959.0050048828125
-60885 958.64599609375
-60875 958.39501953125
-60865 957.94097900390625
-60855 957.6290283203125
-60845 957.6290283203125
-60835 957.58197021484375
-60825 957.36297607421875
-60815 957.19097900390625
-60805 957.06597900390625
-60795 956.86199951171875
-60785 956.42498779296875
-60775 956.00299072265625
-60765 955.51800537109375
-60755 955.20599365234375
-60745 954.719970703125
-60735 954.39300537109375
-60725 954.18902587890625
-60715 953.90899658203125
-60705 952.75201416015625
-60695 952.6090087890625
-60685 952.4539794921875
-60675 952.2349853515625
-60665 951.9210205078125
-60655 951.906005859375
-60645 951.8590087890625
-60635 951.906005859375
-60625 951.7659912109375
-60615 951.7340087890625
-60605 951.5469970703125
-60595 951.343017578125
-60585 951.281982421875
-60575 951.18597412109375
-60565 951.1099853515625
-60555 951.9210205078125
-60545 951.01397705078125
-60535 950.43701171875
-60525 950.37298583984375
-60515 950.06097412109375
-60505 950.1710205078125
-60495 948.49798583984375
-60485 947.7459716796875
-60475 946.885986328125
-60465 946.91802978515625
-60455 946.77801513671875
-60445 946.65301513671875
-60435 946.48101806640625
-60425 946.35498046875
-60415 946.21502685546875
-60405 946.10400390625
-60395 945.95001220703125
-60385 945.760009765625
-60375 945.4949951171875
-60365 945.2769775390625
-60355 945.3079833984375
-60345 945.38702392578125
-60335 946.0260009765625
-60325 945.9320068359375
-60315 945.7139892578125
-60305 945.291015625
-60295 944.97900390625
-60285 944.2449951171875
-60275 943.7750244140625
-60265 943.635009765625
-60255 943.47802734375
-60245 942.39898681640625
-60235 942.1190185546875
-60225 941.91497802734375
-60215 942.13397216796875
-60205 942.38397216796875
-60195 943.10400390625
-60185 943.9940185546875
-60175 943.9320068359375
-60165 943.52398681640625
-60155 943.0260009765625
-60145 942.4630126953125
-60135 942.5250244140625
-60125 942.13397216796875
-60115 941.80401611328125
-60105 941.50701904296875
-60095 941.07000732421875
-60085 940.86798095703125
-60075 939.97601318359375
-60065 939.0689697265625
-60055 938.5360107421875
-60045 937.614990234375
-60035 937.052001953125
-60025 936.64398193359375
-60015 936.42498779296875
-60005 936.26202392578125
-59995 936.2550048828125
-59985 936.90899658203125
-59975 938.08502197265625
-59965 939.19500732421875
-59955 944.99700927734375
-59945 946.53900146484375
-59935 947.0269775390625
-59925 950.2550048828125
-59915 952.551025390625
-59905 956.1240234375
-59895 957.96502685546875
-59885 956.95599365234375
-59875 954.1929931640625
-59865 953.1619873046875
-59855 956.51202392578125
-59845 955.24700927734375
-59835 959.3189697265625
-59825 963.03497314453125
-59815 963.96697998046875
-59805 961.0159912109375
-59795 958.7080078125
-59785 956.6669921875
-59775 954.447998046875
-59765 956.20098876953125
-59755 956.11199951171875
-59745 956.156982421875
-59735 956.11199951171875
-59725 955.32501220703125
-59715 958.2650146484375
-59705 958.7750244140625
-59695 963.59002685546875
-59685 967.45001220703125
-59675 971.04400634765625
-59665 972.2979736328125
-59655 972.40899658203125
-59645 972.2869873046875
-59635 972.7860107421875
-59625 975.48199462890625
-59615 978.53302001953125
-59605 981.072998046875
-59595 983.2139892578125
-59585 985.0999755859375
-59575 987.95098876953125
-59565 991.27899169921875
-59555 991.833984375
-59545 998.7559814453125
-59535 1000.4869995117187
-59525 1001.8179931640625
-59515 1000.2650146484375
-59505 998.135009765625
-59495 995.03997802734375
-59485 990.4580078125
-59475 990.58001708984375
-59465 988.52801513671875
-59455 990.968994140625
-59445 989.958984375
-59435 987.89599609375
-59425 982.54901123046875
-59415 986.49798583984375
-59405 989.91497802734375
-59395 992.63299560546875
-59385 997.14801025390625
-59375 993.52001953125
-59365 993.7860107421875
-59355 997.15899658203125
-59345 1005.0239868164062
-59335 1011.27001953125
-59325 1013.655029296875
-59315 1015.6959838867187
-59305 1015.6079711914062
-59295 1018.2039794921875
-59285 1022.0750122070312
-59275 1033.9229736328125
-59265 1039.0260009765625
-59255 1046.93603515625
-59245 1051.0849609375
-59235 1052.79296875
-59225 1054.323974609375
-59215 1055.178955078125
-59205 1058.1519775390625
-59195 1060.4150390625
-59185 1062.865966796875
-59175 1060.7030029296875
-59165 1031.593994140625
-59155 994.6519775390625
-59145 986.343017578125
-59135 979.74200439453125
-59125 972.74200439453125
-59115 965.7750244140625
-59105 961.614990234375
-59095 966.10797119140625
-59085 975.1820068359375
-59075 988.1729736328125
-59065 1004.4580078125
-59055 1019.0910034179687
-59045 1030.927978515625
-59035 1053.9139404296875
-59025 1079.718017578125
-59015 1080.593994140625
-59005 1082.2030029296875
-58995 1083.7230224609375
-58985 1085.2530517578125
-58975 1086.2960205078125
-58965 1086.0970458984375
-58955 1085.697021484375
-58945 1087.4610595703125
-58935 1090.333984375
-58925 1091.0889892578125
-58915 1093.052001953125
-58905 1094.8270263671875
-58895 1098.4990234375
-58885 1097.322998046875
-58875 1103.5579833984375
-58865 1105.7659912109375
-58855 1107.406982421875
-58845 1108.89404296875
-58835 1110.1700439453125
-58825 1111.844970703125
-58815 1113.719970703125
-58805 1112.300048828125
-58795 1113.5980224609375
-58785 1115.8499755859375
-58775 1117.2030029296875
-58765 1117.5909423828125
-58755 1121.762939453125
-58745 1123.27099609375
-58735 1123.27099609375
-58725 1125.2130126953125
-58715 1125.7340087890625
-58705 1129.93896484375
-58695 1133.1219482421875
-58685 1137.06103515625
-58675 1136.4169921875
-58665 1142.1419677734375
-58655 1144.1610107421875
-58645 1138.1590576171875
-58635 1145.114990234375
-58625 1153.678955078125
-58615 1156.1309814453125
-58605 1157.583984375
-58595 1161.7220458984375
-58585 1162.886962890625
-58575 1161.0009765625
-58565 1159.8360595703125
-58555 1158.260986328125
-58545 1160.0799560546875
-58535 1169.387939453125
-58525 1172.9930419921875
-58515 1172.3389892578125
-58505 1170.6629638671875
-58495 1170.0980224609375
-58485 1173.0040283203125
-58475 1181.822998046875
-58465 1185.8280029296875
-58455 1188.7679443359375
-58445 1188.5350341796875
-58435 1187.7249755859375
-58425 1195.823974609375
-58415 1200.072998046875
-58405 1199.9840087890625
-58395 1195.7679443359375
-58385 1198.7969970703125
-58375 1203.47802734375
-58365 1208.071044921875
-58355 1212.5419921875
-58345 1209.2249755859375
-58335 1211.843017578125
-58325 1221.22802734375
-58315 1226.0760498046875
-58305 1231.1240234375
-58295 1233.9530029296875
-58285 1237.258056640625
-58275 1237.5140380859375
-58265 1239.1219482421875
-58255 1240.7640380859375
-58245 1243.470947265625
-58235 1248.9840087890625
-58225 1250.614990234375
-58215 1249.3389892578125
-58205 1245.4229736328125
-58195 1244.81298828125
-58185 1242.094970703125
-58175 1251.1700439453125
-58165 1262.8740234375
-58155 1270.029052734375
-58145 1276.906982421875
-58135 1281.199951171875
-58125 1284.27294921875
-58115 1288.011962890625
-58105 1291.0179443359375
-58095 1290.508056640625
-58085 1296.3990478515625
-58075 1300.0589599609375
-58065 1301.7120361328125
-58055 1303.5760498046875
-58045 1306.2049560546875
-58035 1310.864990234375
-58025 1316.0899658203125
-58015 1315.43505859375
-58005 1319.93896484375
-57995 1322.47998046875
-57985 1325.56396484375
-57975 1330.989013671875
-57965 1337.31201171875
-57955 1340.862060546875
-57945 1342.27099609375
-57935 1343.989990234375
-57925 1346.35302734375
-57915 1347.052001953125
-57905 1347.718017578125
-57895 1350.1920166015625
-57885 1351.68896484375
-57875 1352.698974609375
-57865 1355.1839599609375
-57855 1359.2550048828125
-57845 1364.447021484375
-57835 1364.780029296875
-57825 1365.9329833984375
-57815 1366.2440185546875
-57805 1365.333984375
-57795 1366.9210205078125
-57785 1366.9539794921875
-57775 1369.1510009765625
-57765 1369.5169677734375
-57755 1370.58203125
-57745 1370.1710205078125
-57735 1366.0889892578125
-57725 1363.27099609375
-57715 1362.8719482421875
-57705 1362.427978515625
-57695 1363.0379638671875
-57685 1361.739990234375
-57675 1355.4830322265625
-57665 1354.3179931640625
-57655 1351.7669677734375
-57645 1348.5050048828125
-57635 1347.18505859375
-57625 1344.967041015625
-57615 1341.7049560546875
-57605 1340.095947265625
-57595 1333.1739501953125
-57585 1326.6729736328125
-57575 1318.197998046875
-57565 1310.864990234375
-57555 1285.1390380859375
-57545 1269.031005859375
-57535 1253.133056640625
-57525 1239.5550537109375
-57515 1228.3170166015625
-57505 1210.7969970703125
-57495 1201.802001953125
-57485 1190.9859619140625
-57475 1183.18505859375
-57465 1176.91796875
-57455 1169.5269775390625
-57445 1162.85400390625
-57435 1155.886962890625
-57425 1146.2650146484375
-57415 1139.2430419921875
-57405 1130.801025390625
-57395 1124.7550048828125
-57385 1112.97705078125
-57375 1112.7550048828125
-57365 1116.386962890625
-57355 1122.9300537109375
-57345 1135.574951171875
-57335 1132.8470458984375
-57325 1152.14501953125
-57315 1156.93798828125
-57305 1162.595947265625
-57295 1166.6510009765625
-57285 1171.260009765625
-57275 1179.0560302734375
-57265 1195.386962890625
-57255 1203.6629638671875
-57245 1213.376953125
-57235 1213.7640380859375
-57225 1211.571044921875
-57215 1214.8699951171875
-57205 1218.5379638671875
-57195 1229.72705078125
-57185 1256.8399658203125
-57175 1273.135009765625
-57165 1281.741943359375
-57155 1294.593017578125
-57145 1294.571044921875
-57135 1299.7540283203125
-57125 1307.7869873046875
-57115 1314.31201171875
-57105 1319.8599853515625
-57095 1328.3800048828125
-57085 1332.135986328125
-57075 1336.083984375
-57065 1348.010009765625
-57055 1361.501953125
-57045 1375.677001953125
-57035 1400.6710205078125
-57025 1413.5550537109375
-57015 1420.9649658203125
-57005 1428.9090576171875
-56995 1437.2769775390625
-56985 1445.259033203125
-56975 1453.97705078125
-56965 1463.0460205078125
-56955 1471.4139404296875
-56945 1479.8929443359375
-56935 1489.845947265625
-56925 1499.1729736328125
-56915 1506.4169921875
-56905 1513.0889892578125
-56895 1518.968994140625
-56885 1524.5360107421875
-56875 1527.3189697265625
-56865 1527.3740234375
-56855 1527.5589599609375
-56845 1527.0419921875
-56835 1531.7239990234375
-56825 1532.3330078125
-56815 1529.2359619140625
-56805 1520.4990234375
-56795 1516.7939453125
-56785 1523.8909912109375
-56775 1523.5040283203125
-56765 1525.991943359375
-56755 1533.3280029296875
-56745 1542.303955078125
-56735 1555.18896484375
-56725 1564.571044921875
-56715 1570.39501953125
-56705 1574.635009765625
-56695 1590.0260009765625
-56685 1618.3740234375
-56675 1634.18896484375
-56665 1635.31298828125
-56655 1655.5340576171875
-56645 1668.43603515625
-56635 1674.64794921875
-56625 1684.6009521484375
-56615 1690.0389404296875
-56605 1691.5870361328125
-56595 1696.26904296875
-56585 1702.4990234375
-56575 1708.5450439453125
-56565 1711.7889404296875
-56555 1713.9090576171875
-56545 1716.2130126953125
-56535 1717.5030517578125
-56525 1717.0789794921875
-56515 1714.7010498046875
-56505 1710.0379638671875
-56495 1707.623046875
-56485 1709.0419921875
-56475 1709.4110107421875
-56465 1709.2080078125
-56455 1708.7110595703125
-56445 1708.489990234375
-56435 1705.761962890625
-56425 1709.3740234375
-56415 1714.1300048828125
-56405 1717.3370361328125
-56395 1716.987060546875
-56385 1712.8580322265625
-56375 1707.4759521484375
-56365 1698.112060546875
-56355 1691.6610107421875
-56345 1691.6240234375
-56335 1695.199951171875
-56325 1691.9010009765625
-56315 1687.2740478515625
-56305 1688.5269775390625
-56295 1690.666015625
-56285 1695.9930419921875
-56275 1704.822021484375
-56265 1712.7840576171875
-56255 1719.5489501953125
-56245 1728.0830078125
-56235 1737.741943359375
-56225 1750.3680419921875
-56215 1762.458984375
-56205 1768.52294921875
-56195 1774.8089599609375
-56185 1776.1180419921875
-56175 1774.8089599609375
-56165 1778.6429443359375
-56155 1787.4720458984375
-56145 1795.7110595703125
-56135 1801.572021484375
-56125 1808.4110107421875
-56115 1813.93994140625
-56105 1818.364013671875
-56095 1821.47900390625
-56085 1825.498046875
-56075 1829.6080322265625
-56065 1831.8570556640625
-56055 1830.0870361328125
-56045 1820.6309814453125
-56035 1809.239990234375
-56025 1803.6920166015625
-56015 1799.9139404296875
-56005 1790.4759521484375
-55995 1786.9189453125
-55985 1794.9549560546875
-55975 1805.0009765625
-55965 1813.93994140625
-55955 1823.303955078125
-55945 1831.9859619140625
-55935 1838.510986328125
-55925 1847.5240478515625
-55915 1850.27001953125
-55905 1851.6529541015625
-55895 1852.114013671875
-55885 1850.9339599609375
-55875 1843.8189697265625
-55865 1848.2430419921875
-55855 1858.5830078125
-55845 1865.7900390625
-55835 1871.0439453125
-55825 1876.6839599609375
-55815 1878.323974609375
-55805 1878.7110595703125
-55795 1877.4759521484375
-55785 1877.77099609375
-55775 1877.1080322265625
-55765 1870.72998046875
-55755 1864.51904296875
-55745 1863.873046875
-55735 1854.676025390625
-55725 1845.9200439453125
-55715 1841.5340576171875
-55705 1837.2939453125
-55695 1835.009033203125
-55685 1835.22998046875
-55675 1820.5389404296875
-55665 1817.5350341796875
-55655 1824.907958984375
-55645 1826.4010009765625
-55635 1831.9300537109375
-55625 1827.4139404296875
-55615 1835.654052734375
-55605 1842.1419677734375
-55595 1840.427978515625
-55585 1833.072998046875
-55575 1831.2850341796875
-55565 1826.824951171875
-55555 1830.5660400390625
-55545 1842.1419677734375
-55535 1852.0030517578125
-55525 1858.969970703125
-55515 1867.614990234375
-55505 1868.18701171875
-55495 1866.8409423828125
-55485 1869.2919921875
-55475 1871.927978515625
-55465 1870.7120361328125
-55455 1875.633056640625
-55445 1877.864013671875
-55435 1876.2049560546875
-55425 1883.8909912109375
-55415 1886.6190185546875
-55405 1882.029052734375
-55395 1871.8360595703125
-55385 1863.448974609375
-55375 1860.7950439453125
-55365 1857.7349853515625
-55355 1850.6939697265625
-55345 1845.4229736328125
-55335 1836.6669921875
-55325 1827.4510498046875
-55315 1824.4840087890625
-55305 1824.1700439453125
-55295 1825.3499755859375
-55285 1823.8389892578125
-55275 1821.6639404296875
-55265 1819.39599609375
-55255 1816.760986328125
-55245 1816.4659423828125
-55235 1813.7559814453125
-55225 1814.7330322265625
-55215 1814.8070068359375
-55205 1818.345947265625
-55195 1818.051025390625
-55185 1817.406005859375
-55175 1814.7149658203125
-55165 1816.7049560546875
-55155 1822.217041015625
-55145 1824.907958984375
-55135 1828.833984375
-55125 1830.4010009765625
-55115 1831.137939453125
-55105 1832.2249755859375
-55095 1833.6810302734375
-55085 1835.875
-55075 1839.0450439453125
-55065 1845.625
-55055 1852.593017578125
-55045 1857.93798828125
-55035 1863.6519775390625
-55025 1869.7349853515625
-55015 1873.14501953125
-55005 1876.6610107421875
-54995 1880.616943359375
-54985 1883.0999755859375
-54975 1886.093994140625
-54965 1884.7740478515625
-54955 1883.178955078125
-54945 1882.2919921875
-54935 1882.509033203125
-54925 1884.0849609375
-54915 1887.6510009765625
-54905 1892.260986328125
-54895 1897.8759765625
-54885 1901.7569580078125
-54875 1908.7110595703125
-54865 1911.843994140625
-54855 1919.053955078125
-54845 1920.2359619140625
-54835 1913.5970458984375
-54825 1910.2869873046875
-54815 1911.3709716796875
-54805 1913.7349853515625
-54795 1918.4239501953125
-54785 1924.906005859375
-54775 1933.259033203125
-54765 1938.47998046875
-54755 1943.031005859375
-54745 1950.300048828125
-54735 1956.487060546875
-54725 1961.4119873046875
-54715 1961.9639892578125
-54705 1959.718017578125
-54695 1953.748046875
-54685 1954.220947265625
-54675 1959.89501953125
-54665 1967.636962890625
-54655 1964.446044921875
-54645 1964.1309814453125
-54635 1962.08203125
-54625 1964.3280029296875
-54615 1964.031982421875
-54605 1959.48095703125
-54595 1955.126953125
-54585 1951.1669921875
-54575 1947.0889892578125
-54565 1942.06494140625
-54555 1937.218994140625
-54545 1931.7030029296875
-54535 1926.383056640625
-54525 1920.0589599609375
-54515 1914.18798828125
-54505 1908.178955078125
-54495 1901.56005859375
-54485 1896.0240478515625
-54475 1889.6009521484375
-54465 1882.3509521484375
-54455 1875.3179931640625
-54445 1869.467041015625
-54435 1864.6590576171875
-54425 1860.384033203125
-54415 1856.52294921875
-54405 1851.9320068359375
-54395 1847.7760009765625
-54385 1844.26904296875
-54375 1841.530029296875
-54365 1838.7919921875
-54355 1835.89599609375
-54345 1829.552001953125
-54335 1821.02099609375
-54325 1812.9830322265625
-54315 1807.8809814453125
-54305 1803.3489990234375
-54295 1802.18701171875
-54285 1802.8370361328125
-54275 1825.0989990234375
-54265 1829.0589599609375
-54255 1830.1820068359375
-54245 1830.1629638671875
-54235 1824.9420166015625
-54225 1813.791015625
-54215 1800.9659423828125
-54205 1791.094970703125
-54195 1781.7960205078125
-54185 1772.10302734375
-54175 1763.8489990234375
-54165 1755.988037109375
-54155 1747.574951171875
-54145 1736.0899658203125
-54135 1725.6090087890625
-54125 1715.2659912109375
-54115 1703.60205078125
-54105 1692.4520263671875
-54095 1682.501953125
-54085 1673.0660400390625
-54075 1663.844970703125
-54065 1653.6400146484375
-54055 1645.2669677734375
-54045 1636.10595703125
-54035 1626.6099853515625
-54025 1618.237060546875
-54015 1610.39599609375
-54005 1601.0579833984375
-53995 1591.20703125
-53985 1583.2679443359375
-53975 1576.115966796875
-53965 1569.8310546875
-53955 1565.10302734375
-53945 1557.4990234375
-53935 1548.6529541015625
-53925 1537.8759765625
-53915 1529.2669677734375
-53905 1520.282958984375
-53895 1513.5260009765625
-53885 1506.31494140625
-53875 1498.8280029296875
-53865 1491.5589599609375
-53855 1482.574951171875
-53845 1472.6650390625
-53835 1463.5830078125
-53825 1454.5989990234375
-53815 1445.7540283203125
-53805 1438.1290283203125
-53795 1430.4649658203125
-53785 1423.905029296875
-53775 1418.8609619140625
-53765 1410.2130126953125
-53755 1401.426025390625
-53745 1392.7569580078125
-53735 1382.2760009765625
-53725 1361.8070068359375
-53715 1354.3599853515625
-53705 1353.0789794921875
-53695 1349.612060546875
-53685 1347.89794921875
-53675 1348.134033203125
-53665 1347.385986328125
-53655 1350.9520263671875
-53645 1357.0789794921875
-53635 1363.303955078125
-53625 1369.35205078125
-53615 1372.56396484375
-53605 1376.6219482421875
-53595 1379.970947265625
-53585 1386.35400390625
-53575 1394.373046875
-53565 1402.5880126953125
-53555 1410.2320556640625
-53545 1416.8719482421875
-53535 1420.949951171875
-53525 1424.1610107421875
-53515 1428.988037109375
-53505 1436.887939453125
-53495 1440.4539794921875
-53485 1439.7640380859375
-53475 1445.8909912109375
-53465 1452.2149658203125
-53455 1458.737060546875
-53445 1462.302001953125
-53435 1468.9219970703125
-53425 1476.5660400390625
-53415 1482.10205078125
-53405 1490.0810546875
-53395 1497.68603515625
-53385 1506.39404296875
-53375 1513.801025390625
-53365 1521.4449462890625
-53355 1532.7340087890625
-53345 1539.531005859375
-53335 1547.5889892578125
-53325 1556.7099609375
-53315 1564.72900390625
-53305 1571.9990234375
-53295 1578.9329833984375
-53285 1586.7550048828125
-53275 1595.2850341796875
-53265 1604.3680419921875
-53255 1612.1300048828125
-53245 1622.0400390625
-53235 1629.22998046875
-53225 1637.1109619140625
-53215 1655.5909423828125
-53205 1667.5889892578125
-53195 1677.4000244140625
-53185 1682.20703125
-53175 1692.156005859375
-53165 1694.7569580078125
-53155 1701.6910400390625
-53145 1703.22802734375
-53135 1705.1590576171875
-53125 1701.3170166015625
-53115 1697.8690185546875
-53105 1695.012939453125
-53095 1691.64404296875
-53085 1686.718994140625
-53075 1687.9200439453125
-53065 1688.551025390625
-53055 1682.876953125
-53045 1680.886962890625
-53035 1679.2320556640625
-53025 1670.780029296875
-53015 1662.2889404296875
-53005 1655.551025390625
-52995 1650.9219970703125
-52985 1654.113037109375
-52975 1663.156005859375
-52965 1674.1290283203125
-52955 1682.2459716796875
-52945 1688.510986328125
-52935 1690.2249755859375
-52925 1690.93505859375
-52915 1682.718994140625
-52905 1677.0450439453125
-52895 1678.9560546875
-52885 1669.85400390625
-52875 1664.8900146484375
-52865 1670.760009765625
-52855 1682.739013671875
-52845 1707.8179931640625
-52835 1711.8570556640625
-52825 1713.177001953125
-52815 1715.009033203125
-52805 1724.386962890625
-52795 1722.6529541015625
-52785 1723.4410400390625
-52775 1737.488037109375
-52765 1743.123046875
-52755 1750.373046875
-52745 1753.6829833984375
-52735 1761.8780517578125
-52725 1766.863037109375
-52715 1771.3349609375
-52705 1783.1949462890625
-52695 1793.2430419921875
-52685 1802.9949951171875
-52675 1812.2740478515625
-52665 1818.5389404296875
-52655 1813.968017578125
-52645 1808.68798828125
-52635 1825.237060546875
-52625 1838.1219482421875
-52615 1847.0469970703125
-52605 1857.488037109375
-52595 1852.1300048828125
-52585 1866.156982421875
-52575 1868.697998046875
-52565 1866.531005859375
-52555 1879.4940185546875
-52545 1874.824951171875
-52535 1868.56005859375
-52525 1865.1519775390625
-52515 1860.56201171875
-52505 1854.9549560546875
-52495 1839.0760498046875
-52485 1836.93701171875
-52475 1836.5009765625
-52465 1821.551025390625
-52455 1817.64404296875
-52445 1812.2969970703125
-52435 1812.385009765625
-52425 1805.008056640625
-52415 1802.258056640625
-52405 1797.52294921875
-52395 1784.406005859375
-52385 1775.677001953125
-52375 1770.3079833984375
-52365 1773.56005859375
-52355 1788.574951171875
-52345 1801.364013671875
-52335 1780.02001953125
-52325 1754.0269775390625
-52315 1755.27099609375
-52305 1739.623046875
-52295 1730.43505859375
-52285 1721.4429931640625
-52275 1718.802978515625
-52265 1715.9000244140625
-52255 1704.9010009765625
-52245 1701.0159912109375
-52235 1699.1829833984375
-52225 1702.1290283203125
-52215 1708.04296875
-52205 1716.904052734375
-52195 1698.6810302734375
-52185 1700.7099609375
-52175 1682.4219970703125
-52165 1682.4649658203125
-52155 1683.468994140625
-52145 1671.79296875
-52135 1662.1689453125
-52125 1644.884033203125
-52115 1636.39404296875
-52105 1630.633056640625
-52095 1638.31494140625
-52085 1638.3590087890625
-52075 1630.3489990234375
-52065 1610.489013671875
-52055 1603.8759765625
-52045 1599.510986328125
-52035 1596.1290283203125
-52025 1593.008056640625
-52015 1584.9549560546875
-52005 1576.2030029296875
-51995 1572.384033203125
-51985 1568.2149658203125
-51975 1565.051025390625
-51965 1562.366943359375
-51955 1560.68603515625
-51945 1556.321044921875
-51935 1551.9560546875
-51925 1546.958984375
-51915 1541.634033203125
-51905 1536.2430419921875
-51895 1530.5030517578125
-51885 1524.3919677734375
-51875 1518.93603515625
-51865 1516.9940185546875
-51855 1515.8370361328125
-51845 1513.1090087890625
-51835 1511.06201171875
-51825 1508.678955078125
-51815 1504.68505859375
-51805 1501.656005859375
-51795 1498.9449462890625
-51785 1496.3480224609375
-51775 1498.4000244140625
-51765 1490.760986328125
-51755 1482.947998046875
-51745 1474.89501953125
-51735 1467.97705078125
-51725 1461.302978515625
-51715 1455.8690185546875
-51705 1450.696044921875
-51695 1445.126953125
-51685 1435.9210205078125
-51675 1426.9739990234375
-51665 1418.35302734375
-51655 1410.56201171875
-51645 1402.487060546875
-51635 1397.4229736328125
-51625 1394.95703125
-51615 1393.6259765625
-51605 1396.3759765625
-51595 1394.47705078125
-51585 1391.574951171875
-51575 1390.0909423828125
-51565 1388.6500244140625
-51555 1382.4959716796875
-51545 1376.0140380859375
-51535 1371.0159912109375
-51525 1368.8990478515625
-51515 1362.89794921875
-51505 1360.4320068359375
-51495 1354.4739990234375
-51485 1352.3780517578125
-51475 1353.3599853515625
-51465 1354.0150146484375
-51455 1352.6400146484375
-51445 1353.1639404296875
-51435 1352.26904296875
-51425 1355.4119873046875
-51415 1357.0050048828125
-51405 1362.198974609375
-51395 1368.6590576171875
-51385 1375.425048828125
-51375 1378.5240478515625
-51365 1382.5830078125
-51355 1387.64599609375
-51345 1392.27294921875
-51335 1397.6419677734375
-51325 1403.22900390625
-51315 1408.968994140625
-51305 1414.7960205078125
-51295 1421.64794921875
-51285 1428.3699951171875
-51275 1434.5469970703125
-51265 1438.60595703125
-51255 1443.385009765625
-51245 1448.0340576171875
-51235 1452.8310546875
-51225 1460.2340087890625
-51215 1468.3480224609375
-51205 1473.3890380859375
-51195 1478.2559814453125
-51185 1483.9300537109375
-51175 1489.16796875
-51165 1493.3580322265625
-51155 1499.010986328125
-51145 1504.70703125
-51135 1509.8580322265625
-51125 1514.7679443359375
-51115 1519.4169921875
-51105 1522.449951171875
-51095 1524.654052734375
-51085 1528.0589599609375
-51075 1529.3470458984375
-51065 1533.2750244140625
-51055 1537.137939453125
-51045 1540.8480224609375
-51035 1545.386962890625
-51025 1551.52001953125
-51015 1557.9580078125
-51005 1563.740966796875
-50995 1571.009033203125
-50985 1578.1669921875
-50975 1584.998046875
-50965 1591.89501953125
-50955 1598.988037109375
-50945 1605.7750244140625
-50935 1611.384033203125
-50925 1614.635986328125
-50915 1617.865966796875
-50905 1620.7239990234375
-50895 1622.5140380859375
-50885 1625.7440185546875
-50875 1629.322998046875
-50865 1633.0989990234375
-50855 1636.699951171875
-50845 1642.3740234375
-50835 1647.0450439453125
-50825 1654.7919921875
-50815 1662.5400390625
-50805 1669.52294921875
-50795 1673.18994140625
-50785 1675.3719482421875
-50775 1679.541015625
-50765 1683.3599853515625
-50755 1687.637939453125
-50745 1686.0439453125
-50735 1685.4329833984375
-50725 1686.4150390625
-50715 1693.0279541015625
-50705 1701.2779541015625
-50695 1701.343017578125
-50685 1698.7900390625
-50675 1699.1390380859375
-50665 1700.3179931640625
-50655 1704.2239990234375
-50645 1711.1419677734375
-50635 1718.781005859375
-50625 1716.31494140625
-50615 1714.1319580078125
-50605 1713.1939697265625
-50595 1712.6700439453125
-50585 1713.1280517578125
-50575 1714.43798828125
-50565 1711.2950439453125
-50555 1708.741943359375
-50545 1709.635986328125
-50535 1705.446044921875
-50525 1697.175048828125
-50515 1692.3299560546875
-50505 1687.0260009765625
-50495 1683.490966796875
-50485 1682.2030029296875
-50475 1680.196044921875
-50465 1683.512939453125
-50455 1680.8499755859375
-50445 1680.8280029296875
-50435 1681.81103515625
-50425 1680.45703125
-50415 1678.427978515625
-50405 1674.259033203125
-50395 1673.5169677734375
-50385 1673.364990234375
-50375 1670.614990234375
-50365 1670.177978515625
-50355 1668.97802734375
-50345 1666.2060546875
-50335 1668.6939697265625
-50325 1670.35302734375
-50315 1677.532958984375
-50305 1685.93505859375
-50295 1694.3809814453125
-50285 1709.0469970703125
-50275 1712.385986328125
-50265 1717.3399658203125
-50255 1722.1199951171875
-50245 1727.31396484375
-50235 1732.530029296875
-50225 1736.0870361328125
-50215 1740.8890380859375
-50205 1745.14404296875
-50195 1750.426025390625
-50185 1756.7330322265625
-50175 1761.3819580078125
-50165 1766.4449462890625
-50155 1772.2939453125
-50145 1777.488037109375
-50135 1782.6600341796875
-50125 1788.31298828125
-50115 1792.89599609375
-50105 1799.093994140625
-50095 1805.1829833984375
-50085 1810.0059814453125
-50075 1814.873046875
-50065 1820.0009765625
-50055 1828.1419677734375
-50045 1834.23095703125
-50035 1839.489990234375
-50025 1842.3060302734375
-50015 1851.5810546875
-50005 1860.4930419921875
-49995 1864.156005859375
-49985 1868.1929931640625
-49975 1873.2139892578125
-49965 1877.2509765625
-49955 1883.8990478515625
-49945 1890.10498046875
-49935 1897.2340087890625
-49925 1903.1190185546875
-49915 1908.782958984375
-49905 1913.7430419921875
-49895 1917.0369873046875
-49885 1921.3349609375
-49875 1931.759033203125
-49865 1941.0780029296875
-49855 1947.5250244140625
-49845 1953.0679931640625
-49835 1960.43896484375
-49825 1966.5240478515625
-49815 1972.5889892578125
-49805 1980.843994140625
-49795 1988.635986328125
-49785 1996.9510498046875
-49775 2006.873046875
-49765 2023.6629638671875
-49755 2037.3199462890625
-49745 2044.1080322265625
-49735 2054.010009765625
-49725 2064.43310546875
-49715 2078.633056640625
-49705 2090.52197265625
-49695 2101.20703125
-49685 2107.27197265625
-49675 2113.698974609375
-49665 2120.868896484375
-49655 2127.135009765625
-49645 2136.4140625
-49635 2145.15087890625
-49625 2152.761962890625
-49615 2159.551025390625
-49605 2166.821044921875
-49595 2173.930908203125
-49585 2181.623046875
-49575 2189.656982421875
-49565 2197.81103515625
-49555 2206.507080078125
-49545 2214.802001953125
-49535 2223.035888671875
-49525 2231.169921875
-49515 2235.75
-49505 2234.48388671875
-49495 2232.053955078125
-49485 2229.181884765625
-49475 2225.847900390625
-49465 2221.008056640625
-49455 2216.14697265625
-49445 2211.64892578125
-49435 2207.510986328125
-49425 2203.695068359375
-49415 2199.35693359375
-49405 2195.40087890625
-49395 2191.343994140625
-49385 2188.451904296875
-49375 2187.14599609375
-49365 2183.450927734375
-49355 2180.337890625
-49345 2175.739013671875
-49335 2169.89404296875
-49325 2165.51611328125
-49315 2158.64697265625
-49305 2152.02001953125
-49295 2144.287109375
-49285 2136.655029296875
-49275 2129.906982421875
-49265 2123.0380859375
-49255 2116.389892578125
-49245 2110.10400390625
-49235 2103.3359375
-49225 2096.326904296875
-49215 2090.240966796875
-49205 2083.512939453125
-49195 2076.824951171875
-49185 2070.618896484375
-49175 2064.092041015625
-49165 2058.427978515625
-49155 2051.861083984375
-49145 2044.22900390625
-49135 2036.656982421875
-49125 2029.2259521484375
-49115 2023.342041015625
-49105 2018.9830322265625
-49095 2010.2869873046875
-49085 2001.26904296875
-49075 1992.6929931640625
-49065 1988.35498046875
-49055 1982.9530029296875
-49045 1977.550048828125
-49035 1972.489013671875
-49025 1966.5040283203125
-49015 1961.6240234375
-49005 1958.3900146484375
-48995 1953.8509521484375
-48985 1949.6739501953125
-48975 1947.06298828125
-48965 1945.155029296875
-48955 1942.1619873046875
-48945 1936.8800048828125
-48935 1932.240966796875
-48925 1926.094970703125
-48915 1922.218994140625
-48905 1920.9940185546875
-48895 1918.9449462890625
-48885 1915.510986328125
-48875 1911.573974609375
-48865 1907.4169921875
-48855 1903.4599609375
-48845 1899.363037109375
-48835 1895.3470458984375
-48825 1891.2490234375
-48815 1887.4129638671875
-48805 1880.885986328125
-48795 1878.175048828125
-48785 1885.083984375
-48775 1887.573974609375
-48765 1886.9110107421875
-48755 1886.0279541015625
-48745 1884.60205078125
-48735 1882.613037109375
-48725 1879.0179443359375
-48715 1878.3759765625
-48705 1874.56005859375
-48695 1869.237060546875
-48685 1869.678955078125
-48675 1875.6839599609375
-48665 1876.22705078125
-48655 1876.447998046875
-48645 1875.8050537109375
-48635 1876.8890380859375
-48625 1879.9820556640625
-48615 1882.27197265625
-48605 1882.1309814453125
-48595 1882.1109619140625
-48585 1883.45703125
-48575 1885.4849853515625
-48565 1887.1719970703125
-48555 1888.5379638671875
-48545 1887.6739501953125
-48535 1888.237060546875
-48525 1889.6829833984375
-48515 1891.81201171875
-48505 1894.4429931640625
-48495 1895.10498046875
-48485 1895.989013671875
-48475 1900.3680419921875
-48465 1902.636962890625
-48455 1906.1319580078125
-48445 1909.2239990234375
-48435 1911.675048828125
-48425 1915.1290283203125
-48415 1917.43896484375
-48405 1920.31103515625
-48395 1922.3389892578125
-48385 1925.071044921875
-48375 1927.9029541015625
-48365 1931.8990478515625
-48355 1936.0770263671875
-48345 1940.012939453125
-48335 1943.8089599609375
-48325 1945.2149658203125
-48315 1952.2640380859375
-48305 1956.822998046875
-48295 1965.56005859375
-48285 1970.218994140625
-48275 1975.7430419921875
-48265 1979.41796875
-48255 1983.676025390625
-48245 1988.134033203125
-48235 1991.20703125
-48225 1996.3489990234375
-48215 2000.64697265625
-48205 2006.7919921875
-48195 2011.291015625
-48185 2015.529052734375
-48175 2017.958984375
-48165 2019.988037109375
-48155 2027.0970458984375
-48145 2032.6810302734375
-48135 2038.7860107421875
-48125 2044.1490478515625
-48115 2049.7119140625
-48105 2055.81689453125
-48095 2062.5859375
-48085 2069.43408203125
-48075 2077.06591796875
-48065 2084.31591796875
-48055 2092.12890625
-48045 2098.093994140625
-48035 2105.263916015625
-48025 2111.912109375
-48015 2119.06201171875
-48005 2125.889892578125
-47995 2131.172119140625
-47985 2137.47900390625
-47975 2142.580078125
-47965 2148.445068359375
-47955 2155.7548828125
-47945 2163.386962890625
-47935 2170.656982421875
-47925 2177.64599609375
-47915 2185.137939453125
-47905 2191.946044921875
-47895 2198.2529296875
-47885 2205.763916015625
-47875 2211.64892578125
-47865 2216.85009765625
-47855 2217.572998046875
-47845 2217.4130859375
-47835 2209.0380859375
-47825 2195.802001953125
-47815 2188.81298828125
-47805 2176.1201171875
-47795 2165.9580078125
-47785 2153.5458984375
-47775 2140.450927734375
-47765 2116.83203125
-47755 2105.5849609375
-47745 2100.02197265625
-47735 2094.840087890625
-47725 2091.867919921875
-47715 2101.7900390625
-47705 2109.06005859375
-47695 2107.552978515625
-47685 2102.091064453125
-47675 2091.02392578125
-47665 2084.51708984375
-47655 2078.653076171875
-47645 2086.64599609375
-47635 2086.324951171875
-47625 2079.777099609375
-47615 2082.589111328125
-47605 2098.777099609375
-47595 2104.360107421875
-47585 2109.64208984375
-47575 2105.0830078125
-47565 2108.89892578125
-47555 2113.8798828125
-47545 2122.717041015625
-47535 2126.33203125
-47525 2125.549072265625
-47515 2126.010986328125
-47505 2127.4140625
-47495 2130.7099609375
-47485 2133.01904296875
-47475 2138.154052734375
-47465 2141.697021484375
-47455 2145.486083984375
-47445 2149.81298828125
-47435 2151.2490234375
-47425 2149.678955078125
-47415 2137.10009765625
-47405 2125.013916015625
-47395 2116.739990234375
-47385 2101
-47375 2092.52392578125
-47365 2086.3359375
-47355 2090.73095703125
-47345 2099.498046875
-47335 2097.950927734375
-47325 2103.8701171875
-47315 2093.802001953125
-47305 2086.8291015625
-47295 2075.37109375
-47285 2067.052978515625
-47275 2057.388916015625
-47265 2048.9580078125
-47255 2042.8809814453125
-47245 2035.3699951171875
-47235 2030.458984375
-47225 2025.5260009765625
-47215 2020.3470458984375
-47205 2014.5400390625
-47195 2005.637939453125
-47185 1994.157958984375
-47175 1994.9649658203125
-47165 2000.279052734375
-47155 1993.282958984375
-47145 1998.0369873046875
-47135 1997.251953125
-47125 1997.2740478515625
-47115 1996.1309814453125
-47105 1995.301025390625
-47095 1995.7939453125
-47085 1995.7049560546875
-47075 1996.467041015625
-47065 1995.1219482421875
-47055 1994.718017578125
-47045 1993.0140380859375
-47035 1991.467041015625
-47025 1988.1929931640625
-47015 1984.426025390625
-47005 1979.0899658203125
-46995 1982.7449951171875
-46985 1980.7039794921875
-46975 1987.7449951171875
-46965 1990.7049560546875
-46955 1994.89794921875
-46945 2000.6600341796875
-46935 2003.41796875
-46925 2007.5660400390625
-46915 2012.1180419921875
-46905 2013.126953125
-46895 2019.449951171875
-46885 2023.0150146484375
-46875 2025.2349853515625
-46865 2030.43701171875
-46855 2032.7020263671875
-46845 2030.6390380859375
-46835 2029.2259521484375
-46825 2042.7239990234375
-46815 2049.51806640625
-46805 2049.56298828125
-46795 2048.7109375
-46785 2057.52294921875
-46775 2066.133056640625
-46765 2071.85107421875
-46755 2090.798095703125
-46745 2094.655029296875
-46735 2080.9990234375
-46725 2076.02099609375
-46715 2067.971923828125
-46705 2072.680908203125
-46695 2087.2099609375
-46685 2093.489013671875
-46675 2094.138916015625
-46665 2095.215087890625
-46655 2096.89697265625
-46645 2113.10791015625
-46635 2097.367919921875
-46625 2088.1298828125
-46615 2090.7529296875
-46605 2099.833984375
-46595 2117.548095703125
-46585 2106.179931640625
-46575 2112.47998046875
-46565 2116.35888671875
-46555 2118.041015625
-46545 2120.238037109375
-46535 2124.968994140625
-46525 2124.633056640625
-46515 2126.943115234375
-46505 2106.739990234375
-46495 2117.47998046875
-46485 2116.85302734375
-46475 2116.830078125
-46465 2116.965087890625
-46455 2115.6640625
-46445 2112.548095703125
-46435 2111.5830078125
-46425 2110.485107421875
-46415 2112.950927734375
-46405 2109.093994140625
-46395 2104.2958984375
-46385 2104.138916015625
-46375 2110.97802734375
-46365 2120.6201171875
-46355 2130.013916015625
-46345 2135.97900390625
-46335 2137.2119140625
-46325 2140.194091796875
-46315 2143.132080078125
-46305 2144.947998046875
-46295 2146.427978515625
-46285 2147.458984375
-46275 2149.52197265625
-46265 2149.072998046875
-46255 2148.26611328125
-46245 2148.803955078125
-46235 2147.7060546875
-46225 2146.89794921875
-46215 2145.912109375
-46205 2146.31591796875
-46195 2147.818115234375
-46185 2149.117919921875
-46175 2151.80908203125
-46165 2153.40087890625
-46155 2152.324951171875
-46145 2152.7060546875
-46135 2151.675048828125
-46125 2145.3740234375
-46115 2150.44091796875
-46105 2151.158935546875
-46095 2150.97900390625
-46085 2150.014892578125
-46075 2148.10888671875
-46065 2146.135986328125
-46055 2144.612060546875
-46045 2142.4140625
-46035 2139.47705078125
-46025 2137.951904296875
-46015 2137.257080078125
-46005 2136.674072265625
-45995 2135.486083984375
-45985 2134.700927734375
-45975 2133.84912109375
-45965 2132.928955078125
-45955 2133.06396484375
-45945 2134.700927734375
-45935 2135.7548828125
-45925 2136.965087890625
-45915 2138.9609375
-45905 2140.486083984375
-45895 2141.8310546875
-45885 2144.612060546875
-45875 2147.951904296875
-45865 2151.4951171875
-45855 2154.81396484375
-45845 2158.446044921875
-45835 2161.876953125
-45825 2166.2490234375
-45815 2170.62109375
-45805 2174.365966796875
-45795 2178.6708984375
-45785 2182.68505859375
-45775 2187.39306640625
-45765 2191.631103515625
-45755 2196.27197265625
-45745 2200.3759765625
-45735 2204.591064453125
-45725 2209.008056640625
-45715 2213.626953125
-45705 2218.134033203125
-45695 2221.833984375
-45685 2225.89208984375
-45675 2231.430908203125
-45665 2238
-45655 2243.60595703125
-45645 2250.153076171875
-45635 2255.3779296875
-45625 2262.531005859375
-45615 2267.73193359375
-45605 2284.818115234375
-45595 2303.8330078125
-45585 2308.25
-45575 2311.43408203125
-45565 2316.074951171875
-45555 2321.18701171875
-45545 2328.2060546875
-45535 2371.884033203125
-45525 2416.527099609375
-45515 2447.425048828125
-45505 2450.698974609375
-45495 2454.68994140625
-45485 2458.702880859375
-45475 2461.237060546875
-45465 2472.718017578125
-45455 2479.781005859375
-45445 2493.681884765625
-45435 2502.360107421875
-45425 2508.928955078125
-45415 2514.714111328125
-45405 2520.52197265625
-45395 2537.51806640625
-45385 2548.16796875
-45375 2555.5009765625
-45365 2558.639892578125
-45355 2560.322021484375
-45345 2565.613037109375
-45335 2572.31689453125
-45325 2580.366943359375
-45315 2590.052978515625
-45305 2595.972900390625
-45295 2599.112060546875
-45285 2600.72705078125
-45275 2595.45703125
-45265 2582.093994140625
-45255 2568.48291015625
-45245 2565.322021484375
-45235 2558.37109375
-45225 2544.37890625
-45215 2536.261962890625
-45205 2504.489990234375
-45195 2481.4619140625
-45185 2460.2509765625
-45175 2425.89990234375
-45165 2406.818115234375
-45155 2401.055908203125
-45145 2395.383056640625
-45135 2392.803955078125
-45125 2387.87109375
-45115 2382.2880859375
-45105 2376.10009765625
-45095 2370.62890625
-45085 2365.179931640625
-45075 2359.43994140625
-45065 2354.75390625
-45055 2350.26904296875
-45045 2346.12109375
-45035 2341.861083984375
-45025 2337.958984375
-45015 2333.60888671875
-45005 2330.173095703125
-44995 2326.26708984375
-44985 2322.572998046875
-44975 2319.23193359375
-44965 2316.596923828125
-44955 2313.490966796875
-44945 2311.162109375
-44935 2309.5849609375
-44925 2308.9970703125
-44915 2310.243896484375
-44905 2312.572998046875
-44895 2317.56201171875
-44885 2322.596923828125
-44875 2328.031982421875
-44865 2332.219970703125
-44855 2334.902099609375
-44845 2331.93798828125
-44835 2324.87890625
-44825 2317.77294921875
-44815 2309.514892578125
-44805 2301.77392578125
-44795 2297.18603515625
-44785 2295.248046875
-44775 2295.389892578125
-44765 2290.40087890625
-44755 2284.447998046875
-44745 2274.49609375
-44735 2266.095947265625
-44725 2261.177978515625
-44715 2258.54296875
-44705 2255.885009765625
-44695 2254.37890625
-44685 2253.60205078125
-44675 2253.343017578125
-44665 2253.0380859375
-44655 2253.155029296875
-44645 2253.4140625
-44635 2254.68505859375
-44625 2254.37890625
-44615 2252.56689453125
-44605 2249.013916015625
-44595 2248.989990234375
-44585 2248.02587890625
-44575 2246.56689453125
-44565 2244.637939453125
-44555 2244.238037109375
-44545 2243.6259765625
-44535 2241.178955078125
-44525 2239.508056640625
-44515 2237.6259765625
-44505 2231.673095703125
-44495 2228.637939453125
-44485 2223.132080078125
-44475 2217.720947265625
-44465 2219.509033203125
-44455 2216.427001953125
-44445 2214.990966796875
-44435 2211.509033203125
-44425 2205.156005859375
-44415 2200.403076171875
-44405 2195.862060546875
-44395 2191.7451171875
-44385 2187.839111328125
-44375 2185.4619140625
-44365 2185.510009765625
-44355 2184.757080078125
-44345 2184.239013671875
-44335 2182.614990234375
-44325 2181.674072265625
-44315 2180.239013671875
-44305 2180.592041015625
-44295 2181.0390625
-44285 2181.626953125
-44275 2183.22705078125
-44265 2183.697998046875
-44255 2184.00390625
-44245 2184.051025390625
-44235 2185.39208984375
-44225 2187.65087890625
-44215 2186.968017578125
-44205 2185.674072265625
-44195 2182.85107421875
-44185 2178.9208984375
-44175 2171.510009765625
-44165 2163.2041015625
-44155 2157.0400390625
-44145 2148.239990234375
-44135 2142.239990234375
-44125 2138.639892578125
-44115 2134.5458984375
-44105 2131.180908203125
-44095 2127.79296875
-44085 2125.111083984375
-44075 2121.510986328125
-44065 2119.322998046875
-44055 2118.35791015625
-44045 2118.616943359375
-44035 2118.616943359375
-44025 2118.52294921875
-44015 2116.287109375
-44005 2114.8759765625
-43995 2113.27587890625
-43985 2111.58203125
-43975 2107.74609375
-43965 2103.251953125
-43955 2098.6640625
-43945 2094.805908203125
-43935 2089.39404296875
-43925 2086.64111328125
-43915 2080.8759765625
-43905 2074.240966796875
-43895 2068.31201171875
-43885 2053.98291015625
-43875 2043.10498046875
-43865 2034.56396484375
-43855 2026.3759765625
-43845 2018.8929443359375
-43835 2011.623046875
-43825 2005.4110107421875
-43815 2004.8699951171875
-43805 2004.56396484375
-43795 2003.928955078125
-43785 2002.9169921875
-43775 2001.717041015625
-43765 2000.3759765625
-43755 2000.7760009765625
-43745 2002.988037109375
-43735 2000.988037109375
-43725 2000.35302734375
-43715 2000.469970703125
-43705 1999.906005859375
-43695 1999.4820556640625
-43685 1999.529052734375
-43675 1998.3289794921875
-43665 1997.08203125
-43655 1996.5169677734375
-43645 1996.3289794921875
-43635 1994.3759765625
-43625 1990.1650390625
-43615 1989.1290283203125
-43605 1987.011962890625
-43595 1982.4940185546875
-43585 1978.2349853515625
-43575 1974.3060302734375
-43565 1971.27099609375
-43555 1968.093994140625
-43545 1965.0589599609375
-43535 1961.8360595703125
-43525 1958.3070068359375
-43515 1955.154052734375
-43505 1951.530029296875
-43495 1948.5179443359375
-43485 1944.635986328125
-43475 1941.4599609375
-43465 1937.906982421875
-43455 1936.166015625
-43445 1934.6829833984375
-43435 1933.1300048828125
-43425 1931.741943359375
-43415 1930.2130126953125
-43405 1929.3189697265625
-43395 1927.8370361328125
-43385 1926.3310546875
-43375 1925.012939453125
-43365 1923.4599609375
-43355 1921.4129638671875
-43345 1920.0009765625
-43335 1917.43701171875
-43325 1916.2130126953125
-43315 1915.4599609375
-43305 1913.4129638671875
-43295 1911.60205078125
-43285 1910.3070068359375
-43275 1908.7779541015625
-43265 1907.3189697265625
-43255 1906.5660400390625
-43245 1905.3900146484375
-43235 1904.001953125
-43225 1903.5780029296875
-43215 1903.3900146484375
-43205 1902.824951171875
-43195 1902.1429443359375
-43185 1899.5550537109375
-43175 1900.51904296875
-43165 1900.73095703125
-43155 1900.001953125
-43145 1896.2139892578125
-43135 1893.343017578125
-43125 1896.260986328125
-43115 1895.177978515625
-43105 1893.5550537109375
-43095 1892.4959716796875
-43085 1890.9200439453125
-43075 1889.177978515625
-43065 1887.6729736328125
-43055 1886.18994140625
-43045 1883.885009765625
-43035 1882.8260498046875
-43025 1881.155029296875
-43015 1878.614013671875
-43005 1877.366943359375
-42995 1875.791015625
-42985 1874.5909423828125
-42975 1872.802001953125
-42965 1872.7320556640625
-42955 1875.7669677734375
-42945 1878.5899658203125
-42935 1879.719970703125
-42925 1883.3199462890625
-42915 1889.366943359375
-42905 1891.9549560546875
-42895 1890.989990234375
-42885 1892.2139892578125
-42875 1895.06103515625
-42865 1900.4019775390625
-42855 1902.0489501953125
-42845 1901.8609619140625
-42835 1902.425048828125
-42825 1903.7900390625
-42815 1905.1309814453125
-42805 1902.0489501953125
-42795 1901.1309814453125
-42785 1901.2960205078125
-42775 1904.9659423828125
-42765 1904.7550048828125
-42755 1906.73095703125
-42745 1906.989990234375
-42735 1908.51904296875
-42725 1909.6719970703125
-42715 1910.7550048828125
-42705 1910.802001953125
-42695 1911.7659912109375
-42685 1914.3780517578125
-42675 1915.6009521484375
-42665 1912.4720458984375
-42655 1913.06005859375
-42645 1916.89599609375
-42635 1922.425048828125
-42625 1925.625
-42615 1928.9659423828125
-42605 1933.248046875
-42595 1937.9539794921875
-42585 1942.3299560546875
-42575 1948.376953125
-42565 1955.6710205078125
-42555 1962.801025390625
-42545 1970.1650390625
-42535 1978.7060546875
-42525 1988.9649658203125
-42515 2005.364013671875
-42505 2013.6280517578125
-42495 2023.7249755859375
-42485 2033.9449462890625
-42475 2040.802001953125
-42465 2047.0770263671875
-42455 2052.656982421875
-42445 2055.587890625
-42435 2057.87890625
-42425 2059.419921875
-42415 2059.176025390625
-42405 2057.541015625
-42395 2059.889892578125
-42385 2061.805908203125
-42375 2068.06201171875
-42365 2071.179931640625
-42355 2075.575927734375
-42345 2077.916015625
-42335 2075.173095703125
-42325 2083.166015625
-42315 2088.012939453125
-42305 2090.549072265625
-42295 2092.72900390625
-42285 2094.822998046875
-42275 2094.85205078125
-42265 2094.06298828125
-42255 2093.4140625
-42245 2093.93994140625
-42235 2096.908935546875
-42225 2102.158935546875
-42215 2105.569091796875
-42205 2107.5791015625
-42195 2111.073974609375
-42185 2113.4970703125
-42175 2121.613037109375
-42165 2125.446044921875
-42155 2129.221923828125
-42145 2136.4541015625
-42135 2139.028076171875
-42125 2141.451904296875
-42115 2149.285888671875
-42105 2155.428955078125
-42095 2158.94189453125
-42085 2160.669921875
-42075 2162.0791015625
-42065 2168.31591796875
-42055 2179.4189453125
-42045 2187.14111328125
-42035 2186.464111328125
-42025 2184.06005859375
-42015 2184.22900390625
-42005 2183.1201171875
-41995 2178.930908203125
-41985 2179.306884765625
-41975 2188.906982421875
-41965 2189.99609375
-41955 2198.037109375
-41945 2202.696044921875
-41935 2208.33203125
-41925 2212.1650390625
-41915 2215.56494140625
-41905 2220.52392578125
-41895 2226.72412109375
-41885 2232.2470703125
-41875 2246.242919921875
-41865 2256.594970703125
-41855 2255.9560546875
-41845 2265.34912109375
-41835 2276.94091796875
-41825 2296.028076171875
-41815 2341.077880859375
-41805 2362.907958984375
-41795 2374.0859375
-41785 2383.68603515625
-41775 2392.458984375
-41765 2405.6669921875
-41755 2426.35009765625
-41745 2432.174072265625
-41735 2428.7548828125
-41725 2423.10009765625
-41715 2431.159912109375
-41705 2435.593994140625
-41695 2416.14892578125
-41685 2410.927001953125
-41675 2404.821044921875
-41665 2393.173095703125
-41655 2395.69091796875
-41645 2393.3798828125
-41635 2386.485107421875
-41625 2386.654052734375
-41615 2399.110107421875
-41605 2402.05908203125
-41595 2399.409912109375
-41585 2394.56298828125
-41575 2395.596923828125
-41565 2394.0380859375
-41555 2390.693115234375
-41545 2406.549072265625
-41535 2440.384033203125
-41525 2448.9130859375
-41515 2458.719970703125
-41505 2461.64990234375
-41495 2499.552001953125
-41485 2494.987060546875
-41475 2499.862060546875
-41465 2502.85888671875
-41455 2498.697998046875
-41445 2496.0859375
-41435 2493.032958984375
-41425 2487.302978515625
-41415 2478.14501953125
-41405 2468.056884765625
-41395 2459.9599609375
-41385 2452.33203125
-41375 2444.705078125
-41365 2438.7119140625
-41355 2437.866943359375
-41345 2436.10107421875
-41335 2434.297119140625
-41325 2430.5400390625
-41315 2423.719970703125
-41305 2416.112060546875
-41295 2411.489990234375
-41285 2408.52197265625
-41275 2404.876953125
-41265 2400.51904296875
-41255 2396.818115234375
-41245 2393.98095703125
-41235 2391.89599609375
-41225 2391.782958984375
-41215 2395.577880859375
-41205 2401.8720703125
-41195 2408.784912109375
-41185 2415.529052734375
-41175 2423.382080078125
-41165 2438.9560546875
-41155 2462.6650390625
-41145 2478.407958984375
-41135 2470.048095703125
-41125 2459.376953125
-41115 2439.48193359375
-41105 2432.681884765625
-41095 2420.489013671875
-41085 2393.39892578125
-41075 2410.25
-41065 2434.842041015625
-41055 2433.075927734375
-41045 2432.080078125
-41035 2431.365966796875
-41025 2430.971923828125
-41015 2431.178955078125
-41005 2427.215087890625
-40995 2427.797119140625
-40985 2426.669921875
-40975 2427.43994140625
-40965 2427.345947265625
-40955 2424.302978515625
-40945 2424.583984375
-40935 2439.72705078125
-40925 2458.739013671875
-40915 2447.748046875
-40905 2439.802001953125
-40895 2433.0390625
-40885 2427.177001953125
-40875 2421.409912109375
-40865 2416.14892578125
-40855 2412.2041015625
-40845 2411.56494140625
-40835 2413.031005859375
-40825 2412.93701171875
-40815 2412.52294921875
-40805 2410.758056640625
-40795 2408.032958984375
-40785 2403.242919921875
-40775 2398.80908203125
-40765 2396.89306640625
-40755 2394.99609375
-40745 2394.4130859375
-40735 2397.194091796875
-40725 2395.69091796875
-40715 2394.39501953125
-40705 2391.89599609375
-40695 2390.675048828125
-40685 2390.73095703125
-40675 2388.777099609375
-40665 2387.72509765625
-40655 2388.23193359375
-40645 2392.47802734375
-40635 2395.37109375
-40625 2397.363037109375
-40615 2399.279052734375
-40605 2399.01611328125
-40595 2397.47509765625
-40585 2395.87890625
-40575 2395.7470703125
-40565 2396.47998046875
-40555 2398.076904296875
-40545 2401.344970703125
-40535 2403.993896484375
-40525 2406.43701171875
-40515 2409.27294921875
-40505 2413.969970703125
-40495 2416.52490234375
-40485 2418.798095703125
-40475 2417.595947265625
-40465 2414.06396484375
-40455 2411.998046875
-40445 2410.324951171875
-40435 2410.26904296875
-40425 2409.85595703125
-40415 2409.4609375
-40405 2409.06689453125
-40395 2415.322998046875
-40385 2417.258056640625
-40375 2420.93994140625
-40365 2424.416015625
-40355 2427.760009765625
-40345 2435.14306640625
-40335 2429.52490234375
-40325 2413.068115234375
-40315 2395.427978515625
-40305 2396.3291015625
-40295 2398.846923828125
-40285 2400.011962890625
-40275 2399.674072265625
-40265 2397.587890625
-40255 2394.113037109375
-40245 2392.47802734375
-40235 2389.02099609375
-40225 2386.804931640625
-40215 2386.31591796875
-40205 2386.202880859375
-40195 2385.5458984375
-40185 2385.470947265625
-40175 2383.27294921875
-40165 2382.48388671875
-40155 2383.423095703125
-40145 2383.51708984375
-40135 2387.367919921875
-40125 2390.35498046875
-40115 2391.14404296875
-40105 2392.798095703125
-40095 2394.131103515625
-40085 2394.638916015625
-40075 2394.99609375
-40065 2394.488037109375
-40055 2393.85009765625
-40045 2393.510986328125
-40035 2396.47998046875
-40025 2400.180908203125
-40015 2404.48291015625
-40005 2408.405029296875
-39995 2412.425048828125
-39985 2417.10205078125
-39975 2422.5830078125
-39965 2428.37890625
-39955 2434.43505859375
-39945 2440.56494140625
-39935 2446.785888671875
-39925 2452.885986328125
-39915 2458.988037109375
-39905 2488
-39895 2491.333984375
-39885 2512.717041015625
-39875 2506.7060546875
-39865 2515.3349609375
-39855 2505.0419921875
-39845 2499.135009765625
-39835 2495.60791015625
-39825 2478.72900390625
-39815 2467.818115234375
-39805 2461.531005859375
-39795 2450.8798828125
-39785 2447.053955078125
-39775 2443.033935546875
-39765 2438.798095703125
-39755 2434.905029296875
-39745 2431.39892578125
-39735 2428.14697265625
-39725 2426.111083984375
-39715 2425.090087890625
-39705 2425.112060546875
-39695 2425.68603515625
-39685 2424.365966796875
-39675 2421.905029296875
-39665 2417.676025390625
-39655 2416.632080078125
-39645 2417.027099609375
-39635 2415.490966796875
-39625 2413.902099609375
-39615 2412.425048828125
-39605 2418.376953125
-39595 2429.8701171875
-39585 2434.10693359375
-39575 2438.26806640625
-39565 2434.64404296875
-39555 2404.654052734375
-39545 2416.89306640625
-39535 2406.988037109375
-39525 2396.912109375
-39515 2411.322021484375
-39505 2438.35791015625
-39495 2435.5390625
-39485 2428.7509765625
-39475 2421.262939453125
-39465 2413.24609375
-39455 2391.951904296875
-39445 2378.527099609375
-39435 2375.552001953125
-39425 2371.010009765625
-39415 2367.318115234375
-39405 2363.6259765625
-39395 2359.009033203125
-39385 2354.742919921875
-39375 2349.260986328125
-39365 2343.623046875
-39355 2338.633056640625
-39345 2333.81494140625
-39335 2330.35400390625
-39325 2327.04296875
-39315 2323.194091796875
-39305 2318.801025390625
-39295 2313.281982421875
-39285 2307.174072265625
-39275 2300.842041015625
-39265 2293.070068359375
-39255 2290.14599609375
-39245 2283.135986328125
-39235 2276.7890625
-39225 2274.27490234375
-39215 2267.943115234375
-39205 2261.864990234375
-39195 2255.614990234375
-39185 2249.06591796875
-39175 2242.6220703125
-39165 2236.327880859375
-39155 2230.465087890625
-39145 2224.2451171875
-39135 2218.94189453125
-39125 2213.468017578125
-39115 2208.381103515625
-39105 2203.27197265625
-39095 2200.655029296875
-39085 2197.864990234375
-39075 2196.06005859375
-39065 2193.674072265625
-39055 2191.153076171875
-39045 2189.18408203125
-39035 2187.825927734375
-39025 2186.85693359375
-39015 2185.364990234375
-39005 2185.722900390625
-38995 2187.110107421875
-38985 2185.552001953125
-38975 2187.199951171875
-38965 2187.012939453125
-38955 2187.2890625
-38945 2189.093994140625
-38935 2188.677001953125
-38925 2188.094970703125
-38915 2187.803955078125
-38905 2189.876953125
-38895 2191.10009765625
-38885 2191.80908203125
-38875 2192.636962890625
-38865 2192.2119140625
-38855 2192.449951171875
-38845 2189.89990234375
-38835 2186.447021484375
-38825 2184.31298828125
-38815 2182.18798828125
-38805 2178.60791015625
-38795 2176.7509765625
-38785 2174.797119140625
-38775 2171.81298828125
-38765 2169.166015625
-38755 2166.52490234375
-38745 2164.25
-38735 2163.6240234375
-38725 2161.221923828125
-38715 2157.195068359375
-38705 2152.302001953125
-38695 2149.989990234375
-38685 2150.8701171875
-38675 2148.84912109375
-38665 2145.85791015625
-38655 2144.195068359375
-38645 2142.010009765625
-38635 2141.263916015625
-38625 2140.868896484375
-38615 2138.027099609375
-38605 2135.2451171875
-38595 2133.77587890625
-38585 2131.93408203125
-38575 2126.97412109375
-38565 2123.85595703125
-38555 2121.200927734375
-38545 2120.008056640625
-38535 2119.85107421875
-38525 2117.240966796875
-38515 2114.153076171875
-38505 2111.199951171875
-38495 2108.3359375
-38485 2104.301025390625
-38475 2100.72802734375
-38465 2100.2060546875
-38455 2098.841064453125
-38445 2096.052001953125
-38435 2091.822998046875
-38425 2086.85595703125
-38415 2081.3740234375
-38405 2078.240966796875
-38395 2079.196044921875
-38385 2083.343017578125
-38375 2082.985107421875
-38365 2083.589111328125
-38355 2081.052978515625
-38345 2079.02490234375
-38335 2078.949951171875
-38325 2076.10791015625
-38315 2068.970947265625
-38305 2063.137939453125
-38295 2061.863037109375
-38285 2057.3359375
-38275 2053.0029296875
-38265 2049.3779296875
-38255 2045.260986328125
-38245 2040.7640380859375
-38235 2035.3409423828125
-38225 2030.85205078125
-38215 2028.56201171875
-38205 2024.489990234375
-38195 2021.3349609375
-38185 2017.89599609375
-38175 2009.7740478515625
-38165 2005.8590087890625
-38155 1978.1739501953125
-38145 1966.4720458984375
-38135 1958.625
-38125 1949.01904296875
-38115 1940.1209716796875
-38105 1933.364013671875
-38095 1927.301025390625
-38085 1922.1319580078125
-38075 1917.791015625
-38065 1916.6719970703125
-38055 1914.762939453125
-38045 1912.43603515625
-38035 1909.5350341796875
-38025 1907.095947265625
-38015 1905.7540283203125
-38005 1905.08203125
-37995 1904.0460205078125
-37985 1903.2249755859375
-37975 1902.7550048828125
-37965 1901.905029296875
-37955 1901.0770263671875
-37945 1899.8690185546875
-37935 1898.4300537109375
-37925 1897.0050048828125
-37915 1895.8709716796875
-37905 1896.4610595703125
-37895 1895.81201171875
-37885 1895.3270263671875
-37875 1894.5059814453125
-37865 1894.177978515625
-37855 1894.68505859375
-37845 1898.4820556640625
-37835 1902.166015625
-37825 1906.97705078125
-37815 1910.56396484375
-37805 1916.739990234375
-37795 1920.625
-37785 1923.4000244140625
-37775 1925.4429931640625
-37765 1928.45703125
-37755 1931.656005859375
-37745 1936.197998046875
-37735 1940.3819580078125
-37725 1944.238037109375
-37715 1949.9139404296875
-37705 1953.739990234375
-37695 1957.5069580078125
-37685 1962.876953125
-37675 1980.3890380859375
-37665 1997.594970703125
-37655 2000.623046875
-37645 2007.73095703125
-37635 2013.33203125
-37625 2011.93701171875
-37615 2010.333984375
-37605 1999.72802734375
-37595 1982.6490478515625
-37585 1975.406982421875
-37575 1967.4339599609375
-37565 1959.31201171875
-37555 1951.5770263671875
-37545 1941.7249755859375
-37535 1933.1109619140625
-37525 1928.531005859375
-37515 1926.0849609375
-37505 1927.51904296875
-37495 1929.3089599609375
-37485 1931.011962890625
-37475 1931.1400146484375
-37465 1930.7230224609375
-37455 1927.3819580078125
-37445 1926.258056640625
-37435 1924.10595703125
-37425 1920.89404296875
-37415 1917.553955078125
-37405 1915.594970703125
-37395 1916.1409912109375
-37385 1914.9520263671875
-37375 1914.85595703125
-37365 1914.43798828125
-37355 1913.1219482421875
-37345 1911.259033203125
-37335 1909.8780517578125
-37325 1901.0450439453125
-37315 1896.0340576171875
-37305 1889.8349609375
-37295 1883.8289794921875
-37285 1878.657958984375
-37275 1880.3280029296875
-37265 1880.071044921875
-37255 1884.2469482421875
-37245 1886.1739501953125
-37235 1890.7349853515625
-37225 1892.2120361328125
-37215 1895.488037109375
-37205 1900.948974609375
-37195 1917.008056640625
-37185 1940.3580322265625
-37175 1951.375
-37165 1969.10498046875
-37155 1973.9549560546875
-37145 1980.5069580078125
-37135 1981.9520263671875
-37125 1983.39794921875
-37115 1979.800048828125
-37105 1981.02099609375
-37095 1990.5279541015625
-37085 1988.5050048828125
-37075 1990.1429443359375
-37065 1993.5150146484375
-37055 1993.7080078125
-37045 2005.2060546875
-37035 2014.2320556640625
-37025 2020.238037109375
-37015 2025.4730224609375
-37005 2027.593017578125
-36995 2064.947021484375
-36985 2095.7490234375
-36975 2099.1220703125
-36965 2119.903076171875
-36955 2131.593994140625
-36945 2131.883056640625
-36935 2132.556884765625
-36925 2132.75
-36915 2131.048095703125
-36905 2141.51904296875
-36895 2165.8330078125
-36885 2240.701904296875
-36875 2312.736083984375
-36865 2347.360107421875
-36855 2358.634033203125
-36845 2355.742919921875
-36835 2353.302001953125
-36825 2377.262939453125
-36815 2379.25390625
-36805 2420.68798828125
-36795 2437.742919921875
-36785 2460.611083984375
-36775 2488.68310546875
-36765 2500.696044921875
-36755 2507.407958984375
-36745 2515.56689453125
-36735 2527.0009765625
-36725 2534.677001953125
-36715 2547.236083984375
-36705 2552.052978515625
-36695 2549.64501953125
-36685 2548.1669921875
-36675 2544.5380859375
-36665 2540.68408203125
-36655 2538.756103515625
-36645 2507.02294921875
-36635 2507.054931640625
-36625 2499.73193359375
-36615 2479.56103515625
-36605 2474.904052734375
-36595 2437.550048828125
-36585 2459.5830078125
-36575 2467.452880859375
-36565 2490.8349609375
-36555 2502.14111328125
-36545 2513.83203125
-36535 2535.76904296875
-36525 2539.077880859375
-36515 2557.64208984375
-36505 2564.259033203125
-36495 2574.85791015625
-36485 2573.47705078125
-36475 2582.02099609375
-36465 2582.72705078125
-36455 2596.31298828125
-36445 2593.487060546875
-36435 2590.69189453125
-36425 2586.741943359375
-36415 2582.3740234375
-36405 2582.052001953125
-36395 2577.68408203125
-36385 2576.592041015625
-36375 2570.970947265625
-36365 2571.4208984375
-36355 2570.39306640625
-36345 2571.452880859375
-36335 2559.1201171875
-36325 2558.701904296875
-36315 2554.4951171875
-36305 2552.6640625
-36295 2549.677001953125
-36285 2546.4970703125
-36275 2546.818115234375
-36265 2541.51904296875
-36255 2541.197021484375
-36245 2536.3798828125
-36235 2532.845947265625
-36225 2525.94091796875
-36215 2529.18505859375
-36205 2521.123046875
-36195 2523.242919921875
-36185 2522.3759765625
-36175 2516.304931640625
-36165 2515.72705078125
-36155 2512.097900390625
-36145 2511.294921875
-36135 2507.118896484375
-36125 2502.55810546875
-36115 2497.965087890625
-36105 2493.114990234375
-36095 2487.429931640625
-36085 2483.47998046875
-36075 2480.492919921875
-36065 2473.68408203125
-36055 2466.64990234375
-36045 2463.822998046875
-36035 2454.218994140625
-36025 2455.824951171875
-36015 2447.827880859375
-36005 2444.583984375
-35995 2443.555908203125
-35985 2440.666015625
-35975 2446.221923828125
-35965 2464.947021484375
-35955 2472.592041015625
-35945 2479.43310546875
-35935 2488.81201171875
-35925 2484.31494140625
-35915 2473.427001953125
-35905 2482.22705078125
-35895 2482.033935546875
-35885 2472.6240234375
-35875 2474.2939453125
-35865 2456.5
-35855 2452.485107421875
-35845 2433.952880859375
-35835 2426.243896484375
-35825 2410.18505859375
-35815 2397.304931640625
-35805 2385.51708984375
-35795 2375.27099609375
-35785 2360.14404296875
-35775 2353.591064453125
-35765 2347.593017578125
-35755 2341.803955078125
-35745 2335.282958984375
-35735 2322.5
-35725 2315.12109375
-35715 2309.0419921875
-35705 2305.47705078125
-35695 2298.763916015625
-35685 2293.408935546875
-35675 2289.362060546875
-35665 2287.7880859375
-35655 2285.090087890625
-35645 2284.992919921875
-35635 2284.511962890625
-35625 2284.222900390625
-35615 2288.076904296875
-35605 2297.06201171875
-35595 2301.912109375
-35585 2317.715087890625
-35575 2308.343994140625
-35565 2302.330078125
-35555 2319.576904296875
-35545 2325.197998046875
-35535 2334.616943359375
-35525 2348.837890625
-35515 2354.971923828125
-35505 2330.68994140625
-35495 2316.469970703125
-35485 2308.60107421875
-35475 2300.658935546875
-35465 2292.532958984375
-35455 2284.632080078125
-35445 2276.8349609375
-35435 2265.048095703125
-35425 2253.2919921875
-35415 2240.445068359375
-35405 2227.468994140625
-35395 2214.75
-35385 2209.160888671875
-35375 2202.222900390625
-35365 2195.76708984375
-35355 2189.633056640625
-35345 2183.787109375
-35335 2177.427001953125
-35325 2171.58203125
-35315 2165.928955078125
-35305 2159.85791015625
-35295 2154.4619140625
-35285 2148.39208984375
-35275 2142.70703125
-35265 2137.279052734375
-35255 2131.6259765625
-35245 2126.0048828125
-35235 2120.7060546875
-35225 2116.3369140625
-35215 2109.464111328125
-35205 2105.7060546875
-35195 2102.011962890625
-35185 2099.47509765625
-35175 2096.262939453125
-35165 2096.0380859375
-35155 2096.712890625
-35145 2096.294921875
-35135 2093.822021484375
-35125 2088.618896484375
-35115 2083.9619140625
-35105 2078.886962890625
-35095 2074.64697265625
-35085 2068.833984375
-35075 2067.677001953125
-35065 2068.222900390625
-35055 2066.616943359375
-35045 2063.597900390625
-35035 2062.3779296875
-35025 2059.743896484375
-35015 2057.81689453125
-35005 2055.306884765625
-34995 2053.0419921875
-34985 2050.697021484375
-34975 2049.41796875
-34965 2046.512939453125
-34955 2050.1640625
-34945 2042.2769775390625
-34935 2039.77197265625
-34925 2036.8409423828125
-34915 2035.8280029296875
-34905 2035.66796875
-34895 2037.47998046875
-34885 2038.6259765625
-34875 2039.0789794921875
-34865 2041.3709716796875
-34855 2041.3709716796875
-34845 2040.7039794921875
-34835 2038.2259521484375
-34825 2038.865966796875
-34815 2038.14599609375
-34805 2039.052001953125
-34795 2037.3199462890625
-34785 2036.281005859375
-34775 2034.948974609375
-34765 2034.9219970703125
-34755 2034.4429931640625
-34745 2032.3370361328125
-34735 2031.0579833984375
-34725 2029.8590087890625
-34715 2027.9940185546875
-34705 2027.5679931640625
-34695 2025.0889892578125
-34685 2020.77294921875
-34675 2015.9229736328125
-34665 2011.3929443359375
-34655 2006.7030029296875
-34645 2000.387939453125
-34635 1994.845947265625
-34625 1989.782958984375
-34615 1984
-34605 1979.5240478515625
-34595 1975.5799560546875
-34585 1971.449951171875
-34575 1965.135009765625
-34565 1960.9510498046875
-34555 1953.782958984375
-34545 1950.1319580078125
-34535 1948.2669677734375
-34525 1946.748046875
-34515 1945.3360595703125
-34505 1943.4169921875
-34495 1940.93896484375
-34485 1937.342041015625
-34475 1932.678955078125
-34465 1926.656982421875
-34455 1920.39501953125
-34445 1914.7989501953125
