-85605 2628.2099609375
-85595 2629.77001953125
-85585 2631.123046875
-85575 2632.3740234375
-85565 2634.455078125
-85555 2636.697021484375
-85545 2639.4580078125
-85535 2642.205078125
-85525 2644.7080078125
-85515 2647.513916015625
-85505 2650.447998046875
-85495 2653.450927734375
-85485 2656.47998046875
-85475 2659.823974609375
-85465 2662.675048828125
-85455 2665.2490234375
-85445 2667.760986328125
-85435 2670.041015625
-85425 2672.821044921875
-85415 2676.510986328125
-85405 2681.090087890625
-85395 2684.805908203125
-85385 2688.697998046875
-85375 2692.18896484375
-85365 2695.51611328125
-85355 2698.949951171875
-85345 2702.327880859375
-85335 2706.01806640625
-85325 2710.258056640625
-85315 2715.72998046875
-85305 2721.487060546875
-85295 2728.115966796875
-85285 2733.781005859375
-85275 2748.5390625
-85265 2760.301025390625
-85255 2773.679931640625
-85245 2785.491943359375
-85235 2793.946044921875
-85225 2806.4619140625
-85215 2812.410888671875
-85205 2815.827880859375
-85195 2820.93798828125
-85185 2821.111083984375
-85175 2826.89404296875
-85165 2831.93701171875
-85155 2834.242919921875
-85145 2836.2509765625
-85135 2837.2890625
-85125 2842.489013671875
-85115 2849.864013671875
-85105 2858.48095703125
-85095 2867.945068359375
-85085 2876.008056640625
-85075 2892.159912109375
-85065 2899.243896484375
-85055 2907.612060546875
-85045 2913.528076171875
-85035 2922.695068359375
-85025 2935.218017578125
-85015 2945.6201171875
-85005 2959.3291015625
-84995 2957.83203125
-84985 2945.427978515625
-84975 2938.298095703125
-84965 2934.64794921875
-84955 2931.68408203125
-84945 2925.428955078125
-84935 2917.032958984375
-84925 2908.48291015625
-84915 2900.7548828125
-84905 2893.489990234375
-84895 2887.580078125
-84885 2881.9580078125
-84875 2878.839111328125
-84865 2873.012939453125
-84855 2870.596923828125
-84845 2861.29296875
-84835 2857.215087890625
-84825 2853.97607421875
-84815 2851.166015625
-84805 2850.56591796875
-84795 2849.675048828125
-84785 2845.87109375
-84775 2844.10595703125
-84765 2840.320068359375
-84755 2839.77099609375
-84745 2838.863037109375
-84735 2838.60595703125
-84725 2838.31494140625
-84715 2835.81298828125
-84705 2832.26611328125
-84695 2833.344970703125
-84685 2824.52099609375
-84675 2810.385009765625
-84665 2803.85595703125
-84655 2789.465087890625
-84645 2782.52294921875
-84635 2775.10400390625
-84625 2769.965087890625
-84615 2759.44189453125
-84605 2748.527099609375
-84595 2737.52587890625
-84585 2729.660888671875
-84575 2720.839111328125
-84565 2712.8369140625
-84555 2701.93896484375
-84545 2688.488037109375
-84535 2680.00390625
-84525 2666.843994140625
-84515 2656.802978515625
-84505 2648.18603515625
-84495 2638.694091796875
-84485 2626.576904296875
-84475 2610.89990234375
-84465 2603.89208984375
-84455 2596.06201171875
-84445 2588.52001953125
-84435 2579.594970703125
-84425 2574.572021484375
-84415 2564.37890625
-84405 2555.297119140625
-84395 2546.574951171875
-84385 2535.112060546875
-84375 2526.85302734375
-84365 2518.18310546875
-84355 2510.60888671875
-84345 2503.172119140625
-84335 2495.822021484375
-84325 2488.555908203125
-84315 2479.782958984375
-84305 2474.882080078125
-84295 2469.77587890625
-84285 2465.4580078125
-84275 2459.614990234375
-84265 2454.097900390625
-84255 2447.278076171875
-84245 2442.136962890625
-84235 2440.8349609375
-84225 2439.429931640625
-84215 2438.14501953125
-84205 2436.533935546875
-84195 2435.094970703125
-84185 2436.053955078125
-84175 2435.3349609375
-84165 2434.68408203125
-84155 2434.632080078125
-84145 2431.804931640625
-84135 2431.513916015625
-84125 2432.987060546875
-84115 2432.64501953125
-84105 2427.948974609375
-84095 2427.41796875
-84085 2429.47509765625
-84075 2426.425048828125
-84065 2423.27197265625
-84055 2419.673095703125
-84045 2416.14404296875
-84035 2408.279052734375
-84025 2401.012939453125
-84015 2397.448974609375
-84005 2395.547119140625
-83995 2394.79296875
-83985 2393.970947265625
-83975 2393.26806640625
-83965 2392.926025390625
-83955 2392.75390625
-83945 2393.593994140625
-83935 2392.462890625
-83925 2391.98291015625
-83915 2392.069091796875
-83905 2393.1650390625
-83895 2392.993896484375
-83885 2392.154052734375
-83875 2395.736083984375
-83865 2398.580078125
-83855 2401.595947265625
-83845 2406.49609375
-83835 2409.444091796875
-83825 2413.02490234375
-83815 2415.955078125
-83805 2419.552978515625
-83795 2424.248046875
-83785 2431.4970703125
-83775 2436.551025390625
-83765 2441.589111328125
-83755 2446.35302734375
-83745 2453.137939453125
-83735 2460.197998046875
-83725 2466.639892578125
-83715 2472.294921875
-83705 2480.262939453125
-83695 2485.282958984375
-83685 2490.337890625
-83675 2497.51806640625
-83665 2503.85791015625
-83655 2510.1640625
-83645 2518.6279296875
-83635 2526.14990234375
-83625 2534.375
-83615 2541.5029296875
-83605 2551.236083984375
-83595 2560.43798828125
-83585 2571.8330078125
-83575 2582.64501953125
-83565 2592.993896484375
-83555 2600.60205078125
-83545 2607.8330078125
-83535 2614.8759765625
-83525 2621.55810546875
-83515 2630.89697265625
-83505 2639.27392578125
-83495 2646.64208984375
-83485 2654.54296875
-83475 2661.77392578125
-83465 2669.468017578125
-83455 2677.43603515625
-83445 2682.556884765625
-83435 2688.214111328125
-83425 2695.64794921875
-83415 2703.944091796875
-83405 2714.447998046875
-83395 2722.001953125
-83385 2731.634033203125
-83375 2740.14794921875
-83365 2746.864990234375
-83355 2756.446044921875
-83345 2762.580078125
-83335 2769.31396484375
-83325 2775.739990234375
-83315 2782.52294921875
-83305 2790.492919921875
-83295 2801.593994140625
-83285 2812.251953125
-83275 2824.368896484375
-83265 2837.3720703125
-83255 2842.409912109375
-83245 2852.623046875
-83235 2864.85693359375
-83225 2871.864990234375
-83215 2881.083984375
-83205 2883.759033203125
-83195 2892.409912109375
-83185 2902.1259765625
-83175 2911.9609375
-83165 2917.323974609375
-83155 2922.344970703125
-83145 2928.205078125
-83135 2935.590087890625
-83125 2946.197021484375
-83115 2963.623046875
-83105 2971.968017578125
-83095 2971.761962890625
-83085 2974.35009765625
-83075 2977.7939453125
-83065 2981.6669921875
-83055 2984.887939453125
-83045 2987.406982421875
-83035 2991.9990234375
-83025 2996.076904296875
-83015 2998.2880859375
-83005 2999.6240234375
-82995 3002.02294921875
-82985 3000.326904296875
-82975 2999.676025390625
-82965 2998.492919921875
-82955 2998.47607421875
-82945 2998.595947265625
-82935 2999.760986328125
-82925 3001.423095703125
-82915 3002.777099609375
-82905 3006.2548828125
-82895 3007.695068359375
-82885 3007.12890625
-82875 3008.363037109375
-82865 3007.968994140625
-82855 3010.299072265625
-82845 3009.85400390625
-82835 3008.175048828125
-82825 3005.552978515625
-82815 3009.544921875
-82805 3014.376953125
-82795 3016.60498046875
-82785 3019.278076171875
-82775 3021.26611328125
-82765 3023.304931640625
-82755 3027.450927734375
-82745 3030.656005859375
-82735 3033.860107421875
-82725 3039.943115234375
-82715 3040.748046875
-82705 3040.3369140625
-82695 3039.68603515625
-82685 3039.737060546875
-82675 3042.445068359375
-82665 3044.14111328125
-82655 3044.467041015625
-82645 3044.364013671875
-82635 3042.6669921875
-82625 3040.114013671875
-82615 3036.89306640625
-82605 3035.248046875
-82595 3034.8369140625
-82585 3035.847900390625
-82575 3028.360107421875
-82565 3025.258056640625
-82555 3025.875
-82545 3025.89208984375
-82535 3026.64599609375
-82525 3026.594970703125
-82515 3027.89697265625
-82505 3029.154052734375
-82495 3029.9619140625
-82485 3031.7060546875
-82475 3033.126953125
-82465 3034.964111328125
-82455 3036.85498046875
-82445 3038.799072265625
-82435 3041.10498046875
-82425 3041.964111328125
-82415 3043.787109375
-82405 3046.2509765625
-82395 3049.06689453125
-82385 3052.1650390625
-82375 3055.571044921875
-82365 3059.5400390625
-82355 3063.134033203125
-82345 3066.39306640625
-82335 3069.2490234375
-82325 3071.9580078125
-82315 3074.39501953125
-82305 3076.472900390625
-82295 3078.60498046875
-82285 3080.6298828125
-82275 3082.360107421875
-82265 3083.928955078125
-82255 3085.4580078125
-82245 3086.986083984375
-82235 3088.514892578125
-82225 3089.946044921875
-82215 3091.531982421875
-82205 3093.259033203125
-82195 3094.947998046875
-82185 3096.611083984375
-82175 3098.287109375
-82165 3099.962890625
-82155 3101.5048828125
-82145 3102.967041015625
-82135 3104.455078125
-82125 3103.864990234375
-82115 3104.200927734375
-82105 3107.01708984375
-82095 3109.845947265625
-82085 3113.073974609375
-82075 3117.070068359375
-82065 3121.615966796875
-82055 3137.868896484375
-82045 3149.73291015625
-82035 3163.300048828125
-82025 3173.625
-82015 3183.089111328125
-82005 3190.236083984375
-81995 3192.06005859375
-81985 3196.658935546875
-81975 3202.344970703125
-81965 3206.552001953125
-81955 3215.6708984375
-81945 3220.216064453125
-81935 3225.714111328125
-81925 3223.367919921875
-81915 3222.30810546875
-81905 3225.89892578125
-81895 3229.116943359375
-81885 3234.48095703125
-81875 3239.697021484375
-81865 3240.05908203125
-81855 3242.083984375
-81845 3248.2919921875
-81835 3250.985107421875
-81825 3258.320068359375
-81815 3261.3369140625
-81805 3265.614013671875
-81795 3271.094970703125
-81785 3276.634033203125
-81775 3283.39208984375
-81765 3290.821044921875
-81755 3298.944091796875
-81745 3287.737060546875
-81735 3282.279052734375
-81725 3278.322998046875
-81715 3274.113037109375
-81705 3269.14111328125
-81695 3263.843994140625
-81685 3258.614990234375
-81675 3253.506103515625
-81665 3248.883056640625
-81655 3244.64501953125
-81645 3240.9169921875
-81635 3237.7119140625
-81625 3235.00390625
-81615 3232.68408203125
-81605 3230.672119140625
-81595 3228.634033203125
-81585 3226.39501953125
-81575 3223.77001953125
-81565 3220.64599609375
-81555 3217.93701171875
-81545 3215.134033203125
-81535 3211.741943359375
-81525 3207.97412109375
-81515 3203.498046875
-81505 3198.616943359375
-81495 3193.361083984375
-81485 3187.84912109375
-81475 3182.677001953125
-81465 3177.01806640625
-81455 3171.680908203125
-81445 3166.572021484375
-81435 3161.408935546875
-81425 3156.049072265625
-81415 3150.45703125
-81405 3144.743896484375
-81395 3138.98193359375
-81385 3132.718994140625
-81375 3126.4169921875
-81365 3115.785888671875
-81355 3104.455078125
-81345 3097.925048828125
-81335 3070.81396484375
-81325 3054.404052734375
-81315 3029.22509765625
-81305 3017.924072265625
-81295 3013.029052734375
-81285 2998.510009765625
-81275 2988.7080078125
-81265 2974.551025390625
-81255 2968.114013671875
-81245 2961.906005859375
-81235 2955.486083984375
-81225 2948.821044921875
-81215 2941.8349609375
-81205 2935.52197265625
-81195 2929.2470703125
-81185 2923.3330078125
-81175 2917.553955078125
-81165 2912.326904296875
-81155 2907.527099609375
-81145 2902.860107421875
-81135 2898.381103515625
-81125 2893.236083984375
-81115 2887.4560546875
-81105 2880.697998046875
-81095 2874.54296875
-81085 2867.783935546875
-81075 2861.18994140625
-81065 2855.490966796875
-81055 2850.073974609375
-81045 2845.1689453125
-81035 2840.798095703125
-81025 2837.070068359375
-81015 2833.31494140625
-81005 2829.7880859375
-80995 2826.462890625
-80985 2823.154052734375
-80975 2820.217041015625
-80965 2817.44189453125
-80955 2814.678955078125
-80945 2811.72900390625
-80935 2808.9130859375
-80925 2806.15087890625
-80915 2803.615966796875
-80905 2801.193115234375
-80895 2798.697998046875
-80885 2796.1640625
-80875 2793.81689453125
-80865 2791.389892578125
-80855 2789.15087890625
-80845 2787.1259765625
-80835 2785.16796875
-80825 2783.451904296875
-80815 2782.2890625
-80805 2779.99609375
-80795 2778.239013671875
-80785 2777.044921875
-80775 2774.68505859375
-80765 2771.655029296875
-80755 2768.571044921875
-80745 2765.324951171875
-80735 2762.14697265625
-80725 2759.2509765625
-80715 2756.197021484375
-80705 2752.778076171875
-80695 2750.176025390625
-80685 2747.7890625
-80675 2744.906005859375
-80665 2739.5419921875
-80655 2736.471923828125
-80645 2732.72998046875
-80635 2728.85791015625
-80625 2725.43896484375
-80615 2722.677001953125
-80605 2720.3701171875
-80595 2718.197998046875
-80585 2717.071044921875
-80575 2716.306884765625
-80565 2716.029052734375
-80555 2715.35498046875
-80545 2715.10400390625
-80535 2714.487060546875
-80525 2713.89697265625
-80515 2713.25
-80505 2712.01904296875
-80495 2710.325927734375
-80485 2709.055908203125
-80475 2706.56201171875
-80465 2704.443115234375
-80455 2702.283935546875
-80445 2700.285888671875
-80435 2698.6630859375
-80425 2698.623046875
-80415 2696.55810546875
-80405 2692.56201171875
-80395 2687.429931640625
-80385 2684.157958984375
-80375 2680.56396484375
-80365 2676.756103515625
-80355 2675.0791015625
-80345 2673.992919921875
-80335 2674.743896484375
-80325 2675.25390625
-80315 2676.64794921875
-80305 2679.18310546875
-80295 2680.469970703125
-80285 2683.406982421875
-80275 2685.673095703125
-80265 2686.97412109375
-80255 2686.652099609375
-80245 2685.60595703125
-80235 2685.136962890625
-80225 2687.013916015625
-80215 2685.52490234375
-80205 2683.23193359375
-80195 2677.076904296875
-80185 2671.284912109375
-80175 2666.756103515625
-80165 2661.5390625
-80155 2659.662109375
-80145 2657.195068359375
-80135 2654.030029296875
-80125 2652.43408203125
-80115 2651.18701171875
-80105 2646.4169921875
-80095 2641.174072265625
-80085 2632.68505859375
-80075 2625.1259765625
-80065 2617.06689453125
-80055 2603.844970703125
-80045 2593.575927734375
-80035 2586
-80025 2581.3330078125
-80015 2577.39501953125
-80005 2566.22412109375
-79995 2560.85498046875
-79985 2554.718017578125
-79975 2548.89306640625
-79965 2543.279052734375
-79955 2537.498046875
-79945 2531.617919921875
-79935 2525.407958984375
-79925 2520.031982421875
-79915 2513.41796875
-79905 2507.85205078125
-79895 2503.14111328125
-79885 2498.6689453125
-79875 2494.076904296875
-79865 2492.008056640625
-79855 2492.5791015625
-79845 2493.031005859375
-79835 2492.43603515625
-79825 2489.033935546875
-79815 2474.6650390625
-79805 2469.930908203125
-79795 2467.59912109375
-79785 2460.248046875
-79775 2454.443115234375
-79765 2449.970947265625
-79755 2445.5458984375
-79745 2443.761962890625
-79735 2442.549072265625
-79725 2441.47802734375
-79715 2442.049072265625
-79705 2443.118896484375
-79695 2447.759033203125
-79685 2453.444091796875
-79675 2459.55810546875
-79665 2466.26708984375
-79655 2471.215087890625
-79645 2475.8779296875
-79635 2481.468994140625
-79625 2487.77294921875
-79615 2493.26806640625
-79605 2499.16796875
-79595 2504.735107421875
-79585 2508.875
-79575 2509.01708984375
-79565 2504.472900390625
-79555 2499.739013671875
-79545 2496.93603515625
-79535 2495.2470703125
-79525 2493.77197265625
-79515 2491.27001953125
-79505 2490.43798828125
-79495 2490.6279296875
-79485 2490.056884765625
-79475 2490.10400390625
-79465 2487.367919921875
-79455 2484.375
-79445 2483.06298828125
-79435 2481.84912109375
-79425 2481.70703125
-79415 2482.0400390625
-79405 2482.657958984375
-79395 2484.513916015625
-79385 2484.489990234375
-79375 2483.89501953125
-79365 2483.323974609375
-79355 2481.587890625
-79345 2479.7080078125
-79335 2478.3759765625
-79325 2474.949951171875
-79315 2469.8349609375
-79305 2466.43310546875
-79295 2465.125
-79285 2463.197998046875
-79275 2466.885009765625
-79265 2471.452880859375
-79255 2475.02099609375
-79245 2476.259033203125
-79235 2476.905029296875
-79225 2475.2119140625
-79215 2472.1669921875
-79205 2470.35888671875
-79195 2469.455078125
-79185 2468.551025390625
-79175 2466.5048828125
-79165 2463.008056640625
-79155 2459.89111328125
-79145 2456.012939453125
-79135 2451.922119140625
-79125 2448.0439453125
-79115 2444.47509765625
-79105 2442.14404296875
-79095 2438.8369140625
-79085 2435.077880859375
-79075 2431.510009765625
-79065 2427.77490234375
-79055 2424.087890625
-79045 2420.06689453125
-79035 2417.070068359375
-79025 2414.64306640625
-79015 2412.193115234375
-79005 2410.028076171875
-78995 2407.243896484375
-78985 2405.864990234375
-78975 2399.989013671875
-78965 2396.2529296875
-78955 2391.757080078125
-78945 2385.31005859375
-78935 2380.14794921875
-78925 2377.054931640625
-78915 2369.41796875
-78905 2363.89892578125
-78895 2357.571044921875
-78885 2351.81396484375
-78875 2347.055908203125
-78865 2338.611083984375
-78855 2332.115966796875
-78845 2309.919921875
-78835 2301.87890625
-78825 2285.06005859375
-78815 2276.471923828125
-78805 2268.716064453125
-78795 2260.152099609375
-78785 2252.419921875
-78775 2246.259033203125
-78765 2240.929931640625
-78755 2237.623046875
-78745 2228.464111328125
-78735 2224.9189453125
-78725 2222.087890625
-78715 2214.214111328125
-78705 2207.1240234375
-78695 2201.10498046875
-78685 2198.465087890625
-78675 2197.56103515625
-78665 2196.966064453125
-78655 2196.989990234375
-78645 2194.990966796875
-78635 2195.680908203125
-78625 2197.679931640625
-78615 2195.5859375
-78605 2193.135986328125
-78595 2189.114990234375
-78585 2181.97900390625
-78575 2178.76708984375
-78565 2173.509033203125
-78555 2165.873046875
-78545 2159.235107421875
-78535 2152.81201171875
-78525 2146.60302734375
-78515 2138.89501953125
-78505 2133.85205078125
-78495 2126.905029296875
-78485 2119.173095703125
-78475 2111.632080078125
-78465 2105.06591796875
-78455 2100.260009765625
-78445 2093.9560546875
-78435 2086.866943359375
-78425 2079.135009765625
-78415 2072.47412109375
-78405 2067.52490234375
-78395 2062.26806640625
-78385 2056.962890625
-78375 2051.2529296875
-78365 2045.4720458984375
-78355 2037.2650146484375
-78345 2029.9849853515625
-78335 2023.989990234375
-78325 2018.0660400390625
-78315 2012.18994140625
-78305 2008.2889404296875
-78295 2002.9320068359375
-78285 1998.321044921875
-78275 1994.10595703125
-78265 1985.093994140625
-78255 1977.052978515625
-78245 1966.989990234375
-78235 1964.06298828125
-78225 1967.0570068359375
-78215 1966.699951171875
-78205 1962.156005859375
-78195 1957.0419921875
-78185 1940.8409423828125
-78175 1924.406005859375
-78165 1914.529052734375
-78155 1908.9859619140625
-78145 1903.9429931640625
-78135 1900.135986328125
-78125 1895.3780517578125
-78115 1890.833984375
-78105 1887.5279541015625
-78095 1881.6280517578125
-78085 1879.748046875
-78075 1888.3599853515625
-78065 1894.1689453125
-78055 1899.18505859375
-78045 1905.1319580078125
-78035 1909.43798828125
-78025 1913.6729736328125
-78015 1915.718994140625
-78005 1918.4539794921875
-77995 1921.52294921875
-77985 1923.760009765625
-77975 1929.4449462890625
-77965 1936.654052734375
-77955 1946.217041015625
-77945 1954.2860107421875
-77935 1961.303955078125
-77925 1966.8909912109375
-77915 1973.9840087890625
-77905 1979.240966796875
-77895 1984.33203125
-77885 1989.9189453125
-77875 1994.5340576171875
-77865 2000.1290283203125
-77855 2004.553955078125
-77845 2009.7879638671875
-77835 2015.6400146484375
-77825 2018.208984375
-77815 2022.9429931640625
-77805 2025.7740478515625
-77795 2029.842041015625
-77785 2036.052001953125
-77775 2041.594970703125
-77765 2046.35302734375
-77755 2051.943115234375
-77745 2057.794921875
-77735 2056.6298828125
-77725 2055.321044921875
-77715 2059.198974609375
-77705 2064.741943359375
-77695 2069.548095703125
-77685 2075.137939453125
-77675 2079.5390625
-77665 2082.537109375
-77655 2087.10400390625
-77645 2086.699951171875
-77635 2089.5791015625
-77625 2093.623046875
-77615 2096.4541015625
-77605 2101.7109375
-77595 2107.68310546875
-77585 2114.010986328125
-77575 2119.719970703125
-77565 2125.69189453125
-77555 2132.138916015625
-77545 2141.77392578125
-77535 2150.93310546875
-77525 2160.447998046875
-77515 2172.510009765625
-77505 2178.965087890625
-77495 2187.927001953125
-77485 2196.508056640625
-77475 2203.02587890625
-77465 2211.387939453125
-77455 2218.279052734375
-77445 2226.24609375
-77435 2233.40087890625
-77425 2240.27099609375
-77415 2247.2060546875
-77405 2255.80908203125
-77395 2265.201904296875
-77385 2273.125
-77375 2278.9189453125
-77365 2285.261962890625
-77355 2292.89990234375
-77345 2300.6689453125
-77335 2307.889892578125
-77325 2315.702880859375
-77315 2324.987060546875
-77305 2337.64990234375
-77295 2347.76806640625
-77285 2358.5
-77275 2364.6669921875
-77265 2376.716064453125
-77255 2388.764892578125
-77245 2395.326904296875
-77235 2402.7890625
-77225 2406.5859375
-77215 2412.511962890625
-77205 2419.623046875
-77195 2428.051025390625
-77185 2437.72900390625
-77175 2446.85888671875
-77165 2458.490966796875
-77155 2466.764892578125
-77145 2473.547119140625
-77135 2481.052978515625
-77125 2488.64599609375
-77115 2496.196044921875
-77105 2503.087890625
-77095 2510.8349609375
-77085 2520.6669921875
-77075 2534.714111328125
-77065 2552.073974609375
-77055 2563.156982421875
-77045 2573.18701171875
-77035 2588.593994140625
-77025 2617.257080078125
-77015 2626.89208984375
-77005 2650.199951171875
-76995 2664.68505859375
-76985 2673.464111328125
-76975 2682.85693359375
-76965 2692.426025390625
-76955 2706.208984375
-76945 2727.365966796875
-76935 2740.906982421875
-76925 2767.924072265625
-76915 2768.208984375
-76905 2752.693115234375
-76895 2735.44189453125
-76885 2722.801025390625
-76875 2711.498046875
-76865 2702.258056640625
-76855 2692.6240234375
-76845 2682.923095703125
-76835 2673.989990234375
-76825 2663.806884765625
-76815 2653.469970703125
-76805 2641.156982421875
-76795 2631.763916015625
-76785 2620.922119140625
-76775 2607.403076171875
-76765 2597.7900390625
-76755 2584.7529296875
-76745 2572.989990234375
-76735 2566.1201171875
-76725 2561.35693359375
-76715 2555.498046875
-76705 2555.4541015625
-76695 2545.533935546875
-76685 2540.8369140625
-76675 2529.60009765625
-76665 2517.638916015625
-76655 2506.68701171875
-76645 2495.23095703125
-76635 2485.3330078125
-76625 2474.468994140625
-76615 2460.40087890625
-76605 2445.47705078125
-76595 2435.68798828125
-76585 2430.070068359375
-76575 2424.363037109375
-76565 2417.844970703125
-76555 2411.12890625
-76545 2404.172119140625
-76535 2397.1708984375
-76525 2388.85302734375
-76515 2380.6669921875
-76505 2372.5458984375
-76495 2365.083984375
-76485 2354.658935546875
-76475 2346.2529296875
-76465 2336.39892578125
-76455 2323.955078125
-76445 2313.2451171875
-76435 2305.84912109375
-76425 2299.111083984375
-76415 2286.2939453125
-76405 2271.698974609375
-76395 2255.698974609375
-76385 2240.511962890625
-76375 2226.927001953125
-76365 2214.74609375
-76355 2201.68701171875
-76345 2185.60009765625
-76335 2171.422119140625
-76325 2161.5458984375
-76315 2156.05908203125
-76305 2150.4189453125
-76295 2141.35400390625
-76285 2128.64697265625
-76275 2109.882080078125
-76265 2087.321044921875
-76255 2076.697998046875
-76245 2068.3798828125
-76235 2052.820068359375
-76225 2038.4219970703125
-76215 2033.615966796875
-76205 2031.092041015625
-76195 2027.2509765625
-76185 2023.125
-76175 2020.2939453125
-76165 2016.51904296875
-76155 2012.4150390625
-76145 2009.6929931640625
-76135 2005.698974609375
-76125 1995.5159912109375
-76115 1970.2979736328125
-76105 1955.0009765625
-76095 1953.8380126953125
-76085 1951.4239501953125
-76075 1948.0439453125
-76065 1947.2540283203125
-76055 1942.7330322265625
-76045 1947.3199462890625
-76035 1944.8399658203125
-76025 1955.791015625
-76015 1960.883056640625
-76005 1964.81201171875
-75995 1964.4599609375
-75985 1963.406982421875
-75975 1965.27197265625
-75965 1960.970947265625
-75955 1955.133056640625
-75945 1955.3299560546875
-75935 1955.220947265625
-75925 1955.0009765625
-75915 1956.032958984375
-75905 1957.43701171875
-75895 1957.7879638671875
-75885 1968.739990234375
-75875 1969.3330078125
-75865 1969.6180419921875
-75855 1968.2569580078125
-75845 1972.427001953125
-75835 1976.991943359375
-75825 1982.281005859375
-75815 1987.3289794921875
-75805 2001.134033203125
-75795 2000.2779541015625
-75785 2009.6280517578125
-75775 2028.677978515625
-75765 2034.5159912109375
-75755 2041.60498046875
-75745 2048.2109375
-75735 2052.842041015625
-75725 2059.052978515625
-75715 2067.10693359375
-75705 2075.31494140625
-75695 2077.77392578125
-75685 2081.176025390625
-75675 2087.60595703125
-75665 2101.739990234375
-75655 2105.27294921875
-75645 2114.929931640625
-75635 2125.904052734375
-75625 2131.785888671875
-75615 2140.4990234375
-75605 2147.412109375
-75595 2152.52587890625
-75585 2162.35791015625
-75575 2170.0400390625
-75565 2178.6650390625
-75555 2188.51904296875
-75545 2193.611083984375
-75535 2198.7900390625
-75525 2206.12109375
-75515 2212.221923828125
-75505 2217.7529296875
-75495 2223.743896484375
-75485 2230.48193359375
-75475 2236.5830078125
-75465 2243.035888671875
-75455 2249.180908203125
-75445 2254.009033203125
-75435 2258.39892578125
-75425 2263.18310546875
-75415 2268.60400390625
-75405 2273.85009765625
-75395 2279.22705078125
-75385 2285.4599609375
-75375 2291.759033203125
-75365 2296.8720703125
-75355 2301.986083984375
-75345 2307.802001953125
-75335 2314.18798828125
-75325 2319.675048828125
-75315 2325.468994140625
-75305 2330.845947265625
-75295 2336.070068359375
-75285 2338.330078125
-75275 2341.7099609375
-75265 2345.221923828125
-75255 2348.360107421875
-75245 2352.617919921875
-75235 2356.4150390625
-75225 2360.781982421875
-75215 2364.951904296875
-75205 2369.5830078125
-75195 2374.697021484375
-75185 2380.842041015625
-75175 2381.43505859375
-75165 2386.4599609375
-75155 2392.451904296875
-75145 2399.10205078125
-75135 2405.77392578125
-75125 2412.029052734375
-75115 2419.425048828125
-75105 2425.965087890625
-75095 2432.48388671875
-75085 2438.93603515625
-75075 2444.26904296875
-75065 2449.537109375
-75055 2456.955078125
-75045 2464.176025390625
-75035 2471.219970703125
-75025 2479.341064453125
-75015 2487.43896484375
-75005 2494.634033203125
-74995 2502.611083984375
-74985 2510.7451171875
-74975 2517.514892578125
-74965 2525.159912109375
-74955 2532.008056640625
-74945 2539.1640625
-74935 2546.06298828125
-74925 2553.012939453125
-74915 2560.323974609375
-74905 2567.324951171875
-74895 2574.662109375
-74885 2581.740966796875
-74875 2589
-74865 2596.156005859375
-74855 2603.5439453125
-74845 2611.137939453125
-74835 2618.962890625
-74825 2626.7080078125
-74815 2634.76904296875
-74805 2642.3369140625
-74795 2650.214111328125
-74785 2658.529052734375
-74775 2666.47900390625
-74765 2674.591064453125
-74755 2684.8330078125
-74745 2693.3310546875
-74735 2702.2119140625
-74725 2713.10107421875
-74715 2722.65087890625
-74705 2732.89599609375
-74695 2749.8349609375
-74685 2763.5810546875
-74675 2773.64306640625
-74665 2783.0419921875
-74655 2792.125
-74645 2800.001953125
-74635 2809.345947265625
-74625 2820.98193359375
-74615 2828.8330078125
-74605 2839.31005859375
-74595 2856.9169921875
-74585 2872.181884765625
-74575 2879.10595703125
-74565 2876.325927734375
-74555 2865.56591796875
-74545 2852.31298828125
-74535 2842.1669921875
-74525 2820.98193359375
-74515 2807.445068359375
-74505 2801.4951171875
-74495 2798.740966796875
-74485 2794.030029296875
-74475 2790.06591796875
-74465 2786.950927734375
-74455 2785.1259765625
-74445 2784.123046875
-74435 2783.60400390625
-74425 2785.64111328125
-74415 2786.281982421875
-74405 2786.488037109375
-74395 2785.925048828125
-74385 2785.35498046875
-74375 2784.739990234375
-74365 2784.612060546875
-74355 2785.822021484375
-74345 2787.260009765625
-74335 2789.757080078125
-74325 2791.635986328125
-74315 2793.85009765625
-74305 2797.0419921875
-74295 2800.490966796875
-74285 2804.507080078125
-74275 2808.0849609375
-74265 2812.281005859375
-74255 2817.583984375
-74245 2823.405029296875
-74235 2828.9619140625
-74225 2833.75
-74215 2836.5810546875
-74205 2840.95703125
-74195 2850.302001953125
-74185 2871.822021484375
-74175 2871.64111328125
-74165 2881.217041015625
-74155 2886.85498046875
-74145 2893.676025390625
-74135 2896.970947265625
-74125 2900.498046875
-74115 2903.922119140625
-74105 2907.80908203125
-74095 2913.136962890625
-74085 2919.597900390625
-74075 2923.820068359375
-74065 2933.0869140625
-74055 2940.448974609375
-74045 2948.68701171875
-74035 2957.799072265625
-74025 2965.366943359375
-74015 2977.955078125
-74005 2988.4580078125
-73995 2998.239990234375
-73985 3009.051025390625
-73975 3014.68798828125
-73965 3031.39501953125
-73955 3045.1669921875
-73945 3051.705078125
-73935 3057.72900390625
-73925 3065.5029296875
-73915 3074.718017578125
-73905 3083.8310546875
-73895 3092.1708984375
-73885 3100.845947265625
-73875 3103.652099609375
-73865 3090.136962890625
-73855 3078.322021484375
-73845 3067.330078125
-73835 3058.19189453125
-73825 3048.22998046875
-73815 3038.47412109375
-73805 3028.383056640625
-73795 3017.64892578125
-73785 3008.09912109375
-73775 2998.470947265625
-73765 2988.174072265625
-73755 2977.3369140625
-73745 2965.18701171875
-73735 2949.89599609375
-73725 2934.785888671875
-73715 2919.597900390625
-73705 2908.889892578125
-73695 2897.280029296875
-73685 2887.85888671875
-73675 2871.718994140625
-73665 2862.785888671875
-73655 2856.7109375
-73645 2849.837890625
-73635 2842.552978515625
-73625 2834.958984375
-73615 2827.931884765625
-73605 2821.114013671875
-73595 2814.98388671875
-73585 2809.14404296875
-73575 2804.969970703125
-73565 2800.001953125
-73555 2794.468017578125
-73545 2788.64990234375
-73535 2780.180908203125
-73525 2773.97998046875
-73515 2768.39501953125
-73505 2762.548095703125
-73495 2757.091064453125
-73485 2751.323974609375
-73475 2745.381103515625
-73465 2738.791015625
-73455 2732.739013671875
-73445 2725.919921875
-73435 2718.069091796875
-73425 2710.862060546875
-73415 2704.632080078125
-73405 2698.300048828125
-73395 2691.427001953125
-73385 2683.677978515625
-73375 2674.281982421875
-73365 2665.530029296875
-73355 2654.693115234375
-73345 2647.614013671875
-73335 2640.843994140625
-73325 2634.56298828125
-73315 2628.616943359375
-73305 2624.368896484375
-73295 2618.962890625
-73285 2613.300048828125
-73275 2607.3759765625
-73265 2601.819091796875
-73255 2596.131103515625
-73245 2590.72509765625
-73235 2586.27099609375
-73225 2581.843994140625
-73215 2577.030029296875
-73205 2572.010009765625
-73195 2567.248046875
-73185 2563.283935546875
-73175 2559.39697265625
-73165 2555.6650390625
-73155 2553.60498046875
-73145 2550.721923828125
-73135 2547.50390625
-73125 2544.87890625
-73115 2540.81201171875
-73105 2537.001953125
-73095 2532.677001953125
-73085 2528.04296875
-73075 2523.693115234375
-73065 2517.97900390625
-73055 2512.985107421875
-73045 2509.8701171875
-73035 2506.93505859375
-73025 2504.180908203125
-73015 2500.833984375
-73005 2496.406982421875
-72995 2491.618896484375
-72985 2485.594970703125
-72975 2478.618896484375
-72965 2471.951904296875
-72955 2462.968017578125
-72945 2454.781982421875
-72935 2449.634033203125
-72925 2443.89404296875
-72915 2435.81103515625
-72905 2428.962890625
-72895 2422.501953125
-72885 2417.22509765625
-72875 2413.00390625
-72865 2409.5029296875
-72855 2405.64111328125
-72845 2400.00390625
-72835 2395.010009765625
-72825 2390.324951171875
-72815 2387.31298828125
-72805 2383.657958984375
-72795 2375.498046875
-72785 2365.638916015625
-72775 2355.8310546875
-72765 2348.159912109375
-72755 2342.419921875
-72745 2335.39208984375
-72735 2325.507080078125
-72725 2318.14501953125
-72715 2311.889892578125
-72705 2306.56103515625
-72695 2300.821044921875
-72685 2289.2109375
-72675 2279.455078125
-72665 2270.008056640625
-72655 2261.409912109375
-72645 2251.217041015625
-72635 2239.889892578125
-72625 2229.1298828125
-72615 2221.458984375
-72605 2213.737060546875
-72595 2205.988037109375
-72585 2198.85791015625
-72575 2191.882080078125
-72565 2185.4208984375
-72555 2179.782958984375
-72545 2177.337890625
-72535 2175.330078125
-72525 2171.85498046875
-72515 2168.971923828125
-72505 2166.926025390625
-72495 2164.885009765625
-72485 2162.751953125
-72475 2161.35693359375
-72465 2159.302978515625
-72455 2157.406982421875
-72445 2156.14306640625
-72435 2154.66796875
-72425 2153.404052734375
-72415 2151.876953125
-72405 2150.77099609375
-72395 2149.902099609375
-72385 2149.1650390625
-72375 2148.55908203125
-72365 2147.8740234375
-72355 2147.0048828125
-72345 2147.742919921875
-72335 2148.1640625
-72325 2148.506103515625
-72315 2148.69091796875
-72305 2148.875
-72295 2149.98095703125
-72285 2151.98193359375
-72275 2152.929931640625
-72265 2155.06298828125
-72255 2157.7490234375
-72245 2159.882080078125
-72235 2162.593994140625
-72225 2166.22802734375
-72215 2169.467041015625
-72205 2173.20703125
-72195 2177.051025390625
-72185 2181.0009765625
-72175 2185.97802734375
-72165 2192.19189453125
-72155 2199.0390625
-72145 2204.989990234375
-72135 2210.572998046875
-72125 2215.760009765625
-72115 2219.52587890625
-72105 2223.0810546875
-72095 2226.925048828125
-72085 2229.3740234375
-72075 2232.56103515625
-72065 2238.06396484375
-72055 2245.43701171875
-72045 2253.7060546875
-72035 2259.919921875
-72025 2264.949951171875
-72015 2269.39990234375
-72005 2275.85205078125
-71995 2282.5400390625
-71985 2289.64990234375
-71975 2296.52294921875
-71965 2303.47509765625
-71955 2310.636962890625
-71945 2316.95703125
-71935 2323.541015625
-71925 2331.177001953125
-71915 2339.445068359375
-71905 2347.08203125
-71895 2354.56103515625
-71885 2361.591064453125
-71875 2368.175048828125
-71865 2374.493896484375
-71855 2380.81396484375
-71845 2386.39697265625
-71835 2392.26904296875
-71825 2398.1669921875
-71815 2403.3291015625
-71805 2407.5419921875
-71795 2411.676025390625
-71785 2415.678955078125
-71775 2420.89306640625
-71765 2425.422119140625
-71755 2429.925048828125
-71745 2434.242919921875
-71735 2438.35107421875
-71725 2441.696044921875
-71715 2445.56689453125
-71705 2449.51708984375
-71695 2451.4130859375
-71685 2453.30810546875
-71675 2458.4169921875
-71665 2464.4208984375
-71655 2472.1630859375
-71645 2480.905029296875
-71635 2488.3310546875
-71625 2494.256103515625
-71615 2499.154052734375
-71605 2505.31591796875
-71595 2511.7080078125
-71585 2517.455078125
-71575 2522.801025390625
-71565 2528.1201171875
-71555 2531.56298828125
-71545 2534.466064453125
-71535 2538.1201171875
-71525 2542.155029296875
-71515 2546.757080078125
-71505 2552.740966796875
-71495 2558.508056640625
-71485 2563.748046875
-71475 2567.0859375
-71465 2572.43798828125
-71455 2577.993896484375
-71445 2585.281982421875
-71435 2592.4970703125
-71425 2598.56005859375
-71415 2603.5830078125
-71405 2608.6650390625
-71395 2614.090087890625
-71385 2618.697998046875
-71375 2622.8330078125
-71365 2626.81494140625
-71355 2630.843994140625
-71345 2635.02392578125
-71335 2638.10498046875
-71325 2642.1669921875
-71315 2645.1689453125
-71305 2648.402099609375
-71295 2651.98291015625
-71285 2656.5380859375
-71275 2660.1201171875
-71265 2663.72705078125
-71255 2667.967041015625
-71245 2671.968994140625
-71235 2675.840087890625
-71225 2680.580078125
-71215 2685.320068359375
-71205 2689.217041015625
-71195 2694.905029296875
-71185 2699.35498046875
-71175 2702.593994140625
-71165 2704.01611328125
-71155 2707.43994140625
-71145 2711.178955078125
-71135 2715.340087890625
-71125 2719.5
-71115 2724.029052734375
-71105 2727.8740234375
-71095 2732.4560546875
-71085 2737.802001953125
-71075 2742.14599609375
-71065 2747.096923828125
-71055 2751.468017578125
-71045 2756.075927734375
-71035 2760.657958984375
-71025 2764.924072265625
-71015 2768.346923828125
-71005 2771.19091796875
-70995 2787.570068359375
-70985 2798.841064453125
-70975 2807.97802734375
-70965 2820.697021484375
-70955 2828.51806640625
-70945 2835.60107421875
-70935 2844.5810546875
-70925 2855.85107421875
-70915 2867.912109375
-70905 2880.919921875
-70895 2893.34912109375
-70885 2901.669921875
-70875 2903.092041015625
-70865 2910.80810546875
-70855 2912.52001953125
-70845 2911.30810546875
-70835 2909.070068359375
-70825 2910.14990234375
-70815 2922.867919921875
-70805 2927.47705078125
-70795 2917.89111328125
-70785 2920.446044921875
-70775 2928.47705078125
-70765 2935.928955078125
-70755 2947.462890625
-70745 2959.62890625
-70735 2964.10498046875
-70725 2975.638916015625
-70715 2979.98388671875
-70705 2987.173095703125
-70695 2997.784912109375
-70685 2997.10009765625
-70675 2992.861083984375
-70665 2996.047119140625
-70655 3012.26806640625
-70645 3025.407958984375
-70635 3034.4140625
-70625 3048.10693359375
-70615 3060.825927734375
-70605 3065.6708984375
-70595 3068.64697265625
-70585 3075.467041015625
-70575 3087.39599609375
-70565 3095.717041015625
-70555 3098.85009765625
-70545 3110.5419921875
-70535 3125.919921875
-70525 3134.321044921875
-70515 3137.955078125
-70505 3141.824951171875
-70495 3144.458984375
-70485 3150.1201171875
-70475 3156.756103515625
-70465 3159.889892578125
-70455 3154.833984375
-70445 3148.618896484375
-70435 3139.166015625
-70425 3129.818115234375
-70415 3116.097900390625
-70405 3101.720947265625
-70395 3098.48193359375
-70385 3100.6669921875
-70375 3100.904052734375
-70365 3093.635986328125
-70355 3072.676025390625
-70345 3064.0380859375
-70335 3053.89990234375
-70325 3045.237060546875
-70315 3040.260009765625
-70305 3036.152099609375
-70295 3028.198974609375
-70285 3029.35791015625
-70275 3036.468017578125
-70265 3039.969970703125
-70255 3028.804931640625
-70245 3017.876953125
-70235 3008.449951171875
-70225 3000.12890625
-70215 2994.5458984375
-70205 2994.2041015625
-70195 2996.072998046875
-70185 2992.6240234375
-70175 2992.6240234375
-70165 2992.64990234375
-70155 2991.14892578125
-70145 2992.044921875
-70135 2990.465087890625
-70125 2988.569091796875
-70115 2985.513916015625
-70105 2984.1708984375
-70095 2980.826904296875
-70085 2975.56005859375
-70075 2965.39599609375
-70065 2968.924072265625
-70055 2969.47705078125
-70045 2976.56103515625
-70035 2978.324951171875
-70025 2975.402099609375
-70015 2975.297119140625
-70005 2962.259033203125
-69995 2956.697998046875
-69985 2937.85009765625
-69975 2919.0009765625
-69965 2908.569091796875
-69955 2874.698974609375
-69945 2854.326904296875
-69935 2846.89892578125
-69925 2854.883056640625
-69915 2859.718994140625
-69905 2863.443115234375
-69895 2867.51708984375
-69885 2859.429931640625
-69875 2846.405029296875
-69865 2836.074951171875
-69855 2829.635009765625
-69845 2818.071044921875
-69835 2801.259033203125
-69825 2793.4599609375
-69815 2781.320068359375
-69805 2775.845947265625
-69795 2773.41796875
-69785 2770.907958984375
-69775 2770.660888671875
-69765 2771.64794921875
-69755 2772.635986328125
-69745 2772.327880859375
-69735 2771.319091796875
-69725 2771.916015625
-69715 2770.6201171875
-69705 2772.347900390625
-69695 2772.450927734375
-69685 2771.97802734375
-69675 2769.85791015625
-69665 2766.93603515625
-69655 2764.693115234375
-69645 2763.952880859375
-69635 2761.998046875
-69625 2759.9189453125
-69615 2789.633056640625
-69605 2808.37890625
-69595 2798.7490234375
-69585 2795.4970703125
-69575 2786.279052734375
-69565 2783.39794921875
-69555 2782.471923828125
-69545 2811.6708984375
-69535 2828.133056640625
-69525 2834.531982421875
-69515 2832.906005859375
-69505 2835.31396484375
-69495 2859.822021484375
-69485 2874.492919921875
-69475 2893.114990234375
-69465 2898.342041015625
-69455 2925.56494140625
-69445 2942.80908203125
-69435 2958.261962890625
-69425 2972.583984375
-69415 2985.60888671875
-69405 2993.489990234375
-69395 3024.458984375
-69385 3014.3349609375
-69375 3018.22412109375
-69365 3020.385009765625
-69355 3003.738037109375
-69345 2989.02490234375
-69335 2996.35107421875
-69325 3004.76708984375
-69315 3009.047119140625
-69305 3008.531982421875
-69295 2998.841064453125
-69285 2992.955078125
-69275 2998.01708984375
-69265 3023.553955078125
-69255 3023.347900390625
-69245 3008.346923828125
-69235 2992.791015625
-69225 2981.10302734375
-69215 2978.427978515625
-69205 2975.073974609375
-69195 2963.777099609375
-69185 2957.81005859375
-69175 2921.080078125
-69165 2910.85302734375
-69155 2885.9130859375
-69145 2877.31201171875
-69135 2869.904052734375
-69125 2862.784912109375
-69115 2856.529052734375
-69105 2851.157958984375
-69095 2846.054931640625
-69085 2842.18701171875
-69075 2841.467041015625
-69065 2839.22412109375
-69055 2836.239990234375
-69045 2832.885986328125
-69035 2829.162109375
-69025 2828.83203125
-69015 2827.20703125
-69005 2825.51904296875
-68995 2822.989013671875
-68985 2820.2099609375
-68975 2818.235107421875
-68965 2816.876953125
-68955 2817.658935546875
-68945 2820.4990234375
-68935 2822.720947265625
-68925 2826.9599609375
-68915 2829.305908203125
-68905 2833.277099609375
-68895 2837.659912109375
-68885 2844.18310546875
-68875 2852.001953125
-68865 2858.916015625
-68855 2865.5009765625
-68845 2869.368896484375
-68835 2871.592041015625
-68825 2874.430908203125
-68815 2898.114990234375
-68805 2896.01708984375
-68795 2898.383056640625
-68785 2900.112060546875
-68775 2904.679931640625
-68765 2932.56201171875
-68755 2968.530029296875
-68745 2984.826904296875
-68735 2991.927001953125
-68725 2990.074951171875
-68715 2999.6220703125
-68705 3005.9599609375
-68695 3016.947998046875
-68685 3023.656005859375
-68675 3029.068115234375
-68665 3031.681884765625
-68655 3033.553955078125
-68645 3040.489013671875
-68635 3047.197021484375
-68625 3046.681884765625
-68615 3044.3779296875
-68605 3042.031982421875
-68595 3038.430908203125
-68585 3033.306884765625
-68575 3026.989990234375
-68565 3019.2939453125
-68555 3010.095947265625
-68545 2993.1201171875
-68535 2980.7939453125
-68525 2963.633056640625
-68515 2949.763916015625
-68505 2939.927978515625
-68495 2931.656005859375
-68485 2929.3720703125
-68475 2936.739013671875
-68465 2941.0810546875
-68455 2935.72998046875
-68445 2931.346923828125
-68435 2929.885986328125
-68425 2928.9609375
-68415 2924.989013671875
-68405 2922.8291015625
-68395 2919.618896484375
-68385 2917.23193359375
-68375 2915.5849609375
-68365 2913.89794921875
-68355 2906.881103515625
-68345 2893.011962890625
-68335 2861.919921875
-68325 2855.85009765625
-68315 2816.053955078125
-68305 2812.967041015625
-68295 2839.326904296875
-68285 2822.14501953125
-68275 2801.60888671875
-68265 2780.64111328125
-68255 2774.919921875
-68245 2790.47705078125
-68235 2794.510009765625
-68225 2788.5830078125
-68215 2777.26611328125
-68205 2766.010009765625
-68195 2752.882080078125
-68185 2768.458984375
-68175 2778.25390625
-68165 2782.06103515625
-68155 2767.801025390625
-68145 2751.60595703125
-68135 2730.375
-68125 2727.139892578125
-68115 2734.73291015625
-68105 2748.43798828125
-68095 2741.56494140625
-68085 2747.964111328125
-68075 2731.35791015625
-68065 2735.576904296875
-68055 2744.033935546875
-68045 2745.556884765625
-68035 2784.220947265625
-68025 2774.85888671875
-68015 2791.97900390625
-68005 2774.447021484375
-67995 2765.31103515625
-67985 2784.489013671875
-67975 2795.3330078125
-67965 2805.2919921875
-67955 2815.333984375
-67945 2824.10009765625
-67935 2832.556884765625
-67925 2847.55810546875
-67915 2846.385009765625
-67905 2842.4130859375
-67895 2845.56201171875
-67885 2833.8740234375
-67875 2820.4990234375
-67865 2805.0859375
-67855 2802.781982421875
-67845 2805.847900390625
-67835 2792.595947265625
-67825 2771.6279296875
-67815 2771.216064453125
-67805 2770.639892578125
-67795 2772.532958984375
-67785 2762.429931640625
-67775 2757.821044921875
-67765 2746.339111328125
-67755 2745.0830078125
-67745 2739.012939453125
-67735 2722.94189453125
-67725 2712.675048828125
-67715 2697.694091796875
-67705 2697.097900390625
-67695 2682.570068359375
-67685 2674.298095703125
-67675 2666.154052734375
-67665 2646.416015625
-67655 2637.60888671875
-67645 2623.5390625
-67635 2620.02001953125
-67625 2617.135009765625
-67615 2618.47705078125
-67605 2617.777099609375
-67595 2616.47998046875
-67585 2615.451904296875
-67575 2615.323974609375
-67565 2615.123046875
-67555 2614.5419921875
-67545 2612.406005859375
-67535 2608.18798828125
-67525 2603.763916015625
-67515 2600.1220703125
-67505 2597.4970703125
-67495 2593.910888671875
-67485 2592.910888671875
-67475 2589.070068359375
-67465 2588.737060546875
-67455 2587.966064453125
-67445 2584.054931640625
-67435 2581.616943359375
-67425 2580.319091796875
-67415 2583.634033203125
-67405 2579.93408203125
-67395 2577.1279296875
-67385 2577.987060546875
-67375 2569.39404296875
-67365 2557.363037109375
-67355 2549.2958984375
-67345 2542.157958984375
-67335 2540.35205078125
-67325 2540.597900390625
-67315 2539.825927734375
-67305 2538.177001953125
-67295 2536.56396484375
-67285 2535.547119140625
-67275 2537.072998046875
-67265 2539.22998046875
-67255 2539.87890625
-67245 2537.387939453125
-67235 2532.337890625
-67225 2525.304931640625
-67215 2518.238037109375
-67205 2509.52197265625
-67195 2500.35009765625
-67185 2489.31494140625
-67175 2473.2900390625
-67165 2464.031005859375
-67155 2447.264892578125
-67145 2432.705078125
-67135 2419.570068359375
-67125 2411.801025390625
-67115 2407.048095703125
-67105 2401.89208984375
-67095 2396.193115234375
-67085 2390.65087890625
-67075 2384.056884765625
-67065 2378.498046875
-67055 2372.990966796875
-67045 2371.237060546875
-67035 2367.0458984375
-67025 2363.993896484375
-67015 2361.52197265625
-67005 2359.364990234375
-66995 2361.4169921875
-66985 2357.136962890625
-66975 2352.19189453125
-66965 2347.333984375
-66955 2343.387939453125
-66945 2342.125
-66935 2341.47705078125
-66925 2341.58203125
-66915 2341.652099609375
-66905 2341.739990234375
-66895 2341.214111328125
-66885 2340.319091796875
-66875 2339.5830078125
-66865 2339.635009765625
-66855 2337.9169921875
-66845 2336.47900390625
-66835 2337.635986328125
-66825 2337.7939453125
-66815 2338.968994140625
-66805 2339.14404296875
-66795 2338.425048828125
-66785 2339.845947265625
-66775 2340.197021484375
-66765 2340.214111328125
-66755 2340.302001953125
-66745 2340.89794921875
-66735 2341.3359375
-66725 2341.77490234375
-66715 2342.44091796875
-66705 2343.072998046875
-66695 2343.22998046875
-66685 2344.387939453125
-66675 2345.492919921875
-66665 2346.68505859375
-66655 2348.56201171875
-66645 2350.54296875
-66635 2353.455078125
-66625 2355.31298828125
-66615 2357.575927734375
-66605 2360.556884765625
-66595 2363.468017578125
-66585 2366.221923828125
-66575 2368.905029296875
-66565 2371.676025390625
-66555 2374.955078125
-66545 2378.550048828125
-66535 2383.25
-66525 2387.0029296875
-66515 2390.89599609375
-66505 2394.47412109375
-66495 2401.365966796875
-66485 2406.64501953125
-66475 2411.4150390625
-66465 2415.20703125
-66455 2419.7099609375
-66445 2424.81298828125
-66435 2430.320068359375
-66425 2433.48095703125
-66415 2437.56689453125
-66405 2440.385986328125
-66395 2444.962890625
-66385 2447.822021484375
-66375 2449.544921875
-66365 2452.4560546875
-66355 2456.174072265625
-66345 2459.9970703125
-66335 2462.802978515625
-66325 2464.762939453125
-66315 2467.696044921875
-66305 2470.37890625
-66295 2473.238037109375
-66285 2476.04296875
-66275 2481.375
-66265 2486.110107421875
-66255 2490.635009765625
-66245 2495.260009765625
-66235 2499.736083984375
-66225 2503.52392578125
-66215 2507.43505859375
-66205 2510.50390625
-66195 2512.135009765625
-66185 2516.448974609375
-66175 2521.7451171875
-66165 2526.84912109375
-66155 2532.68798828125
-66145 2537.406005859375
-66135 2541.702880859375
-66125 2546.577880859375
-66115 2552.680908203125
-66105 2555.4169921875
-66095 2559.5029296875
-66085 2564.97412109375
-66075 2572.427978515625
-66065 2582.757080078125
-66055 2590.912109375
-66045 2596.89208984375
-66035 2603.31103515625
-66025 2610.74609375
-66015 2619.847900390625
-66005 2620.91796875
-65995 2616.0419921875
-65985 2612.14892578125
-65975 2611.587890625
-65965 2612.60498046875
-65955 2613.18408203125
-65945 2616.72607421875
-65935 2623.93408203125
-65925 2626.56494140625
-65915 2632.8779296875
-65905 2641.051025390625
-65895 2651.712890625
-65885 2660.200927734375
-65875 2662.638916015625
-65865 2662.218017578125
-65855 2673.7919921875
-65845 2681.595947265625
-65835 2690.136962890625
-65825 2704.5869140625
-65815 2709.322998046875
-65805 2719.406005859375
-65795 2727.175048828125
-65785 2734.85595703125
-65775 2734.575927734375
-65765 2738.382080078125
-65755 2742.87109375
-65745 2743.449951171875
-65735 2737.556884765625
-65725 2731.822998046875
-65715 2725.035888671875
-65705 2720.22998046875
-65695 2712.35595703125
-65685 2705.780029296875
-65675 2695.39794921875
-65665 2691.031005859375
-65655 2682.577880859375
-65645 2674.387939453125
-65635 2666.847900390625
-65625 2659.9560546875
-65615 2654.291015625
-65605 2648.486083984375
-65595 2643.8740234375
-65585 2639.98095703125
-65575 2636.614013671875
-65565 2632.98291015625
-65555 2628.985107421875
-65545 2624.93408203125
-65535 2624.14501953125
-65525 2623.074951171875
-65515 2615.51611328125
-65505 2609.658935546875
-65495 2603.27490234375
-65485 2593.243896484375
-65475 2585.825927734375
-65465 2577.846923828125
-65455 2571.60302734375
-65445 2567.570068359375
-65435 2563.81689453125
-65425 2554.802978515625
-65415 2539.68603515625
-65405 2531.35595703125
-65395 2523.885009765625
-65385 2517.51904296875
-65375 2509.97802734375
-65365 2502.34912109375
-65355 2494.89599609375
-65345 2487.64892578125
-65335 2481.970947265625
-65325 2479.0029296875
-65315 2475.85107421875
-65305 2472.466064453125
-65295 2469.2041015625
-65285 2468.1650390625
-65275 2467.819091796875
-65265 2467.5380859375
-65255 2470.537109375
-65245 2469.637939453125
-65235 2464.570068359375
-65225 2461.697998046875
-65215 2463.22412109375
-65205 2461.7509765625
-65195 2453.240966796875
-65185 2449.544921875
-65175 2445.5419921875
-65165 2440.4208984375
-65155 2434.27001953125
-65145 2432.04296875
-65135 2431.950927734375
-65125 2431.72705078125
-65115 2431.739990234375
-65105 2429.284912109375
-65095 2430.389892578125
-65085 2431.5830078125
-65075 2430.81103515625
-65065 2431.055908203125
-65055 2430.780029296875
-65045 2429.512939453125
-65035 2430.447021484375
-65025 2431.02099609375
-65015 2432.616943359375
-65005 2432.423095703125
-64995 2431.43798828125
-64985 2428.14892578125
-64975 2426.652099609375
-64965 2425.4189453125
-64955 2424.8310546875
-64945 2423.803955078125
-64935 2425.447998046875
-64925 2425.887939453125
-64915 2423.89208984375
-64905 2423.24609375
-64895 2420.719970703125
-64885 2420.280029296875
-64875 2421.278076171875
-64865 2419.075927734375
-64855 2420.133056640625
-64845 2420.367919921875
-64835 2417.050048828125
-64825 2414.2900390625
-64815 2411.55908203125
-64805 2408.652099609375
-64795 2404.10107421875
-64785 2405.304931640625
-64775 2404.98193359375
-64765 2401.574951171875
-64755 2397.493896484375
-64745 2396.847900390625
-64735 2392.35498046875
-64725 2387.8330078125
-64715 2384.514892578125
-64705 2380.72802734375
-64695 2368.60107421875
-64685 2350.248046875
-64675 2339.531005859375
-64665 2334.97900390625
-64655 2316.89208984375
-64645 2290.845947265625
-64635 2276.31103515625
-64625 2265.9169921875
-64615 2253.37890625
-64605 2247.035888671875
-64595 2243.60107421875
-64585 2241.31005859375
-64575 2239.51904296875
-64565 2239.0791015625
-64555 2238.5791015625
-64545 2238.9609375
-64535 2234.028076171875
-64525 2221.343017578125
-64515 2207.8359375
-64505 2202.784912109375
-64495 2197.470947265625
-64485 2190.951904296875
-64475 2184.110107421875
-64465 2176.387939453125
-64455 2169.4580078125
-64445 2162.14599609375
-64435 2155.7451171875
-64425 2149.6669921875
-64415 2145.23291015625
-64405 2137.27587890625
-64395 2127.73291015625
-64385 2114.402099609375
-64375 2101.59912109375
-64365 2088.9140625
-64355 2070.298095703125
-64345 2057.2900390625
-64335 2042.197021484375
-64325 2029.248046875
-64315 2017.06201171875
-64305 2002.175048828125
-64295 1987.08203125
-64285 1974.1619873046875
-64275 1959.6300048828125
-64265 1948.822021484375
-64255 1939.072998046875
-64245 1927.9150390625
-64235 1916.6099853515625
-64225 1901.8990478515625
-64215 1886.511962890625
-64205 1871.4520263671875
-64195 1856.3270263671875
-64185 1854.0360107421875
-64175 1854.0660400390625
-64165 1850.780029296875
-64155 1841.324951171875
-64145 1817.68505859375
-64135 1800.8890380859375
-64125 1791.613037109375
-64115 1782.302001953125
-64105 1772.2039794921875
-64095 1764.0699462890625
-64085 1758.6939697265625
-64075 1752.7659912109375
-64065 1747.9210205078125
-64055 1740.31494140625
-64045 1730.9189453125
-64035 1719.9959716796875
-64025 1710.77294921875
-64015 1702.5830078125
-64005 1692.864013671875
-63995 1681.5889892578125
-63985 1672.89697265625
-63975 1652.5159912109375
-63965 1634.6949462890625
-63955 1614.405029296875
-63945 1596.6669921875
-63935 1583.5150146484375
-63925 1575.8800048828125
-63915 1558.907958984375
-63905 1544.697021484375
-63895 1533.156982421875
-63885 1520.7950439453125
-63875 1503.030029296875
-63865 1489.7869873046875
-63855 1457.0469970703125
-63845 1438.489013671875
-63835 1428.77001953125
-63825 1420.989013671875
-63815 1416.6429443359375
-63805 1422.281005859375
-63795 1443.7449951171875
-63785 1445.741943359375
-63775 1435.1419677734375
-63765 1449.06005859375
-63755 1444.802001953125
-63745 1443.9210205078125
-63735 1431.14794921875
-63725 1418.22802734375
-63715 1413.001953125
-63705 1410.623046875
-63695 1396.8809814453125
-63685 1393.8570556640625
-63675 1393.6810302734375
-63665 1390.862060546875
-63655 1385.7530517578125
-63645 1379.821044921875
-63635 1374.9759521484375
-63625 1368.781005859375
-63615 1362.261962890625
-63605 1355.595947265625
-63595 1351.779052734375
-63585 1347.81494140625
-63575 1343.0880126953125
-63565 1338.27197265625
-63555 1334.18994140625
-63545 1331.0780029296875
-63535 1329.02197265625
-63525 1325.7039794921875
-63515 1322.06298828125
-63505 1317.39501953125
-63495 1312.2850341796875
-63485 1306.85302734375
-63475 1300.041015625
-63465 1293.2869873046875
-63455 1287.0030517578125
-63445 1281.6300048828125
-63435 1277.8709716796875
-63425 1275.6400146484375
-63415 1273.467041015625
-63405 1273.0260009765625
-63395 1271.9110107421875
-63385 1271.5
-63375 1267.9169921875
-63365 1266.802001953125
-63355 1264.68701171875
-63345 1263.425048828125
-63335 1264.011962890625
-63325 1271.9990234375
-63315 1274.5240478515625
-63305 1275.4339599609375
-63295 1276.02197265625
-63285 1276.81396484375
-63275 1277.7249755859375
-63265 1279.0460205078125
-63255 1280.7779541015625
-63245 1282.0999755859375
-63235 1283.5970458984375
-63225 1285.1829833984375
-63215 1287.56103515625
-63205 1291.0260009765625
-63195 1294.2559814453125
-63185 1295.343017578125
-63175 1298.1610107421875
-63165 1298.572998046875
-63155 1296.81103515625
-63145 1295.4599609375
-63135 1295.4310302734375
-63125 1297.8089599609375
-63115 1299.1009521484375
-63105 1297.6920166015625
-63095 1298.39599609375
-63085 1297.780029296875
-63075 1297.573974609375
-63065 1300.5400390625
-63055 1302.2139892578125
-63045 1305.208984375
-63035 1311.052001953125
-63025 1314.8690185546875
-63015 1315.8680419921875
-63005 1316.60205078125
-62995 1320.0369873046875
-62985 1321.8580322265625
-62975 1323.737060546875
-62965 1326.64404296875
-62955 1330.1090087890625
-62945 1332.3699951171875
-62935 1334.60205078125
-62925 1336.8330078125
-62915 1338.1839599609375
-62905 1336.6280517578125
-62895 1334.39599609375
-62885 1332.251953125
-62875 1329.9620361328125
-62865 1325.7039794921875
-62855 1321.4169921875
-62845 1313.2840576171875
-62835 1304.6209716796875
-62825 1297.5450439453125
-62815 1289.35302734375
-62805 1280.925048828125
-62795 1274.699951171875
-62785 1270.4429931640625
-62775 1264.7750244140625
-62765 1257.758056640625
-62755 1251.56201171875
-62745 1245.9530029296875
-62735 1243.95703125
-62725 1238.0250244140625
-62715 1231.301025390625
-62705 1227.9830322265625
-62695 1225.0469970703125
-62685 1222.404052734375
-62675 1217.35400390625
-62665 1213.8590087890625
-62655 1210.6590576171875
-62645 1207.60498046875
-62635 1204.991943359375
-62625 1202.4959716796875
-62615 1200.29296875
-62605 1196.5050048828125
-62595 1193.5400390625
-62585 1191.10302734375
-62575 1189.0469970703125
-62565 1187.2850341796875
-62555 1185.6700439453125
-62545 1184.0849609375
-62535 1182.998046875
-62525 1181.7060546875
-62515 1177.302001953125
-62505 1176.39404296875
-62495 1175.739990234375
-62485 1173.2659912109375
-62475 1171.802001953125
-62465 1170.68896484375
-62455 1169.698974609375
-62445 1167.905029296875
-62435 1168.2760009765625
-62425 1167.1629638671875
-62415 1166.7919921875
-62405 1166.4620361328125
-62395 1166.1109619140625
-62385 1163.4720458984375
-62375 1158.4410400390625
-62365 1155.636962890625
-62355 1152.5860595703125
-62345 1150.008056640625
-62335 1148.5240478515625
-62325 1148.1319580078125
-62315 1146.2349853515625
-62305 1149.1219482421875
-62295 1148.8740234375
-62285 1146.4210205078125
-62275 1142.008056640625
-62265 1136.708984375
-62255 1133.616943359375
-62245 1130.72998046875
-62235 1129.926025390625
-62225 1132.64794921875
-62215 1140.85400390625
-62205 1144.95703125
-62195 1148.1319580078125
-62185 1149.947021484375
-62175 1150.5439453125
-62165 1153.0389404296875
-62155 1154.4210205078125
-62145 1155.947021484375
-62135 1156.626953125
-62125 1157.0799560546875
-62115 1159.512939453125
-62105 1167.3280029296875
-62095 1173.4100341796875
-62085 1175.2249755859375
-62075 1177.595947265625
-62065 1182.68896484375
-62055 1191.3070068359375
-62045 1198.2760009765625
-62035 1205.718994140625
-62025 1212.2139892578125
-62015 1220.7919921875
-62005 1230.029052734375
-61995 1239.491943359375
-61985 1248.1109619140625
-61975 1256.4200439453125
-61965 1264.1729736328125
-61955 1271.532958984375
-61945 1279.0770263671875
-61935 1294.9119873046875
-61925 1309.739013671875
-61915 1324.3990478515625
-61905 1331.220947265625
-61895 1338.6669921875
-61885 1349.1820068359375
-61875 1361.8599853515625
-61865 1380.52001953125
-61855 1386.6639404296875
-61845 1402.43701171875
-61835 1434.1070556640625
-61825 1445.633056640625
-61815 1450.1070556640625
-61805 1455.406005859375
-61795 1459.8590087890625
-61785 1462.39501953125
-61775 1464.16796875
-61765 1467.6319580078125
-61755 1470.126953125
-61745 1471.8179931640625
-61735 1473.9210205078125
-61725 1475.6529541015625
-61715 1478.9730224609375
-61705 1480.7659912109375
-61695 1482.9310302734375
-61685 1486.0450439453125
-61675 1489.095947265625
-61665 1491.219970703125
-61655 1492.9720458984375
-61645 1494.6629638671875
-61635 1496.8280029296875
-61625 1497.529052734375
-61615 1499.281982421875
-61605 1500.126953125
-61595 1501.136962890625
-61585 1501.7149658203125
-61575 1503.0340576171875
-61565 1503.219970703125
-61555 1500.6429443359375
-61545 1496.6429443359375
-61535 1493.8800048828125
-61525 1490.0030517578125
-61515 1483.9420166015625
-61505 1478.0450439453125
-61495 1472.35400390625
-61485 1466.47802734375
-61475 1460.0860595703125
-61465 1454.9520263671875
-61455 1451.7149658203125
-61445 1452.43701171875
-61435 1452.9110107421875
-61425 1454.0240478515625
-61415 1455.612060546875
-61405 1456.8489990234375
-61395 1458.7249755859375
-61385 1460.51904296875
-61375 1462.06494140625
-61365 1463.571044921875
-61355 1465.7349853515625
-61345 1467.529052734375
-61335 1469.447021484375
-61325 1470.9110107421875
-61315 1471.281982421875
-61305 1472.6429443359375
-61295 1473.7349853515625
-61285 1475.095947265625
-61275 1477.9420166015625
-61265 1481.0140380859375
-61255 1485.509033203125
-61245 1490.2099609375
-61235 1495.447021484375
-61225 1498.3330078125
-61215 1504.8690185546875
-61205 1516.0240478515625
-61195 1523.426025390625
-61185 1529.9210205078125
-61175 1537.446044921875
-61165 1544.5389404296875
-61155 1550.8480224609375
-61145 1556.9310302734375
-61135 1563.6519775390625
-61125 1570.3330078125
-61115 1576.16796875
-61105 1583.7760009765625
-61095 1591.9620361328125
-61085 1599.7969970703125
-61075 1607.8790283203125
-61065 1616.02294921875
-61055 1625.7139892578125
-61045 1638.291015625
-61035 1646.9300537109375
-61025 1658.25
-61015 1674.991943359375
-61005 1685.012939453125
-60995 1697.8780517578125
-60985 1701.9200439453125
-60975 1710.1669921875
-60965 1720.35302734375
-60955 1731.98095703125
-60945 1743.156005859375
-60935 1753.7750244140625
-60925 1761.301025390625
-60915 1766.7230224609375
-60905 1769.93994140625
-60895 1776.04296875
-60885 1781.7540283203125
-60875 1786.4759521484375
-60865 1792.5999755859375
-60855 1799.8370361328125
-60845 1807.321044921875
-60835 1814.125
-60825 1820.04296875
-60815 1823.6920166015625
-60805 1826.866943359375
-60795 1830.949951171875
-60785 1835.072998046875
-60775 1839.5269775390625
-60765 1842.969970703125
-60755 1847.156005859375
-60745 1852.3719482421875
-60735 1857.6090087890625
-60725 1862.843994140625
-60715 1866.887939453125
-60705 1870.2459716796875
-60695 1873.2149658203125
-60685 1876.3719482421875
-60675 1880.7640380859375
-60665 1885.093994140625
-60655 1890.3900146484375
-60645 1895.85400390625
-60635 1900.3489990234375
-60625 1904.26904296875
-60615 1907.89501953125
-60605 1911.176025390625
-60595 1914.4930419921875
-60585 1917.5889892578125
-60575 1921.217041015625
-60565 1923.85400390625
-60555 1927.4849853515625
-60545 1932.7840576171875
-60535 1938.248046875
-60525 1943.010986328125
-60515 1948.6190185546875
-60505 1953.8330078125
-60495 1958.595947265625
-60485 1963.258056640625
-60475 1967.5260009765625
-60465 1971.708984375
-60455 1975.93603515625
-60445 1979.85302734375
-60435 1983.93603515625
-60425 1988.2659912109375
-60415 1992.553955078125
-60405 1997.1519775390625
-60395 2001.1519775390625
-60385 2005.4200439453125
-60375 2010.802001953125
-60365 2016.0589599609375
-60355 2022.3070068359375
-60345 2027.3990478515625
-60335 2032.3680419921875
-60325 2037.2960205078125
-60315 2039.72900390625
-60305 2042.3070068359375
-60295 2045.0689697265625
-60285 2049.27490234375
-60275 2054.202880859375
-60265 2065.193115234375
-60255 2074.450927734375
-60245 2083.68798828125
-60235 2091.6669921875
-60225 2095.9970703125
-60215 2100.966064453125
-60205 2110.883056640625
-60195 2117.6259765625
-60185 2126.10009765625
-60175 2139.212890625
-60165 2149.131103515625
-60155 2158.966064453125
-60145 2166.677001953125
-60135 2174.718017578125
-60125 2181.72802734375
-60115 2189.007080078125
-60105 2197.60400390625
-60095 2204.780029296875
-60085 2211.64599609375
-60075 2218.243896484375
-60065 2225.048095703125
-60055 2232.552978515625
-60045 2240.490966796875
-60035 2247.4189453125
-60025 2254.531982421875
-60015 2261.85205078125
-60005 2269.14404296875
-59995 2276.531005859375
-59985 2283.364990234375
-59975 2290.6298828125
-59965 2297.48095703125
-59955 2304.998046875
-59945 2313.322998046875
-59935 2321.81103515625
-59925 2332.31298828125
-59915 2341.825927734375
-59905 2350.888916015625
-59895 2357.2548828125
-59885 2362.702880859375
-59875 2368.080078125
-59865 2373.618896484375
-59855 2379.787109375
-59845 2386.69189453125
-59835 2394.76611328125
-59825 2403.68505859375
-59815 2409.762939453125
-59805 2415.48193359375
-59795 2420.48095703125
-59785 2427.677001953125
-59775 2436.27001953125
-59765 2442.22509765625
-59755 2449.489990234375
-59745 2457.093017578125
-59735 2465.0810546875
-59725 2471.77099609375
-59715 2478.964111328125
-59705 2485.114013671875
-59695 2492.323974609375
-59685 2499.194091796875
-59675 2505.614013671875
-59665 2512.537109375
-59655 2519.7119140625
-59645 2527.300048828125
-59635 2535.212890625
-59625 2542.387939453125
-59615 2550.174072265625
-59605 2557.385009765625
-59595 2565.423095703125
-59585 2573.3349609375
-59575 2580.887939453125
-59565 2588.9619140625
-59555 2596.406982421875
-59545 2604.76904296875
-59535 2611.944091796875
-59525 2619.909912109375
-59515 2627.677978515625
-59505 2634.74609375
-59495 2642.0458984375
-59485 2649.6708984375
-59475 2656.27099609375
-59465 2663.64306640625
-59455 2670.242919921875
-59445 2676.554931640625
-59435 2683.676025390625
-59425 2690.43701171875
-59415 2697.342041015625
-59405 2703.58203125
-59395 2710.905029296875
-59385 2716.72802734375
-59375 2712.214111328125
-59365 2708.56298828125
-59355 2703.99609375
-59345 2700.112060546875
-59335 2698.06201171875
-59325 2680.205078125
-59315 2675.241943359375
-59305 2672.202880859375
-59295 2674.541015625
-59285 2649.94091796875
-59275 2647.09912109375
-59265 2648.303955078125
-59255 2648.159912109375
-59245 2641.381103515625
-59235 2634.87109375
-59225 2627.85791015625
-59215 2619.299072265625
-59205 2610.2890625
-59195 2601.154052734375
-59185 2591.677001953125
-59175 2582.52392578125
-59165 2574.343017578125
-59155 2562.887939453125
-59145 2553.697998046875
-59135 2546.43408203125
-59125 2539.365966796875
-59115 2533.091064453125
-59105 2527.498046875
-59095 2520.5390625
-59085 2514.73095703125
-59075 2510.93603515625
-59065 2506.279052734375
-59055 2499.3740234375
-59045 2497.7548828125
-59035 2496.155029296875
-59025 2494.069091796875
-59015 2489.824951171875
-59005 2484.340087890625
-58995 2480.114990234375
-58985 2479.952880859375
-58975 2478.676025390625
-58965 2474.719970703125
-58955 2470.762939453125
-58945 2468.260009765625
-58935 2464.2900390625
-58925 2459.089111328125
-58915 2457.074951171875
-58905 2453.26708984375
-58895 2450.443115234375
-58885 2446.14599609375
-58875 2439.218994140625
-58865 2422.7470703125
-58855 2416.722900390625
-58845 2414.781005859375
-58835 2412.695068359375
-58825 2410.968017578125
-58815 2410.39306640625
-58805 2408.306884765625
-58795 2407.60498046875
-58785 2410.77099609375
-58775 2412.35302734375
-58765 2407.987060546875
-58755 2403.79296875
-58745 2400.969970703125
-58735 2399.7470703125
-58725 2396.780029296875
-58715 2395.6650390625
-58705 2398.39794921875
-58695 2401.635009765625
-58685 2405.01611328125
-58675 2407.24609375
-58665 2409.888916015625
-58655 2412.155029296875
-58645 2415.662109375
-58635 2415.697998046875
-58625 2412.909912109375
-58615 2409.35009765625
-58605 2405.466064453125
-58595 2405.01611328125
-58585 2404.297119140625
-58575 2403.02001953125
-58565 2400.951904296875
-58555 2396.672119140625
-58545 2392.716064453125
-58535 2388.113037109375
-58525 2383.70703125
-58515 2380.02099609375
-58505 2378.402099609375
-58495 2378.43798828125
-58485 2382.177978515625
-58475 2385.198974609375
-58465 2391.85302734375
-58455 2398.0029296875
-58445 2412.425048828125
-58435 2420.2109375
-58425 2426.306884765625
-58415 2428.824951171875
-58405 2430.680908203125
-58395 2428.806884765625
-58385 2427.43994140625
-58375 2424.656005859375
-58365 2424.44091796875
-58355 2423.071044921875
-58345 2422.153076171875
-58335 2424.220947265625
-58325 2426.055908203125
-58315 2427.511962890625
-58305 2428.1240234375
-58295 2430.735107421875
-58285 2431.072998046875
-58275 2433.321044921875
-58265 2435.842041015625
-58255 2435.679931640625
-58245 2434.85302734375
-58235 2434.364013671875
-58225 2433.593994140625
-58215 2429.74609375
-58205 2429.041015625
-58195 2424.094970703125
-58185 2420.60693359375
-58175 2418.791015625
-58165 2420.427001953125
-58155 2421.1279296875
-58145 2422.35498046875
-58135 2424.257080078125
-58125 2426.198974609375
-58115 2428.14208984375
-58105 2430.7490234375
-58095 2433.666015625
-58085 2434.452880859375
-58075 2431.83203125
-58065 2435.4599609375
-58055 2441.110107421875
-58045 2442.239990234375
-58035 2449.7919921875
-58025 2457.7080078125
-58015 2458.908935546875
-58005 2459.739990234375
-57995 2460.958984375
-57985 2460.927001953125
-57975 2461.75390625
-57965 2461.6640625
-57955 2461.5390625
-57945 2466.5380859375
-57935 2468.43994140625
-57925 2470.925048828125
-57915 2473.118896484375
-57905 2475.529052734375
-57895 2475.833984375
-57885 2477.700927734375
-57875 2481.012939453125
-57865 2484.969970703125
-57855 2490.02294921875
-57845 2493.943115234375
-57835 2496.748046875
-57825 2497.448974609375
-57815 2496.8740234375
-57805 2500.452880859375
-57795 2501.298095703125
-57785 2502.197021484375
-57775 2503.419921875
-57765 2504.193115234375
-57755 2505.56005859375
-57745 2507.159912109375
-57735 2508.239013671875
-57725 2509.011962890625
-57715 2509.802978515625
-57705 2508.544921875
-57695 2507.48388671875
-57685 2509.659912109375
-57675 2511.18798828125
-57665 2512.123046875
-57655 2512.10498046875
-57645 2512.89599609375
-57635 2515.197998046875
-57625 2518.93798828125
-57615 2520.826904296875
-57605 2522.697021484375
-57595 2524.72900390625
-57585 2525.93408203125
-57575 2525.214111328125
-57565 2526.81494140625
-57555 2527.60595703125
-57545 2527.785888671875
-57535 2528.6669921875
-57525 2533.054931640625
-57515 2538.89892578125
-57505 2544.160888671875
-57495 2549.875
-57485 2556.14501953125
-57475 2562.39599609375
-57465 2567.31298828125
-57455 2568.799072265625
-57445 2568.85595703125
-57435 2570.4951171875
-57425 2570.4951171875
-57415 2570.85693359375
-57405 2572.134033203125
-57395 2572.572021484375
-57385 2570.64697265625
-57375 2570.705078125
-57365 2570.284912109375
-57355 2571.638916015625
-57345 2571.60009765625
-57335 2569.427978515625
-57325 2568.68505859375
-57315 2566.18798828125
-57305 2565.655029296875
-57295 2564.262939453125
-57285 2566.18798828125
-57275 2573.77294921875
-57265 2573.239990234375
-57255 2569.617919921875
-57245 2566.81689453125
-57235 2565.387939453125
-57225 2564.262939453125
-57215 2564.18701171875
-57205 2564.35888671875
-57195 2563.634033203125
-57185 2562.39599609375
-57175 2560.60400390625
-57165 2559.8798828125
-57155 2559.861083984375
-57145 2558.659912109375
-57135 2556.639892578125
-57125 2555.572998046875
-57115 2558.260009765625
-57105 2562.091064453125
-57095 2565.3310546875
-57085 2568.531982421875
-57075 2572.0009765625
-57065 2574.6689453125
-57055 2579.2041015625
-57045 2583.302001953125
-57035 2587.741943359375
-57025 2593.23095703125
-57015 2599.3291015625
-57005 2606.761962890625
-56995 2612.02197265625
-56985 2617.968017578125
-56975 2621.551025390625
-56965 2624.160888671875
-56955 2627.26806640625
-56945 2632.756103515625
-56935 2638.1689453125
-56925 2642.532958984375
-56915 2645.697021484375
-56905 2649.946044921875
-56895 2653.7958984375
-56885 2656.5400390625
-56875 2659.43701171875
-56865 2662.218994140625
-56855 2663.991943359375
-56845 2667.27001953125
-56835 2672.110107421875
-56825 2677.712890625
-56815 2683.5830078125
-56805 2696.047119140625
-56795 2702.85009765625
-56785 2711.0830078125
-56775 2713.6708984375
-56765 2718.821044921875
-56755 2724.89599609375
-56745 2728.445068359375
-56735 2732.614990234375
-56725 2737.85498046875
-56715 2746.011962890625
-56705 2754.35888671875
-56695 2759.9619140625
-56685 2764.6689453125
-56675 2768.5380859375
-56665 2770.48193359375
-56655 2772.06396484375
-56645 2775.093994140625
-56635 2780.1630859375
-56625 2783.97509765625
-56615 2788.5869140625
-56605 2790.3779296875
-56595 2793.10400390625
-56585 2793.846923828125
-56575 2796.89599609375
-56565 2802.91796875
-56555 2807.281982421875
-56545 2811.169921875
-56535 2819.2119140625
-56525 2822.718994140625
-56515 2826.85400390625
-56505 2829.237060546875
-56495 2831.791015625
-56485 2834.076904296875
-56475 2835.259033203125
-56465 2836.115966796875
-56455 2837.260009765625
-56445 2837.965087890625
-56435 2837.64111328125
-56425 2836.783935546875
-56415 2838.326904296875
-56405 2839.547119140625
-56395 2839.85205078125
-56385 2842.93896484375
-56375 2844.693115234375
-56365 2845.531005859375
-56355 2845.22607421875
-56345 2846.35107421875
-56335 2847.531982421875
-56325 2850.656982421875
-56315 2852.886962890625
-56305 2853.9169921875
-56295 2855.23095703125
-56285 2857.423095703125
-56275 2859.614990234375
-56265 2862.60693359375
-56255 2865.73193359375
-56245 2867.905029296875
-56235 2868.6669921875
-56225 2869.638916015625
-56215 2870.534912109375
-56205 2872.822021484375
-56195 2875.756103515625
-56185 2880.367919921875
-56175 2885.781005859375
-56165 2891.631103515625
-56155 2898.759033203125
-56145 2908.077880859375
-56135 2917.988037109375
-56125 2933.02490234375
-56115 2948.423095703125
-56105 2967.72900390625
-56095 2971.802978515625
-56085 2981.407958984375
-56075 2997.64501953125
-56065 3011.118896484375
-56055 3021.6201171875
-56045 3010.090087890625
-56035 2999.283935546875
-56025 2988.89794921875
-56015 2978.16796875
-56005 2967.9150390625
-55995 2958.0849609375
-55985 2950.156982421875
-55975 2943.259033203125
-55965 2936.18798828125
-55955 2929.632080078125
-55945 2922.618896484375
-55935 2916.69189453125
-55925 2910.822998046875
-55915 2904.8759765625
-55905 2898.81591796875
-55895 2893.537109375
-55885 2887.49609375
-55875 2881.8359375
-55865 2876.385009765625
-55855 2871.1640625
-55845 2866.284912109375
-55835 2861.902099609375
-55825 2858.2041015625
-55815 2855.593994140625
-55805 2853.821044921875
-55795 2852.6201171875
-55785 2850.943115234375
-55775 2849.43798828125
-55765 2848.427978515625
-55755 2838.2509765625
-55745 2826.85400390625
-55735 2814.447998046875
-55725 2804.0419921875
-55715 2794.055908203125
-55705 2784.318115234375
-55695 2772.9208984375
-55685 2762.2490234375
-55675 2749.136962890625
-55665 2741.781005859375
-55655 2736.068115234375
-55645 2731.87109375
-55635 2727.544921875
-55625 2722.951904296875
-55615 2719.3310546875
-55605 2715.385986328125
-55595 2709.615966796875
-55585 2707.02001953125
-55575 2704.0849609375
-55565 2701.955078125
-55555 2700.1630859375
-55545 2699.66796875
-55535 2694.3701171875
-55525 2689.22412109375
-55515 2678.513916015625
-55505 2671.366943359375
-55495 2664.506103515625
-55485 2656.693115234375
-55475 2646.402099609375
-55465 2636.35791015625
-55455 2633.02294921875
-55445 2629.498046875
-55435 2630.6220703125
-55425 2622.06494140625
-55415 2615.947998046875
-55405 2615.032958984375
-55395 2615.81396484375
-55385 2605.714111328125
-55375 2601.34912109375
-55365 2596.1279296875
-55355 2588.35205078125
-55345 2587.8759765625
-55335 2588.257080078125
-55325 2583.18798828125
-55315 2579.2041015625
-55305 2580.27197265625
-55295 2578.47998046875
-55285 2578.0419921875
-55275 2575.965087890625
-55265 2582.5009765625
-55255 2580.69091796875
-55245 2565.93994140625
-55235 2554.428955078125
-55225 2545.549072265625
-55215 2552.10400390625
-55205 2549.875
-55195 2540.0029296875
-55185 2539.868896484375
-55175 2534.152099609375
-55165 2525.748046875
-55155 2517.743896484375
-55145 2509.64794921875
-55135 2501.181884765625
-55125 2492.114990234375
-55115 2483.425048828125
-55105 2474.867919921875
-55095 2466.444091796875
-55085 2457.278076171875
-55075 2446.758056640625
-55065 2437.62890625
-55055 2427.77587890625
-55045 2418.819091796875
-55035 2409.385986328125
-55025 2400.447998046875
-55015 2392.405029296875
-55005 2384.193115234375
-54995 2376.324951171875
-54985 2367.6279296875
-54975 2360.51904296875
-54965 2350.948974609375
-54955 2343.347900390625
-54945 2336.70703125
-54935 2327.428955078125
-54925 2319.35791015625
-54915 2312.5859375
-54905 2304.9169921875
-54895 2296.97998046875
-54885 2290.60791015625
-54875 2285.4208984375
-54865 2280.23388671875
-54855 2273.43701171875
-54845 2264.427001953125
-54835 2254.4560546875
-54825 2246.6298828125
-54815 2241.30908203125
-54805 2234.514892578125
-54795 2225.818115234375
-54785 2219.781005859375
-54775 2213.4990234375
-54765 2200.330078125
-54755 2186.847900390625
-54745 2166.569091796875
-54735 2151.72412109375
-54725 2142.2470703125
-54715 2132.81201171875
-54705 2123.9130859375
-54695 2116.26708984375
-54685 2103.075927734375
-54675 2093.908935546875
-54665 2085.43603515625
-54655 2077.14404296875
-54645 2069.047119140625
-54635 2061.489990234375
-54625 2053.597900390625
-54615 2046.8709716796875
-54605 2042.31005859375
-54595 2037.614990234375
-54585 2030.6839599609375
-54575 2022.7239990234375
-54565 2017.447998046875
-54555 2011.7469482421875
-54545 2004.0999755859375
-54535 1991.512939453125
-54525 1979.2159423828125
-54515 1967.010986328125
-54505 1958.1800537109375
-54495 1950.31005859375
-54485 1943.490966796875
-54475 1936.3360595703125
-54465 1928.823974609375
-54455 1900.8990478515625
-54445 1891.6429443359375
-54435 1869.93603515625
-54425 1858.01904296875
-54415 1842.5250244140625
-54405 1836.6009521484375
-54395 1831.9949951171875
-54385 1827.166015625
-54375 1824.8399658203125
-54365 1824.593994140625
-54355 1818.5579833984375
-54345 1810.375
-54335 1791.68603515625
-54325 1781.156005859375
-54315 1769.9100341796875
-54305 1752.31396484375
-54295 1735.6800537109375
-54285 1727.56396484375
-54275 1716.968994140625
-54265 1709.8790283203125
-54255 1703.9320068359375
-54245 1696.66796875
-54235 1689.93798828125
-54225 1683.7900390625
-54215 1680.48095703125
-54205 1673.4610595703125
-54195 1667.60302734375
-54185 1662.7960205078125
-54175 1658.280029296875
-54165 1654.322021484375
-54155 1650.1190185546875
-54145 1646.7430419921875
-54135 1643.947998046875
-54125 1641.489013671875
-54115 1638.89501953125
-54105 1635.2509765625
-54095 1630.5360107421875
-54085 1629.281005859375
-54075 1628.8370361328125
-54065 1629.1500244140625
-54055 1628.386962890625
-54045 1628.14404296875
-54035 1628.031982421875
-54025 1628.052001953125
-54015 1627.8509521484375
-54005 1626.5789794921875
-53995 1626.467041015625
-53985 1633.10498046875
-53975 1638.56005859375
-53965 1641.2650146484375
-53955 1643.4339599609375
-53945 1645.8489990234375
-53935 1648.4649658203125
-53925 1650.4990234375
-53915 1653.5400390625
-53905 1656.177978515625
-53895 1659.218994140625
-53885 1661.7900390625
-53875 1665.18798828125
-53865 1667.8709716796875
-53855 1671.113037109375
-53845 1675.5179443359375
-53835 1679.1839599609375
-53825 1682.8289794921875
-53815 1684.260009765625
-53805 1688.261962890625
-53795 1693.56005859375
-53785 1700.447021484375
-53775 1706.4610595703125
-53765 1712.1820068359375
-53755 1717.8160400390625
-53745 1723.875
-53735 1729.6429443359375
-53725 1735.8809814453125
-53715 1743.259033203125
-53705 1750.949951171875
-53695 1761.280029296875
-53685 1772.5030517578125
-53675 1780.7979736328125
-53665 1787.9949951171875
-53655 1795.9990234375
-53645 1800.85302734375
-53635 1804.56201171875
-53625 1813.6390380859375
-53615 1823.655029296875
-53605 1822.89501953125
-53595 1825.1090087890625
-53585 1828.886962890625
-53575 1837.5169677734375
-53565 1845.2979736328125
-53555 1854.4200439453125
-53545 1863.1619873046875
-53535 1872.126953125
-53525 1891.7769775390625
-53515 1920.1490478515625
-53505 1953.1490478515625
-53495 1959.4100341796875
-53485 1969.2469482421875
-53475 1976.2650146484375
-53465 1992.385009765625
-53455 2005.262939453125
-53445 2008.0579833984375
-53435 2015.7039794921875
-53425 2023.72998046875
-53415 2030.550048828125
-53405 2037.8160400390625
-53395 2044.635009765625
-53385 2051.340087890625
-53375 2058.341064453125
-53365 2066.095947265625
-53355 2074.259033203125
-53345 2081.903076171875
-53335 2089.281005859375
-53325 2096.72607421875
-53315 2105.155029296875
-53305 2112.131103515625
-53295 2117.876953125
-53285 2126.4619140625
-53275 2137.4169921875
-53265 2146.762939453125
-53255 2154.60791015625
-53245 2162.14501953125
-53235 2169.633056640625
-53225 2177.614013671875
-53215 2186.243896484375
-53205 2194.65087890625
-53195 2202.633056640625
-53185 2211.083984375
-53175 2219.87109375
-53165 2229.14892578125
-53155 2239.22998046875
-53145 2250.2080078125
-53135 2262.19091796875
-53125 2274.3759765625
-53115 2283.364013671875
-53105 2293.044921875
-53095 2302.18896484375
-53085 2313.636962890625
-53075 2324.25390625
-53065 2334.5830078125
-53055 2345.22607421875
-53045 2356.784912109375
-53035 2367.337890625
-53025 2375.90087890625
-53015 2386.76708984375
-53005 2396.112060546875
-52995 2403.68896484375
-52985 2412.8330078125
-52975 2423.989990234375
-52965 2434.85595703125
-52955 2447.844970703125
-52945 2457.906005859375
-52935 2466.513916015625
-52925 2471.700927734375
-52915 2477.425048828125
-52905 2484.177001953125
-52895 2489.408935546875
-52885 2496.541015625
-52875 2504.5
-52865 2513.261962890625
-52855 2520.551025390625
-52845 2530.1650390625
-52835 2539.68896484375
-52825 2546.843994140625
-52815 2556.076904296875
-52805 2562.6279296875
-52795 2568.0390625
-52785 2584.156005859375
-52775 2592.406005859375
-52765 2600.5
-52755 2609.576904296875
-52745 2618.76611328125
-52735 2629.610107421875
-52725 2631.488037109375
-52715 2635.780029296875
-52705 2643.470947265625
-52695 2652.281005859375
-52685 2657.64599609375
-52675 2661.6708984375
-52665 2669.49609375
-52655 2675.596923828125
-52645 2680.22509765625
-52635 2686.798095703125
-52625 2693.05810546875
-52615 2699.094970703125
-52605 2705.868896484375
-52595 2710.989990234375
-52585 2714.677978515625
-52575 2719.3291015625
-52565 2726.4169921875
-52555 2727.06494140625
-52545 2732.22900390625
-52535 2735.493896484375
-52525 2741.44091796875
-52515 2753.31298828125
-52505 2762.6650390625
-52495 2770.985107421875
-52485 2781.115966796875
-52475 2783.18310546875
-52465 2777.819091796875
-52455 2777.449951171875
-52445 2786.093994140625
-52435 2783.868896484375
-52425 2786.0029296875
-52415 2785.97509765625
-52405 2790.69189453125
-52395 2802.830078125
-52385 2810.050048828125
-52375 2810.93603515625
-52365 2814.571044921875
-52355 2823.68896484375
-52345 2826.760009765625
-52335 2834.087890625
-52325 2843.7939453125
-52315 2837.345947265625
-52305 2829.02197265625
-52295 2801.2099609375
-52285 2794.217041015625
-52275 2787.583984375
-52265 2781.4541015625
-52255 2777.429931640625
-52245 2773.785888671875
-52235 2768.699951171875
-52225 2761.388916015625
-52215 2757.51611328125
-52205 2747.14599609375
-52195 2738.781982421875
-52185 2727.2900390625
-52175 2712.72900390625
-52165 2705.2880859375
-52155 2702.22802734375
-52145 2691.510986328125
-52135 2676.612060546875
-52125 2669.419921875
-52115 2664.196044921875
-52105 2662.784912109375
-52095 2657.281982421875
-52085 2651.322998046875
-52075 2644.825927734375
-52065 2638.39794921875
-52055 2631.666015625
-52045 2625.535888671875
-52035 2619.366943359375
-52025 2613.218994140625
-52015 2609.5439453125
-52005 2604.389892578125
-51995 2600.426025390625
-51985 2595.8359375
-51975 2591.178955078125
-51965 2587.31396484375
-51955 2584.235107421875
-51945 2581.044921875
-51935 2577.56005859375
-51925 2573.715087890625
-51915 2570.952880859375
-51905 2567.98388671875
-51895 2564.757080078125
-51885 2566.096923828125
-51875 2569.712890625
-51865 2573.4169921875
-51855 2577.4599609375
-51845 2583.02294921875
-51835 2587.85009765625
-51825 2590.444091796875
-51815 2592.111083984375
-51805 2590.9580078125
-51795 2590.166015625
-51785 2590.25390625
-51775 2591.83203125
-51765 2592.8369140625
-51755 2593.10595703125
-51745 2592.56689453125
-51735 2594.116943359375
-51725 2594.802978515625
-51715 2595.824951171875
-51705 2596.989013671875
-51695 2598.031005859375
-51685 2599.85791015625
-51675 2601.27099609375
-51665 2604.697021484375
-51655 2605.23291015625
-51645 2606.095947265625
-51635 2605.75
-51625 2607.467041015625
-51615 2609.929931640625
-51605 2611.7490234375
-51595 2611.571044921875
-51585 2612.60400390625
-51575 2612.5439453125
-51565 2613.556884765625
-51555 2614.23193359375
-51545 2615.22607421875
-51535 2615.0380859375
-51525 2615.862060546875
-51515 2615.634033203125
-51505 2614.968017578125
-51495 2614.68896484375
-51485 2612.9208984375
-51475 2613.85498046875
-51465 2613.64501953125
-51455 2617.6689453125
-51445 2620.7490234375
-51435 2621.7509765625
-51425 2624.236083984375
-51415 2627.85009765625
-51405 2633.52197265625
-51395 2639.3740234375
-51385 2645.97900390625
-51375 2654.3310546875
-51365 2658.135986328125
-51355 2663.8779296875
-51345 2665.416015625
-51335 2669.845947265625
-51325 2675.697998046875
-51315 2681.97607421875
-51305 2688.9970703125
-51295 2697.302001953125
-51285 2706.5
-51275 2730.97412109375
-51265 2744.0380859375
-51255 2753.513916015625
-51245 2759.9990234375
-51235 2762.800048828125
-51225 2763.802001953125
-51215 2768.055908203125
-51205 2771.1640625
-51195 2775.39501953125
-51185 2778.760986328125
-51175 2782.260009765625
-51165 2785.6259765625
-51155 2789.15087890625
-51145 2792.260986328125
-51135 2795.14208984375
-51125 2797.069091796875
-51115 2799.69091796875
-51105 2796.87890625
-51095 2792.60791015625
-51085 2789.658935546875
-51075 2785.5859375
-51065 2780.44091796875
-51055 2776.56689453125
-51045 2769.783935546875
-51035 2758.319091796875
-51025 2726.465087890625
-51015 2719.701904296875
-51005 2711.406005859375
-50995 2702.656005859375
-50985 2694.638916015625
-50975 2682.819091796875
-50965 2682.44189453125
-50955 2683.22705078125
-50945 2693.93505859375
-50935 2683.236083984375
-50925 2668.077880859375
-50915 2649.553955078125
-50905 2638.131103515625
-50895 2625.35693359375
-50885 2608.927978515625
-50875 2595.387939453125
-50865 2583.985107421875
-50855 2573.904052734375
-50845 2557.64501953125
-50835 2551.761962890625
-50825 2543.549072265625
-50815 2535.373046875
-50805 2528.470947265625
-50795 2521.39794921875
-50785 2513.837890625
-50775 2506.14990234375
-50765 2497.758056640625
-50755 2490.924072265625
-50745 2483.98193359375
-50735 2478.76611328125
-50725 2473.23193359375
-50715 2467.44189453125
-50705 2461.3740234375
-50695 2455.14501953125
-50685 2448.37109375
-50675 2442.172119140625
-50665 2436.072998046875
-50655 2430.10498046875
-50645 2424.89990234375
-50635 2419.5048828125
-50625 2414.39111328125
-50615 2406.322998046875
-50605 2404.326904296875
-50595 2399.887939453125
-50585 2394.4541015625
-50575 2389.547119140625
-50565 2383.510009765625
-50555 2377.071044921875
-50545 2370.02099609375
-50535 2362.64794921875
-50525 2355.89404296875
-50515 2348.31591796875
-50505 2340.7080078125
-50495 2333.922119140625
-50485 2327.485107421875
-50475 2321.56494140625
-50465 2314.949951171875
-50455 2308.822021484375
-50445 2303.944091796875
-50435 2297.864990234375
-50425 2290.8330078125
-50415 2284.576904296875
-50405 2279.1708984375
-50395 2276.302001953125
-50385 2273.40087890625
-50375 2270.48095703125
-50365 2269.010986328125
-50355 2266.677001953125
-50345 2264.906982421875
-50335 2260.10205078125
-50325 2255.450927734375
-50315 2254.39794921875
-50305 2252.4140625
-50295 2253.924072265625
-50285 2258.77099609375
-50275 2262.35498046875
-50265 2264.97802734375
-50255 2266.81689453125
-50245 2269.89599609375
-50235 2272.239990234375
-50225 2274.740966796875
-50215 2277.4541015625
-50205 2281.030029296875
-50195 2284.971923828125
-50185 2289.402099609375
-50175 2294.0419921875
-50165 2298.948974609375
-50155 2304.89990234375
-50145 2311.2060546875
-50135 2318.427001953125
-50125 2328.717041015625
-50115 2337.291015625
-50105 2345.802001953125
-50095 2351.31591796875
-50085 2358.535888671875
-50075 2365.00390625
-50065 2371.738037109375
-50055 2378.612060546875
-50045 2384.659912109375
-50035 2390.93798828125
-50025 2397.235107421875
-50015 2403.047119140625
-50005 2408.43701171875
-49995 2413.5830078125
-49985 2418.89111328125
-49975 2424.68408203125
-49965 2430.69091796875
-49955 2437.14697265625
-49945 2444.697021484375
-49935 2452.8740234375
-49925 2461.302001953125
-49915 2468.887939453125
-49905 2478.989990234375
-49895 2503.927978515625
-49885 2512.91796875
-49875 2519.97802734375
-49865 2528.573974609375
-49855 2536.39208984375
-49845 2548.639892578125
-49835 2566.01708984375
-49825 2574.177001953125
-49815 2581.81591796875
-49805 2591.51806640625
-49795 2599.552001953125
-49785 2601.864990234375
-49775 2602.97705078125
-49765 2606.635009765625
-49755 2611.06396484375
-49745 2617.125
-49735 2621.01708984375
-49725 2624.60400390625
-49715 2629.51708984375
-49705 2634.035888671875
-49695 2637.300048828125
-49685 2641.693115234375
-49675 2649.47607421875
-49665 2655.805908203125
-49655 2662.173095703125
-49645 2668.2880859375
-49635 2679.531005859375
-49625 2686.614990234375
-49615 2693.5009765625
-49605 2701.875
-49595 2733.85009765625
-49585 2746.18701171875
-49575 2755.028076171875
-49565 2764.802001953125
-49555 2776.22509765625
-49545 2790.445068359375
-49535 2797.547119140625
-49525 2804.218017578125
-49515 2810.583984375
-49505 2816.5009765625
-49495 2819.873046875
-49485 2826.740966796875
-49475 2829.75390625
-49465 2826.131103515625
-49455 2819.60400390625
-49445 2809.113037109375
-49435 2799.626953125
-49425 2789.763916015625
-49415 2775.705078125
-49405 2760.193115234375
-49395 2750.490966796875
-49385 2740.5029296875
-49375 2730.7470703125
-49365 2714.787109375
-49355 2681.7548828125
-49345 2649.583984375
-49335 2644.68798828125
-49325 2637.532958984375
-49315 2630.77197265625
-49305 2602.008056640625
-49295 2581.510986328125
-49285 2576.18505859375
-49275 2569.764892578125
-49265 2562.6640625
-49255 2555.7060546875
-49245 2548.263916015625
-49235 2539.6201171875
-49225 2530.635986328125
-49215 2523.75
-49205 2519.572021484375
-49195 2510.4619140625
-49185 2506.445068359375
-49175 2498.06396484375
-49165 2495.291015625
-49155 2489.45703125
-49145 2482.802978515625
-49135 2477.089111328125
-49125 2469.964111328125
-49115 2463.81298828125
-49105 2458.666015625
-49095 2452.318115234375
-49085 2446.919921875
-49075 2441.001953125
-49065 2433.7041015625
-49055 2427.75
-49045 2423.590087890625
-49035 2420.64892578125
-49025 2417.294921875
-49015 2415.215087890625
-49005 2412.43603515625
-48995 2410.89306640625
-48985 2413.367919921875
-48975 2412.739990234375
-48965 2407.93408203125
-48955 2406.715087890625
-48945 2403.450927734375
-48935 2402.375
-48925 2399.5419921875
-48915 2397.964111328125
-48905 2398.125
-48895 2397.389892578125
-48885 2399.326904296875
-48875 2403.756103515625
-48865 2411.216064453125
-48855 2417.868896484375
-48845 2416.757080078125
-48835 2417.366943359375
-48825 2421.5810546875
-48815 2422.944091796875
-48805 2421.635009765625
-48795 2417.45703125
-48785 2429.596923828125
-48775 2437.3798828125
-48765 2447.0458984375
-48755 2447.530029296875
-48745 2449.573974609375
-48735 2453.125
-48725 2458.361083984375
-48715 2465.98291015625
-48705 2477.029052734375
-48695 2489.760986328125
-48685 2495.8291015625
-48675 2501.507080078125
-48665 2502.7509765625
-48655 2505.9609375
-48645 2510.365966796875
-48635 2512.720947265625
-48625 2514.174072265625
-48615 2517.0009765625
-48605 2520.3779296875
-48595 2523.427001953125
-48585 2524.89697265625
-48575 2527.73095703125
-48565 2530.31298828125
-48555 2535.2451171875
-48545 2538.14990234375
-48535 2538.794921875
-48525 2539.888916015625
-48515 2541.23388671875
-48505 2542.489990234375
-48495 2544.2470703125
-48485 2544.927978515625
-48475 2547.385009765625
-48465 2551.59912109375
-48455 2555.27587890625
-48445 2559.508056640625
-48435 2563.955078125
-48425 2569.513916015625
-48415 2576.02392578125
-48405 2582.4970703125
-48395 2589.4189453125
-48385 2596.987060546875
-48375 2611.028076171875
-48365 2621.26806640625
-48355 2626.235107421875
-48345 2633.35498046875
-48335 2642.841064453125
-48325 2648.919921875
-48315 2654.85595703125
-48305 2661.114990234375
-48295 2667.73193359375
-48285 2668.592041015625
-48275 2667.965087890625
-48265 2670.116943359375
-48255 2673.488037109375
-48245 2677.0390625
-48235 2680.39208984375
-48225 2684.785888671875
-48215 2689.053955078125
-48205 2691.760986328125
-48195 2696.7470703125
-48185 2700.44091796875
-48175 2704.69091796875
-48165 2718.89404296875
-48155 2728.827880859375
-48145 2734.22607421875
-48135 2741.02294921875
-48125 2755.56591796875
-48115 2771.43701171875
-48105 2779.971923828125
-48095 2787.737060546875
-48085 2795.1259765625
-48075 2802.568115234375
-48065 2810.242919921875
-48055 2817.720947265625
-48045 2825.68310546875
-48035 2833.23291015625
-48025 2841.014892578125
-48015 2848.1708984375
-48005 2855.14599609375
-47995 2862.52294921875
-47985 2869.696044921875
-47975 2876.905029296875
-47965 2884.4189453125
-47955 2892.14794921875
-47945 2899.427978515625
-47935 2907.407958984375
-47925 2915.281005859375
-47915 2923.028076171875
-47905 2930.506103515625
-47895 2938.39599609375
-47885 2946.125
-47875 2954.48193359375
-47865 2961.833984375
-47855 2969.330078125
-47845 2976.6650390625
-47835 2984.089111328125
-47825 2991.298095703125
-47815 2998.721923828125
-47805 3005.804931640625
-47795 3011.84912109375
-47785 3017.658935546875
-47775 3019.14697265625
-47765 3012.3330078125
-47755 3008.2080078125
-47745 3004.944091796875
-47735 3002.12890625
-47725 3000.174072265625
-47715 2998.18408203125
-47705 2992.35595703125
-47695 2985.0029296875
-47685 2976.89794921875
-47675 2968.199951171875
-47665 2959.718017578125
-47655 2950.5009765625
-47645 2941.319091796875
-47635 2932.5859375
-47625 2923.35107421875
-47615 2913.362060546875
-47605 2905.131103515625
-47595 2897.1689453125
-47585 2888.364013671875
-47575 2879.2900390625
-47565 2871.094970703125
-47555 2862.625
-47545 2854.1240234375
-47535 2844.97900390625
-47525 2836.60400390625
-47515 2826.5439453125
-47505 2816.839111328125
-47495 2806.18994140625
-47485 2785.777099609375
-47475 2764.587890625
-47465 2753.95703125
-47455 2745.81689453125
-47445 2737.117919921875
-47435 2728.23095703125
-47425 2721.962890625
-47415 2706.951904296875
-47405 2699.3720703125
-47395 2693.091064453125
-47385 2684.907958984375
-47375 2676.73193359375
-47365 2670.530029296875
-47355 2663.551025390625
-47345 2652.239990234375
-47335 2643.047119140625
-47325 2645.23095703125
-47315 2631.489990234375
-47305 2619.072998046875
-47295 2613.23095703125
-47285 2607.97900390625
-47275 2603.781005859375
-47265 2599.489990234375
-47255 2596.2470703125
-47245 2594.027099609375
-47235 2594.027099609375
-47225 2591.93896484375
-47215 2585.326904296875
-47205 2584.40087890625
-47195 2582.072998046875
-47185 2582.138916015625
-47175 2582.15087890625
-47165 2582.6640625
-47155 2582.87890625
-47145 2583.318115234375
-47135 2583.362060546875
-47125 2583.52197265625
-47115 2581.820068359375
-47105 2580.59912109375
-47095 2578.2880859375
-47085 2576.837890625
-47075 2574.930908203125
-47065 2572.537109375
-47055 2571.02099609375
-47045 2570.257080078125
-47035 2570.172119140625
-47025 2569.43798828125
-47015 2568.2490234375
-47005 2567.60888671875
-46995 2566.177978515625
-46985 2565.846923828125
-46975 2565.2529296875
-46965 2564.904052734375
-46955 2565.052001953125
-46945 2566.069091796875
-46935 2566.029052734375
-46925 2565.992919921875
-46915 2566.360107421875
-46905 2565.781005859375
-46895 2565.19091796875
-46885 2565.319091796875
-46875 2565.208984375
-46865 2565.876953125
-46855 2568.260986328125
-46845 2569.362060546875
-46835 2571.35205078125
-46825 2576.2919921875
-46815 2578.132080078125
-46805 2580.158935546875
-46795 2582.9580078125
-46785 2586.367919921875
-46775 2590.1279296875
-46765 2594.14306640625
-46755 2596.818115234375
-46745 2600.927001953125
-46735 2605.98095703125
-46725 2609.89794921875
-46715 2615.10205078125
-46705 2619.968994140625
-46695 2624.282958984375
-46685 2628.049072265625
-46675 2630.840087890625
-46665 2632.139892578125
-46655 2632.381103515625
-46645 2632.6689453125
-46635 2634.330078125
-46625 2634.93798828125
-46615 2634.5
-46605 2630.376953125
-46595 2633.781982421875
-46585 2636.381103515625
-46575 2636.237060546875
-46565 2638.487060546875
-46555 2638.800048828125
-46545 2638.301025390625
-46535 2641.7900390625
-46525 2642.451904296875
-46515 2644.5869140625
-46505 2644.677978515625
-46495 2644.26904296875
-46485 2645.412109375
-46475 2645.18896484375
-46465 2642.721923828125
-46455 2639.701904296875
-46445 2637.572998046875
-46435 2634.846923828125
-46425 2633.5
-46415 2631.623046875
-46405 2629.468994140625
-46395 2627.2490234375
-46385 2627.381103515625
-46375 2629.6669921875
-46365 2628.451904296875
-46355 2627.326904296875
-46345 2624.81201171875
-46335 2623.489013671875
-46325 2621.23193359375
-46315 2619.049072265625
-46305 2619.291015625
-46295 2618.39892578125
-46285 2616.9609375
-46275 2615.4208984375
-46265 2614.007080078125
-46255 2612.239990234375
-46245 2610.987060546875
-46235 2608.718994140625
-46225 2606.576904296875
-46215 2604.27197265625
-46205 2601.450927734375
-46195 2599.237060546875
-46185 2595.93994140625
-46175 2593.528076171875
-46165 2588.787109375
-46155 2586.801025390625
-46145 2585.116943359375
-46135 2583.43798828125
-46125 2582.15087890625
-46115 2580.928955078125
-46105 2580.2919921875
-46095 2578.531005859375
-46085 2577.031005859375
-46075 2574.6669921875
-46065 2570.929931640625
-44585 2440.759033203125
-44575 2430.791015625
-44565 2417.48291015625
-44555 2402.530029296875
-44545 2389.320068359375
-44535 2376.80810546875
-44525 2360.876953125
-44515 2360.40087890625
-44505 2360.70703125
-44495 2361.18994140625
-44485 2362.6708984375
-44475 2361.320068359375
-44465 2360.94189453125
-44455 2359.1220703125
-44445 2354.7509765625
-44435 2350.152099609375
-44425 2339.531005859375
-44415 2332.4599609375
-44405 2331.550048828125
-44395 2330.325927734375
-44385 2330.4599609375
-44375 2329.490966796875
-44365 2328.131103515625
-44355 2326.27197265625
-44345 2327.243896484375
-44335 2325.7080078125
-44325 2322.8759765625
-44315 2321.202880859375
-44305 2321.06005859375
-44295 2321.6689453125
-44285 2322.781982421875
-44275 2324.06103515625
-44265 2324.3740234375
-44255 2323.887939453125
-44245 2320.551025390625
-44235 2310.751953125
-44225 2299.1201171875
-44215 2290.18896484375
-44205 2269.862060546875
-44195 2258.177978515625
-44185 2250.47998046875
-44175 2244.138916015625
-44165 2239.9970703125
-44155 2237.237060546875
-44145 2235.717041015625
-44135 2235.091064453125
-44125 2233.06201171875
-44115 2231.007080078125
-44105 2228.05810546875
-44095 2226.909912109375
-44085 2224.216064453125
-44075 2221.201904296875
-44065 2219.31005859375
-44055 2218.656982421875
-44045 2218.631103515625
-44035 2217.412109375
-44025 2216.928955078125
-44015 2218.6220703125
-44005 2217.9990234375
-43995 2217.027099609375
-43985 2217.0400390625
-43975 2218.011962890625
-43965 2216.491943359375
-43955 2214.694091796875
-43945 2212.43994140625
-43935 2209.739990234375
-43925 2206.873046875
-43915 2202.93603515625
-43905 2205.958984375
-43895 2208.698974609375
-43885 2208.802978515625
-43875 2211.860107421875
-43865 2214.926025390625
-43855 2215.616943359375
-43845 2215.298095703125
-43835 2216.47900390625
-43825 2218.2470703125
-43815 2218.970947265625
-43805 2218.5830078125
-43795 2218.612060546875
-43785 2221.52099609375
-43775 2223.419921875
-43765 2224.9990234375
-43755 2226.159912109375
-43745 2227.4189453125
-43735 2228.280029296875
-43725 2228.201904296875
-43715 2227.30810546875
-43705 2222.748046875
-43695 2213.589111328125
-43685 2201.31396484375
-43675 2184.60107421875
-43665 2174.3779296875
-43655 2166.589111328125
-43645 2160.56103515625
-43635 2154.180908203125
-43625 2151.218994140625
-43615 2150.260009765625
-43605 2148.66796875
-43595 2146.56103515625
-43585 2144.160888671875
-43575 2141.4208984375
-43565 2138.22998046875
-43555 2134.427001953125
-43545 2131.759033203125
-43535 2128.589111328125
-43525 2126.527099609375
-43515 2123.35595703125
-43505 2121.112060546875
-43495 2118.22900390625
-43485 2115.111083984375
-43475 2111.77099609375
-43465 2108.39794921875
-43455 2104.907958984375
-43445 2102.597900390625
-43435 2100.361083984375
-43425 2097.15087890625
-43415 2093.19091796875
-43405 2087.0458984375
-43395 2081.360107421875
-43385 2077.922119140625
-43375 2076.3310546875
-43365 2077.551025390625
-43355 2075.780029296875
-43345 2076.739013671875
-43335 2076.43798828125
-43325 2076.964111328125
-43315 2073.198974609375
-43305 2076.949951171875
-43295 2078.373046875
-43285 2077.7099609375
-43275 2072.8759765625
-43265 2069.447998046875
-43255 2065.468994140625
-43245 2060.993896484375
-43235 2055.930908203125
-43225 2045.9630126953125
-43215 2044.0909423828125
-43205 2043.6929931640625
-43195 2046.3280029296875
-43185 2049.571044921875
-43175 2049.087890625
-43165 2048.408935546875
-43155 2049.173095703125
-43145 2049.7919921875
-43135 2050.549072265625
-43125 2051.448974609375
-43115 2052.512939453125
-43105 2054.861083984375
-43095 2057.31396484375
-43085 2058.637939453125
-43075 2053.947998046875
-43065 2050.02099609375
-43055 2048.5791015625
-43045 2047.4830322265625
-43035 2043.81005859375
-43025 2043.52294921875
-43015 2045.06298828125
-43005 2048.468017578125
-42995 2050.791015625
-42985 2050.992919921875
-42975 2050.783935546875
-42965 2050.281982421875
-42955 2049.948974609375
-42945 2054.548095703125
-42935 2057.22900390625
-42925 2057.907958984375
-42915 2059.98193359375
-42905 2060.759033203125
-42895 2061.39794921875
-42885 2053.863037109375
-42875 2049.884033203125
-42865 2041.16796875
-42855 2038.8780517578125
-42845 2037.6910400390625
-42835 2036.9930419921875
-42825 2039.133056640625
-42815 2039.9029541015625
