-85505 2634.986083984375
-85495 2638.18798828125
-85485 2641.10107421875
-85475 2643.87109375
-85465 2645.862060546875
-85455 2648.093994140625
-85445 2651.94091796875
-85435 2652.14990234375
-85425 2654.612060546875
-85415 2657.177001953125
-85405 2659.672119140625
-85395 2662.3291015625
-85385 2665.007080078125
-85375 2667.72802734375
-85365 2670.382080078125
-85355 2672.781005859375
-85345 2675.408935546875
-85335 2677.758056640625
-85325 2679.673095703125
-85315 2682.154052734375
-85305 2685.720947265625
-85295 2689.1220703125
-85285 2692.887939453125
-85275 2696.992919921875
-85265 2700.94091796875
-85255 2704.972900390625
-85245 2708.881103515625
-85235 2712.876953125
-85225 2717.10009765625
-85215 2720.800048828125
-85205 2724.77197265625
-85195 2728.5810546875
-85185 2732.944091796875
-85175 2739.739013671875
-85165 2743.66796875
-85155 2748.677978515625
-85145 2755.114990234375
-85135 2761.51904296875
-85125 2768.472900390625
-85115 2776.35302734375
-85105 2786.281005859375
-85095 2796.56689453125
-85085 2807.177978515625
-85075 2814.5009765625
-85065 2820.77197265625
-85055 2827.639892578125
-85045 2833.761962890625
-85035 2839.56201171875
-85025 2844.969970703125
-85015 2851.092041015625
-85005 2856.719970703125
-84995 2861.946044921875
-84985 2867.837890625
-84975 2872.532958984375
-84965 2878.85595703125
-84955 2886.1220703125
-84945 2892.873046875
-84935 2898.783935546875
-84925 2904.422119140625
-84915 2912.64599609375
-84905 2922.9619140625
-84895 2928.221923828125
-84885 2936.669921875
-84875 2942.06689453125
-84865 2946.470947265625
-84855 2948.510009765625
-84845 2950.0869140625
-84835 2949.60693359375
-84825 2948.8701171875
-84815 2953.513916015625
-84805 2958.31201171875
-84795 2950.12109375
-84785 2934.510986328125
-84775 2919.5
-84765 2901.06298828125
-84755 2889.325927734375
-84745 2872.001953125
-84735 2857.43798828125
-84725 2849.865966796875
-84715 2843.507080078125
-84705 2837.0810546875
-84695 2830.176025390625
-84685 2825.343994140625
-84675 2821.111083984375
-84665 2816.89794921875
-84655 2810.52197265625
-84645 2805.948974609375
-84635 2795.116943359375
-84625 2786.928955078125
-84615 2781.049072265625
-84605 2776.134033203125
-84595 2763.8798828125
-84585 2758.416015625
-84575 2748.18408203125
-84565 2739.376953125
-84555 2727.125
-84545 2716.5380859375
-84535 2712.406005859375
-84525 2708.87890625
-84515 2699.72900390625
-84505 2685.075927734375
-84495 2680.863037109375
-84485 2667.083984375
-84475 2659.787109375
-84465 2647.909912109375
-84455 2640.1650390625
-84445 2633.535888671875
-84435 2626.407958984375
-84425 2618.6630859375
-84415 2608.656005859375
-84405 2599.694091796875
-84395 2592.6689453125
-84385 2584.06689453125
-84375 2574.2490234375
-84365 2564.343994140625
-84355 2556.56494140625
-84345 2546.541015625
-84335 2536.876953125
-84325 2528.070068359375
-84315 2519.60498046875
-84305 2511.242919921875
-84295 2504.097900390625
-84285 2495.445068359375
-84275 2489.156005859375
-84265 2482.4560546875
-84255 2475.465087890625
-84245 2468.56005859375
-84235 2460.81396484375
-84225 2454.64599609375
-84215 2449.968017578125
-84205 2445.839111328125
-84195 2441.863037109375
-84185 2439.51611328125
-84175 2436.568115234375
-84165 2435.506103515625
-84155 2434.718017578125
-84145 2431.85595703125
-84135 2430.7080078125
-84125 2428.926025390625
-84115 2427.41796875
-84105 2425.4140625
-84095 2421.677978515625
-84085 2417.926025390625
-84075 2413.264892578125
-84065 2409.751953125
-84055 2407.781005859375
-84045 2405.863037109375
-84035 2403.01806640625
-84025 2405.60498046875
-84015 2403.137939453125
-84005 2401.972900390625
-83995 2399.4541015625
-83985 2396.695068359375
-83975 2395.59912109375
-83965 2396.0439453125
-83955 2396.027099609375
-83945 2396.3701171875
-83935 2397.51806640625
-83925 2400.653076171875
-83915 2402.384033203125
-83905 2403.702880859375
-83895 2404.970947265625
-83885 2406.77099609375
-83875 2408.055908203125
-83865 2409.427001953125
-83855 2408.62109375
-83845 2409.083984375
-83835 2411.533935546875
-83825 2415.097900390625
-83815 2418.284912109375
-83805 2422.552001953125
-83795 2427.98388671875
-83785 2431.410888671875
-83775 2435.9169921875
-83765 2438.0419921875
-83755 2444.450927734375
-83745 2448.802978515625
-83735 2453.805908203125
-83725 2459.597900390625
-83715 2466.02392578125
-83705 2471.90087890625
-83695 2476.85302734375
-83685 2481.992919921875
-83675 2488.281982421875
-83665 2495.239013671875
-83655 2500.053955078125
-83645 2504.47509765625
-83635 2509.924072265625
-83625 2516.041015625
-83615 2522.637939453125
-83605 2530.056884765625
-83595 2537.631103515625
-83585 2544.177001953125
-83575 2550.618896484375
-83565 2557.095947265625
-83555 2564.85888671875
-83545 2573.014892578125
-83535 2585.469970703125
-83525 2592.8740234375
-83515 2599.43701171875
-83505 2608.19091796875
-83495 2616.554931640625
-83485 2624.04296875
-83475 2629.800048828125
-83465 2637.2880859375
-83455 2644.77587890625
-83445 2652.05908203125
-83435 2660.301025390625
-83425 2668.215087890625
-83415 2676.76806640625
-83405 2684.716064453125
-83395 2691.947021484375
-83385 2697.8779296875
-83375 2703.635009765625
-83365 2709.050048828125
-83355 2713.111083984375
-83345 2717.652099609375
-83335 2723.18701171875
-83325 2730.22900390625
-83315 2738.985107421875
-83305 2749.1630859375
-83295 2759.27294921875
-83285 2773.718017578125
-83275 2787.0830078125
-83265 2791.929931640625
-83255 2800.30908203125
-83245 2807.867919921875
-83235 2815.52490234375
-83225 2824.31494140625
-83215 2835.404052734375
-83205 2838.573974609375
-83195 2847.1220703125
-83185 2852.364990234375
-83175 2853.256103515625
-83165 2851.679931640625
-83155 2854.405029296875
-83145 2855.51806640625
-83135 2856.511962890625
-83125 2857.968994140625
-83115 2859.425048828125
-83105 2858.705078125
-83095 2851.048095703125
-83085 2851.970947265625
-83075 2854.81591796875
-83065 2858.533935546875
-83055 2858.876953125
-83045 2859.56201171875
-83035 2858.638916015625
-83025 2858.97900390625
-83015 2859.802001953125
-83005 2861.80908203125
-82995 2863.69189453125
-82985 2865.902099609375
-82975 2868.0439453125
-82965 2870.27099609375
-82955 2872.447998046875
-82945 2874.9150390625
-82935 2877.2109375
-82925 2879.626953125
-82915 2882.114013671875
-82905 2884.614013671875
-82895 2887.133056640625
-82885 2889.531005859375
-82875 2892.050048828125
-82865 2894.51806640625
-82855 2897.22705078125
-82845 2900.123046875
-82835 2903.01708984375
-82825 2906.27197265625
-82815 2909.887939453125
-82805 2913.948974609375
-82795 2918.077880859375
-82785 2922.39599609375
-82775 2926.45703125
-82765 2930.5869140625
-82755 2934.528076171875
-82745 2938.05810546875
-82735 2941.2958984375
-82725 2943.84912109375
-82715 2946.1630859375
-82705 2948.2529296875
-82695 2950.27490234375
-82685 2952.31396484375
-82675 2954.386962890625
-82665 2956.39208984375
-82655 2958.722900390625
-82645 2961.18994140625
-82635 2963.845947265625
-82625 2966.501953125
-82615 2968.93505859375
-82605 2971.214111328125
-82595 2973.08203125
-82585 2974.384033203125
-82575 2975.0009765625
-82565 2974.590087890625
-82555 2970.47705078125
-82545 2968.593017578125
-82535 2968.83203125
-82525 2970.906005859375
-82515 2974.487060546875
-82505 2979.56298828125
-82495 2985.54296875
-82485 2989.324951171875
-82475 2991.403076171875
-82465 2993.4951171875
-82455 2995.720947265625
-82445 2998.135009765625
-82435 3000.843994140625
-82425 3003.68603515625
-82415 3006.633056640625
-82405 3009.717041015625
-82395 3013.01611328125
-82385 3016.27392578125
-82375 3019.452880859375
-82365 3022.656982421875
-82355 3025.968994140625
-82345 3029.1708984375
-82335 3032.3759765625
-82325 3035.660888671875
-82315 3038.785888671875
-82305 3041.56201171875
-82295 3044.510986328125
-82285 3047.337890625
-82275 3050.194091796875
-82265 3052.98291015625
-82255 3055.343017578125
-82245 3057.89111328125
-82235 3060.06298828125
-82225 3062.221923828125
-82215 3064.514892578125
-82205 3066.72802734375
-82195 3069.114990234375
-82185 3071.635986328125
-82175 3074.447998046875
-82165 3077.303955078125
-82155 3080.375
-82145 3083.674072265625
-82135 3087.1201171875
-82125 3090.5400390625
-82115 3094.26806640625
-82105 3098.260009765625
-82095 3102.430908203125
-82085 3106.64111328125
-82075 3110.906005859375
-82065 3115.237060546875
-82055 3119.444091796875
-82045 3123.680908203125
-82035 3128.080078125
-82025 3132.14306640625
-82015 3136.35302734375
-82005 3140.64111328125
-81995 3144.971923828125
-81985 3149.1689453125
-81975 3153.487060546875
-81965 3157.923095703125
-81955 3162.48193359375
-81945 3167.14794921875
-81935 3171.3720703125
-81925 3176.427978515625
-81915 3181.18798828125
-81905 3185.971923828125
-81895 3190.718994140625
-81885 3195.451904296875
-81875 3200.011962890625
-81865 3204.903076171875
-81855 3209.8369140625
-81845 3215.053955078125
-81835 3220.4580078125
-81825 3226.2099609375
-81815 3232.14697265625
-81805 3238.449951171875
-81795 3245.02099609375
-81785 3252.714111328125
-81775 3259.324951171875
-81765 3266.4990234375
-81755 3275.22607421875
-81745 3284.049072265625
-81735 3292.452880859375
-81725 3300.284912109375
-81715 3306.81494140625
-81705 3309.72509765625
-81695 3302.657958984375
-81685 3295.873046875
-81675 3291.2900390625
-81665 3288.4208984375
-81655 3285.68505859375
-81645 3283.1640625
-81635 3280.925048828125
-81625 3278.657958984375
-81615 3276.406005859375
-81605 3273.875
-81595 3271.27001953125
-81585 3268.45703125
-81575 3265.345947265625
-81565 3261.76611328125
-81555 3257.797119140625
-81545 3253.613037109375
-81535 3249.080078125
-81525 3245.51708984375
-81515 3233.2470703125
-81505 3222.56298828125
-81495 3212.81396484375
-81485 3203.135986328125
-81475 3189.297119140625
-81465 3161.31494140625
-81455 3142.73291015625
-81445 3122.447998046875
-81435 3105.77001953125
-81425 3093.299072265625
-81415 3085.014892578125
-81405 3072.7490234375
-81395 3061.217041015625
-81385 3051.89697265625
-81375 3028.943115234375
-81365 3017.93701171875
-81355 3011.5009765625
-81345 3005.135009765625
-81335 2999.072998046875
-81325 2993.093017578125
-81315 2987.513916015625
-81305 2982.19091796875
-81295 2976.68310546875
-81285 2971.573974609375
-81275 2966.237060546875
-81265 2961.65087890625
-81255 2957.02392578125
-81245 2952.737060546875
-81235 2948.37890625
-81225 2944.2490234375
-81215 2939.970947265625
-81205 2936.406982421875
-81195 2932.59912109375
-81185 2928.697021484375
-81175 2924.472900390625
-81165 2920.343017578125
-81155 2916.22900390625
-81145 2911.881103515625
-81135 2907.205078125
-81125 2902.282958984375
-81115 2897.34912109375
-81105 2891.220947265625
-81095 2886.865966796875
-81085 2882.02490234375
-81075 2878.485107421875
-81065 2875.3740234375
-81055 2865.534912109375
-81045 2861.592041015625
-81035 2857.77099609375
-81025 2855.302978515625
-81015 2854.485107421875
-81005 2850.43603515625
-80995 2845.47802734375
-80985 2835.756103515625
-80975 2828.85009765625
-80965 2821.652099609375
-80955 2813.714111328125
-80945 2808.0419921875
-80935 2805.93603515625
-80925 2804.153076171875
-80915 2802.305908203125
-80905 2800.343994140625
-80895 2798.322998046875
-80885 2796.284912109375
-80875 2794.09912109375
-80865 2791.64501953125
-80855 2789.205078125
-80845 2786.60302734375
-80835 2784.376953125
-80825 2782.324951171875
-80815 2780.089111328125
-80805 2777.863037109375
-80795 2775.7451171875
-80785 2773.7470703125
-80775 2771.989990234375
-80765 2770.488037109375
-80755 2769.89794921875
-80745 2770.528076171875
-80735 2771.47998046875
-80725 2771.802001953125
-80715 2771.385986328125
-80705 2771.548095703125
-80695 2771.26611328125
-80685 2770.6220703125
-80675 2770.179931640625
-80665 2768.6650390625
-80655 2767.22998046875
-80645 2766.39794921875
-80635 2764.923095703125
-80625 2764.198974609375
-80615 2765.1240234375
-80605 2764.681884765625
-80595 2763.139892578125
-80585 2761.35595703125
-80575 2756.7470703125
-80565 2753.998046875
-80555 2751.958984375
-80545 2750.095947265625
-80535 2749.18408203125
-80525 2749.826904296875
-80515 2751.449951171875
-80505 2752.965087890625
-80495 2754.10498046875
-80485 2753.27392578125
-80475 2753.43505859375
-80465 2753.01904296875
-80455 2750.069091796875
-80445 2748.31201171875
-80435 2748.23193359375
-80425 2750.135986328125
-80415 2749.907958984375
-80405 2746.1259765625
-80395 2747.43994140625
-80385 2746.998046875
-80375 2746.23388671875
-80365 2744.784912109375
-80355 2742.947998046875
-80345 2742.572998046875
-80335 2742.801025390625
-80325 2743.217041015625
-80315 2743.445068359375
-80305 2745.281982421875
-80295 2746.58203125
-80285 2744.3701171875
-80275 2736.471923828125
-80265 2729.219970703125
-80255 2726.257080078125
-80245 2720.181884765625
-80235 2714.241943359375
-80225 2709.60595703125
-80215 2709.76708984375
-80205 2707.218994140625
-80195 2707.339111328125
-80185 2701.77392578125
-80175 2692.6689453125
-80165 2688.006103515625
-80155 2684.801025390625
-80145 2682.02587890625
-80135 2677.93603515625
-80125 2669.43798828125
-80115 2666.135009765625
-80105 2666.35302734375
-80095 2668.427978515625
-80085 2669.7060546875
-80075 2664.032958984375
-80065 2657.16796875
-80055 2651.965087890625
-80045 2646.510009765625
-80035 2644.64599609375
-80025 2635.35400390625
-80015 2633.423095703125
-80005 2633.89794921875
-79995 2633.22802734375
-79985 2630.802001953125
-79975 2628.422119140625
-79965 2625.092041015625
-79955 2621.261962890625
-79945 2616.00390625
-79935 2610.7900390625
-79925 2607.43994140625
-79915 2606.298095703125
-79905 2602.919921875
-79895 2597.657958984375
-79885 2594.14111328125
-79875 2591.833984375
-79865 2591.2109375
-79855 2588.906982421875
-79845 2583.958984375
-79835 2580.676025390625
-79825 2575.322998046875
-79815 2572.39697265625
-79805 2570.5419921875
-79795 2567.830078125
-79785 2565.14111328125
-79775 2559.047119140625
-79765 2546.656982421875
-79755 2535.471923828125
-79745 2528.382080078125
-79735 2524.009033203125
-79725 2518.56103515625
-79715 2513.60888671875
-79705 2509.945068359375
-79695 2508.35107421875
-79685 2507.85205078125
-79675 2506.757080078125
-79665 2506.3330078125
-79655 2509.326904296875
-79645 2515.4169921875
-79635 2520.06005859375
-79625 2529.31396484375
-79615 2531.30810546875
-79605 2535.3330078125
-79595 2539.56298828125
-79585 2540.091064453125
-79575 2540.662109375
-79565 2542.656005859375
-79555 2544.4169921875
-79545 2546.06201171875
-79535 2548.322021484375
-79525 2551.006103515625
-79515 2552.837890625
-79505 2553.342041015625
-79495 2552.556884765625
-79485 2553.2470703125
-79475 2553.075927734375
-79465 2554.5791015625
-79455 2557.076904296875
-79445 2557.14404296875
-79435 2555.2919921875
-79425 2553.718017578125
-79415 2553.385009765625
-79405 2554.341064453125
-79395 2554.674072265625
-79385 2555.364013671875
-79375 2555.720947265625
-79365 2555.0029296875
-79355 2553.888916015625
-79345 2553.81298828125
-79335 2551.576904296875
-79325 2550.177978515625
-79315 2547.10888671875
-79305 2541.803955078125
-79295 2535.708984375
-79285 2529.45703125
-79275 2524.032958984375
-79265 2521.054931640625
-79255 2520.488037109375
-79245 2520.79296875
-79235 2524.64697265625
-79225 2527.47802734375
-79215 2528.43408203125
-79205 2530.218017578125
-79195 2530.048095703125
-79185 2530.048095703125
-79175 2531.1220703125
-79165 2531.1220703125
-79155 2530.241943359375
-79145 2530.3369140625
-79135 2531.6650390625
-79125 2530.30908203125
-79115 2526.455078125
-79105 2520.364990234375
-79095 2515.302001953125
-79085 2511.514892578125
-79075 2507.162109375
-79065 2499.10107421875
-79055 2491.06005859375
-79045 2485.44189453125
-79035 2478.83203125
-79025 2471.382080078125
-79015 2462.318115234375
-79005 2452.159912109375
-78995 2442.97705078125
-78985 2436.60107421875
-78975 2429.55908203125
-78965 2420.2099609375
-78955 2414.714111328125
-78945 2409.6708984375
-78935 2405.93603515625
-78925 2398.72802734375
-78915 2388.449951171875
-78905 2375.985107421875
-78895 2361.947998046875
-78885 2353.47900390625
-78875 2346.0810546875
-78865 2338.468017578125
-78855 2333.02001953125
-78845 2325.85888671875
-78835 2317.389892578125
-78825 2310.943115234375
-78815 2304.56689453125
-78805 2299.215087890625
-78795 2292.506103515625
-78785 2281.8720703125
-78775 2273.02197265625
-78765 2264.48095703125
-78755 2254.8701171875
-78745 2246.2109375
-78735 2240.16796875
-78725 2231.77099609375
-78715 2222.5400390625
-78705 2214.52294921875
-78695 2211.16796875
-78685 2211.549072265625
-78675 2211.62109375
-78665 2213.405029296875
-78655 2213.618896484375
-78645 2208.623046875
-78635 2207.98095703125
-78625 2209.14599609375
-78615 2208.718017578125
-78605 2206.2919921875
-78595 2202.056884765625
-78585 2196.822998046875
-78575 2191.256103515625
-78565 2186.760009765625
-78555 2184.785888671875
-78545 2178.695068359375
-78535 2172.510009765625
-78525 2167.37109375
-78515 2162.947021484375
-78505 2158.449951171875
-78495 2146.31689453125
-78485 2139.299072265625
-78475 2133.73291015625
-78465 2126.618896484375
-78455 2122.431884765625
-78445 2118.364013671875
-78435 2113.821044921875
-78425 2108.681884765625
-78415 2104.091064453125
-78405 2099.450927734375
-78395 2093.97998046875
-78385 2083.93994140625
-78375 2075.114990234375
-78365 2066.8359375
-78355 2062.219970703125
-78345 2057.4619140625
-78335 2050.4208984375
-78325 2043.1409912109375
-78315 2034.8580322265625
-78305 2027.6300048828125
-78295 2024.6090087890625
-78285 2017.6619873046875
-78275 2014.0699462890625
-78265 2009.3590087890625
-78255 2004.1490478515625
-78245 1999.863037109375
-78235 1997.6309814453125
-78225 1995.06201171875
-78215 1991.6829833984375
-78205 1988.7099609375
-78195 1985.18896484375
-78185 1979.6180419921875
-78175 1970.843994140625
-78165 1957.541015625
-78155 1945.14697265625
-78145 1935.2030029296875
-78135 1927.3990478515625
-78125 1919.66796875
-78115 1916.907958984375
-78105 1924.3780517578125
-78095 1925.095947265625
-78085 1929.282958984375
-78075 1935.677978515625
-78065 1941.6500244140625
-78055 1946.364013671875
-78045 1947.64501953125
-78035 1948.4339599609375
-78025 1946.720947265625
-78015 1942.791015625
-78005 1938.7230224609375
-77995 1940.4639892578125
-77985 1941.531005859375
-77975 1943.2669677734375
-77965 1947.1729736328125
-77955 1951.6929931640625
-77945 1956.2130126953125
-77935 1960.637939453125
-77925 1965.8909912109375
-77915 1970.553955078125
-77905 1976.2679443359375
-77895 1982.9720458984375
-77885 1990.6610107421875
-77875 1996.989013671875
-77865 2005.3389892578125
-77855 2011.81005859375
-77845 2015.449951171875
-77835 2020.5880126953125
-77825 2029.0810546875
-77815 2035.9329833984375
-77805 2042.0699462890625
-77795 2048.18408203125
-77785 2054.822021484375
-77775 2060.98291015625
-77765 2066.3359375
-77755 2071.903076171875
-77745 2076.85107421875
-77735 2080.06298828125
-77725 2082.512939453125
-77715 2085.55810546875
-77705 2088.318115234375
-77695 2091.81494140625
-77685 2095.217041015625
-77675 2100.37890625
-77665 2104.257080078125
-77655 2109.800048828125
-77645 2115.652099609375
-77635 2120.31494140625
-77625 2125.4541015625
-77615 2129.902099609375
-77605 2135.159912109375
-77595 2140.4169921875
-77585 2145.1279296875
-77575 2149.529052734375
-77565 2157.071044921875
-77555 2163.302978515625
-77545 2168.679931640625
-77535 2173.889892578125
-77525 2178.672119140625
-77515 2183.5009765625
-77505 2188.635986328125
-77495 2193.06201171875
-77485 2197.23193359375
-77475 2203.509033203125
-77465 2207.458984375
-77455 2215.64599609375
-77445 2222.537109375
-77435 2228.968017578125
-77425 2235.68408203125
-77415 2244.0009765625
-77405 2251.221923828125
-77395 2255.80908203125
-77385 2260.219970703125
-77375 2266.47509765625
-77365 2271.083984375
-77355 2276.241943359375
-77345 2281.157958984375
-77335 2285.635009765625
-77325 2291.428955078125
-77315 2300.2080078125
-77305 2309.7548828125
-77295 2316.1201171875
-77285 2323.076904296875
-77275 2331.110107421875
-77265 2344.739013671875
-77255 2350.7080078125
-77245 2362.60400390625
-77235 2373.072998046875
-77225 2394.010009765625
-77215 2403.139892578125
-77205 2410.097900390625
-77195 2416.681884765625
-77185 2422.9150390625
-77175 2427.962890625
-77165 2434.7880859375
-77155 2442.60107421875
-77145 2448.35205078125
-77135 2454.386962890625
-77125 2459.193115234375
-77115 2462.989990234375
-77105 2469.7060546875
-77095 2477.47509765625
-77085 2485.8369140625
-77075 2494.111083984375
-77065 2501.79296875
-77055 2510.30810546875
-77045 2525.60498046875
-77035 2530.01708984375
-77025 2559.14111328125
-77015 2582.492919921875
-77005 2588.615966796875
-76995 2591.929931640625
-76985 2593.488037109375
-76975 2600.993896484375
-76965 2610.343994140625
-76955 2621.5810546875
-76945 2639.446044921875
-76935 2652.3291015625
-76925 2661.612060546875
-76915 2667.054931640625
-76905 2672.52001953125
-76895 2669.2939453125
-76885 2658.51806640625
-76875 2648.861083984375
-76865 2639.248046875
-76855 2632.466064453125
-76845 2625.24609375
-76835 2617.958984375
-76825 2611.659912109375
-76815 2604.330078125
-76805 2595.638916015625
-76795 2590.416015625
-76785 2587.6279296875
-76775 2582.843994140625
-76765 2578.89306640625
-76755 2573.56005859375
-76745 2567.458984375
-76735 2561.73095703125
-76725 2552.095947265625
-76715 2547.64111328125
-76705 2540.419921875
-76695 2532.89208984375
-76685 2524.178955078125
-76675 2515.6640625
-76665 2505.80908203125
-76655 2490.666015625
-76645 2479.56103515625
-76635 2472.251953125
-76625 2464.527099609375
-76615 2456.757080078125
-76605 2449.73388671875
-76595 2442.64501953125
-76585 2434.81005859375
-76575 2429.93798828125
-76565 2425.3291015625
-76555 2421.136962890625
-76545 2420.259033203125
-76535 2418.416015625
-76525 2412.708984375
-76515 2407.77099609375
-76505 2401.60400390625
-76495 2396.511962890625
-76485 2387.821044921875
-76475 2378.427978515625
-76465 2369.385986328125
-76455 2360.430908203125
-76445 2349.720947265625
-76435 2338.923095703125
-76425 2327.093994140625
-76415 2319.0830078125
-76405 2300.251953125
-76395 2293.908935546875
-76385 2276.636962890625
-76375 2265.510009765625
-76365 2256.27001953125
-76355 2246.569091796875
-76345 2241.323974609375
-76335 2236.51806640625
-76325 2232.281982421875
-76315 2226.64111328125
-76305 2221.791015625
-76295 2215.22900390625
-76285 2212.7490234375
-76275 2209.5439453125
-76265 2200.94091796875
-76255 2189.35302734375
-76245 2188.803955078125
-76235 2169.60107421875
-76225 2159.43896484375
-76215 2153.885986328125
-76205 2147.697021484375
-76195 2141.8369140625
-76185 2133.278076171875
-76175 2128.2958984375
-76165 2126.5400390625
-76155 2114.929931640625
-76145 2108.9599609375
-76135 2100.2041015625
-76125 2086.3330078125
-76115 2074.591064453125
-76105 2059.469970703125
-76095 2040.112060546875
-76085 2027.9749755859375
-76075 2019.5699462890625
-76065 2011.9100341796875
-76055 2004.3380126953125
-76045 1997.8199462890625
-76035 1991.258056640625
-76025 1984.279052734375
-76015 1978.155029296875
-76005 1967.7960205078125
-75995 1967.68701171875
-75985 1995.5159912109375
-75975 1994.8790283203125
-75965 1999.510009765625
-75955 2002.56103515625
-75945 2002.8900146484375
-75935 2001.0899658203125
-75925 1998.9830322265625
-75915 2008.2010498046875
-75905 2012.7879638671875
-75895 2018.1429443359375
-75885 2021.47900390625
-75875 2023.8489990234375
-75865 2027.865966796875
-75855 2033.615966796875
-75845 2040.31005859375
-75835 2046.761962890625
-75825 2055.2119140625
-75815 2062.301025390625
-75805 2071.080078125
-75795 2078.0810546875
-75785 2081.571044921875
-75775 2087.95703125
-75765 2092.5
-75755 2097.548095703125
-75745 2103.781005859375
-75735 2116.884033203125
-75725 2125.617919921875
-75715 2134.199951171875
-75705 2142.95703125
-75695 2146.950927734375
-75685 2152.570068359375
-75675 2157.199951171875
-75665 2163.367919921875
-75655 2169.117919921875
-75645 2173.8798828125
-75635 2178.40087890625
-75625 2184.282958984375
-75615 2189.090087890625
-75605 2195.014892578125
-75595 2201.9951171875
-75585 2208.534912109375
-75575 2215.118896484375
-75565 2221.87890625
-75555 2227.739013671875
-75545 2231.99609375
-75535 2234.93701171875
-75525 2236.23193359375
-75515 2239.7880859375
-75505 2246.0859375
-75495 2253.679931640625
-75485 2260.72509765625
-75475 2265.39990234375
-75465 2266.51904296875
-75455 2267.81396484375
-75445 2271.14990234375
-75435 2276.81298828125
-75425 2283.264892578125
-75415 2290.81494140625
-75405 2299.30810546875
-75395 2306.81396484375
-75385 2311.949951171875
-75375 2318.116943359375
-75365 2324.570068359375
-75355 2332.383056640625
-75345 2338.923095703125
-75335 2345.529052734375
-75325 2352.135009765625
-75315 2359.24609375
-75305 2365.611083984375
-75295 2371.22900390625
-75285 2376.541015625
-75275 2381.741943359375
-75265 2396.468994140625
-75255 2404.281982421875
-75245 2416.748046875
-75235 2428.2919921875
-75225 2444.181884765625
-75215 2451.60009765625
-75205 2459.14990234375
-75195 2464.5048828125
-75185 2473.43701171875
-75175 2483.862060546875
-75165 2488.294921875
-75155 2492.837890625
-75145 2501.881103515625
-75135 2510.242919921875
-75125 2519
-75115 2518.2529296875
-75105 2520.404052734375
-75095 2525.824951171875
-75085 2533.85791015625
-75075 2540.199951171875
-75065 2548.23291015625
-75055 2555.256103515625
-75045 2560.14990234375
-75035 2565.154052734375
-75025 2568.489990234375
-75015 2571.781982421875
-75005 2574.173095703125
-74995 2578.60009765625
-74985 2580.402099609375
-74975 2584.906982421875
-74965 2588.614013671875
-74955 2594.302978515625
-74945 2601.072998046875
-74935 2606.633056640625
-74925 2613.968994140625
-74915 2619.68408203125
-74905 2625.425048828125
-74895 2631.010009765625
-74885 2637.033935546875
-74875 2644.319091796875
-74865 2649.75
-74855 2655.77392578125
-74845 2661.69189453125
-74835 2667.8701171875
-74825 2673.02099609375
-74815 2678.5810546875
-74805 2684.910888671875
-74795 2689.263916015625
-74785 2692.81298828125
-74775 2697.06396484375
-74765 2701.875
-74755 2705.301025390625
-74745 2712.89501953125
-74735 2722.596923828125
-74725 2727.77099609375
-74715 2733.89990234375
-74705 2741.31103515625
-74695 2750.760986328125
-74685 2759.485107421875
-74675 2765.09912109375
-74665 2771.093994140625
-74655 2778.739990234375
-74645 2788.031982421875
-74635 2794.7509765625
-74625 2801.18896484375
-74615 2808.367919921875
-74605 2815.8330078125
-74595 2827.443115234375
-74585 2836.375
-74575 2844.925048828125
-74565 2858.512939453125
-74555 2865.90087890625
-74545 2869.47900390625
-74535 2877.2529296875
-74525 2886.52001953125
-74515 2898.361083984375
-74505 2914.090087890625
-74495 2918.85205078125
-74485 2924.90087890625
-74475 2930.6669921875
-74465 2936.56201171875
-74455 2945.751953125
-74445 2955.27587890625
-74435 2961.197021484375
-74425 2960.193115234375
-74415 2958.931884765625
-74405 2957.799072265625
-74395 2957.43896484375
-74385 2956.846923828125
-74375 2955.56005859375
-74365 2954.092041015625
-74355 2953.552001953125
-74345 2953.7060546875
-74335 2954.220947265625
-74325 2954.916015625
-74315 2956.02294921875
-74305 2957.77294921875
-74295 2959.2919921875
-74285 2961.968994140625
-74275 2964.285888671875
-74265 2966.757080078125
-74255 2969.69189453125
-74245 2972.83203125
-74235 2976.591064453125
-74225 2981.01806640625
-74215 2985.214111328125
-74205 2990.0791015625
-74195 2993.863037109375
-74185 2999.655029296875
-74175 3005.575927734375
-74165 3012.423095703125
-74155 3018.06103515625
-74145 3022.66796875
-74135 3028.89794921875
-74125 3035.615966796875
-74115 3044.677001953125
-74105 3050.881103515625
-74095 3056.570068359375
-74085 3064.626953125
-74075 3069.00390625
-74065 3073.1220703125
-74055 3084.552001953125
-74045 3090.8330078125
-74035 3097.217041015625
-74025 3103.31689453125
-74015 3107.409912109375
-74005 3116.419921875
-73995 3122.135009765625
-73985 3129.65087890625
-73975 3135.159912109375
-73965 3139.9990234375
-73955 3139.79296875
-73945 3130.26904296875
-73935 3120.177978515625
-73925 3109.803955078125
-73915 3099.867919921875
-73905 3089.134033203125
-73895 3078.322021484375
-73885 3069.18408203125
-73875 3059.58203125
-73865 3049.51708984375
-73855 3040.610107421875
-73845 3030.493896484375
-73835 3020.865966796875
-73825 3011.264892578125
-73815 3002.049072265625
-73805 2991.39208984375
-73795 2945.031005859375
-73785 2930.822021484375
-73775 2919.93310546875
-73765 2907.19091796875
-73755 2898.464111328125
-73745 2888.553955078125
-73735 2878.926025390625
-73725 2873.41796875
-73715 2863.9189453125
-73705 2860.39208984375
-73695 2856.737060546875
-73685 2845.43896484375
-73675 2842.9140625
-73665 2829.27099609375
-73655 2811.924072265625
-73645 2805.485107421875
-73635 2799.4609375
-73625 2792.639892578125
-73615 2785.64111328125
-73605 2778.867919921875
-73595 2771.81494140625
-73585 2765.636962890625
-73575 2759.410888671875
-73565 2753.1298828125
-73555 2747.466064453125
-73545 2741.364990234375
-73535 2736.19091796875
-73525 2730.575927734375
-73515 2725.659912109375
-73505 2720.280029296875
-73495 2715.64892578125
-73485 2710.218017578125
-73475 2705.323974609375
-73465 2700.458984375
-73455 2695.4169921875
-73445 2690.702880859375
-73435 2686.278076171875
-73425 2682.131103515625
-73415 2676.780029296875
-73405 2672.841064453125
-73395 2667.821044921875
-73385 2663.18798828125
-73375 2658.68310546875
-73365 2654.050048828125
-73355 2649.055908203125
-73345 2644.010009765625
-73335 2638.3701171875
-73325 2632.68408203125
-73315 2627.0458984375
-73305 2621.69189453125
-73295 2617.52197265625
-73285 2613.865966796875
-73275 2610.52001953125
-73265 2605.80908203125
-73255 2602.2060546875
-73245 2596.800048828125
-73235 2592.60400390625
-73225 2589.02587890625
-73215 2585.241943359375
-73205 2582.6669921875
-73195 2578.6259765625
-73185 2575.22802734375
-73175 2571.93310546875
-73165 2569.7451171875
-73155 2567.1708984375
-73145 2564.39111328125
-73135 2561.327880859375
-73125 2559.06201171875
-73115 2555.844970703125
-73105 2552.60107421875
-73095 2548.68798828125
-73085 2545.291015625
-73075 2542.69091796875
-73065 2539.3701171875
-73055 2534.58203125
-73045 2529.844970703125
-73035 2527.991943359375
-73025 2525.72705078125
-73015 2522.740966796875
-73005 2517.2060546875
-72995 2511.028076171875
-72985 2506.009033203125
-72975 2502.68798828125
-72965 2497.178955078125
-72955 2490.6669921875
-72945 2483.97412109375
-72935 2477.22900390625
-72925 2470.510986328125
-72915 2463.509033203125
-72905 2456.969970703125
-72895 2449.943115234375
-72885 2442.837890625
-72875 2435.346923828125
-72865 2428.60302734375
-72855 2421.18896484375
-72845 2411.922119140625
-72835 2402.93798828125
-72825 2395.551025390625
-72815 2386.23193359375
-72805 2379.22998046875
-72795 2371.867919921875
-72785 2365.35498046875
-72775 2359.305908203125
-72765 2352.279052734375
-72755 2343.758056640625
-72745 2335.2890625
-72735 2326.072998046875
-72725 2318.068115234375
-72715 2312.14697265625
-72705 2305.300048828125
-72695 2298.658935546875
-72685 2290.52392578125
-72675 2285.7099609375
-72665 2279.2490234375
-72655 2273.715087890625
-72645 2267.35693359375
-72635 2260.7919921875
-72625 2254.43408203125
-72615 2248.56494140625
-72605 2242.8759765625
-72595 2237.007080078125
-72585 2230.8291015625
-72575 2224.677001953125
-72565 2219.760009765625
-72555 2214.302978515625
-72545 2207.55908203125
-72535 2201.431884765625
-72525 2195.948974609375
-72515 2190.85205078125
-72505 2185.695068359375
-72495 2180.7109375
-72485 2176.52392578125
-72475 2172.52197265625
-72465 2168.256103515625
-72455 2165.200927734375
-72445 2161.8310546875
-72435 2159.35498046875
-72425 2157.27490234375
-72415 2156.06396484375
-72405 2155.037109375
-72395 2153.035888671875
-72385 2152.27197265625
-72375 2153.219970703125
-72365 2153.299072265625
-72355 2153.694091796875
-72345 2153.404052734375
-72335 2153.06201171875
-72325 2153.48291015625
-72315 2154.219970703125
-72305 2157.35400390625
-72295 2160.908935546875
-72285 2166.491943359375
-72275 2173.10107421875
-72265 2181.158935546875
-72255 2188.68994140625
-72245 2195.589111328125
-72235 2207.833984375
-72225 2231.48095703125
-72215 2239.011962890625
-72205 2244.62109375
-72195 2246.43798828125
-72185 2246.780029296875
-72175 2246.806884765625
-72165 2242.883056640625
-72155 2238.5380859375
-72145 2236.431884765625
-72135 2233.298095703125
-72125 2235.114990234375
-72115 2239.406982421875
-72105 2246.780029296875
-72095 2255.6279296875
-72085 2263.7119140625
-72075 2268.451904296875
-72065 2274.06103515625
-72055 2280.4599609375
-72045 2287.412109375
-72035 2292.81005859375
-72025 2299.419921875
-72015 2305.924072265625
-72005 2311.322021484375
-71995 2317.219970703125
-71985 2323.830078125
-71975 2336.39111328125
-71965 2343.18505859375
-71955 2361.511962890625
-71945 2366.5419921875
-71935 2370.833984375
-71925 2373.862060546875
-71915 2378.680908203125
-71905 2385.158935546875
-71895 2392.927001953125
-71885 2398.930908203125
-71875 2403.35498046875
-71865 2408.069091796875
-71855 2413.281982421875
-71845 2418.260009765625
-71835 2422.472900390625
-71825 2427.212890625
-71815 2431.1630859375
-71805 2435.5859375
-71795 2440.590087890625
-71785 2445.593017578125
-71775 2450.3330078125
-71765 2454.65087890625
-71755 2458.02197265625
-71745 2461.235107421875
-71735 2466.133056640625
-71725 2471.320068359375
-71715 2476.85009765625
-71705 2483.3740234375
-71695 2489.0419921875
-71685 2494.01904296875
-71675 2497.8369140625
-71665 2501.52392578125
-71655 2503.919921875
-71645 2506.580078125
-71635 2508.291015625
-71625 2509.654052734375
-71615 2513.321044921875
-71605 2517.77099609375
-71595 2522.721923828125
-71585 2526.427978515625
-71575 2530.43701171875
-71565 2533.676025390625
-71555 2539.093994140625
-71545 2543.156005859375
-71535 2546.237060546875
-71525 2548.573974609375
-71515 2552.240966796875
-71505 2555.68408203125
-71495 2560.344970703125
-71485 2565.169921875
-71475 2569.218994140625
-71465 2572.93798828125
-71455 2578.072998046875
-71445 2583.806884765625
-71435 2586.72998046875
-71425 2592.79296875
-71415 2598.1650390625
-71405 2601.56201171875
-71395 2603.89892578125
-71385 2608.322998046875
-71375 2612.094970703125
-71365 2616.302001953125
-71355 2619.93603515625
-71345 2625.886962890625
-71335 2629.047119140625
-71325 2632.91796875
-71315 2635.52490234375
-71305 2637.5791015625
-71295 2640.053955078125
-71285 2642.739990234375
-71275 2645.531005859375
-71265 2647.77001953125
-71255 2650.0869140625
-71245 2652.719970703125
-71235 2656.169921875
-71225 2659.618896484375
-71215 2663.14794921875
-71205 2668.30908203125
-71195 2672.9169921875
-71185 2680.39599609375
-71175 2687.39990234375
-71165 2695.037109375
-71155 2700.64599609375
-71145 2705.490966796875
-71135 2708.967041015625
-71125 2711.10009765625
-71115 2712.4169921875
-71105 2719.60498046875
-71095 2724.530029296875
-71085 2726.18896484375
-71075 2729.2958984375
-71065 2736.6689453125
-71055 2740.618896484375
-71045 2743.22607421875
-71035 2745.990966796875
-71025 2749.43994140625
-71015 2751.916015625
-71005 2755.839111328125
-70995 2760.342041015625
-70985 2765.820068359375
-70975 2770.375
-70965 2775.87890625
-70955 2781.7509765625
-70945 2787.781005859375
-70935 2792.8369140625
-70925 2798.39306640625
-70915 2803.264892578125
-70905 2806.950927734375
-70895 2810.742919921875
-70885 2813.323974609375
-70875 2815.95703125
-70865 2819.27490234375
-70855 2821.197021484375
-70845 2822.777099609375
-70835 2825.85791015625
-70825 2829.071044921875
-70815 2832.31005859375
-70805 2835.60107421875
-70795 2839.446044921875
-70785 2843.263916015625
-70775 2847.29296875
-70765 2851.47998046875
-70755 2855.719970703125
-70745 2860.196044921875
-70735 2865.1201171875
-70725 2869.860107421875
-70715 2876.02197265625
-70705 2881.9208984375
-70695 2888.345947265625
-70685 2894.928955078125
-70675 2901.64404296875
-70665 2908.385009765625
-70655 2915.10009765625
-70645 2921.446044921875
-70635 2927.26611328125
-70625 2932.875
-70615 2938.14111328125
-70605 2943.75
-70595 2949.51708984375
-70585 2955.678955078125
-70575 2961.6298828125
-70565 2964.368896484375
-70555 2968.58203125
-70545 2974.902099609375
-70535 2982.2490234375
-70525 2989.8330078125
-70515 2996.758056640625
-70505 3004.4208984375
-70495 3012.0048828125
-70485 3027.751953125
-70475 3040.550048828125
-70465 3050.160888671875
-70455 3059.694091796875
-70445 3065.882080078125
-70435 3074.702880859375
-70425 3082.62890625
-70415 3089.924072265625
-70405 3106.382080078125
-70395 3116.282958984375
-70385 3126.7900390625
-70375 3133.846923828125
-70365 3134.6630859375
-70355 3136.375
-70345 3139.008056640625
-70335 3148.5400390625
-70325 3157.782958984375
-70315 3167.632080078125
-70305 3169.158935546875
-70295 3167.737060546875
-70285 3168.738037109375
-70275 3164.9189453125
-70265 3162.7080078125
-70255 3159.23095703125
-70245 3154.7548828125
-70235 3150.62109375
-70225 3146.381103515625
-70215 3141.3779296875
-70205 3136.97998046875
-70195 3131.660888671875
-70185 3126.632080078125
-70175 3122.31298828125
-70165 3117.705078125
-70155 3114.833984375
-70145 3111.910888671875
-70135 3109.514892578125
-70125 3107.7509765625
-70115 3105.8291015625
-70105 3104.35400390625
-70095 3103.248046875
-70085 3094.136962890625
-70075 3078.9951171875
-70065 3068.06689453125
-70055 3057.033935546875
-70045 3048.5810546875
-70035 3040.39208984375
-70025 3032.14892578125
-70015 3025.802978515625
-70005 3019.875
-69995 3014.2529296875
-69985 3009.006103515625
-69975 3004.14892578125
-69965 2999.4990234375
-69955 2994.64306640625
-69945 2990.75390625
-69935 2985.93896484375
-69925 2981.514892578125
-69915 2978.077880859375
-69905 2973.241943359375
-69895 2967.27490234375
-69885 2960.258056640625
-69875 2955.155029296875
-69865 2948.468017578125
-69855 2943.735107421875
-69845 2938.447021484375
-69835 2936.285888671875
-69825 2931.841064453125
-69815 2925.9560546875
-69805 2921.572998046875
-69795 2916.985107421875
-69785 2912.27197265625
-69775 2907.7041015625
-69765 2903.197998046875
-69755 2895.7900390625
-69745 2888.032958984375
-69735 2886.385986328125
-69725 2892.35400390625
-69715 2899.06201171875
-69705 2901.448974609375
-69695 2905.89404296875
-69685 2908.876953125
-69675 2912.74609375
-69665 2917.64306640625
-69655 2927.3759765625
-69645 2940.072021484375
-69635 2950.5458984375
-69625 2960.135009765625
-69615 2973.736083984375
-69605 2973.8798828125
-69595 2973.385986328125
-69585 2984.51904296875
-69575 2994.14892578125
-69565 3002.236083984375
-69555 3001.927001953125
-69545 3001.166015625
-69535 3002.5849609375
-69525 3006.720947265625
-69515 3011.885986328125
-69505 3019.027099609375
-69495 3025.260986328125
-69485 3031.18798828125
-69475 3037.320068359375
-69465 3042.402099609375
-69455 3047.259033203125
-69445 3050.633056640625
-69435 3051.970947265625
-69425 3052.669921875
-69415 3056.743896484375
-69405 3069.72900390625
-69395 3070.365966796875
-69385 3079.174072265625
-69375 3096.47900390625
-69365 3109.462890625
-69355 3114.6689453125
-69345 3125.0810546875
-69335 3133.681884765625
-69325 3139.506103515625
-69315 3127.220947265625
-69305 3116.80908203125
-69295 3106.43798828125
-69285 3095.944091796875
-69275 3088.720947265625
-69265 3071.43701171875
-69255 3050.94189453125
-69245 3035.98193359375
-69235 3018.01806640625
-69225 3006.700927734375
-69215 2999.23095703125
-69205 2991
-69195 2983.943115234375
-69185 2975.62890625
-69175 2967.23388671875
-69165 2961.615966796875
-69155 2957.70703125
-69145 2952.1298828125
-69135 2947.5419921875
-69125 2943.178955078125
-69115 2938.673095703125
-69105 2934.27001953125
-69095 2929.906982421875
-69085 2925.236083984375
-69075 2921.572998046875
-69065 2919.26904296875
-69055 2916.779052734375
-69045 2912.4580078125
-69035 2908.589111328125
-69025 2905.5849609375
-69015 2903.568115234375
-69005 2901.242919921875
-68995 2900.256103515625
-68985 2900.97607421875
-68975 2901.717041015625
-68965 2907.4580078125
-68955 2913.631103515625
-68945 2926.408935546875
-68935 2938.837890625
-68925 2946.718994140625
-68915 2952.68603515625
-68905 2961.802001953125
-68895 2970.052978515625
-68885 2978.386962890625
-68875 2986.658935546875
-68865 2996.20703125
-68855 3000.712890625
-68845 3008.800048828125
-68835 3016.35205078125
-68825 3024.56201171875
-68815 3032.196044921875
-68805 3040.530029296875
-68795 3009.35498046875
-68785 2992.318115234375
-68775 2989.68408203125
-68765 2987.68798828125
-68755 2981.534912109375
-68745 2970.547119140625
-68735 2960.62890625
-68725 2943.406005859375
-68715 2935.95703125
-68705 2920.97705078125
-68695 2906.0791015625
-68685 2895.9140625
-68675 2891.695068359375
-68665 2889.822998046875
-68655 2887.662109375
-68645 2877.39404296875
-68635 2871.076904296875
-68625 2868.68994140625
-68615 2850.89111328125
-68605 2838.8330078125
-68595 2823.5439453125
-68585 2813.77001953125
-68575 2804.737060546875
-68565 2796.669921875
-68555 2789.179931640625
-68545 2785.291015625
-68535 2786.89599609375
-68525 2780.55810546875
-68515 2777.574951171875
-68505 2769.94091796875
-68495 2756.9150390625
-68485 2751.051025390625
-68475 2744.054931640625
-68465 2736.009033203125
-68455 2731.6259765625
-68445 2729.448974609375
-68435 2721.77001953125
-68425 2715.26708984375
-68415 2705.10205078125
-68405 2691.43896484375
-68395 2691.402099609375
-68385 2691.64501953125
-68375 2689.60693359375
-68365 2679.7099609375
-68355 2676.087890625
-68345 2673.18701171875
-68335 2670.490966796875
-68325 2672.73388671875
-68315 2659.35888671875
-68305 2642.614013671875
-68295 2615.10205078125
-68285 2609.9990234375
-68275 2603.6201171875
-68265 2601.47998046875
-68255 2598.1669921875
-68245 2595.385009765625
-68235 2592.096923828125
-68225 2587.385009765625
-68215 2583.02197265625
-68205 2580.759033203125
-68195 2579.77099609375
-68185 2577.73388671875
-68175 2575.095947265625
-68165 2574.236083984375
-68155 2574.56494140625
-68145 2575.841064453125
-68135 2575.510986328125
-68125 2576.087890625
-68115 2576.8701171875
-68105 2578.927001953125
-68095 2580.614990234375
-68085 2581.10791015625
-68075 2584.319091796875
-68065 2586.972900390625
-68055 2598.2900390625
-68045 2603.25
-68035 2605.512939453125
-68025 2612.447998046875
-68015 2614.56689453125
-68005 2614.279052734375
-67995 2617.176025390625
-67985 2617.9208984375
-67975 2624.197021484375
-67965 2617.592041015625
-67955 2616.3359375
-67945 2615.468017578125
-67935 2617.135009765625
-67925 2615.468017578125
-67915 2609.340087890625
-67905 2603.639892578125
-67895 2599.402099609375
-67885 2594.52490234375
-67875 2592.87890625
-67865 2590.903076171875
-67855 2587.426025390625
-67845 2584.072021484375
-67835 2582.631103515625
-67825 2582.652099609375
-67815 2581.60205078125
-67805 2581.56103515625
-67795 2586.6640625
-67785 2582.549072265625
-67775 2556.498046875
-67765 2548.513916015625
-67755 2543.905029296875
-67745 2542.465087890625
-67735 2539.52197265625
-67725 2537.279052734375
-67715 2533.327880859375
-67705 2529.090087890625
-67695 2525.179931640625
-67685 2520.756103515625
-67675 2515.529052734375
-67665 2512.010009765625
-67655 2509.23291015625
-67645 2506.27001953125
-67635 2504.89111328125
-67625 2503.347900390625
-67615 2503.10107421875
-67605 2501.762939453125
-67595 2500.7548828125
-67585 2499.43798828125
-67575 2496.556884765625
-67565 2494.84912109375
-67555 2492.113037109375
-67545 2490.177978515625
-67535 2487.153076171875
-67525 2483.304931640625
-67515 2479.991943359375
-67505 2476.468994140625
-67495 2477.131103515625
-67485 2478.93701171875
-67475 2480.427978515625
-67465 2482.041015625
-67455 2481.5810546875
-67445 2479.616943359375
-67435 2477.7451171875
-67425 2475.9560546875
-67415 2473.60595703125
-67405 2470.8701171875
-67395 2466.906982421875
-67385 2462.277099609375
-67375 2457.945068359375
-67365 2454.472900390625
-67355 2450.364990234375
-67345 2447.125
-67335 2444.052001953125
-67325 2442.79296875
-67315 2441
-67305 2441.281005859375
-67295 2444.196044921875
-67285 2447.593994140625
-67275 2450.5400390625
-67265 2455.31494140625
-67255 2459.506103515625
-67245 2461.43505859375
-67235 2462.781005859375
-67225 2452.468994140625
-67215 2435.865966796875
-67205 2423.884033203125
-67195 2413.93994140625
-67185 2402.9970703125
-67175 2395.718994140625
-67165 2389.264892578125
-67155 2378.81298828125
-67145 2370.7109375
-67135 2356.803955078125
-67125 2349.701904296875
-67115 2342.616943359375
-67105 2335.47900390625
-67095 2329.410888671875
-67085 2323.991943359375
-67075 2317.94189453125
-67065 2310.927001953125
-67055 2299.89599609375
-67045 2289.26904296875
-67035 2278.30810546875
-67025 2273.8359375
-67015 2271.363037109375
-67005 2269.50390625
-66995 2270.240966796875
-66985 2269.925048828125
-66975 2270.8369140625
-66965 2269.97802734375
-66955 2267.136962890625
-66945 2264.85693359375
-66935 2262.89306640625
-66925 2262.10400390625
-66915 2260.489990234375
-66905 2259.595947265625
-66895 2258.737060546875
-66885 2258.631103515625
-66875 2258
-66865 2258
-66855 2258.01806640625
-66845 2258.842041015625
-66835 2257.965087890625
-66825 2257.193115234375
-66815 2257.01806640625
-66805 2257.47412109375
-66795 2258.22802734375
-66785 2257.824951171875
-66775 2257.98193359375
-66765 2258.367919921875
-66755 2258.842041015625
-66745 2259.385009765625
-66735 2260.31494140625
-66725 2261.402099609375
-66715 2263.137939453125
-66705 2264.945068359375
-66695 2266.85595703125
-66685 2267.85595703125
-66675 2270.258056640625
-66665 2271.030029296875
-66655 2272.135009765625
-66645 2273.5380859375
-66635 2274.85302734375
-66625 2276.992919921875
-66615 2279.3779296875
-66605 2281.552001953125
-66595 2282.989990234375
-66585 2282.885009765625
-66575 2279.201904296875
-66565 2281.762939453125
-66555 2288.4970703125
-66545 2301.47509765625
-66535 2306.385009765625
-66525 2308.593994140625
-66515 2311.85595703125
-66505 2318.169921875
-66495 2322.81689453125
-66485 2330.93701171875
-66475 2337.074951171875
-66465 2340.844970703125
-66455 2345.66796875
-66445 2350.10498046875
-66435 2358.031982421875
-66425 2365.5029296875
-66415 2372.06201171875
-66405 2376.902099609375
-66395 2380.47900390625
-66385 2384.23193359375
-66375 2390.054931640625
-66365 2394.929931640625
-66355 2399.735107421875
-66345 2404.6279296875
-66335 2409.572998046875
-66325 2414.922119140625
-66315 2421.446044921875
-66305 2429.0048828125
-66295 2436.883056640625
-66285 2443.54296875
-66275 2446.7041015625
-66265 2446.125
-66255 2449.785888671875
-66245 2453.10498046875
-66235 2460.575927734375
-66225 2472.325927734375
-66215 2481.760986328125
-66205 2489.424072265625
-66195 2497.10595703125
-66185 2504.875
-66175 2514.0458984375
-66165 2523.35888671875
-66155 2520.2900390625
-66145 2513.011962890625
-66135 2503.97998046875
-66125 2494.2470703125
-66115 2483.427001953125
-66105 2475.675048828125
-66095 2471.81689453125
-66085 2470.217041015625
-66075 2469.340087890625
-66065 2469.467041015625
-66055 2469.375
-66045 2469.239013671875
-66035 2471.256103515625
-66025 2471.4619140625
-66015 2470.431884765625
-66005 2472.39599609375
-65995 2473.95703125
-65985 2474.68896484375
-65975 2474.9560546875
-65965 2477.60009765625
-65955 2482.427001953125
-65945 2487.512939453125
-65935 2492.248046875
-65925 2496.31591796875
-65915 2499.35009765625
-65905 2504.242919921875
-65895 2509.382080078125
-65885 2514.326904296875
-65875 2520.114013671875
-65865 2524.866943359375
-65855 2531.443115234375
-65845 2545.034912109375
-65835 2560.431884765625
-65825 2574.5849609375
-65815 2585.3349609375
-65805 2592.069091796875
-65795 2589.157958984375
-65785 2581.827880859375
-65775 2581.23095703125
-65765 2575.2509765625
-65755 2564.658935546875
-65745 2562.133056640625
-65735 2562.256103515625
-65725 2568.51708984375
-65715 2564.81591796875
-65705 2572.427978515625
-65695 2578.653076171875
-65685 2582.89697265625
-65675 2584.423095703125
-65665 2594.787109375
-65655 2602.50390625
-65645 2606.4150390625
-65635 2612.5
-65625 2616.113037109375
-65615 2613.762939453125
-65605 2604.958984375
-65595 2594.6650390625
-65585 2585.10693359375
-65575 2574.93603515625
-65565 2567.114013671875
-65555 2561.677001953125
-65545 2563.535888671875
-65535 2563.97509765625
-65525 2559.029052734375
-65515 2547.998046875
-65505 2547.455078125
-65495 2548.507080078125
-65485 2545.613037109375
-65475 2548.138916015625
-65465 2548.6650390625
-65455 2548.507080078125
-65445 2552.031982421875
-65435 2558.591064453125
-65425 2565.132080078125
-65415 2569.218017578125
-65405 2573.673095703125
-65395 2577.321044921875
-65385 2580.47705078125
-65375 2582.739990234375
-65365 2583.9150390625
-65355 2588.157958984375
-65345 2593.385009765625
-65335 2595.279052734375
-65325 2602.85400390625
-65315 2606.60693359375
-65305 2601.487060546875
-65295 2597.927001953125
-65285 2590.4560546875
-65275 2585.843994140625
-65265 2579.722900390625
-65255 2572.445068359375
-65245 2563.256103515625
-65235 2557.5390625
-65225 2551.0849609375
-65215 2547.8759765625
-65205 2548.0859375
-65195 2548.612060546875
-65185 2549.489013671875
-65175 2553.364990234375
-65165 2553.294921875
-65155 2550.945068359375
-65145 2549.77001953125
-65135 2549.43701171875
-65125 2549.10302734375
-65115 2547.8759765625
-65105 2548.718017578125
-65095 2548.366943359375
-65085 2546.89404296875
-65075 2544.4560546875
-65065 2545.10498046875
-65055 2546.718017578125
-65045 2552.593017578125
-65035 2553.821044921875
-65025 2552.41796875
-65015 2554.73291015625
-65005 2551.009033203125
-64995 2545.632080078125
-64985 2538.14501953125
-64975 2530.333984375
-64965 2523.551025390625
-64955 2516.56298828125
-64945 2510.426025390625
-64935 2504.52392578125
-64925 2498.239990234375
-64915 2492.132080078125
-64905 2486.406005859375
-64895 2481.26806640625
-64885 2475.718017578125
-64875 2469.345947265625
-64865 2461.653076171875
-64855 2454.635009765625
-64845 2445.12109375
-64835 2438.19189453125
-64825 2431.4970703125
-64815 2424.56689453125
-64805 2417.050048828125
-64795 2402.633056640625
-64785 2388.362060546875
-64775 2378.34912109375
-64765 2368.18896484375
-64755 2361.846923828125
-64745 2349.89599609375
-64735 2337.123046875
-64725 2325.054931640625
-64715 2313.044921875
-64705 2304.030029296875
-64695 2297.8349609375
-64685 2291.43408203125
-64675 2283.681884765625
-64665 2276.428955078125
-64655 2269.410888671875
-64645 2262.451904296875
-64635 2254.993896484375
-64625 2247.887939453125
-64615 2239.842041015625
-64605 2232.764892578125
-64595 2223.10498046875
-64585 2212.299072265625
-64575 2204.81201171875
-64565 2198.8798828125
-64555 2192.802001953125
-64545 2186.01904296875
-64535 2144.64599609375
-64525 2116.81005859375
-64515 2110.35009765625
-64505 2106.385009765625
-64495 2104.330078125
-64485 2102.069091796875
-64475 2099.220947265625
-64465 2096.666015625
-64455 2090.089111328125
-64445 2089.443115234375
-64435 2087.35791015625
-64425 2083.071044921875
-64415 2077.257080078125
-64405 2070.885009765625
-64395 2063.60302734375
-64385 2055.909912109375
-64375 2049.5380859375
-64365 2042.989990234375
-64355 2037.176025390625
-64345 2030.6280517578125
-64335 2023.904052734375
-64325 2017.7960205078125
-64315 2012.5989990234375
-64305 2008.1090087890625
-64295 2001.529052734375
-64285 1993.512939453125
-64275 1961.447998046875
-64265 1929.383056640625
-64255 1909.594970703125
-64245 1905.8070068359375
-64235 1901.1650390625
-64225 1899.759033203125
-64215 1877.498046875
-64205 1861.72998046875
-64195 1870.68603515625
-64185 1864.8719482421875
-64175 1860.2030029296875
-64165 1819.508056640625
-64155 1802.6829833984375
-64145 1790.053955078125
-64135 1781.302978515625
-64125 1771.760009765625
-64115 1756.2559814453125
-64105 1735.85205078125
-64095 1726.68798828125
-64085 1716.85400390625
-64075 1708.8079833984375
-64065 1696.531005859375
-64055 1683.760986328125
-64045 1672.0460205078125
-64035 1659.7130126953125
-64025 1644.030029296875
-64015 1628.968994140625
-64005 1616.8680419921875
-63995 1595.2860107421875
-63985 1578.22900390625
-63975 1561.1400146484375
-63965 1545.196044921875
-63955 1530.60205078125
-63945 1522.0279541015625
-63935 1513.6590576171875
-63925 1505.14404296875
-63915 1496.1300048828125
-63905 1488.113037109375
-63895 1478.39404296875
-63885 1467.969970703125
-63875 1458.89697265625
-63865 1449.64697265625
-63855 1440.1629638671875
-63845 1434.0550537109375
-63835 1432.8809814453125
-63825 1433.5849609375
-63815 1429.1219482421875
-63805 1424.2769775390625
-63795 1419.6669921875
-63785 1414.529052734375
-63775 1408.83203125
-63765 1404.2220458984375
-63755 1397.7330322265625
-63745 1391.8599853515625
-63735 1386.10498046875
-63725 1378.0009765625
-63715 1374.125
-63705 1370.4539794921875
-63695 1367.282958984375
-63685 1363.9940185546875
-63675 1358.738037109375
-63665 1354.2159423828125
-63655 1349.6939697265625
-63645 1344.93701171875
-63635 1340.592041015625
-63625 1333.926025390625
-63615 1325.615966796875
-63605 1315.9849853515625
-63595 1315.1920166015625
-63585 1313.342041015625
-63575 1311.4930419921875
-63565 1312.873046875
-63555 1323.4730224609375
-63545 1336.18701171875
-63535 1345.2020263671875
-63525 1351.073974609375
-63515 1355.7139892578125
-63505 1358.092041015625
-63495 1360.470947265625
-63485 1360.7939453125
-63475 1360.8819580078125
-63465 1362.0560302734375
-63455 1363.113037109375
-63445 1364.72802734375
-63435 1366.7540283203125
-63425 1364.3170166015625
-63415 1362.967041015625
-63405 1365.02197265625
-63395 1363.083984375
-63385 1361.615966796875
-63375 1362.261962890625
-63365 1368.1639404296875
-63355 1375.4169921875
-63345 1377.4720458984375
-63335 1383.051025390625
-63325 1387.572998046875
-63315 1391.4200439453125
-63305 1396.2650146484375
-63295 1401.31494140625
-63285 1405.719970703125
-63275 1407.2469482421875
-63265 1405.4849853515625
-63255 1403.135986328125
-63245 1399.0830078125
-63235 1390.7149658203125
-63225 1383.197998046875
-63215 1376.4439697265625
-63205 1374.241943359375
-63195 1373.1259765625
-63185 1371.541015625
-63175 1371.9520263671875
-63165 1370.218994140625
-63155 1372.0989990234375
-63145 1372.9210205078125
-63135 1375.3580322265625
-63125 1378.616943359375
-63115 1380.760986328125
-63105 1383.344970703125
-63095 1387.133056640625
-63085 1392.56494140625
-63075 1398.3489990234375
-63065 1401.9320068359375
-63055 1401.637939453125
-63045 1403.2530517578125
-63035 1405.3380126953125
-63025 1407.0699462890625
-63015 1409.27294921875
-63005 1409.0670166015625
-62995 1408.4210205078125
-62985 1407.041015625
-62975 1402.489990234375
-62965 1397.6739501953125
-62955 1392.77001953125
-62945 1389.011962890625
-62935 1384.3719482421875
-62925 1377.531005859375
-62915 1371.2469482421875
-62905 1367.282958984375
-62895 1363.2900390625
-62885 1361.0579833984375
-62875 1358.1800537109375
-62865 1351.779052734375
-62855 1345.1719970703125
-62845 1340.0340576171875
-62835 1332.987060546875
-62825 1329.81494140625
-62815 1329.4630126953125
-62805 1331.4599609375
-62795 1330.1090087890625
-62785 1333.3680419921875
-62775 1327.760009765625
-62765 1323.6199951171875
-62755 1319.656005859375
-62745 1314.95703125
-62735 1309.8780517578125
-62725 1304.3570556640625
-62715 1297.45703125
-62705 1290.9090576171875
-62695 1286.239990234375
-62685 1280.89599609375
-62675 1278.1650390625
-62665 1275.4930419921875
-62655 1273.73095703125
-62645 1271.616943359375
-62635 1268.593017578125
-62625 1264.1290283203125
-62615 1260.4300537109375
-62605 1257.904052734375
-62595 1253.1180419921875
-62585 1248.2139892578125
-62575 1242.988037109375
-62565 1237.760986328125
-62555 1232.6219482421875
-62545 1228.98095703125
-62535 1226.427001953125
-62525 1223.2259521484375
-62515 1219.6729736328125
-62505 1215.97900390625
-62495 1212.4820556640625
-62485 1209.781005859375
-62475 1206.029052734375
-62465 1204.2969970703125
-62455 1202.4410400390625
-62445 1199.718994140625
-62435 1195.905029296875
-62425 1192.708984375
-62415 1191.2860107421875
-62405 1188.77099609375
-62395 1186.89501953125
-62385 1186.2969970703125
-62375 1186.1109619140625
-62365 1184.7919921875
-62355 1183.884033203125
-62345 1182.93603515625
-62335 1182.1519775390625
-62325 1181.739990234375
-62315 1180.81201171875
-62305 1179.946044921875
-62295 1178.9150390625
-62285 1178.0909423828125
-62275 1176.3179931640625
-62265 1174.97705078125
-62255 1174.4000244140625
-62245 1173.864013671875
-62235 1171.864013671875
-62225 1170.1939697265625
-62215 1169.0799560546875
-62205 1167.01904296875
-62195 1164.4210205078125
-62185 1162.2349853515625
-62175 1157.885009765625
-62165 1151.5340576171875
-62155 1147.4520263671875
-62145 1140.68896484375
-62135 1141.1419677734375
-62125 1140.8330078125
-62115 1141.947021484375
-62105 1142.68896484375
-62095 1156.4210205078125
-62085 1167.2869873046875
-62075 1176.4620361328125
-62065 1186.3170166015625
-62055 1186.75
-62045 1187.0389404296875
-62035 1197.5340576171875
-62025 1203.4510498046875
-62015 1210.93603515625
-62005 1218.7919921875
-61995 1225.0799560546875
-61985 1231.987060546875
-61975 1239.864013671875
-61965 1247.615966796875
-61955 1255.925048828125
-61945 1265.512939453125
-61935 1274.2960205078125
-61925 1282.8089599609375
-61915 1291.925048828125
-61905 1301.447998046875
-61895 1315.1180419921875
-61885 1325.8809814453125
-61875 1336.251953125
-61865 1346.6639404296875
-61855 1356.7080078125
-61845 1365.9449462890625
-61835 1374.5400390625
-61825 1384.9110107421875
-61815 1393.633056640625
-61805 1403.9830322265625
-61795 1415.0350341796875
-61785 1421.8389892578125
-61775 1427.7559814453125
-61765 1431.8590087890625
-61755 1436.56005859375
-61745 1443.0140380859375
-61735 1447.0140380859375
-61725 1451.7149658203125
-61715 1455.343994140625
-61705 1459.219970703125
-61695 1462.8489990234375
-61685 1465.219970703125
-61675 1467.550048828125
-61665 1470.6219482421875
-61655 1472.47802734375
-61645 1473.612060546875
-61635 1474.9930419921875
-61625 1475.9210205078125
-61615 1477.095947265625
-61605 1478.16796875
-61595 1479.364013671875
-61585 1479.5909423828125
-61575 1480.18896484375
-61565 1481.467041015625
-61555 1482.7039794921875
-61545 1484.8900146484375
-61535 1485.9620361328125
-61525 1486.416015625
-61515 1484.6219482421875
-61505 1479.612060546875
-61495 1473.6939697265625
-61485 1467.5909423828125
-61475 1460.0240478515625
-61465 1453.8590087890625
-61455 1447.7969970703125
-61445 1440.126953125
-61435 1439.322998046875
-61425 1438.9320068359375
-61415 1438.6839599609375
-61405 1438.2919921875
-61395 1438.14794921875
-61385 1438.1070556640625
-61375 1438.333984375
-61365 1438.5810546875
-61355 1439.385009765625
-61345 1439.9830322265625
-61335 1441.0760498046875
-61325 1442.43701171875
-61315 1444.39501953125
-61305 1445.6939697265625
-61295 1448.31298828125
-61285 1450.60205078125
-61275 1453.612060546875
-61265 1457.322998046875
-61255 1459.0350341796875
-61245 1460.51904296875
-61235 1462.0040283203125
-61225 1467.612060546875
-61215 1473.385009765625
-61205 1480.1070556640625
-61195 1487.198974609375
-61185 1494.2099609375
-61175 1502.5389404296875
-61165 1510.8900146484375
-61155 1519.219970703125
-61145 1527.7349853515625
-61135 1538.498046875
-61125 1550.0030517578125
-61115 1563.6109619140625
-61105 1573.467041015625
-61095 1582.7239990234375
-61085 1592.31201171875
-61075 1600.9310302734375
-61065 1609.446044921875
-61055 1617.384033203125
-61045 1626.10595703125
-61035 1634.39404296875
-61025 1645.177978515625
-61015 1655.281005859375
-61005 1666.4969482421875
-60995 1677.7960205078125
-60985 1687.5489501953125
-60975 1695.7139892578125
-60965 1701.9610595703125
-60955 1708.5379638671875
-60945 1715.280029296875
-60935 1722.1259765625
-60925 1730.22900390625
-60915 1738.4759521484375
-60905 1743.8370361328125
-60895 1747.383056640625
-60885 1754.6820068359375
-60875 1761.9189453125
-60865 1768.373046875
-60855 1777.8160400390625
-60845 1785.259033203125
-60835 1793.404052734375
-60825 1799.93994140625
-60815 1807.239013671875
-60805 1815.280029296875
-60795 1823.6099853515625
-60785 1834.7850341796875
-60775 1842.8470458984375
-60765 1848.18701171875
-60755 1854.06298828125
-60745 1861.112060546875
-60735 1868.969970703125
-60725 1877.93896484375
-60715 1885.3179931640625
-60705 1893.031982421875
-60695 1900.885009765625
-60685 1906.18701171875
-60675 1910.01904296875
-60665 1913.176025390625
-60655 1913.75
-60645 1913.75
-60635 1914.2249755859375
-60625 1915.5889892578125
-60615 1917.7120361328125
-60605 1919.72998046875
-60595 1923.279052734375
-60585 1926.657958984375
-60575 1930.02099609375
-60565 1933.6090087890625
-60555 1936.926025390625
-60545 1939.8740234375
-60535 1943.155029296875
-60525 1947.93603515625
-60515 1953.81201171875
-60505 1960.1009521484375
-60495 1966.1829833984375
-60485 1970.3299560546875
-60475 1973.93603515625
-60465 1977.6290283203125
-60455 1981.5030517578125
-60445 1985.8740234375
-60435 1989.93603515625
-60425 1993.708984375
-60415 1996.865966796875
-60405 2001.2340087890625
-60395 2005.64697265625
-60385 2009.9150390625
-60375 2014.635986328125
-60365 2018.615966796875
-60355 2023.1109619140625
-60345 2027.52294921875
-60335 2031.9150390625
-60325 2037.6259765625
-60315 2043.72900390625
-60305 2049.37890625
-60295 2054.863037109375
-60285 2060.635986328125
-60275 2066.801025390625
-60265 2072.573974609375
-60255 2078.264892578125
-60245 2084.842041015625
-60235 2090.12109375
-60225 2095.60498046875
-60215 2102.202880859375
-60205 2107.48095703125
-60195 2112.387939453125
-60185 2119.31591796875
-60175 2126.532958984375
-60165 2133.93505859375
-60155 2140.284912109375
-60145 2147.007080078125
-60135 2155.93505859375
-60125 2165.048095703125
-60115 2174.14111328125
-60105 2186.656005859375
-60095 2202.511962890625
-60085 2213.212890625
-60075 2222.201904296875
-60065 2229.76904296875
-60055 2238.821044921875
-60045 2248.325927734375
-60035 2258.160888671875
-60025 2266.428955078125
-60015 2273.70703125
-60005 2280.325927734375
-59995 2288.778076171875
-59985 2297.2109375
-59975 2305.35693359375
-59965 2315.534912109375
-59955 2327.18798828125
-59945 2335.406005859375
-59935 2341.843994140625
-59925 2349.50390625
-59915 2357.77587890625
-59905 2367.14501953125
-59895 2373.781005859375
-59885 2380.218017578125
-59875 2386.8720703125
-59865 2391.673095703125
-59855 2397.5
-59845 2405.214111328125
-59835 2415.51806640625
-59825 2423.594970703125
-59815 2431.93896484375
-59805 2438.01806640625
-59795 2443.533935546875
-59785 2449.239013671875
-59775 2455.333984375
-59765 2461.555908203125
-59755 2468.20703125
-59745 2474.375
-59735 2479.737060546875
-59725 2484.736083984375
-59715 2488.1708984375
-59705 2493.87109375
-59695 2497.989013671875
-59685 2501.298095703125
-59675 2504.89404296875
-59665 2509.965087890625
-59655 2519.657958984375
-59645 2533.39599609375
-59635 2540.9130859375
-59625 2551.39697265625
-59615 2561.287109375
-59605 2569.93701171875
-59595 2580.617919921875
-59585 2593.152099609375
-59575 2603.887939453125
-59565 2610.757080078125
-59555 2617.697998046875
-59545 2624.31591796875
-59535 2630.285888671875
-59525 2636.84912109375
-59515 2642.694091796875
-59505 2649.70703125
-59495 2655.4970703125
-59485 2661.881103515625
-59475 2669.092041015625
-59465 2675.69189453125
-59455 2681.876953125
-59445 2688.764892578125
-59435 2695.580078125
-59425 2702.14404296875
-59415 2708.72509765625
-59405 2715.68505859375
-59395 2723.18701171875
-59385 2730.699951171875
-59375 2738.634033203125
-59365 2746.8701171875
-59355 2754.404052734375
-59345 2761.759033203125
-59335 2768.5390625
-59325 2772.656005859375
-59315 2768.5390625
-59305 2763.448974609375
-59295 2757.1201171875
-59285 2749.510009765625
-59275 2742.9140625
-59265 2737.030029296875
-59255 2732.06591796875
-59245 2723.52490234375
-59235 2717.072998046875
-59225 2709.445068359375
-59215 2700.54296875
-59205 2692.37890625
-59195 2682.54296875
-59185 2675.60205078125
-59175 2663.571044921875
-59165 2655.4970703125
-59155 2648.718017578125
-59145 2644.58203125
-59135 2643.35888671875
-59125 2639.45703125
-59115 2636.615966796875
-59105 2635.069091796875
-59095 2631.97607421875
-59085 2622.89501953125
-59075 2619.2451171875
-59065 2615.037109375
-59055 2613.2919921875
-59045 2610.757080078125
-59035 2607.862060546875
-59025 2606.135009765625
-59015 2605.110107421875
-59005 2601.3701171875
-58995 2596.76708984375
-58985 2590.220947265625
-58975 2583.2080078125
-58965 2576.60791015625
-58955 2568.426025390625
-58945 2563.89501953125
-58935 2563.76904296875
-58925 2561.718994140625
-58915 2556.970947265625
-58905 2550.6240234375
-58895 2546.092041015625
-58885 2521.68994140625
-58875 2504.3369140625
-58865 2484.466064453125
-58855 2479.14306640625
-58845 2476.446044921875
-58835 2474.2880859375
-58825 2471.843017578125
-58815 2469.702880859375
-58805 2465.926025390625
-58795 2463.373046875
-58785 2460.2080078125
-58775 2459.034912109375
-58765 2456.89599609375
-58755 2455.31689453125
-58745 2453.821044921875
-58735 2452.02197265625
-58725 2451.126953125
-58715 2450.636962890625
-58705 2450.60498046875
-58695 2449.756103515625
-58685 2448.339111328125
-58675 2447.97998046875
-58665 2449.1669921875
-58655 2449.27392578125
-58645 2447.544921875
-58635 2449.541015625
-58625 2451.27099609375
-58615 2455.99609375
-58605 2460.387939453125
-58595 2458.787109375
-58585 2457.074951171875
-58575 2459.178955078125
-58565 2459.5419921875
-58555 2461.718017578125
-58545 2460.927001953125
-58535 2457.385009765625
-58525 2456.64697265625
-58515 2456.27001953125
-58505 2457.780029296875
-58495 2460.280029296875
-58485 2461.341064453125
-58475 2464.39794921875
-58465 2470.6201171875
-58455 2483.8369140625
-58445 2491.839111328125
-58435 2501.693115234375
-58425 2516.547119140625
-58415 2524.7470703125
-58405 2527.840087890625
-58395 2531.1669921875
-58385 2534.43896484375
-58375 2536.95703125
-58365 2537.49609375
-58355 2534.097900390625
-58345 2525.01708984375
-58335 2518.93798828125
-58325 2514.31689453125
-58315 2511.278076171875
-58305 2506.8720703125
-58295 2505.469970703125
-58285 2505.64892578125
-58275 2506.72900390625
-58265 2508.455078125
-58255 2509.318115234375
-58245 2509.35400390625
-58235 2511.097900390625
-58225 2512.212890625
-58215 2513.345947265625
-58205 2514.98193359375
-58195 2515.39599609375
-58185 2515.50390625
-58175 2513.02197265625
-58165 2509.60595703125
-58155 2508.31103515625
-58145 2508.904052734375
-58135 2506.998046875
-58125 2507.718017578125
-58115 2507.303955078125
-58105 2507.824951171875
-58095 2508.72412109375
-58085 2509.659912109375
-58075 2511.31396484375
-58065 2511.9609375
-58055 2510.52294921875
-58045 2508.4189453125
-58035 2509.47998046875
-58025 2515.23388671875
-58015 2515.197998046875
-58005 2516.294921875
-57995 2512.6630859375
-57985 2519.0458984375
-57975 2521.114990234375
-57965 2519.6220703125
-57955 2518.740966796875
-57945 2519.154052734375
-57935 2520.611083984375
-57925 2521.47412109375
-57915 2524.010009765625
-57905 2526.14892578125
-57895 2529.31396484375
-57885 2531.43603515625
-57875 2532.514892578125
-57865 2536.4169921875
-57855 2538.7548828125
-57845 2540.464111328125
-57835 2540.9130859375
-57825 2540.39208984375
-57815 2543.052978515625
-57805 2545.589111328125
-57795 2547.368896484375
-57785 2548.48388671875
-57775 2550.802978515625
-57765 2553.35693359375
-57755 2556.486083984375
-57745 2558.535888671875
-57735 2560.6220703125
-57725 2562.60009765625
-57715 2565.028076171875
-57705 2567.509033203125
-57695 2568.714111328125
-57685 2569.4150390625
-57675 2570.404052734375
-57665 2568.444091796875
-57655 2572.382080078125
-57645 2572.471923828125
-57635 2573.514892578125
-57625 2574.612060546875
-57615 2576.26708984375
-57605 2577.5791015625
-57595 2578.35302734375
-57585 2578.136962890625
-57575 2579.072021484375
-57565 2578.118896484375
-57555 2577.903076171875
-57545 2580.906005859375
-57535 2582.865966796875
-57525 2584.951904296875
-57515 2586.73193359375
-57505 2588.1650390625
-57495 2588.10400390625
-57485 2590.73388671875
-57475 2591.743896484375
-57465 2590.06689453125
-57455 2591.66796875
-57445 2592.373046875
-57435 2597.4619140625
-57425 2604.950927734375
-57415 2607.943115234375
-57405 2614.9951171875
-57395 2615.87109375
-57385 2618.34912109375
-57375 2616.385986328125
-57365 2615.85205078125
-57355 2614.23193359375
-57345 2609.638916015625
-57335 2610.782958984375
-57325 2614.30908203125
-57315 2615.81396484375
-57305 2616.72900390625
-57295 2617.909912109375
-57285 2622.178955078125
-57275 2625.64794921875
-57265 2626.180908203125
-57255 2627.64892578125
-57245 2630.18408203125
-57235 2634.89111328125
-57225 2641.27490234375
-57215 2648.06005859375
-57205 2648.573974609375
-57195 2648.422119140625
-57185 2647.18310546875
-57175 2644.572021484375
-57165 2642.93310546875
-57155 2641.846923828125
-57145 2639.10302734375
-57135 2635.672119140625
-57125 2631.422119140625
-57115 2626.162109375
-57105 2623.2470703125
-57095 2621.875
-57085 2622.446044921875
-57075 2624.10400390625
-57065 2625.9150390625
-57055 2624.80908203125
-57045 2624.0849609375
-57035 2620.922119140625
-57025 2623.8369140625
-57015 2628.60205078125
-57005 2632.660888671875
-56995 2634.451904296875
-56985 2637.97802734375
-56975 2642.208984375
-56965 2645.31494140625
-56955 2647.087890625
-56945 2649.031005859375
-56935 2653.81494140625
-56925 2659.9140625
-56915 2663.72509765625
-56905 2659.989990234375
-56895 2657.569091796875
-56885 2654.9580078125
-56875 2657.43603515625
-56865 2661.114013671875
-56855 2663.592041015625
-56845 2666.298095703125
-56835 2668.241943359375
-56825 2670.43310546875
-56815 2673.902099609375
-56805 2678.9140625
-56795 2683.52587890625
-56785 2688.72900390625
-56775 2694.31298828125
-56765 2697.990966796875
-56755 2700.98291015625
-56745 2705.423095703125
-56735 2710.472900390625
-56725 2717.258056640625
-56715 2722.404052734375
-56705 2728.498046875
-56695 2735.6259765625
-56685 2744.18310546875
-56675 2751.93896484375
-56665 2761.39208984375
-56655 2768.291015625
-56645 2776.7900390625
-56635 2791.864990234375
-56625 2797.277099609375
-56615 2801.469970703125
-56605 2808.76904296875
-56595 2814.14306640625
-56585 2818.965087890625
-56575 2825.177001953125
-56565 2829.7509765625
-56555 2834.821044921875
-56545 2840.5380859375
-56535 2845.64599609375
-56525 2850.9619140625
-56515 2855.783935546875
-56505 2861.138916015625
-56495 2865.9609375
-56485 2871.1640625
-56475 2875.18505859375
-56465 2878.2529296875
-56455 2886.218994140625
-56445 2895.594970703125
-56435 2901.923095703125
-56425 2907.5830078125
-56415 2913.451904296875
-56405 2917.3779296875
-56395 2920.179931640625
-56385 2922.0849609375
-56375 2926.050048828125
-56365 2929.555908203125
-56355 2937.97998046875
-56345 2942.572998046875
-56335 2947.070068359375
-56325 2951.968017578125
-56315 2955.89404296875
-56305 2960.867919921875
-56295 2966.77587890625
-56285 2971.31201171875
-56275 2975.427978515625
-56265 2979.445068359375
-56255 2981.33203125
-56245 2983.623046875
-56235 2984.68994140625
-56225 2984.22900390625
-56215 2982.818115234375
-56205 2980.054931640625
-56195 2979.597900390625
-56185 2977.843994140625
-56175 2977.93994140625
-56165 2978.912109375
-56155 2981.77001953125
-56145 2987.18310546875
-56135 2991.341064453125
-56125 2997.1689453125
-56115 3004.5439453125
-56105 3007.860107421875
-56095 3016.989013671875
-56085 3018.39892578125
-56075 3010.699951171875
-56065 3005.115966796875
-56055 2999.760986328125
-56045 2992.881103515625
-56035 2975.35205078125
-56025 2958.77099609375
-56015 2945.279052734375
-56005 2927.74609375
-55995 2924.10595703125
-55985 2928.718017578125
-55975 2932.301025390625
-55965 2931.48095703125
-55955 2929.93701171875
-55945 2932.052978515625
-55935 2936.455078125
-55925 2933.9580078125
-55915 2930.10888671875
-55905 2925.592041015625
-55895 2920.33203125
-55885 2912.5380859375
-55875 2906.076904296875
-55865 2900.035888671875
-55855 2891.44091796875
-55845 2885.951904296875
-55835 2877.072021484375
-55825 2863.56005859375
-55815 2847.43701171875
-55805 2834.991943359375
-55795 2818.011962890625
-55785 2813.4951171875
-55775 2823.785888671875
-55765 2828.035888671875
-55755 2829.256103515625
-55745 2833.56298828125
-55735 2834.114990234375
-55725 2824.987060546875
-55715 2821.06103515625
-55705 2810.465087890625
-55695 2797.886962890625
-55685 2789.31103515625
-55675 2781.26904296875
-55665 2773.054931640625
-55655 2766.2890625
-55645 2759.31396484375
-55635 2752.2060546875
-55625 2744.14501953125
-55615 2734.90087890625
-55605 2726.0009765625
-55595 2719.259033203125
-55585 2719.597900390625
-55575 2710.072998046875
-55565 2696.028076171875
-55555 2684.4599609375
-55545 2675.2548828125
-55535 2668.431884765625
-55525 2659.2080078125
-55515 2649.83203125
-55505 2641.80908203125
-55495 2632.64208984375
-55485 2624.60009765625
-55475 2615.18505859375
-55465 2604.799072265625
-55455 2596.794921875
-55445 2588.791015625
-55435 2581.14794921875
-55425 2572.2099609375
-55415 2562.43408203125
-55405 2553.514892578125
-55395 2545.033935546875
-55385 2536.552978515625
-55375 2526.8720703125
-55365 2515.571044921875
-55355 2505.528076171875
-55345 2496.6279296875
-55335 2487.822998046875
-55325 2480.218994140625
-55315 2471.819091796875
-55305 2463.81396484375
-55295 2457.0830078125
-55285 2447.72998046875
-55275 2440.068115234375
-55265 2432.12109375
-55255 2421.259033203125
-55245 2411.406005859375
-55235 2401.43896484375
-55225 2401.93408203125
-55215 2402.1630859375
-55205 2401.72509765625
-55195 2381.60009765625
-55185 2351.031005859375
-55175 2340.531005859375
-55165 2339.5009765625
-55155 2336.5849609375
-55145 2331.2880859375
-55135 2322.27294921875
-55125 2300.757080078125
-55115 2292.409912109375
-55105 2284.1201171875
-55095 2281.241943359375
-55085 2274.304931640625
-55075 2268.60693359375
-55065 2263.881103515625
-55055 2264.071044921875
-55045 2261.861083984375
-55035 2260.053955078125
-55025 2254.98095703125
-55015 2246.04296875
-55005 2239.945068359375
-54995 2227.337890625
-54985 2217.969970703125
-54975 2206.031005859375
-54965 2195.947998046875
-54955 2193.68896484375
-54945 2188.905029296875
-54935 2184.23193359375
-54925 2179.02294921875
-54915 2172.761962890625
-54905 2168.291015625
-54895 2164.3779296875
-54885 2160.197998046875
-54875 2155.367919921875
-54865 2152.6630859375
-54855 2149.26708984375
-54845 2145.218017578125
-54835 2140.077880859375
-54825 2134.89111328125
-54815 2130.73193359375
-54805 2124.94189453125
-54795 2121.364990234375
-54785 2117.47412109375
-54775 2111.863037109375
-54765 2109.805908203125
-54755 2108.509033203125
-54745 2106.2509765625
-54735 2103.388916015625
-54725 2101.31005859375
-54715 2100.259033203125
-54705 2098.35791015625
-54695 2098.6708984375
-54685 2097.97802734375
-54675 2098.60400390625
-54665 2100.638916015625
-54655 2102.2490234375
-54645 2105.468017578125
-54635 2104.507080078125
-54625 2097.62109375
-54615 2090.4208984375
-54605 2080.51708984375
-54595 2069.697998046875
-54585 2061.333984375
-54575 2053.218017578125
-54565 2047.56396484375
-54555 2035.446044921875
-54545 2023.6409912109375
-54535 2014.7430419921875
-54525 2009.2869873046875
-54515 1998.5780029296875
-54505 1977.116943359375
-54495 1968.4200439453125
-54485 1958.404052734375
-54475 1950.2879638671875
-54465 1943.512939453125
-54455 1937.5880126953125
-54445 1926.5660400390625
-54435 1911.2060546875
-54425 1897.2320556640625
-54415 1884.7569580078125
-54405 1873.823974609375
-54395 1862.8709716796875
-54385 1853.9949951171875
-54375 1839.864990234375
-54365 1826.0699462890625
-54355 1812.5439453125
-54345 1796.446044921875
-54335 1781.7149658203125
-54325 1771.1619873046875
-54315 1760.697998046875
-54305 1751.844970703125
-54295 1742.386962890625
-54285 1734.7860107421875
-54275 1721.125
-54265 1705.2760009765625
-54255 1694.7010498046875
-54245 1687.322998046875
-54235 1680.6820068359375
-54225 1674.623046875
-54215 1669.77197265625
-54205 1664.1600341796875
-54195 1659.7330322265625
-54185 1655.6409912109375
-54175 1653.762939453125
-54165 1651.3260498046875
-54155 1650.2530517578125
-54145 1649.31396484375
-54135 1648.0400390625
-54125 1647.18994140625
-54115 1646.407958984375
-54105 1645.512939453125
-54095 1644.43994140625
-54085 1643.344970703125
-54075 1643.1209716796875
-54065 1643.0989990234375
-54055 1641.780029296875
-54045 1640.6390380859375
-54035 1639.2979736328125
-54025 1635.2960205078125
-54015 1635.1839599609375
-54005 1634.490966796875
-53995 1634.177978515625
-53985 1633.41796875
-53975 1632.8389892578125
-53965 1632.3890380859375
-53955 1632.280029296875
-53945 1630.98095703125
-53935 1630.8470458984375
-53925 1633.864990234375
-53915 1634.468994140625
-53905 1638.6939697265625
-53895 1644.6190185546875
-53885 1649.56005859375
-53875 1652.467041015625
-53865 1655.7530517578125
-53855 1658.72705078125
-53845 1661.343017578125
-53835 1663.780029296875
-53825 1666.6419677734375
-53815 1674.3330078125
-53805 1680.7939453125
-53795 1688.7760009765625
-53785 1697.9200439453125
-53775 1704.5579833984375
-53765 1709.7919921875
-53755 1714.7080078125
-53745 1720.18603515625
-53735 1726.2900390625
-53725 1733.35498046875
-53715 1740.2860107421875
-53705 1747.0379638671875
-53695 1761.18994140625
-53685 1769.4630126953125
-53675 1775.5660400390625
-53665 1782.20703125
-53655 1792.156005859375
-53645 1800.56005859375
-53635 1806.6190185546875
-53625 1815.4720458984375
-53615 1826.2490234375
-53605 1839.239013671875
-53595 1852.3409423828125
-53585 1865.6209716796875
-53575 1880.8690185546875
-53565 1889.072021484375
-53555 1896.6510009765625
-53545 1905.0799560546875
-53535 1915.4090576171875
-53525 1923.5030517578125
-53515 1936.447998046875
-53505 1952.322021484375
-53495 1971.7509765625
-53485 1988.7850341796875
-53475 1997.3929443359375
-53465 2002.7359619140625
-53455 2006.3360595703125
-53445 2008.593994140625
-53435 2019.863037109375
-53425 2025.0050048828125
-53415 2044.2099609375
-53405 2055.300048828125
-53395 2060.4619140625
-53385 2063.927001953125
-53375 2073.56298828125
-53365 2080.158935546875
-53355 2090.35400390625
-53345 2099.677001953125
-53335 2109.291015625
-53325 2117.85400390625
-53315 2125.85791015625
-53305 2132.76708984375
-53295 2139.60595703125
-53285 2146.2490234375
-53275 2153.468017578125
-53265 2159.4599609375
-53255 2168.60400390625
-53245 2178.64306640625
-53235 2184.85791015625
-53225 2191.54296875
-53215 2198.719970703125
-53205 2204.9130859375
-53195 2212.381103515625
-53185 2218.194091796875
-53175 2224.073974609375
-53165 2230.087890625
-53155 2236.860107421875
-53145 2242.31494140625
-53135 2247.345947265625
-53125 2251.906982421875
-53115 2256.221923828125
-53105 2261.029052734375
-53095 2269.635986328125
-53085 2284.325927734375
-53075 2291.2119140625
-53065 2298.343994140625
-53055 2306.034912109375
-53045 2313.883056640625
-53035 2320.743896484375
-53025 2327.408935546875
-53015 2334.739990234375
-53005 2342.54296875
-52995 2350.14404296875
-52985 2358.529052734375
-52975 2366.73388671875
-52965 2375.698974609375
-52955 2384.509033203125
-52945 2392.759033203125
-52935 2401.072998046875
-52925 2410.532958984375
-52915 2424.68310546875
-52905 2436.197021484375
-52895 2448.5830078125
-52885 2458.532958984375
-52875 2456.498046875
-52865 2471.410888671875
-52855 2472.08203125
-52845 2478.22998046875
-52835 2493.365966796875
-52825 2500.51806640625
-52815 2507.8291015625
-52805 2509.304931640625
-52795 2520.39404296875
-52785 2536.9609375
-52775 2531.326904296875
-52765 2534.748046875
-52755 2544.093994140625
-52745 2547.3349609375
-52735 2557.01611328125
-52725 2555.22802734375
-52715 2557.14990234375
-52705 2563.700927734375
-52695 2569.6708984375
-52685 2575.529052734375
-52675 2581.02587890625
-52665 2586.3720703125
-52655 2590.48291015625
-52645 2591.9140625
-52635 2591.958984375
-52625 2593.635986328125
-52615 2597.659912109375
-52605 2602.735107421875
-52595 2607.319091796875
-52585 2612.281982421875
-52575 2617.3349609375
-52565 2622.23095703125
-52555 2626.322998046875
-52545 2629.162109375
-52535 2635.02001953125
-52525 2641.39208984375
-52515 2646.69091796875
-52505 2654.0400390625
-52495 2657.458984375
-52485 2658.323974609375
-52475 2660.779052734375
-52465 2662.885009765625
-52455 2663.8779296875
-52445 2664.196044921875
-52435 2665.843994140625
-52425 2670.333984375
-52415 2676.2041015625
-52405 2681.864990234375
-52395 2688.2529296875
-52385 2693.77587890625
-52375 2701.055908203125
-52365 2707.512939453125
-52355 2715.35107421875
-52345 2722.194091796875
-52335 2729.5439453125
-52325 2736.965087890625
-52315 2745.2099609375
-52305 2755.2509765625
-52295 2765.2919921875
-52285 2779.7939453125
-52275 2793.39404296875
-52265 2814.221923828125
-52255 2838.60009765625
-52245 2841.469970703125
-52235 2835.659912109375
-52225 2829.2119140625
-52215 2824.8701171875
-52205 2820.27197265625
-52195 2812.115966796875
-52185 2804.777099609375
-52175 2797.72509765625
-52165 2776.6669921875
-52155 2759.01708984375
-52145 2753.43408203125
-52135 2747.2958984375
-52125 2742.695068359375
-52115 2741.552001953125
-52105 2742.763916015625
-52095 2734.39111328125
-52085 2692.970947265625
-52075 2676.492919921875
-52065 2670.56201171875
-52055 2664.572998046875
-52045 2658.950927734375
-52035 2651.6689453125
-52025 2646.197021484375
-52015 2641.408935546875
-52005 2636.7099609375
-51995 2633.263916015625
-51985 2629.510009765625
-51975 2626.60888671875
-51965 2626.06201171875
-51955 2624.02587890625
-51945 2623.64892578125
-51935 2625.5849609375
-51925 2629.092041015625
-51915 2633.611083984375
-51905 2637.94189453125
-51895 2637.126953125
-51885 2635.60791015625
-51875 2634.008056640625
-51865 2632.569091796875
-51855 2633.212890625
-51845 2633.700927734375
-51835 2633.134033203125
-51825 2632.27099609375
-51815 2630.89990234375
-51805 2633.0849609375
-51795 2632.320068359375
-51785 2632.616943359375
-51775 2631.666015625
-51765 2630.511962890625
-51755 2631.833984375
-51745 2632.4580078125
-51735 2633.06494140625
-51725 2633.947998046875
-51715 2634.5439453125
-51705 2634.535888671875
-51695 2635.112060546875
-51685 2634.972900390625
-51675 2635.0009765625
-51665 2634.902099609375
-51655 2633.31298828125
-51645 2633.3330078125
-51635 2635.041015625
-51625 2636.29296875
-51615 2637.35693359375
-51605 2638.2109375
-51595 2638.7470703125
-51585 2638.509033203125
-51575 2638.260009765625
-51565 2637.822021484375
-51555 2635.576904296875
-51545 2633.700927734375
-51535 2631.177978515625
-51525 2631.05908203125
-51515 2632.77587890625
-51505 2636.115966796875
-51495 2636.740966796875
-51485 2636.64990234375
-51475 2638.955078125
-51465 2641.388916015625
-51455 2643.534912109375
-51445 2645.987060546875
-51435 2649.6630859375
-51425 2653.972900390625
-51415 2657.967041015625
-51405 2662.3369140625
-51395 2667.633056640625
-51385 2673.632080078125
-51375 2679.262939453125
-51365 2684.757080078125
-51355 2691.241943359375
-51345 2700.321044921875
-51335 2706.677978515625
-51325 2712.617919921875
-51315 2719.48291015625
-51305 2725.660888671875
-51295 2731.947998046875
-51285 2736.716064453125
-51275 2742.27001953125
-51265 2748.89404296875
-51255 2756.720947265625
-51245 2768.3740234375
-51235 2793.572998046875
-51225 2807.200927734375
-51215 2816.4580078125
-51205 2821.027099609375
-51195 2819.199951171875
-51185 2817.412109375
-51175 2817.154052734375
-51165 2818.445068359375
-51155 2818.64404296875
-51145 2821.405029296875
-51135 2825.02099609375
-51125 2829.76904296875
-51115 2834.675048828125
-51105 2840.575927734375
-51095 2846.277099609375
-51085 2853.330078125
-51075 2859.77490234375
-51065 2861.7529296875
-51055 2857.0048828125
-51045 2849.31689453125
-51035 2844.806884765625
-51025 2840.782958984375
-51015 2836.611083984375
-51005 2821.39599609375
-50995 2806.076904296875
-50985 2787.43408203125
-50975 2756.958984375
-50965 2731.56201171875
-50955 2711.306884765625
-50945 2688.56005859375
-50935 2673.85107421875
-50925 2666.123046875
-50915 2657.866943359375
-50905 2648.530029296875
-50895 2638.756103515625
-50885 2611.887939453125
-50875 2607.139892578125
-50865 2602.423095703125
-50855 2597.81201171875
-50845 2595.26904296875
-50835 2590.839111328125
-50825 2581.52197265625
-50815 2569.1650390625
-50805 2560.304931640625
-50795 2555.41796875
-50785 2551.06689453125
-50775 2542.93310546875
-50765 2534.839111328125
-50755 2526.79296875
-50745 2519.6298828125
-50735 2511.365966796875
-50725 2503.550048828125
-50715 2495.9189453125
-50705 2489.405029296875
-50695 2483.989990234375
-50685 2477.375
-50675 2469.169921875
-50665 2458.4541015625
-50655 2452.0458984375
-50645 2445.31103515625
-50635 2437.27587890625
-50625 2430.2919921875
-50615 2427.800048828125
-50605 2424.093994140625
-50595 2417.447998046875
-50585 2410.39794921875
-50575 2403.652099609375
-50565 2397.196044921875
-50555 2390.202880859375
-50545 2384.48095703125
-50535 2379.2080078125
-50525 2373.5458984375
-50515 2368.23095703125
-50505 2361.7060546875
-50495 2355.138916015625
-50485 2347.251953125
-50475 2338.2919921875
-50465 2330.6240234375
-50455 2323.93994140625
-50445 2317.77099609375
-50435 2311.117919921875
-50425 2304.740966796875
-50415 2298.91796875
-50405 2293.544921875
-50395 2288.08203125
-50385 2284.52587890625
-50375 2281.93505859375
-50365 2279.31005859375
-50355 2277.3349609375
-50345 2273.052001953125
-50335 2269.635009765625
-50325 2265.801025390625
-50315 2263.905029296875
-50305 2261.89892578125
-50295 2262.197021484375
-50285 2262.2451171875
-50275 2264.3310546875
-50265 2266.824951171875
-50255 2269.14111328125
-50245 2272.487060546875
-50235 2275.677001953125
-50225 2278.347900390625
-50215 2282.47998046875
-50205 2288.85693359375
-50195 2295.362060546875
-50185 2303.697021484375
-50175 2312.93505859375
-50165 2319.87890625
-50155 2325.14111328125
-50145 2329.861083984375
-50135 2345.3359375
-50125 2355.6669921875
-50115 2365.201904296875
-50105 2377.51904296875
-50095 2397.14697265625
-50085 2408.5390625
-50075 2426.041015625
-50065 2433.48193359375
-50055 2442.18310546875
-50045 2451.409912109375
-50035 2466.1220703125
-50025 2474.197021484375
-50015 2482.06298828125
-50005 2488.381103515625
-49995 2494.735107421875
-49985 2501.56103515625
-49975 2514.114013671875
-49965 2521.132080078125
-49955 2525.39990234375
-49945 2528.125
-49935 2531.9990234375
-49925 2537.361083984375
-49915 2542.6689453125
-49905 2551.347900390625
-49895 2571.5048828125
-49885 2576.614990234375
-49875 2575.054931640625
-49865 2580.721923828125
-49855 2588.14599609375
-49845 2595.910888671875
-49835 2606.365966796875
-49825 2620.19189453125
-49815 2631.18505859375
-49805 2638.39404296875
-49795 2644.0419921875
-49785 2649.135009765625
-49775 2655.35791015625
-49765 2662.280029296875
-49755 2668.162109375
-49745 2672.412109375
-49735 2677.30810546875
-49725 2683.0458984375
-49715 2689.735107421875
-49705 2697.052001953125
-49695 2702.987060546875
-49685 2709.514892578125
-49675 2717.423095703125
-49665 2728.3798828125
-49655 2740.950927734375
-49645 2751.047119140625
-49635 2758.041015625
-49625 2766.81005859375
-49615 2774.593017578125
-49605 2781.9990234375
-49595 2789.47705078125
-49585 2795.806884765625
-49575 2803.464111328125
-49565 2813.0048828125
-49555 2821.199951171875
-49545 2828.35498046875
-49535 2836.4599609375
-49525 2843.97412109375
-49515 2851.5419921875
-49505 2859.431884765625
-49495 2866.73095703125
-49485 2872.35009765625
-49475 2841.5
-49465 2827.10009765625
-49455 2811.98193359375
-49445 2791.305908203125
-49435 2771.06005859375
-49425 2759.241943359375
-49415 2739.784912109375
-49405 2728.451904296875
-49395 2719.23388671875
-49385 2710.931884765625
-49375 2705.12109375
-49365 2699.364990234375
-49355 2687.278076171875
-49345 2669.27392578125
-49335 2663.212890625
-49325 2656.39794921875
-49315 2649.548095703125
-49305 2643.001953125
-49295 2636.34912109375
-49285 2628.906982421875
-49275 2622.55908203125
-49265 2616.47998046875
-49255 2608.89404296875
-49245 2601.81103515625
-49235 2593.84912109375
-49225 2587.35693359375
-49215 2581.4208984375
-49205 2576.077880859375
-49195 2570.876953125
-49185 2566.26806640625
-49175 2561.89306640625
-49165 2557.35595703125
-49155 2553.321044921875
-49145 2548.694091796875
-49135 2544.0849609375
-49125 2539.44091796875
-49115 2536.321044921875
-49105 2532.6259765625
-49095 2529.52392578125
-49085 2526.18896484375
-49075 2523.696044921875
-49065 2520.6298828125
-49055 2518.633056640625
-49045 2516.952880859375
-49035 2514.903076171875
-49025 2512.56005859375
-49015 2510.695068359375
-49005 2507.485107421875
-48995 2503.12109375
-48985 2498.531005859375
-48975 2494.178955078125
-48965 2493.98095703125
-48955 2492.60107421875
-48945 2489.89306640625
-48935 2493.300048828125
-48925 2495.0400390625
-48915 2500.987060546875
-48905 2503.175048828125
-48895 2501.656982421875
-48885 2501.041015625
-48875 2497.97998046875
-48865 2496.259033203125
-48855 2493.946044921875
-48845 2490.048095703125
-48835 2488.906005859375
-48825 2489.050048828125
-48815 2489.958984375
-48805 2488.64990234375
-48795 2489.64208984375
-48785 2489.5458984375
-48775 2489.373046875
-48765 2489.81494140625
-48755 2491.6259765625
-48745 2491.256103515625
-48735 2491.087890625
-48725 2488.010009765625
-48715 2485.135009765625
-48705 2478.320068359375
-48695 2475.181884765625
-48685 2474.77001953125
-48675 2477.3759765625
-48665 2482.48095703125
-48655 2485.427978515625
-48645 2487.592041015625
-48635 2489.659912109375
-48625 2492.236083984375
-48615 2497.10205078125
-48605 2502.31396484375
-48595 2504.27490234375
-48585 2508.093994140625
-48575 2512.48193359375
-48565 2516.845947265625
-48555 2522.531005859375
-48545 2527.12109375
-48535 2530.9169921875
-48525 2533.7919921875
-48515 2536.158935546875
-48505 2538.364990234375
-48495 2540.069091796875
-48485 2545.7529296875
-48475 2552.638916015625
-48465 2559.508056640625
-48455 2566.7880859375
-48445 2590.3701171875
-48435 2597.77587890625
-48425 2604.860107421875
-48415 2611.888916015625
-48405 2612.320068359375
-48395 2614.364013671875
-48385 2616.156982421875
-48375 2620.9990234375
-48365 2623.9580078125
-48355 2629.571044921875
-48345 2636.06298828125
-48335 2642.321044921875
-48325 2648.41796875
-48315 2656.2548828125
-48305 2689.322998046875
-48295 2704.4580078125
-48285 2716.992919921875
-48275 2728.5419921875
-48265 2743.389892578125
-48255 2756.3369140625
-48245 2764.85498046875
-48235 2771.991943359375
-48225 2778.52001953125
-48215 2784.83203125
-48205 2789.943115234375
-48195 2794.0849609375
-48185 2798.388916015625
-48175 2802.97998046875
-48165 2807.677978515625
-48155 2812.843017578125
-48145 2817.325927734375
-48135 2821.952880859375
-48125 2827.548095703125
-48115 2831.81591796875
-48105 2836.06591796875
-48095 2840.10107421875
-48085 2848.85205078125
-48075 2855.9169921875
-48065 2862.302001953125
-48055 2867.968017578125
-48045 2874.572998046875
-48035 2880.9580078125
-48025 2887.748046875
-48015 2894.24609375
-48005 2900.863037109375
-47995 2907.4619140625
-47985 2914.5458984375
-47975 2921.323974609375
-47965 2928.12109375
-47955 2935.0791015625
-47945 2942.4130859375
-47935 2949.5859375
-47925 2956.95703125
-47915 2964.381103515625
-47905 2972.126953125
-47895 2979.51611328125
-47885 2987.693115234375
-47875 2996.373046875
-47865 3005.196044921875
-47855 3014.01806640625
-47845 3021.908935546875
-47835 3031.39501953125
-47825 3045.257080078125
-47815 3043.572021484375
-47805 3032.327880859375
-47795 3022.465087890625
-47785 3014.573974609375
-47775 3007.239990234375
-47765 3000.945068359375
-47755 2992.965087890625
-47745 2984.537109375
-47735 2975.39111328125
-47725 2967.985107421875
-47715 2959.718017578125
-47705 2949.85498046875
-47695 2940.386962890625
-47685 2929.805908203125
-47675 2918.669921875
-47665 2906.297119140625
-47655 2893.68994140625
-47645 2880.2041015625
-47635 2871.375
-47625 2864.889892578125
-47615 2858.572021484375
-47605 2854.087890625
-47595 2846.611083984375
-47585 2839.258056640625
-47575 2827.674072265625
-47565 2808.825927734375
-47555 2793.906005859375
-47545 2782.679931640625
-47535 2772.74609375
-47525 2763.8330078125
-47515 2757.072998046875
-47505 2748.532958984375
-47495 2740.3779296875
-47485 2730.60791015625
-47475 2723.677001953125
-47465 2715.802001953125
-47455 2710.23095703125
-47445 2703.919921875
-47435 2697.511962890625
-47425 2691.531982421875
-47415 2685.041015625
-47405 2676.47998046875
-47395 2668.009033203125
-47385 2652.4990234375
-47375 2639.822998046875
-47365 2628.6201171875
-47355 2622.177001953125
-47345 2617.822998046875
-47335 2613.14111328125
-47325 2609.1279296875
-47315 2605.950927734375
-47305 2601.860107421875
-47295 2601.450927734375
-47285 2605.634033203125
-47275 2605.580078125
-47265 2605.1689453125
-47255 2604.8330078125
-47245 2604.4169921875
-47235 2602.9609375
-47225 2605.091064453125
-47215 2606.781005859375
-47205 2606.9619140625
-47195 2606.678955078125
-47185 2606.35009765625
-47175 2605.679931640625
-47165 2605.60791015625
-47155 2605.697998046875
-47145 2606.781005859375
-47135 2605.1689453125
-47125 2605.031005859375
-47115 2604.85205078125
-47105 2604.2119140625
-47095 2603.322998046875
-47085 2603.551025390625
-47075 2603.387939453125
-47065 2599.0380859375
-47055 2593.08203125
-47045 2591.39794921875
-47035 2590.23095703125
-47025 2588.968994140625
-47015 2589.1298828125
-47005 2589.18994140625
-46995 2588.583984375
-46985 2588.160888671875
-46975 2588.1669921875
-46965 2588.131103515625
-46955 2588.491943359375
-46945 2586.85009765625
-46935 2584.10205078125
-46925 2585.26904296875
-46915 2586.152099609375
-46905 2586.5791015625
-46895 2589.009033203125
-46885 2592.389892578125
-46875 2594.47900390625
-46865 2596.81298828125
-46855 2598.81005859375
-46845 2600.85107421875
-46835 2602.431884765625
-46825 2603.7509765625
-46815 2604.98193359375
-46805 2609.62109375
-46795 2614.049072265625
-46785 2619.049072265625
-46775 2625.75
-46765 2634.318115234375
-46755 2641.56103515625
-46745 2651.4580078125
-46735 2656.60791015625
-44175 2411.656982421875
-44165 2412.19189453125
-44155 2411.840087890625
-44145 2407.931884765625
-44135 2401.949951171875
-44125 2398.760009765625
-44115 2393.162109375
-44105 2383.7099609375
-44095 2375.906982421875
-44085 2371.041015625
-44075 2367.988037109375
-44065 2361.0791015625
-44055 2355.97802734375
-44045 2352.614990234375
-44035 2348.35791015625
-44025 2345.507080078125
-44015 2343.594970703125
-44005 2340.4580078125
-43995 2338.199951171875
-43985 2336.945068359375
-43975 2335.469970703125
-43965 2334.200927734375
-43955 2331.54296875
-43945 2328.131103515625
-43935 2326.924072265625
-43925 2326.239013671875
-43915 2325.27099609375
-43905 2327.1201171875
-43895 2327.861083984375
-43885 2327.64794921875
-43875 2326.27197265625
-43865 2325.218994140625
-43855 2323.12109375
-43845 2322.928955078125
-43835 2323.087890625
-43825 2323.720947265625
-43815 2324.48388671875
-43805 2325.822021484375
-43795 2325.951904296875
-43785 2325.29296875
-43775 2323.552001953125
-43765 2319.8359375
-43755 2314.549072265625
-43745 2309.12109375
-43735 2303.341064453125
-43725 2293.54296875
-43715 2282.133056640625
-43705 2273.3779296875
-43695 2267.23291015625
-43685 2262.0400390625
-43675 2256.950927734375
-43665 2254.277099609375
-43655 2253.87890625
-43645 2253.636962890625
-43635 2254.68798828125
-43625 2255.340087890625
-43615 2256.443115234375
-43605 2257.552001953125
-43595 2258.60791015625
-43585 2258.537109375
-43575 2248.346923828125
-43565 2238.73095703125
-43555 2235.43701171875
-43545 2233.31005859375
-43535 2232.885986328125
-43525 2232.969970703125
-43515 2229.616943359375
-43505 2230.30908203125
-43495 2229.179931640625
-43485 2228.802001953125
-43475 2226.89697265625
-43465 2226.166015625
-43455 2226.178955078125
-43445 2224.658935546875
-43435 2228.75
-43425 2229.701904296875
-43415 2224.69189453125
-43405 2215.825927734375
-43395 2204.080078125
-43385 2198.291015625
-43375 2195.98095703125
-43365 2186.662109375
-43355 2174.742919921875
