-85365 2741.22998046875
-85355 2749.492919921875
-85345 2756.943115234375
-85335 2768.158935546875
-85325 2772.573974609375
-85315 2774.386962890625
-85305 2778.669921875
-85295 2783.19091796875
-85285 2786.76904296875
-85275 2791.888916015625
-85265 2794.169921875
-85255 2797.951904296875
-85245 2804.991943359375
-85235 2807.117919921875
-85225 2810.79296875
-85215 2816.652099609375
-85205 2821.64892578125
-85195 2823.364013671875
-85185 2820.868896484375
-85175 2817.8330078125
-85165 2818.2109375
-85155 2818.89990234375
-85145 2822.37109375
-85135 2827.679931640625
-85125 2833.95703125
-85115 2839.388916015625
-85105 2846.568115234375
-85095 2849.447998046875
-85085 2851.81103515625
-85075 2857.3330078125
-85065 2863.0439453125
-85055 2869.56689453125
-85045 2876.81298828125
-85035 2884.491943359375
-85025 2888.23388671875
-85015 2890.68798828125
-85005 2894.498046875
-84995 2897.1669921875
-84985 2900.912109375
-84975 2905.449951171875
-84965 2910.52294921875
-84955 2916.18310546875
-84945 2921.135009765625
-84935 2927.9169921875
-84925 2936.14794921875
-84915 2944.4970703125
-84905 2951.93408203125
-84895 2959.284912109375
-84885 2966.56689453125
-84875 2973.261962890625
-84865 2980.6650390625
-84855 2987.014892578125
-84845 2994.5009765625
-84835 2991.1220703125
-84825 2981.217041015625
-84815 2979.14697265625
-84805 2983.56396484375
-84795 2980.217041015625
-84785 2974.52197265625
-84775 2962.875
-84765 2952.797119140625
-84755 2946.325927734375
-84745 2937.64892578125
-84735 2933.318115234375
-84725 2921.256103515625
-84715 2911.162109375
-84705 2898.16796875
-84695 2890.593017578125
-84685 2884.794921875
-84675 2876.68505859375
-84665 2874.0439453125
-84655 2874.614013671875
-84645 2870.595947265625
-84635 2871.490966796875
-84625 2857.0849609375
-84615 2846.904052734375
-84605 2834.669921875
-84595 2831.407958984375
-84585 2819.72607421875
-84575 2809.85595703125
-84565 2804.14697265625
-84555 2796.053955078125
-84545 2791.7060546875
-84535 2783.6298828125
-84525 2776.72802734375
-84515 2764.614013671875
-84505 2760.76611328125
-84495 2751.22607421875
-84485 2744.14794921875
-84475 2730.278076171875
-84465 2718.094970703125
-84455 2704.56689453125
-84445 2693.076904296875
-84435 2684.345947265625
-84425 2675.77001953125
-84415 2658.56494140625
-84405 2651.52490234375
-84395 2639.291015625
-84385 2631.322021484375
-84375 2616.9990234375
-84365 2610.528076171875
-84355 2598.22509765625
-84345 2589.510986328125
-84335 2579.416015625
-84325 2569.3759765625
-84315 2558.798095703125
-84305 2548.806884765625
-84295 2541.95703125
-84285 2530.032958984375
-84275 2519.093017578125
-84265 2514.260986328125
-84255 2509.39501953125
-84245 2505.547119140625
-84235 2499.924072265625
-84225 2493.366943359375
-84215 2487.10302734375
-84205 2480.322021484375
-84195 2475.9560546875
-84185 2472.298095703125
-84175 2473.073974609375
-84165 2471.52099609375
-84155 2467.72509765625
-84145 2464.843017578125
-84135 2463.152099609375
-84125 2464.705078125
-84115 2463.89404296875
-84105 2463.89404296875
-84095 2464.56689453125
-84085 2464.257080078125
-84075 2461.927001953125
-84065 2460.77099609375
-84055 2460.200927734375
-84045 2458.285888671875
-84035 2459.614990234375
-84025 2460.35693359375
-84015 2460.200927734375
-84005 2459.907958984375
-83995 2455.472900390625
-83985 2457.009033203125
-83975 2458.992919921875
-83965 2460.5810546875
-83955 2460.029052734375
-83945 2460.304931640625
-83935 2459.718017578125
-83925 2463.031005859375
-83915 2465.947998046875
-83905 2469.60595703125
-83895 2472.5390625
-83885 2476.593994140625
-83875 2481.06396484375
-83865 2486.655029296875
-83855 2491.31396484375
-83845 2495.248046875
-83835 2499.302978515625
-83825 2503.16796875
-83815 2506.702880859375
-83805 2511.39599609375
-83795 2516.34912109375
-83785 2519.714111328125
-83775 2521.54296875
-83765 2523.47607421875
-83755 2524.85595703125
-83745 2526.4951171875
-83735 2526.512939453125
-83725 2530.9130859375
-83715 2535.22705078125
-83705 2538.0400390625
-83695 2545.389892578125
-83685 2548.219970703125
-83675 2549.876953125
-83665 2552.172119140625
-83655 2555.035888671875
-83645 2555.93408203125
-83635 2556.43408203125
-83625 2558.677001953125
-83615 2561.10791015625
-83605 2565.23193359375
-83595 2568.47607421875
-83585 2572.445068359375
-83575 2577.948974609375
-83565 2582.988037109375
-83555 2587.716064453125
-83545 2590.943115234375
-83535 2595.205078125
-83525 2598.570068359375
-83515 2603.10791015625
-83505 2608.784912109375
-83495 2614.18701171875
-83485 2620.43310546875
-83475 2625.367919921875
-83465 2634.18310546875
-83455 2638.652099609375
-83445 2643.48388671875
-83435 2650.43798828125
-83425 2654.666015625
-83415 2658.116943359375
-83405 2661.947998046875
-83395 2666.089111328125
-83385 2673.423095703125
-83375 2679.220947265625
-83365 2685.035888671875
-83355 2687.60693359375
-83345 2690.64404296875
-83335 2693.385009765625
-83325 2696.35302734375
-83315 2699.251953125
-83305 2702.15087890625
-83295 2706.051025390625
-83285 2708.8291015625
-83275 2711.054931640625
-83265 2713.43603515625
-83255 2715.471923828125
-83245 2716.386962890625
-83235 2716.97412109375
-83225 2718.94091796875
-83215 2720.028076171875
-83205 2720.839111328125
-83195 2721.080078125
-83185 2721.7529296875
-83175 2724.116943359375
-83165 2724.135009765625
-83155 2725.618896484375
-83145 2727.947998046875
-83135 2730.587890625
-83125 2733.194091796875
-83115 2736.368896484375
-83105 2739.302001953125
-83095 2742.529052734375
-83085 2746.304931640625
-83075 2750.535888671875
-83065 2753.60498046875
-83055 2755.22705078125
-83045 2757.74609375
-83035 2760.385986328125
-83025 2762.923095703125
-83015 2765.6669921875
-83005 2768.08203125
-82995 2770.464111328125
-82985 2772.637939453125
-82975 2774.587890625
-82965 2776.347900390625
-82955 2778.0390625
-82945 2779.867919921875
-82935 2781.404052734375
-82925 2783.3359375
-82915 2785.251953125
-82905 2787.39208984375
-82895 2789.738037109375
-82885 2792.343994140625
-82875 2794.89794921875
-82865 2797.658935546875
-82855 2800.712890625
-82845 2803.802001953125
-82835 2807.114990234375
-82825 2810.549072265625
-82815 2814.155029296875
-82805 2817.8798828125
-82795 2821.5380859375
-82785 2825.300048828125
-82775 2828.991943359375
-82765 2832.99609375
-82755 2836.89599609375
-82745 2840.985107421875
-82735 2845.10888671875
-82725 2849.3720703125
-82715 2853.7548828125
-82705 2858.20703125
-82695 2862.847900390625
-82685 2867.02392578125
-82675 2871.47607421875
-82665 2875.8740234375
-82655 2880.034912109375
-82645 2883.863037109375
-82635 2887.10693359375
-82625 2890.455078125
-82615 2893.45703125
-82605 2896.35595703125
-82595 2898.927001953125
-82585 2901.56689453125
-82575 2904.0869140625
-82565 2906.553955078125
-82555 2908.969970703125
-82545 2911.403076171875
-82535 2913.802001953125
-82525 2916.028076171875
-82515 2918.444091796875
-82505 2920.739990234375
-82495 2922.927978515625
-82485 2925.011962890625
-82475 2927.214111328125
-82465 2929.5009765625
-82455 2931.653076171875
-82445 2933.736083984375
-82435 2936.14208984375
-82425 2938.27587890625
-82415 2940.885009765625
-82405 2943.39208984375
-82395 2946.01806640625
-82385 2948.81298828125
-82375 2951.760986328125
-82365 2954.4541015625
-82355 2958.672119140625
-82345 2962.5009765625
-82335 2966.51611328125
-82325 2970.93701171875
-82315 2975.56201171875
-82305 2978.847900390625
-82295 2986.08203125
-82285 2991.993896484375
-82275 2998.68603515625
-82265 3004.632080078125
-82255 3009.73095703125
-82245 3015.01611328125
-82235 3021.012939453125
-82225 3027.06103515625
-82215 3033.3291015625
-82205 3038.885009765625
-82195 3043.3740234375
-82185 3047.60888671875
-82175 3051.60693359375
-82165 3055.842041015625
-82155 3060.093994140625
-82145 3064.074951171875
-82135 3067.76806640625
-82125 3070.4619140625
-82115 3074.27294921875
-82105 3077.780029296875
-82095 3081.201904296875
-82085 3084.69189453125
-82075 3088.89306640625
-82065 3092.6201171875
-82055 3096.093017578125
-82045 3099.56494140625
-82035 3102.85205078125
-82025 3105.986083984375
-82015 3109.052001953125
-82005 3112.01611328125
-81995 3114.964111328125
-81985 3117.843994140625
-81975 3120.72412109375
-81965 3123.552978515625
-81955 3126.416015625
-81945 3129.14306640625
-81935 3131.971923828125
-81925 3134.885986328125
-81915 3137.8330078125
-81905 3141.154052734375
-81895 3144.72802734375
-81885 3148.506103515625
-81875 3152.43603515625
-81865 3156.214111328125
-81855 3160.635009765625
-81845 3165.446044921875
-81835 3170.138916015625
-81825 3175.2548828125
-81815 3180.455078125
-81805 3185.927001953125
-81795 3191.68701171875
-81785 3197.971923828125
-81775 3205.205078125
-81765 3212.862060546875
-81755 3221.077880859375
-81745 3230.513916015625
-81735 3247.284912109375
-81725 3254.94189453125
-81715 3261.634033203125
-81705 3271.54296875
-81695 3282.114013671875
-81685 3289.7041015625
-81675 3300.680908203125
-81665 3310.87890625
-81655 3319.365966796875
-81645 3332.800048828125
-81635 3341.89697265625
-81625 3355.448974609375
-81615 3331.6650390625
-81605 3305.153076171875
-81595 3294.8359375
-81585 3275.659912109375
-81575 3260.31201171875
-81565 3247.06494140625
-81555 3240.052001953125
-81545 3237.865966796875
-81535 3234.697998046875
-81525 3210.489990234375
-81515 3193.617919921875
-81505 3177.864013671875
-81495 3167.29296875
-81485 3158.5009765625
-81475 3151.301025390625
-81465 3147.18505859375
-81455 3139.052978515625
-81445 3132.073974609375
-81435 3129.05810546875
-81425 3125.60302734375
-81415 3126.1279296875
-81405 3125.7041015625
-81395 3120.97802734375
-81385 3113.507080078125
-81375 3109.916015625
-81365 3103.56298828125
-81355 3094.009033203125
-81345 3084.488037109375
-81335 3080.72802734375
-81325 3052.097900390625
-81315 3022.14794921875
-81305 3019.06494140625
-81295 3010.577880859375
-81285 2998.330078125
-81275 2990.80810546875
-81265 2985.471923828125
-81255 2980.695068359375
-81245 2976.528076171875
-81235 2973.258056640625
-81225 2968.971923828125
-81215 2965.583984375
-81205 2961.756103515625
-81195 2958.6220703125
-81185 2955.60595703125
-81175 2953.235107421875
-81165 2951.16796875
-81155 2949.47412109375
-81145 2949.3720703125
-81135 2948.406982421875
-81125 2946.2890625
-81115 2945.10302734375
-81105 2943.0869140625
-81095 2938.547119140625
-81085 2937.1240234375
-81075 2933.972900390625
-81065 2917.779052734375
-81055 2906.49609375
-81045 2899.51708984375
-81035 2893.215087890625
-81025 2888.35302734375
-81015 2878.764892578125
-81005 2873.446044921875
-80995 2870.39599609375
-80985 2868.51611328125
-80975 2866.297119140625
-80965 2864.51806640625
-80955 2863.85693359375
-80945 2863.263916015625
-80935 2865.076904296875
-80925 2864.43310546875
-80915 2861.1640625
-80905 2856.031005859375
-80895 2852.659912109375
-80885 2850.135986328125
-80875 2846.883056640625
-80865 2844.529052734375
-80855 2843.343017578125
-80845 2843.902099609375
-80835 2842.73291015625
-80825 2839.970947265625
-80815 2837.158935546875
-80805 2836.39697265625
-80795 2835.906005859375
-80785 2835.652099609375
-80775 2835.85498046875
-80765 2837.05810546875
-80755 2836.5830078125
-80745 2835.194091796875
-80735 2834.60205078125
-80725 2835.39794921875
-80715 2836.9560546875
-80705 2837.735107421875
-80695 2836.905029296875
-80685 2834.583984375
-80675 2832.669921875
-80665 2831.5859375
-80655 2832.5009765625
-80645 2832.298095703125
-80635 2833.43310546875
-80625 2830.485107421875
-80615 2829.739990234375
-80605 2829.028076171875
-80595 2829.485107421875
-80585 2830.112060546875
-80575 2831.739013671875
-80565 2832.991943359375
-80555 2835.635009765625
-80545 2837.260986328125
-80535 2836.51611328125
-80525 2835.31298828125
-80515 2833.04296875
-80505 2829.281982421875
-80495 2826.9951171875
-80485 2823.14990234375
-80475 2820.52392578125
-80465 2816.6279296875
-80455 2813.56201171875
-80445 2812.47705078125
-80435 2813.0869140625
-80425 2813.47705078125
-80415 2812.91796875
-80405 2811.30908203125
-80395 2808.27587890625
-80385 2807.006103515625
-80375 2804.5830078125
-80365 2802.075927734375
-80355 2800.280029296875
-80345 2796.180908203125
-80335 2792.318115234375
-80325 2788.472900390625
-80315 2784.916015625
-80305 2779.156005859375
-80295 2775.462890625
-80285 2771.279052734375
-80275 2767.178955078125
-80265 2767.364990234375
-80255 2760.7080078125
-80245 2757.18408203125
-80235 2756.014892578125
-80225 2754.083984375
-80215 2750.763916015625
-80205 2750.0859375
-80195 2749.798095703125
-80185 2749.39208984375
-80175 2749.510009765625
-80165 2742.446044921875
-80155 2739.092041015625
-80145 2736.85595703125
-80135 2735.653076171875
-80125 2735.60205078125
-80115 2736.24609375
-80105 2731.68896484375
-80095 2730.537109375
-80085 2728.403076171875
-80075 2725.9970703125
-80065 2723.201904296875
-80055 2717.5439453125
-80045 2708.548095703125
-80035 2705.22802734375
-80025 2705.39697265625
-80015 2705.381103515625
-80005 2701.912109375
-79995 2703.528076171875
-79985 2695.43603515625
-79975 2694.3291015625
-79965 2694.52197265625
-79955 2692.35888671875
-79945 2689.2490234375
-79935 2683.924072265625
-79925 2677.37890625
-79915 2674.85498046875
-79905 2674.02490234375
-79895 2677.135009765625
-79885 2680.06298828125
-79875 2682.31298828125
-79865 2676.35302734375
-79855 2672.25
-79845 2672.60595703125
-79835 2673.845947265625
-79825 2667.447021484375
-79815 2664.8740234375
-79805 2663.73193359375
-79795 2663.910888671875
-79785 2660.344970703125
-79775 2656.06298828125
-79765 2655.739990234375
-79755 2650.949951171875
-79745 2649.6640625
-79735 2648.0029296875
-79725 2643.136962890625
-79715 2645.447021484375
-79705 2644.208984375
-79695 2642.0439453125
-79685 2638.31494140625
-79675 2629.701904296875
-79665 2620.013916015625
-79655 2613.907958984375
-79645 2605.489990234375
-79635 2600.68701171875
-79625 2597.123046875
-79615 2589.989013671875
-79605 2586.114013671875
-79595 2585.300048828125
-79585 2586.471923828125
-79575 2590.656982421875
-79565 2591.242919921875
-79555 2592.56201171875
-79545 2594.695068359375
-79535 2596.51806640625
-79525 2597.4140625
-79515 2599.3349609375
-79505 2601.43603515625
-79495 2603.991943359375
-79485 2604.906005859375
-79475 2607.18310546875
-79465 2607.37890625
-79455 2609.02294921875
-79445 2609.2509765625
-79435 2607.281005859375
-79425 2608.926025390625
-79415 2613.58203125
-79405 2616.77392578125
-79395 2622.01708984375
-79385 2625.85888671875
-79375 2629.212890625
-79365 2633.576904296875
-79355 2638.056884765625
-79345 2643.47900390625
-79335 2648.3310546875
-79325 2647.547119140625
-79315 2642.93896484375
-79305 2641.68798828125
-79295 2639.35693359375
-79285 2637.044921875
-79275 2635.677001953125
-79265 2633.791015625
-79255 2632.762939453125
-79245 2632.258056640625
-79235 2631.199951171875
-79225 2631.638916015625
-79215 2630.908935546875
-79205 2630.678955078125
-79195 2630.93896484375
-79185 2626.54296875
-79175 2618.18994140625
-79165 2608.469970703125
-79155 2598.537109375
-79145 2588.947021484375
-79135 2579.470947265625
-79125 2570.7919921875
-79115 2561.885986328125
-79105 2554.639892578125
-79095 2543.22607421875
-79085 2531.35595703125
-79075 2518.363037109375
-79065 2510.156982421875
-79055 2497.68505859375
-79045 2485.76611328125
-79035 2475.9150390625
-79025 2463.964111328125
-79015 2454.6669921875
-79005 2447.22607421875
-78995 2439.47509765625
-78985 2429.54296875
-78975 2419.4130859375
-78965 2410.509033203125
-78955 2402.6259765625
-78945 2394.989990234375
-78935 2387.303955078125
-78925 2379.4560546875
-78915 2372.52197265625
-78905 2366.2509765625
-78895 2358.044921875
-78885 2350.635986328125
-78875 2343.7490234375
-78865 2334.337890625
-78855 2328.14990234375
-78845 2318.739013671875
-78835 2309.1650390625
-78825 2302.97802734375
-78815 2293.712890625
-78805 2287.68896484375
-78795 2279.7919921875
-78785 2264.633056640625
-78775 2256.736083984375
-78765 2247.89501953125
-78755 2239.15087890625
-78745 2236.904052734375
-78735 2236.383056640625
-78725 2237.587890625
-78715 2236.10595703125
-78705 2233.51708984375
-78695 2229.4140625
-78685 2223.991943359375
-78675 2219.367919921875
-78665 2216.322998046875
-78655 2212.090087890625
-78645 2208.344970703125
-78635 2202.41796875
-78625 2197.72900390625
-78615 2194.260986328125
-78605 2188.529052734375
-78595 2183.43310546875
-78585 2181.948974609375
-78575 2180.697998046875
-78565 2178.239013671875
-78555 2174.3310546875
-78545 2170.375
-78535 2166.695068359375
-78525 2164.072998046875
-78515 2158.618896484375
-78505 2155.509033203125
-78495 2152.77099609375
-78485 2148.863037109375
-78475 2142.512939453125
-78465 2138.99609375
-78455 2131.76904296875
-78445 2126.281982421875
-78435 2117.864013671875
-78425 2112.992919921875
-78415 2107.215087890625
-78405 2101.285888671875
-78395 2094.694091796875
-78385 2088.50390625
-78375 2082.675048828125
-78365 2073.0849609375
-78355 2067.64697265625
-78345 2062.419921875
-78335 2056.60693359375
-78325 2047.553955078125
-78315 2042.60400390625
-78305 2037.052001953125
-78295 2031.1739501953125
-78285 2023.114990234375
-78275 2016.7969970703125
-78265 2011.0980224609375
-78255 2006.7509765625
-78245 2002.4520263671875
-78235 1999.406982421875
-78225 1991.8690185546875
-78215 1987.66796875
-78205 1984.2320556640625
-78195 1974.9019775390625
-78185 1966.0450439453125
-78175 1965.426025390625
-78165 1978.3060302734375
-78155 1978.875
-78145 1979.7869873046875
-78135 1979.2989501953125
-78125 1979.6729736328125
-78115 1980.0479736328125
-78105 1980.3570556640625
-78095 1980.7149658203125
-78085 1988.741943359375
-78075 1991.7550048828125
-78065 1994.864990234375
-78055 1996.5909423828125
-78045 2000.4659423828125
-78035 2005.9849853515625
-78025 2011.114013671875
-78015 2016.3570556640625
-78005 2021.583984375
-77995 2025.9310302734375
-77985 2030.1319580078125
-77975 2034.3170166015625
-77965 2039.4949951171875
-77955 2045.5350341796875
-77945 2052.243896484375
-77935 2058.154052734375
-77925 2061.865966796875
-77915 2070.072998046875
-77905 2078.115966796875
-77895 2085.117919921875
-77885 2091.842041015625
-77875 2098.126953125
-77865 2108.385009765625
-77855 2116.75390625
-77845 2120.8759765625
-77835 2126.034912109375
-77825 2131.427001953125
-77815 2138.802978515625
-77805 2147.513916015625
-77795 2151.72900390625
-77785 2155.718017578125
-77775 2161.85888671875
-77765 2169.18603515625
-77755 2177.406005859375
-77745 2182.618896484375
-77735 2186.152099609375
-77725 2190.841064453125
-77715 2193.4951171875
-77705 2196.376953125
-77695 2200.626953125
-77685 2206.570068359375
-77675 2211.781005859375
-77665 2215.60693359375
-77655 2224.69189453125
-77645 2227.492919921875
-77635 2233.43603515625
-77625 2235.748046875
-77615 2240.160888671875
-77605 2245.989990234375
-77595 2250.906982421875
-77585 2253.804931640625
-77575 2259.14599609375
-77565 2263.216064453125
-77555 2268.736083984375
-77545 2274.256103515625
-77535 2277.98388671875
-77525 2282.8369140625
-77515 2288.35595703125
-77505 2297.073974609375
-77495 2301.89990234375
-77485 2304.794921875
-77475 2305.593994140625
-77465 2308.575927734375
-77455 2311.4560546875
-77445 2315.6220703125
-77435 2318.908935546875
-77425 2322.673095703125
-77415 2329.263916015625
-77405 2334.31298828125
-77395 2338.65087890625
-77385 2343.73388671875
-77375 2349.20703125
-77365 2353.9169921875
-77355 2359.489013671875
-77345 2364.998046875
-77335 2370.114990234375
-77325 2373.77490234375
-77315 2377.31591796875
-77305 2380.77294921875
-77295 2383.51806640625
-77285 2385.873046875
-77275 2388.4990234375
-77265 2390.718994140625
-77255 2393.073974609375
-77245 2395.31005859375
-77235 2400.2919921875
-77225 2404.443115234375
-77215 2410.948974609375
-77205 2416.35400390625
-77195 2417.742919921875
-77185 2421.81005859375
-77175 2427.06298828125
-77165 2430.31591796875
-77155 2435.653076171875
-77145 2438.093017578125
-77135 2439.2109375
-77125 2443.158935546875
-77115 2449.241943359375
-77105 2456.714111328125
-77095 2463.64404296875
-77085 2471.455078125
-77075 2477.909912109375
-77065 2484.2470703125
-77055 2489.126953125
-77045 2496.6669921875
-77035 2501.885009765625
-77025 2506.35791015625
-77015 2511.425048828125
-77005 2517.694091796875
-76995 2525.283935546875
-76985 2533.926025390625
-76975 2541.837890625
-76965 2548.886962890625
-76955 2554.952880859375
-76945 2562.01806640625
-76935 2571.387939453125
-76925 2583.264892578125
-76915 2595.159912109375
-76905 2611.052978515625
-76895 2613.72998046875
-76885 2603.2080078125
-76875 2590.7041015625
-76865 2580.333984375
-76855 2572.455078125
-76845 2566.966064453125
-76835 2562.89892578125
-76825 2556.324951171875
-76815 2540.551025390625
-76805 2530.638916015625
-76795 2522.013916015625
-76785 2513.44091796875
-76775 2504.73193359375
-76765 2497.277099609375
-76755 2487.262939453125
-76745 2475.9619140625
-76735 2469.929931640625
-76725 2465.423095703125
-76715 2461.389892578125
-76705 2457.577880859375
-76695 2452.427001953125
-76685 2447.1240234375
-76675 2441.31201171875
-76665 2434.297119140625
-76655 2426.77392578125
-76645 2419.912109375
-76635 2413.45703125
-76625 2407.83203125
-76615 2403.595947265625
-76605 2396.988037109375
-76595 2388.718994140625
-76585 2379.179931640625
-76575 2372.487060546875
-76565 2365.7919921875
-76555 2359.304931640625
-76545 2352.81591796875
-76535 2345.64599609375
-76525 2338.989990234375
-76515 2332.009033203125
-76505 2321.945068359375
-76495 2312.3349609375
-76485 2303.967041015625
-76475 2295.44189453125
-76465 2287.718994140625
-76455 2281.615966796875
-76445 2274.97412109375
-76435 2269.0439453125
-76425 2264.590087890625
-76415 2258.947998046875
-76405 2252.52392578125
-76395 2246.0029296875
-76385 2238.291015625
-76375 2230.47998046875
-76365 2222.48291015625
-76355 2215.12890625
-76345 2207.5048828125
-76335 2200.052001953125
-76325 2193.01806640625
-76315 2187.613037109375
-76305 2185.18994140625
-76295 2181.259033203125
-76285 2178.955078125
-76275 2177.37890625
-76265 2174.634033203125
-76255 2172.384033203125
-76245 2165.450927734375
-76235 2154.3359375
-76225 2143.660888671875
-76215 2129.783935546875
-76205 2116.840087890625
-76195 2105.623046875
-76185 2096.55810546875
-76175 2085.342041015625
-76165 2075.700927734375
-76155 2066.75390625
-76145 2058.010986328125
-76135 2051.06494140625
-76125 2043.6090087890625
-76115 2035.865966796875
-76105 2028.2760009765625
-76095 2021.260986328125
-76085 2014.2969970703125
-76075 2007.8919677734375
-76065 2003.2669677734375
-76055 1999.6920166015625
-76045 1996.2349853515625
-76035 1994.6090087890625
-76025 1993.5579833984375
-76015 1992.72802734375
-76005 1991.0670166015625
-75995 1986.6619873046875
-75985 1983.2060546875
-75975 1989.0679931640625
-75965 1991.6939697265625
-75955 1996.5400390625
-75945 1999.675048828125
-75935 2003.1820068359375
-75925 2007.2320556640625
-75915 2011.178955078125
-75905 2018.821044921875
-75895 2026.614990234375
-75885 2032.8330078125
-75875 2037.7979736328125
-75865 2043.593017578125
-75855 2052.488037109375
-75845 2065.2119140625
-75835 2084.73095703125
-75825 2089.2548828125
-75815 2101.133056640625
-75805 2118.85595703125
-75795 2123.514892578125
-75785 2133.00390625
-75775 2134.342041015625
-75765 2139.968017578125
-75755 2144.509033203125
-75745 2148.01611328125
-75735 2152.64111328125
-75725 2159.43603515625
-75715 2166.8740234375
-75705 2175.363037109375
-75695 2182.512939453125
-75685 2192.712890625
-75675 2198.947998046875
-75665 2205.2509765625
-75655 2210.9951171875
-75645 2219.449951171875
-75635 2227.260986328125
-75625 2235.0380859375
-75615 2242.968017578125
-75605 2250.694091796875
-75595 2258.930908203125
-75585 2266.655029296875
-75575 2274.381103515625
-75565 2280.073974609375
-75555 2284.77001953125
-75545 2285.512939453125
-75535 2283.47998046875
-75525 2283.0419921875
-75515 2283.60107421875
-75505 2282.02197265625
-75495 2277.736083984375
-75485 2282.0419921875
-75475 2286.716064453125
-75465 2294.256103515625
-75455 2298.951904296875
-75445 2301.7958984375
-75435 2304.593994140625
-75425 2308.575927734375
-75415 2314.1669921875
-75405 2320.825927734375
-75395 2328.569091796875
-75385 2335.466064453125
-75375 2341.344970703125
-75365 2346.83203125
-75355 2353.10400390625
-75345 2359
-75335 2364.998046875
-75325 2371.26708984375
-75315 2377.1298828125
-75305 2383.076904296875
-75295 2390.176025390625
-75285 2396.970947265625
-75275 2402.866943359375
-75265 2409.593994140625
-75255 2417.387939453125
-75245 2423.945068359375
-75235 2432.1630859375
-75225 2447.85205078125
-75215 2451.47802734375
-75205 2458.136962890625
-75195 2468.3369140625
-75185 2473.488037109375
-75175 2479.8759765625
-75165 2486.382080078125
-75155 2494.056884765625
-75145 2510.35693359375
-75135 2522.760009765625
-75125 2534.14599609375
-75115 2545.278076171875
-75105 2551.090087890625
-75095 2553.529052734375
-75085 2557.222900390625
-75075 2560.612060546875
-75065 2564.4580078125
-75055 2568.303955078125
-75045 2573.64111328125
-75035 2577.910888671875
-75025 2581.587890625
-75015 2585.248046875
-75005 2592.781982421875
-74995 2596.10302734375
-74985 2600.837890625
-74975 2606.118896484375
-74965 2612.80810546875
-74955 2618.4541015625
-74945 2624.166015625
-74935 2629.9599609375
-74925 2635.7880859375
-74915 2641.798095703125
-74905 2646.81494140625
-74895 2654.0830078125
-74885 2659.876953125
-74875 2666.43408203125
-74865 2672.93994140625
-74855 2678.967041015625
-74845 2688.43701171875
-74835 2696.251953125
-74825 2703.35400390625
-74815 2710.886962890625
-74805 2718.6689453125
-74795 2731.301025390625
-74785 2736.97998046875
-74775 2746.467041015625
-74765 2752.93994140625
-74755 2755.93701171875
-74745 2756.301025390625
-74735 2759.7939453125
-74725 2764.3310546875
-74715 2767.427001953125
-74705 2772.22802734375
-74695 2777.343994140625
-74685 2784.09912109375
-74675 2791.89697265625
-74665 2799.281005859375
-74655 2809.97705078125
-74645 2816.73095703125
-74635 2824.06298828125
-74625 2833.37109375
-74615 2842.80810546875
-74605 2848.833984375
-74595 2857.112060546875
-74585 2866.47998046875
-74575 2875.423095703125
-74565 2880.5390625
-74555 2885.700927734375
-74545 2889.72509765625
-74535 2891.215087890625
-74525 2893.8310546875
-74515 2897.341064453125
-74505 2902.075927734375
-74495 2905.76806640625
-74485 2908.0029296875
-74475 2911.743896484375
-74465 2913.052001953125
-74455 2916.9599609375
-74445 2919.3310546875
-74435 2921.5458984375
-74425 2927.389892578125
-74415 2932.72509765625
-74405 2939.8740234375
-74395 2942.14208984375
-74385 2941.1650390625
-74375 2941.64501953125
-74365 2946.06591796875
-74355 2955.966064453125
-74345 2957.589111328125
-74335 2954.2939453125
-74325 2945.303955078125
-74315 2935.452880859375
-74305 2925.535888671875
-74295 2925.055908203125
-74285 2921.64501953125
-74275 2919.39404296875
-74265 2919.657958984375
-74255 2923.56591796875
-74245 2931.89306640625
-74235 2938.4169921875
-74225 2947.986083984375
-74215 2958.218017578125
-74205 2976.612060546875
-74195 2990.35400390625
-74185 3003.283935546875
-74175 3014.60791015625
-74165 3015.98291015625
-74155 3017.75390625
-74145 3018.01904296875
-74135 3018.35009765625
-74125 3019.0791015625
-74115 3019.77392578125
-74105 3020.635009765625
-74095 3020.93310546875
-74085 3020.916015625
-74075 3021.511962890625
-74065 3022.406005859375
-74055 3023.89599609375
-74045 3025.535888671875
-74035 3029.72412109375
-74025 3032.423095703125
-74015 3035.10498046875
-74005 3037.60498046875
-73995 3040.60205078125
-73985 3042.738037109375
-73975 3045.801025390625
-73965 3049.260986328125
-73955 3052.423095703125
-73945 3047.952880859375
-73935 3041.876953125
-73925 3033.763916015625
-73915 3019.823974609375
-73905 3010.833984375
-73895 3001.992919921875
-73885 2990.569091796875
-73875 2981.14794921875
-73865 2969.823974609375
-73855 2959.8740234375
-73845 2950.68505859375
-73835 2941.06591796875
-73825 2932.821044921875
-73815 2925.833984375
-73805 2918.069091796875
-73795 2906.97900390625
-73785 2900.02294921875
-73775 2892.969970703125
-73765 2886.248046875
-73755 2879.31103515625
-73745 2872.93701171875
-73735 2866.614990234375
-73725 2859.72509765625
-73715 2852.740966796875
-73705 2845.5390625
-73695 2838.35107421875
-73685 2831.846923828125
-73675 2825.589111328125
-73665 2819.740966796875
-73655 2813.8798828125
-73645 2808.3369140625
-73635 2803.135009765625
-73625 2798.404052734375
-73615 2793.5830078125
-73605 2789.346923828125
-73595 2785.655029296875
-73585 2783.2880859375
-73575 2781.549072265625
-73565 2781.235107421875
-73555 2781.235107421875
-73545 2783.3369140625
-73535 2788.006103515625
-73525 2796.632080078125
-73515 2804.64599609375
-73505 2811.99609375
-73495 2819.06298828125
-73485 2831.748046875
-73475 2837.47705078125
-73465 2833.52001953125
-73455 2827.010009765625
-73445 2820.072998046875
-73435 2812.924072265625
-73425 2805.738037109375
-73415 2799.09912109375
-73405 2792.162109375
-73395 2785.5400390625
-73385 2778.866943359375
-73375 2772.2451171875
-73365 2764.760986328125
-73355 2754.09912109375
-73345 2725.291015625
-73335 2706.5830078125
-73325 2694.530029296875
-73315 2686.367919921875
-73305 2678.4541015625
-73295 2670.804931640625
-73285 2663.221923828125
-73275 2656.764892578125
-73265 2650.7548828125
-73255 2644.761962890625
-73245 2640.406982421875
-73235 2636.251953125
-73225 2631.152099609375
-73215 2629.198974609375
-73205 2626.10302734375
-73195 2621.781982421875
-73185 2617.593017578125
-73175 2614.547119140625
-73165 2612.95703125
-73155 2610.1259765625
-73145 2606.43408203125
-73135 2601.037109375
-73125 2598.072998046875
-73115 2595.027099609375
-73105 2593.4541015625
-73095 2593.818115234375
-73085 2595.507080078125
-73075 2595.556884765625
-73065 2595.176025390625
-73055 2593.76904296875
-73045 2590.06005859375
-73035 2586.0859375
-73025 2582.327880859375
-73015 2581.18603515625
-73005 2576.26904296875
-72995 2571.847900390625
-72985 2568.2880859375
-72975 2563.93408203125
-72965 2560.324951171875
-72955 2555.176025390625
-72945 2551.681884765625
-72935 2549.993896484375
-72925 2547.6259765625
-72915 2546.18603515625
-72905 2544.447021484375
-72895 2541.864990234375
-72885 2537.1630859375
-72875 2528.304931640625
-72865 2520.9541015625
-72855 2513.8349609375
-72845 2509.115966796875
-72835 2499.678955078125
-72825 2485.7890625
-72815 2477.493896484375
-72805 2467.2119140625
-72795 2459.39794921875
-72785 2450.572998046875
-72775 2441.135986328125
-72765 2430.8720703125
-72755 2421.385009765625
-72745 2411.73193359375
-72735 2403.885009765625
-72725 2394.347900390625
-72715 2386.35205078125
-72705 2379.56396484375
-72695 2369.696044921875
-72685 2362.114013671875
-72675 2356.716064453125
-72665 2351.367919921875
-72655 2344.8779296875
-72645 2332.576904296875
-72635 2320.60693359375
-72625 2312.593994140625
-72615 2305.60693359375
-72605 2296.551025390625
-72595 2288.553955078125
-72585 2270.805908203125
-72575 2263.553955078125
-72565 2256.781982421875
-72555 2253.35498046875
-72545 2249.596923828125
-72535 2245.955078125
-72525 2242.2958984375
-72515 2239.762939453125
-72505 2241.02197265625
-72495 2238.2099609375
-72485 2233.9208984375
-72475 2231.18798828125
-72465 2228.657958984375
-72455 2230.472900390625
-72445 2229.511962890625
-72435 2230.72412109375
-72425 2229.7509765625
-72415 2230.26708984375
-72405 2229.81005859375
-72395 2228.43994140625
-72385 2223.89306640625
-72375 2221.41796875
-72365 2220.028076171875
-72355 2220.048095703125
-72345 2221.489990234375
-72335 2222.013916015625
-72325 2224.278076171875
-72315 2226.56201171875
-72305 2230.406005859375
-72295 2233.908935546875
-72285 2237.007080078125
-72275 2244.472900390625
-72265 2250.5419921875
-72255 2253.864990234375
-72245 2256.697021484375
-72235 2260.2119140625
-72225 2263.93310546875
-72215 2269.3740234375
-72205 2276.56298828125
-72195 2281.697998046875
-72185 2287.952880859375
-72175 2294.72412109375
-72165 2302.376953125
-72155 2312.285888671875
-72145 2320.208984375
-72135 2328.827880859375
-72125 2337.676025390625
-72115 2347.037109375
-72105 2353.56201171875
-72095 2358.843994140625
-72085 2365.02001953125
-72075 2373.64599609375
-72065 2382.533935546875
-72055 2388.669921875
-72045 2394.15087890625
-72035 2397.970947265625
-72025 2404.048095703125
-72015 2405.716064453125
-72005 2408.169921875
-71995 2411.136962890625
-71985 2413.718017578125
-71975 2414.5439453125
-71965 2416.180908203125
-71955 2417.7890625
-71945 2422.5869140625
-71935 2427.738037109375
-71925 2432.18603515625
-71915 2435.64111328125
-71905 2440.18798828125
-71895 2444.489990234375
-71885 2451.281005859375
-71875 2458.318115234375
-71865 2467.882080078125
-71855 2480.220947265625
-71845 2489.31591796875
-71835 2496.761962890625
-71825 2504.001953125
-71815 2510.444091796875
-71805 2515.818115234375
-71795 2522.072998046875
-71785 2530.69091796875
-71775 2543.64599609375
-71765 2554.14990234375
-71755 2562.251953125
-71745 2567.050048828125
-71735 2574.575927734375
-71725 2583.8369140625
-71715 2590.262939453125
-71705 2584.902099609375
-71695 2579.322021484375
-71685 2577.573974609375
-71675 2580.322998046875
-71665 2585.239013671875
-71655 2589.31005859375
-71645 2595.26708984375
-71635 2601.867919921875
-71625 2612.1259765625
-71615 2612.868896484375
-71605 2622.04296875
-71595 2629.739990234375
-71585 2639.219970703125
-71575 2646.98388671875
-71565 2643.012939453125
-71555 2645.944091796875
-71545 2643.60009765625
-71535 2645.31591796875
-71525 2652.2900390625
-71515 2660.97607421875
-71505 2663.498046875
-71495 2672.580078125
-71485 2673.513916015625
-71475 2680.802001953125
-71465 2680.364990234375
-71455 2682.2509765625
-71445 2690.68310546875
-71435 2672.06396484375
-71425 2667.072021484375
-71415 2671.091064453125
-71405 2709.98388671875
-71395 2727.783935546875
-71385 2741.219970703125
-71375 2746.27099609375
-71365 2747.05810546875
-71355 2750.639892578125
-71345 2758.1259765625
-71335 2749.925048828125
-71325 2744.238037109375
-71315 2745.81494140625
-71305 2751.5458984375
-71295 2746.680908203125
-71285 2742.33203125
-71275 2743.551025390625
-71265 2742.887939453125
-71255 2748.844970703125
-71245 2755.35791015625
-71235 2760.422119140625
-71225 2758.4560546875
-71215 2763.341064453125
-71205 2763.758056640625
-71195 2762.931884765625
-71185 2765.512939453125
-71175 2767.591064453125
-71165 2768.94091796875
-71155 2775.85107421875
-71145 2781.85595703125
-71135 2786.077880859375
-71125 2789.1240234375
-71115 2791.72509765625
-71105 2795.616943359375
-71095 2798.138916015625
-71085 2800.60205078125
-71075 2802.68701171875
-71065 2803.541015625
-71055 2804.716064453125
-71045 2806.947998046875
-71035 2807.7900390625
-71025 2808.9140625
-71015 2811.594970703125
-71005 2813.91796875
-70995 2816.885009765625
-70985 2818.742919921875
-70975 2821.93994140625
-70965 2826.34912109375
-70955 2829.248046875
-70945 2832.25390625
-70935 2837.052001953125
-70925 2840.527099609375
-70915 2843.287109375
-70905 2846.675048828125
-70895 2848.152099609375
-70885 2848.846923828125
-70875 2848.39111328125
-70865 2850.77294921875
-70855 2850.277099609375
-70845 2849.680908203125
-70835 2850.18603515625
-70825 2852.02490234375
-70815 2853.930908203125
-70805 2857.52490234375
-70795 2862.172119140625
-70785 2867.69189453125
-70775 2872.6650390625
-70765 2875.715087890625
-70755 2877.27099609375
-70745 2879.89306640625
-70735 2882.4541015625
-70725 2885.761962890625
-70715 2886.595947265625
-70705 2887.62890625
-70695 2889.614990234375
-70685 2892.056884765625
-70675 2894.905029296875
-70665 2897.179931640625
-70655 2899.635009765625
-70645 2901.51708984375
-70635 2903.117919921875
-70625 2904.388916015625
-70615 2905.6669921875
-70605 2907.447021484375
-70595 2910.10791015625
-70585 2912.001953125
-70575 2913.39208984375
-70565 2915.549072265625
-70555 2919.18994140625
-70545 2923.10302734375
-70535 2927.58203125
-70525 2931.840087890625
-70515 2936.43896484375
-70505 2941.867919921875
-70495 2946.64599609375
-70485 2951.68896484375
-70475 2956.593994140625
-70465 2961.637939453125
-70455 2966.740966796875
-70445 2972.10302734375
-70435 2977.22607421875
-70425 2982.805908203125
-70415 2988.31396484375
-70405 2993.589111328125
-70395 2999.30810546875
-70385 3005.919921875
-70375 3012.4140625
-70365 3019.197021484375
-70355 3025.55908203125
-70345 3033.680908203125
-70335 3041.235107421875
-70325 3048.89208984375
-70315 3056.946044921875
-70305 3064.39990234375
-70295 3073.117919921875
-70285 3081.365966796875
-70275 3092.2880859375
-70265 3100.39404296875
-70255 3110.132080078125
-70245 3120.041015625
-70235 3134.5849609375
-70225 3146.571044921875
-70215 3154.743896484375
-70205 3149.302978515625
-70195 3141.208984375
-70185 3132.741943359375
-70175 3125.679931640625
-70165 3118.194091796875
-70155 3111.18505859375
-70145 3105.365966796875
-70135 3098.284912109375
-70125 3092.637939453125
-70115 3086.89892578125
-70105 3079.75
-70095 3070.218994140625
-70085 3057.967041015625
-70075 3051.2548828125
-70065 3045.008056640625
-70055 3040.591064453125
-70045 3037.056884765625
-70035 3034.007080078125
-70025 3033.7919921875
-70015 3031.64404296875
-70005 3027.761962890625
-69995 3025.419921875
-69985 3022.342041015625
-69975 3019.8701171875
-69965 3016.35791015625
-69955 3012.222900390625
-69945 3008.702880859375
-69935 3004.81103515625
-69925 3002.56298828125
-69915 2998.490966796875
-69905 2995.6201171875
-69895 2992.010009765625
-69885 2988.760009765625
-69875 2986.72900390625
-69865 2984.541015625
-69855 2983.02294921875
-69845 2981.4130859375
-69835 2976.669921875
-69825 2973.700927734375
-69815 2970.923095703125
-69805 2969.029052734375
-69795 2966.512939453125
-69785 2964.77197265625
-69775 2963.4619140625
-69765 2962.822998046875
-69755 2963.173095703125
-69745 2964.739013671875
-69735 2967.511962890625
-69725 2970.863037109375
-69715 2974.803955078125
-69705 2978.0869140625
-69695 2982.93896484375
-69685 2987.012939453125
-69675 2992.89111328125
-69665 2999.403076171875
-69655 3007.830078125
-69645 3015.39990234375
-69635 3022.05810546875
-69625 3027.990966796875
-69615 3034.672119140625
-69605 3043.110107421875
-69595 3053.31103515625
-69585 3062.031982421875
-69575 3070.5029296875
-69565 3077.712890625
-69555 3085.092041015625
-69545 3090.98095703125
-69535 3097.73193359375
-69525 3105.678955078125
-69515 3111.387939453125
-69505 3116.638916015625
-69495 3122.31005859375
-69485 3127.882080078125
-69475 3133.011962890625
-69465 3137.35205078125
-69455 3141.822021484375
-69445 3148.06005859375
-69435 3153.64892578125
-69425 3160.111083984375
-69415 3166.93896484375
-69405 3174.448974609375
-69395 3182.5380859375
-69385 3190.610107421875
-69375 3195.02001953125
-69365 3199.839111328125
-69355 3205.449951171875
-69345 3199.81689453125
-69335 3196.363037109375
-69325 3193.6279296875
-69315 3194.451904296875
-69305 3188.258056640625
-69295 3180.6708984375
-69285 3170.798095703125
-69275 3162.5400390625
-69265 3154.94189453125
-69255 3140.550048828125
-69245 3128.330078125
-69235 3114.06298828125
-69225 3107.337890625
-69215 3097.011962890625
-69205 3089
-69195 3082.919921875
-69185 3077.64208984375
-69175 3074.23095703125
-69165 3072.4189453125
-69155 3069.1220703125
-69145 3064.14990234375
-69135 3059.60888671875
-69125 3054.35302734375
-69115 3050.882080078125
-69105 3048.1201171875
-69095 3048.153076171875
-69085 3046.37890625
-69075 3047.12109375
-69065 3051.972900390625
-69055 3054.969970703125
-69045 3042.029052734375
-69035 3031.740966796875
-69025 3027.657958984375
-69015 3017.822998046875
-69005 3009.18310546875
-68995 3008.321044921875
-68985 2994.948974609375
-68975 2987.52099609375
-68965 2977.822021484375
-68955 2971.840087890625
-68945 2969.256103515625
-68935 2965.85302734375
-68925 2965.613037109375
-68915 2968.080078125
-68905 2960.591064453125
-68895 2953.659912109375
-68885 2951.7958984375
-68875 2952.218994140625
-68865 2946.157958984375
-68855 2936.2490234375
-68845 2928.492919921875
-68835 2922.62890625
-68825 2920.22998046875
-68815 2916.1640625
-68805 2907.27001953125
-68795 2898.1279296875
-68785 2891.160888671875
-68775 2883.25
-68765 2885.010009765625
-68755 2886.64990234375
-68745 2887.35205078125
-68735 2876.208984375
-68725 2866.406982421875
-68715 2858.137939453125
-68705 2850.071044921875
-68695 2838.68310546875
-68685 2833.5009765625
-68675 2826.699951171875
-68665 2821.4609375
-68655 2815.16796875
-68645 2807.5400390625
-68635 2796.47998046875
-68625 2786.819091796875
-68615 2784.9580078125
-68605 2766.18798828125
-68595 2741.10888671875
-68585 2731.85791015625
-68575 2722.447998046875
-68565 2713.638916015625
-68555 2694.89697265625
-68545 2683.35888671875
-68535 2674.697021484375
-68525 2666.510009765625
-68515 2658.1708984375
-68505 2650.0869140625
-68495 2642.239013671875
-68485 2634.9580078125
-68475 2629.597900390625
-68465 2624.44091796875
-68455 2620.27099609375
-68445 2614.27197265625
-68435 2607.951904296875
-68425 2601.10791015625
-68415 2594.35107421875
-68405 2587.948974609375
-68395 2580.389892578125
-68385 2573.970947265625
-68375 2567.422119140625
-68365 2560.969970703125
-68355 2554.841064453125
-68345 2549.842041015625
-68335 2544.548095703125
-68325 2540.902099609375
-68315 2537.69189453125
-68305 2535.89111328125
-68295 2532.626953125
-68285 2529.117919921875
-68275 2522.12109375
-68265 2514.39306640625
-68255 2508.4599609375
-68245 2503.1708984375
-68235 2498.782958984375
-68225 2494.9619140625
-68215 2492.658935546875
-68205 2490.197998046875
-68195 2486.80810546875
-68185 2485.241943359375
-68175 2484.428955078125
-68165 2485.677978515625
-68155 2485.280029296875
-68145 2485.699951171875
-68135 2490.409912109375
-68125 2494.85888671875
-68115 2498.89208984375
-68105 2499.85302734375
-68095 2494.258056640625
-68085 2489.488037109375
-68075 2485.43310546875
-68065 2484.198974609375
-68055 2485.001953125
-68045 2486.072021484375
-68035 2485.373046875
-68025 2485.93994140625
-68015 2484.657958984375
-68005 2480.051025390625
-67995 2476.01806640625
-67985 2475.739990234375
-67975 2477
-67965 2481.552001953125
-67955 2484.860107421875
-67945 2482.10888671875
-67935 2474.64794921875
-67925 2474.85009765625
-67915 2477.110107421875
-67905 2476.181884765625
-67895 2473.791015625
-67885 2471.427978515625
-67875 2467.9619140625
-67865 2464.98193359375
-67855 2462.280029296875
-67845 2459.44189453125
-67835 2458.68896484375
-67825 2456.39111328125
-67815 2453.55908203125
-67805 2448.242919921875
-67795 2442.969970703125
-67785 2438.968994140625
-67775 2436.698974609375
-67765 2433.740966796875
-67755 2430.10107421875
-67745 2425.990966796875
-67735 2422.158935546875
-67725 2419.321044921875
-67715 2417.68896484375
-67705 2415.861083984375
-67695 2412.06201171875
-67685 2409.212890625
-67675 2407.760986328125
-67665 2402.930908203125
-67655 2397.930908203125
-67645 2395.279052734375
-67635 2387.791015625
-67625 2381.509033203125
-67615 2377.75390625
-67605 2374.12890625
-67595 2372.7080078125
-67585 2373.261962890625
-67575 2372.841064453125
-67565 2371.302001953125
-67555 2368.9609375
-67545 2366.722900390625
-67535 2365.801025390625
-67525 2366.7890625
-67515 2364.551025390625
-67505 2362.072998046875
-67495 2360.219970703125
-67485 2357.7548828125
-67475 2355.91796875
-67465 2352.364990234375
-67455 2349.534912109375
-67445 2348.337890625
-67435 2346.363037109375
-67425 2347.14404296875
-67415 2345.552001953125
-67405 2342.673095703125
-67395 2338.81396484375
-67385 2337.2548828125
-67375 2334.864013671875
-67365 2332.5849609375
-67355 2332.125
-67345 2330.45703125
-67335 2327.9150390625
-67325 2324.363037109375
-67315 2322.676025390625
-67305 2320.243896484375
-67295 2317.531005859375
-67285 2314.714111328125
-67275 2311.637939453125
-67265 2311.195068359375
-67255 2307.302978515625
-67245 2304.14892578125
-67235 2300.889892578125
-67225 2296.0048828125
-67215 2294.426025390625
-67205 2289.1298828125
-67195 2284.595947265625
-67185 2280.739990234375
-67175 2275.992919921875
-67165 2269.85302734375
-67155 2266.60693359375
-67145 2259.073974609375
-67135 2247.972900390625
-67125 2235.111083984375
-67115 2231.741943359375
-67105 2224.883056640625
-67095 2219.094970703125
-67085 2214.68505859375
-67075 2209.0048828125
-67065 2204.90087890625
-67055 2201.761962890625
-67045 2199.388916015625
-67035 2198.5009765625
-67025 2198.02587890625
-67015 2197.7958984375
-67005 2197.76611328125
-66995 2196.785888671875
-66985 2195.376953125
-66975 2193.952880859375
-66965 2193.93798828125
-66955 2192.681884765625
-66945 2192.3759765625
-66935 2190.93701171875
-66925 2188.885009765625
-66915 2187.64501953125
-66905 2186.31298828125
-66895 2185.638916015625
-66885 2184.24609375
-66875 2182.0869140625
-66865 2181.534912109375
-66855 2180.5859375
-66845 2180.35595703125
-66835 2179.943115234375
-66825 2179.712890625
-66815 2180.095947265625
-66805 2178.902099609375
-66795 2179.02392578125
-66785 2179.3759765625
-66775 2180.202880859375
-66765 2181.260009765625
-66755 2182.177978515625
-66745 2182.31591796875
-66735 2182.514892578125
-66725 2182.68408203125
-66715 2182.8369140625
-66705 2183.113037109375
-66695 2182.31591796875
-66685 2182.346923828125
-66675 2181.075927734375
-66665 2179.60595703125
-66655 2178.87109375
-66645 2177.952880859375
-66635 2177.69189453125
-66625 2177.98291015625
-66615 2178.412109375
-66605 2178.7490234375
-66595 2178.2890625
-66585 2178.4580078125
-66575 2177.615966796875
-66565 2177.81494140625
-66555 2178.0439453125
-66545 2177.615966796875
-66535 2179.345947265625
-66525 2184.781005859375
-66515 2191.012939453125
-66505 2196.464111328125
-66495 2203.262939453125
-66485 2211.56201171875
-66475 2215.037109375
-66465 2219.98291015625
-66455 2225.739990234375
-66445 2232.262939453125
-66435 2238.785888671875
-66425 2246.089111328125
-66415 2252
-66405 2258.798095703125
-66395 2264.876953125
-66385 2269.97607421875
-66375 2278.501953125
-66365 2284.949951171875
-66355 2289.43701171875
-66345 2293.093994140625
-66335 2296.219970703125
-66325 2298.087890625
-66315 2299.43505859375
-66305 2301.625
-66295 2303.14111328125
-66285 2304.824951171875
-66275 2307.18310546875
-66265 2309.0048828125
-66255 2312.388916015625
-66245 2315.72705078125
-66235 2318.89404296875
-66225 2320.9169921875
-66215 2324.114990234375
-66205 2324.7890625
-66195 2324.31396484375
-66185 2323.0458984375
-66175 2323.10693359375
-66165 2323.471923828125
-66155 2323.319091796875
-66145 2322.81396484375
-66135 2322.139892578125
-66125 2321.97412109375
-66115 2320.27197265625
-66105 2318.3759765625
-66095 2319.554931640625
-66085 2318.927001953125
-66075 2318.5419921875
-66065 2320.2900390625
-66055 2327.51708984375
-66045 2332.738037109375
-66035 2341.037109375
-66025 2350.251953125
-66015 2358.27587890625
-66005 2363.864990234375
-65995 2369.77490234375
-65985 2374.8740234375
-65975 2376.2060546875
-65965 2371.58203125
-65955 2368.85595703125
-65945 2371.10693359375
-65935 2375.470947265625
-65925 2380.69189453125
-65915 2390.24609375
-65905 2401.623046875
-65895 2413.153076171875
-65885 2411.77392578125
-65875 2410.074951171875
-65865 2408.053955078125
-65855 2403.384033203125
-65845 2395.48291015625
-65835 2394.992919921875
-65825 2401.072021484375
-65815 2396.4169921875
-65805 2393.139892578125
-65795 2397.212890625
-65785 2400.781005859375
-65775 2392.666015625
-65765 2388.7919921875
-65755 2390.64501953125
-65745 2396.35595703125
-65735 2406.782958984375
-65725 2413.260009765625
-65715 2406.125
-65705 2406.35400390625
-65695 2404.51708984375
-65685 2403.367919921875
-65675 2407.241943359375
-65665 2411.943115234375
-65655 2417.27099609375
-65645 2415.43408203125
-65635 2427.821044921875
-65625 2429.7958984375
-65615 2423.1669921875
-65605 2424.02392578125
-65595 2420.79296875
-65585 2426.902099609375
-65575 2435.0791015625
-65565 2440.882080078125
-65555 2445.39892578125
-65545 2438.738037109375
-65535 2426.85595703125
-65525 2416.076904296875
-65515 2406.01708984375
-65505 2398.300048828125
-65495 2392.114990234375
-65485 2383.52490234375
-65475 2380.69189453125
-65465 2385.530029296875
-65455 2387.01611328125
-65445 2387.887939453125
-65435 2389.634033203125
-65425 2392.14501953125
-65415 2395.19189453125
-65405 2400.366943359375
-65395 2401.945068359375
-65385 2402.006103515625
-65375 2402.556884765625
-65365 2400.657958984375
-65355 2400.1220703125
-65345 2397.365966796875
-65335 2402.235107421875
-65325 2408.927001953125
-65315 2410.73291015625
-65305 2410.381103515625
-65295 2403.24609375
-65285 2402.924072265625
-65275 2402.14404296875
-65265 2402.89404296875
-65255 2405.343994140625
-65245 2417.806884765625
-65235 2414.989990234375
-65225 2397.212890625
-65215 2387.10693359375
-65205 2379.19091796875
-65195 2371.47412109375
-65185 2372.31591796875
-65175 2378.333984375
-65165 2381.44189453125
-65155 2385.43798828125
-65145 2385.376953125
-65135 2385.77490234375
-65125 2384.489013671875
-65115 2379.221923828125
-65105 2372.85205078125
-65095 2371.507080078125
-65085 2367.81494140625
-65075 2367.64599609375
-65065 2372.3779296875
-65055 2379.083984375
-65045 2377.368896484375
-65035 2368.39697265625
-65025 2369.25390625
-65015 2360.52587890625
-65005 2360.799072265625
-64995 2355.1298828125
-64985 2350.3759765625
-64975 2344.446044921875
-64965 2335.458984375
-64955 2327.535888671875
-64945 2323.053955078125
-64935 2319.385986328125
-64925 2312.97998046875
-64915 2316.760009765625
-64905 2323.053955078125
-64895 2320.51806640625
-64885 2317.508056640625
-64875 2312.777099609375
-64865 2308.429931640625
-64855 2304.9208984375
-64845 2302.02392578125
-64835 2295.301025390625
-64825 2289.800048828125
-64815 2286.85693359375
-64805 2280.699951171875
-64795 2275.8779296875
-64785 2271.825927734375
-64775 2267.139892578125
-64765 2264.56005859375
-64755 2262.7939453125
-64745 2259.94189453125
-64735 2257.090087890625
-64725 2252.5400390625
-64715 2248.193115234375
-64705 2243.3720703125
-64695 2239.386962890625
-64685 2235.041015625
-64675 2233.570068359375
-64665 2233.72802734375
-64655 2232.573974609375
-64645 2231.985107421875
-64635 2228.430908203125
-64625 2222.885009765625
-64615 2217.54296875
-64605 2213.35498046875
-64595 2206.56396484375
-64585 2199.049072265625
-64575 2191.760009765625
-64565 2175.12109375
-64555 2162.305908203125
-64545 2151.488037109375
-64535 2138.5849609375
-64525 2126.85888671875
-64515 2117.125
-64505 2102.593017578125
-64495 2081.3779296875
-64485 2049.506103515625
-64475 2025.89501953125
-64465 2001.2919921875
-64455 1968.760009765625
-64445 1951.488037109375
-64435 1933.219970703125
-64425 1922.5579833984375
-64415 1914.363037109375
-64405 1905.467041015625
-64395 1896.72900390625
-64385 1887.1080322265625
-64375 1877.759033203125
-64365 1860.8489990234375
-64355 1856.208984375
-64345 1853.5830078125
-64335 1851.75
-64325 1850.0059814453125
-64315 1847.3809814453125
-64305 1846.498046875
-64295 1845.2979736328125
-64285 1841.925048828125
-64275 1841.2230224609375
-64265 1836.7860107421875
-64255 1818.9029541015625
-64245 1800.635009765625
-64235 1786.0570068359375
-64225 1774.10498046875
-64215 1764.1219482421875
-64205 1747.7550048828125
-64195 1729.011962890625
-64185 1714.8189697265625
-64175 1700.5570068359375
-64165 1688.447021484375
-64155 1674.116943359375
-64145 1664.112060546875
-64135 1656.6639404296875
-64125 1648.7869873046875
-64115 1640.77294921875
-64105 1633.2349853515625
-64095 1626.0140380859375
-64085 1618.5889892578125
-64075 1612.092041015625
-64065 1604.89404296875
-64055 1597.219970703125
-64045 1589.5679931640625
-64035 1582.0760498046875
-64025 1574.7640380859375
-64015 1567.7010498046875
-64005 1560.2989501953125
-63995 1553.259033203125
-63985 1545.6080322265625
-63975 1538.2049560546875
-63965 1531.1199951171875
-63955 1523.989013671875
-63945 1517.06201171875
-63935 1510
-63925 1502.5970458984375
-63915 1495.4439697265625
-63905 1488.199951171875
-63895 1481.5679931640625
-63885 1474.6629638671875
-63875 1468.052978515625
-63865 1461.1719970703125
-63855 1454.4940185546875
-63845 1448.449951171875
-63835 1442.4510498046875
-63825 1437.1090087890625
-63815 1431.3590087890625
-63805 1424.0699462890625
-63795 1418.1619873046875
-63785 1410.7139892578125
-63775 1404.6700439453125
-63765 1400.1199951171875
-63755 1393.510009765625
-63745 1387.8280029296875
-63735 1382.8480224609375
-63725 1377.2110595703125
-63715 1372.6839599609375
-63705 1368.6090087890625
-63695 1364.6710205078125
-63685 1360.030029296875
-63675 1356.0009765625
-63665 1352.2659912109375
-63655 1349.48095703125
-63645 1348.7120361328125
-63635 1351.7449951171875
-63625 1361.343017578125
-63615 1369.83203125
-63605 1379.4300537109375
-63595 1389.9329833984375
-63585 1398.6490478515625
-63575 1411.5970458984375
-63565 1425.8580322265625
-63555 1438.8070068359375
-63545 1455.875
-63535 1469.0040283203125
-63525 1478.511962890625
-63515 1488.177978515625
-63505 1495.126953125
-63495 1501.35205078125
-63485 1505.947998046875
-63475 1511.5389404296875
-63465 1516.0889892578125
-63455 1521.363037109375
-63445 1527.0909423828125
-63435 1529.4449462890625
-63425 1535.7149658203125
-63415 1541.39697265625
-63405 1544.114013671875
-63395 1548.550048828125
-63385 1555.885009765625
-63375 1561.0909423828125
-63365 1564.8489990234375
-63355 1567.81396484375
-63345 1569.7840576171875
-63335 1570.916015625
-63325 1564.5999755859375
-63315 1553.9150390625
-63305 1554.5489501953125
-63295 1559.6650390625
-63285 1560.615966796875
-63275 1560.47998046875
-63265 1559.6650390625
-63255 1553.123046875
-63245 1544.656982421875
-63235 1533.949951171875
-63225 1525.4610595703125
-63215 1519.39404296875
-63205 1516.0889892578125
-63195 1509.2530517578125
-63185 1505.177978515625
-63175 1502.5069580078125
-63165 1500.0389404296875
-63155 1497.458984375
-63145 1496.0780029296875
-63135 1494.5389404296875
-63125 1495.218017578125
-63115 1496.39501953125
-63105 1497.051025390625
-63095 1496.4849853515625
-63085 1496.2359619140625
-63075 1497.6400146484375
-63065 1497.6400146484375
-63055 1495.2860107421875
-63045 1495.7159423828125
-63035 1496.3499755859375
-63025 1491.800048828125
-63015 1483.740966796875
-63005 1478.60205078125
-62995 1476.428955078125
-62985 1472.33203125
-62975 1471.8790283203125
-62965 1468.5059814453125
-62955 1468.031005859375
-62945 1471.3809814453125
-62935 1470.678955078125
-62925 1467.6910400390625
-62915 1466.6729736328125
-62905 1467.1710205078125
-62895 1469.7060546875
-62885 1470.9510498046875
-62875 1472.1729736328125
-62865 1473.41796875
-62855 1473.7349853515625
-62845 1469.97802734375
-62835 1466.06103515625
-62825 1464.906982421875
-62815 1464.8389892578125
-62805 1464.8389892578125
-62795 1465.04296875
-62785 1464.7939453125
-62775 1462.574951171875
-62765 1460.3570556640625
-62755 1455.6259765625
-62745 1452.886962890625
-62735 1452.1400146484375
-62725 1448.02001953125
-62715 1439.1009521484375
-62705 1429.343994140625
-62695 1421.3759765625
-62685 1415.0830078125
-62675 1408.7669677734375
-62665 1403.7650146484375
-62655 1397.448974609375
-62645 1389.8199462890625
-62635 1382.1920166015625
-62625 1375.10595703125
-62615 1367.9530029296875
-62605 1363.3349609375
-62595 1357.5849609375
-62585 1353.5780029296875
-62575 1348.5980224609375
-62565 1343.595947265625
-62555 1338.72900390625
-62545 1333.3409423828125
-62535 1327.22900390625
-62525 1322.362060546875
-62515 1317.177978515625
-62505 1312.6500244140625
-62495 1310.93701171875
-62485 1307.572998046875
-62475 1304.2860107421875
-62465 1300.572021484375
-62455 1297.907958984375
-62445 1294.56396484375
-62435 1291.258056640625
-62425 1287.6800537109375
-62415 1285.9110107421875
-62405 1283.2469482421875
-62395 1279.9610595703125
-62385 1277.7239990234375
-62375 1274.9239501953125
-62365 1272.1629638671875
-62355 1269.2659912109375
-62345 1266.2330322265625
-62335 1263.7239990234375
-62325 1260.45703125
-62315 1257.2879638671875
-62305 1254.177001953125
-62295 1251.4539794921875
-62285 1250.1510009765625
-62275 1252.3489990234375
-62265 1250.3070068359375
-62255 1244.66796875
-62245 1242.5679931640625
-62235 1240.2540283203125
-62225 1238.7979736328125
-62215 1236.9100341796875
-62205 1234.071044921875
-62195 1231.9320068359375
-62185 1230.39501953125
-62175 1228.97802734375
-62165 1226.2340087890625
-62155 1222.6949462890625
-62145 1218.6529541015625
-62135 1215.4639892578125
-62125 1213.5
-62115 1208.8719482421875
-62105 1204.925048828125
-62095 1202.7860107421875
-62085 1198.8189697265625
-62075 1192.791015625
-62065 1187.073974609375
-62055 1181.8050537109375
-62045 1175.27099609375
-62035 1157.0899658203125
-62025 1155.9820556640625
-62015 1159.676025390625
-62005 1162.7679443359375
-61995 1170.0400390625
-61985 1177.8380126953125
-61975 1185.906982421875
-61965 1194.7939453125
-61955 1196.56298828125
-61945 1206.5579833984375
-61935 1215.406005859375
-61925 1225.612060546875
-61915 1234.14794921875
-61905 1243.22900390625
-61895 1249.64599609375
-61885 1256.93798828125
-61875 1265.14404296875
-61865 1274.613037109375
-61855 1286.3189697265625
-61845 1297.4610595703125
-61835 1308.9139404296875
-61825 1319.8809814453125
-61815 1326.97900390625
-61805 1334.4449462890625
-61795 1344.031982421875
-61785 1357.5460205078125
-61775 1368.530029296875
-61765 1387.06103515625
-61755 1396.35595703125
-61745 1402.5589599609375
-61735 1410.239990234375
-61725 1415.95703125
-61715 1418.0179443359375
-61705 1420.0009765625
-61695 1419.321044921875
-61685 1420.623046875
-61675 1421.7900390625
-61665 1420.9730224609375
-61655 1424.6490478515625
-61645 1433.5150146484375
-61635 1437.4429931640625
-61625 1438.4930419921875
-61615 1440.3599853515625
-61605 1439.4659423828125
-61595 1438.8819580078125
-61585 1439.7960205078125
-61575 1440.262939453125
-61565 1441.6429443359375
-61555 1442.20703125
-61545 1443.7049560546875
-61535 1446.1939697265625
-61525 1447.5350341796875
-61515 1447.1070556640625
-61505 1447.613037109375
-61495 1447.905029296875
-61485 1446.2130126953125
-61475 1445.376953125
-61465 1446.2320556640625
-61455 1446.0770263671875
-61445 1442.1490478515625
-61435 1434.8380126953125
-61425 1428.343017578125
-61415 1422.178955078125
-61405 1419.1259765625
-61395 1419.2039794921875
-61385 1419.3790283203125
-61375 1419.41796875
-61365 1419.41796875
-61355 1419.010009765625
-61345 1419.572998046875
-61335 1420.196044921875
-61325 1420.9539794921875
-61315 1422.06201171875
-61305 1423.18994140625
-61295 1424.1240234375
-61285 1425.2120361328125
-61275 1426.612060546875
-61265 1428.3819580078125
-61255 1430.2679443359375
-61245 1432.6209716796875
-61235 1434.8380126953125
-61225 1437.7540283203125
-61215 1441.6240234375
-61205 1445.1240234375
-61195 1453.5830078125
-61185 1461.030029296875
-61175 1469.1190185546875
-61165 1475.6529541015625
-61155 1483.3330078125
-61145 1491.9840087890625
-61135 1501.2979736328125
-61125 1510.553955078125
-61115 1521.114990234375
-61105 1529.0849609375
-61095 1537.427001953125
-61085 1544.8360595703125
-61075 1551.01904296875
-61065 1557.9029541015625
-61055 1563.7750244140625
-61045 1571.14501953125
-61035 1578.72802734375
-61025 1584.5030517578125
-61015 1592.68994140625
-61005 1601.9649658203125
-60995 1609.8990478515625
-60985 1617.2659912109375
-60975 1623.06298828125
-60965 1630.06298828125
-60955 1637.02197265625
-60945 1644.1219482421875
-60935 1652.0360107421875
-60925 1658.625
-60915 1665.375
-60905 1671.614990234375
-60895 1681.6090087890625
-60885 1691.0009765625
-60875 1706.751953125
-60865 1720.012939453125
-60855 1726.6829833984375
-60845 1734.324951171875
-60835 1742.4530029296875
-60825 1747.9169921875
-60815 1754.31201171875
-60805 1763.8399658203125
-60795 1769.5980224609375
-60785 1777.08203125
-60775 1784.5899658203125
-60765 1795.9239501953125
-60755 1803.5269775390625
-60745 1812.4720458984375
-60735 1819.258056640625
-60725 1824.8580322265625
-60715 1830.1090087890625
-60705 1837.2449951171875
-60695 1844.14794921875
-60685 1851.5560302734375
-60675 1858.16796875
-60665 1865.14794921875
-60655 1871.6820068359375
-60645 1884.7099609375
-60635 1897.89404296875
-60625 1909.7530517578125
-60615 1920.9139404296875
-60605 1927.3919677734375
-60595 1933.2430419921875
-60585 1938.7449951171875
-60575 1946.0760498046875
-60565 1951.1710205078125
-60555 1957.0040283203125
-60545 1965.3070068359375
-60535 1971.530029296875
-60525 1975.47705078125
-60515 1979.1719970703125
-60505 1981.155029296875
-60495 1985.530029296875
-60485 1985.375
-60475 1987.14404296875
-60465 1989.8470458984375
-60455 1992.218994140625
-60445 1998.072021484375
-60435 2002.5830078125
-60425 2008.6309814453125
-60415 2012.5780029296875
-60405 2017.18603515625
-60395 2021.6590576171875
-60385 2026.77294921875
-60375 2037.8759765625
-60365 2043.70703125
-60355 2051.681884765625
-60345 2056.27099609375
-60335 2060.701904296875
-60325 2064.632080078125
-60315 2069.0849609375
-60305 2074.2548828125
-60295 2079.797119140625
-60285 2085.4560546875
-60275 2091.155029296875
-60265 2097.199951171875
-60255 2102.469970703125
-60245 2104.6669921875
-60235 2113.4560546875
-60225 2119.52294921875
-60215 2125.764892578125
-60205 2134.37890625
-60195 2142.29296875
-60185 2149.235107421875
-60175 2156.64404296875
-60165 2164.73291015625
-60155 2173.403076171875
-60145 2181.39697265625
-60135 2188.72802734375
-60125 2197.653076171875
-60115 2204.98388671875
-60105 2212.409912109375
-60095 2218.45703125
-60085 2223.823974609375
-60075 2231.0380859375
-60065 2237.68798828125
-60055 2243.462890625
-60045 2250.346923828125
-60035 2259.077880859375
-60025 2267.10791015625
-60015 2276.111083984375
-60005 2286.6220703125
-59995 2297.507080078125
-59985 2310.2919921875
-59975 2322.739013671875
-59965 2336.6201171875
-59955 2347.8330078125
-59945 2355.360107421875
-59935 2364.422119140625
-59925 2374.199951171875
-59915 2384.300048828125
-59905 2398.55908203125
-59895 2408.39501953125
-59885 2416.10498046875
-59875 2429.946044921875
-59865 2443.6669921875
-59855 2453.26708984375
-59845 2463.323974609375
-59835 2473.6201171875
-59825 2477.882080078125
-59815 2478.95703125
-59805 2486.743896484375
-59795 2496.083984375
-59785 2510.56298828125
-59775 2530.85595703125
-59765 2539.8779296875
-59755 2547.924072265625
-59745 2557.0849609375
-59735 2565.748046875
-59725 2573.4150390625
-59715 2582.197998046875
-59705 2598.551025390625
-59695 2605.4189453125
-59685 2611.77197265625
-59675 2618.902099609375
-59665 2624.916015625
-59655 2631.510986328125
-59645 2638.06298828125
-59635 2644.833984375
-59625 2651.385986328125
-59615 2657.639892578125
-59605 2664.251953125
-59595 2672.43701171875
-59585 2680.6220703125
-59575 2687.134033203125
-59565 2687.452880859375
-59555 2687.073974609375
-59545 2686.89501953125
-59535 2689.006103515625
-59525 2692.412109375
-59515 2699.89990234375
-59505 2711.2119140625
-59495 2716.66796875
-59485 2719.656005859375
-59475 2721.14892578125
-59465 2726.22802734375
-59455 2734.4130859375
-59445 2743.8330078125
-59435 2749.886962890625
-59425 2754.785888671875
-59415 2760.242919921875
-59405 2768.587890625
-59395 2778.26611328125
-59385 2787.22802734375
-59375 2794.596923828125
-59365 2801.825927734375
-59355 2812.839111328125
-59345 2819.3740234375
-59335 2826.0029296875
-59325 2833.65087890625
-59315 2840.762939453125
-59305 2848.092041015625
-59295 2857.847900390625
-59285 2868.743896484375
-59275 2868.365966796875
-59265 2866.7900390625
-59255 2864.02392578125
-59245 2861.455078125
-59235 2859.10498046875
-59225 2855.839111328125
-59215 2851.656982421875
-59205 2845.6201171875
-59195 2841.240966796875
-59185 2838.092041015625
-59175 2834.387939453125
-59165 2831.301025390625
-59155 2829.6279296875
-59145 2826.06298828125
-59135 2818.056884765625
-59125 2807.680908203125
-59115 2803.47900390625
-59105 2795.492919921875
-59095 2778.365966796875
-59085 2775.697021484375
-59075 2770.43994140625
-59065 2757.514892578125
-59055 2746.04296875
-59045 2739.093017578125
-59035 2730.330078125
-59025 2722.444091796875
-59015 2719.45703125
-59005 2701.990966796875
-58995 2677.136962890625
-58985 2662.837890625
-58975 2655.428955078125
-58965 2653.02001953125
-58955 2649.115966796875
-58945 2643.9580078125
-58935 2631.928955078125
-58925 2615.595947265625
-58915 2609.720947265625
-58905 2602.65087890625
-58895 2595.60107421875
-58885 2588.3720703125
-58875 2581.739990234375
-58865 2575.248046875
-58855 2569.552001953125
-58845 2562.919921875
-58835 2556.926025390625
-58825 2551.2900390625
-58815 2545.77294921875
-58805 2540.614990234375
-58795 2534.48095703125
-58785 2530.158935546875
-58775 2527.23193359375
-58765 2524.68310546875
-58755 2521.993896484375
-58745 2520.4208984375
-58735 2517.77197265625
-58725 2518.14990234375
-58715 2516.3779296875
-58705 2514.048095703125
-58695 2513.152099609375
-58685 2508.39208984375
-58675 2502.97509765625
-58665 2501.62109375
-58655 2498.873046875
-58645 2501.302001953125
-58635 2502.47705078125
-58625 2504.66796875
-58615 2509.626953125
-58605 2513.37109375
-58595 2518.071044921875
-58585 2520.93896484375
-58575 2520.56005859375
-58565 2520.759033203125
-58555 2517.69189453125
-58545 2517.552978515625
-58535 2519.10595703125
-58525 2522.471923828125
-58515 2527.032958984375
-58505 2532.827880859375
-58495 2536.81103515625
-58485 2539.739013671875
-58475 2544.737060546875
-58465 2554.833984375
-58455 2560.011962890625
-58445 2566.445068359375
-58435 2569.29296875
-58425 2570.785888671875
-58415 2573.77392578125
-58405 2576.44189453125
-58395 2580.465087890625
-58385 2583.531982421875
-58375 2584.388916015625
-58365 2585.14599609375
-58355 2586.52197265625
-58345 2585.404052734375
-58335 2585.304931640625
-58325 2583.969970703125
-58315 2584.34912109375
-58305 2579.72900390625
-58295 2573.116943359375
-58285 2571.464111328125
-58275 2570.966064453125
-58265 2571.343994140625
-58255 2572.300048828125
-58245 2569.572021484375
-58235 2568.85498046875
-58225 2567.10205078125
-58215 2565.947021484375
-58205 2565.846923828125
-58195 2564.81201171875
-58185 2564.7119140625
-58175 2568.715087890625
-58165 2566.485107421875
-58155 2567.08203125
-58145 2565.80810546875
-58135 2567.639892578125
-58125 2570.22900390625
-58115 2571.2451171875
-58105 2571.48388671875
-58095 2571.902099609375
-58085 2572.0810546875
-58075 2570.2490234375
-58065 2569.053955078125
-58055 2568.794921875
-58045 2568.85498046875
-58035 2568.31689453125
-58025 2567.5
-58015 2566.14599609375
-58005 2568.137939453125
-57995 2571.623046875
-57985 2574.012939453125
-57975 2575.447021484375
-57965 2575.248046875
-57955 2575.287109375
-57945 2576.89990234375
-57935 2574.152099609375
-57925 2574.551025390625
-57915 2579.907958984375
-57905 2581.719970703125
-57895 2583.455078125
-57885 2586.02197265625
-57875 2586.160888671875
-57865 2587.93603515625
-57855 2589.824951171875
-57845 2592.693115234375
-57835 2596.35791015625
-57825 2599.6240234375
-57815 2600.998046875
-57805 2600.819091796875
-57795 2600.4599609375
-57785 2601.43603515625
-57775 2600.799072265625
-57765 2602.949951171875
-57755 2604.323974609375
-57745 2604.741943359375
-57735 2604.0849609375
-57725 2605.0009765625
-57715 2606.278076171875
-57705 2607.990966796875
-57695 2609.00390625
-57685 2609.89990234375
-57675 2610.85595703125
-57665 2612.68798828125
-57655 2614.221923828125
-57645 2614.802001953125
-57635 2615.4990234375
-57625 2615.199951171875
-57615 2618.5830078125
-57605 2622.864990234375
-57595 2625.971923828125
-57585 2629.218017578125
-57575 2628.822021484375
-57565 2635.33203125
-57555 2636.887939453125
-57545 2637.721923828125
-57535 2638.281982421875
-57525 2642.304931640625
-57515 2646.925048828125
-57505 2648.580078125
-57495 2650.1640625
-57485 2650.31591796875
-57475 2650.85400390625
-57465 2654.047119140625
-57455 2653.694091796875
-57445 2652.904052734375
-57435 2653.844970703125
-57425 2655.760986328125
-57415 2657.81103515625
-57405 2658.281982421875
-57395 2660.047119140625
-57385 2660.06298828125
-57375 2657.72705078125
-57365 2658.215087890625
-57355 2660.264892578125
-57345 2664.48291015625
-57335 2666.06298828125
-57325 2667.257080078125
-57315 2670.31494140625
-57305 2671.222900390625
-57295 2671.072021484375
-57285 2669.89501953125
-57275 2670.617919921875
-57265 2675.44091796875
-57255 2676.298095703125
-57245 2677.861083984375
-57235 2679.054931640625
-57225 2677.509033203125
-57215 2678.197998046875
-57205 2679.55908203125
-57195 2685.9619140625
-57185 2691.843994140625
-57175 2698.298095703125
-57165 2699.155029296875
-57155 2695.2060546875
-57145 2691.053955078125
-57135 2686.68505859375
-57125 2683.593017578125
-57115 2681.1220703125
-57105 2677.256103515625
-57095 2674.33203125
-57085 2671.341064453125
-57075 2667.89501953125
-57065 2667.257080078125
-57055 2665.425048828125
-57045 2664.416015625
-57035 2664.93701171875
-57025 2663.39111328125
-57015 2660.652099609375
-57005 2657.99609375
-56995 2656.264892578125
-56985 2656.114013671875
-56975 2655.138916015625
-56965 2654.383056640625
-56955 2655.407958984375
-56945 2656.635009765625
-56935 2658.467041015625
-56925 2658.718994140625
-56915 2661.089111328125
-56905 2660.68505859375
-56895 2663.257080078125
-56885 2667.844970703125
-56875 2671.8779296875
-56865 2674.5
-56855 2676.583984375
-56845 2677.52490234375
-56835 2677.99609375
-56825 2678.096923828125
-56815 2678.886962890625
-56805 2680.33203125
-56795 2681.27294921875
-56785 2680.114013671875
-56775 2680.06298828125
-56765 2681.693115234375
-56755 2683.89501953125
-56745 2686.9541015625
-56735 2691.47509765625
-56725 2695.306884765625
-56715 2698.919921875
-56705 2701.47509765625
-56695 2705.0380859375
-56685 2709.826904296875
-56675 2715.00390625
-56665 2718.718017578125
-56655 2723.508056640625
-56645 2727.508056640625
-56635 2730.9189453125
-56625 2733.52392578125
-56615 2736.6669921875
-56605 2740.7509765625
-56595 2745.541015625
-56585 2753.77587890625
-56575 2759.373046875
-56565 2766.717041015625
-56555 2774.4150390625
-56545 2782.85205078125
-56535 2793.7080078125
-56525 2802.56494140625
-56515 2808.867919921875
-56505 2815.01904296875
-56495 2823.052978515625
-56485 2831.674072265625
-56475 2844.81689453125
-56465 2854.58203125
-56455 2868.31298828125
-56445 2879.0849609375
-56435 2890.294921875
-56425 2900.47998046875
-56415 2917.135009765625
-56405 2928.093017578125
-56395 2937.0009765625
-56385 2946.31201171875
-56375 2955.823974609375
-56365 2964.512939453125
-56355 2971.117919921875
-56345 2979.26904296875
-56335 2985.553955078125
-56325 2991.385986328125
-56315 2995.4541015625
-56305 2998.748046875
-56295 3002.679931640625
-56285 3006.343994140625
-56275 3009.43701171875
-56265 3012.697021484375
-56255 3015.655029296875
-56245 3018.679931640625
-56235 3022.326904296875
-56225 3024.326904296875
-56215 3015.116943359375
-56205 3009.218017578125
-56195 3001.218017578125
-56185 2991.35302734375
-56175 2981.01708984375
-56165 2968.530029296875
-56155 2942.631103515625
-56145 2940.98388671875
-56135 2940.781982421875
-56125 2931.488037109375
-56115 2923.033935546875
-56105 2912.73193359375
-56095 2903.72412109375
-56085 2894.345947265625
-56075 2886.56396484375
-56065 2877.656982421875
-56055 2868.39599609375
-56045 2857.656982421875
-56035 2844.14501953125
-56025 2838.261962890625
-56015 2835.7080078125
-56005 2835.304931640625
-55995 2834.1279296875
-55985 2824.4140625
-55975 2813.825927734375
-55965 2803.77587890625
-55955 2782.465087890625
-55945 2764.818115234375
-55935 2752.532958984375
-55925 2745.843994140625
-55915 2739.79296875
-55905 2737.406982421875
-55895 2731.221923828125
-55885 2725.221923828125
-55875 2715.64208984375
-55865 2705.3740234375
-55855 2697.3740234375
-55845 2691.7939453125
-55835 2682.617919921875
-55825 2677.89501953125
-55815 2672.416015625
-55805 2671.4580078125
-55795 2664.467041015625
-55785 2656.8701171875
-55775 2643.156005859375
-55765 2633.10595703125
-55755 2622.787109375
-55745 2615.0390625
-55735 2610.31591796875
-55725 2603.510009765625
-55715 2599.863037109375
-55705 2594.181884765625
-55695 2594.282958984375
-55685 2593.055908203125
-55675 2588.68603515625
-55665 2584.366943359375
-55655 2580.719970703125
-55645 2569.7958984375
-55635 2557.677978515625
-55625 2550.216064453125
-55615 2545.006103515625
-55605 2540.989990234375
-55595 2539.830078125
-55585 2540.905029296875
-55575 2535.964111328125
-55565 2529.762939453125
-55555 2522.720947265625
-55545 2510.68701171875
-55535 2508.972900390625
-55525 2505.998046875
-55515 2489.797119140625
-55505 2477.241943359375
-55495 2466.43603515625
-55485 2458.23388671875
-55475 2458.284912109375
-55465 2457.797119140625
-55455 2463.175048828125
-55445 2460.1669921875
-55435 2450.284912109375
-55425 2435.529052734375
-55415 2392.990966796875
-55405 2382.672119140625
-55395 2375.98291015625
-55385 2368.43701171875
-55375 2362.85693359375
-55365 2359.093017578125
-55355 2353.84912109375
-55345 2348.7060546875
-55335 2342.52197265625
-55325 2337.512939453125
-55315 2331.93408203125
-55305 2326.068115234375
-55295 2320.43798828125
-55285 2314.455078125
-55275 2308.43798828125
-55265 2303.093994140625
-55255 2296.97607421875
-55245 2290.506103515625
-55235 2284.72412109375
-55225 2279.39599609375
-55215 2274.118896484375
-55205 2269.513916015625
-55195 2264.992919921875
-55185 2259.0439453125
-55175 2256.135986328125
-55165 2252.069091796875
-55155 2247.782958984375
-55145 2240.97705078125
-55135 2237.985107421875
-55125 2235.262939453125
-55115 2230.909912109375
-55105 2227.094970703125
-55095 2224.657958984375
-55085 2221.633056640625
-55075 2217.514892578125
-55065 2213.902099609375
-55055 2208.825927734375
-55045 2209.68310546875
-55035 2209.24609375
-55025 2205.615966796875
-55015 2201.531982421875
-55005 2198.97998046875
-54995 2197.0439453125
-54985 2195.64990234375
-54975 2193.4189453125
-54965 2190.123046875
-54955 2188.76806640625
-54945 2186.3330078125
-54935 2184.612060546875
-54925 2182.68701171875
-54915 2181.572998046875
-54905 2180.10791015625
-54895 2180.72802734375
-54885 2181.64599609375
-54875 2182.580078125
-54865 2183.199951171875
-54855 2182.39697265625
-54845 2181.407958984375
-54835 2180.655029296875
-54825 2177.489990234375
-54815 2171.2099609375
-54805 2164.58203125
-54795 2157.75
-54785 2150.79296875
-54775 2144.27490234375
-54765 2136.10888671875
-54755 2126.844970703125
-54745 2119.466064453125
-54735 2110.696044921875
-54725 2101.742919921875
-54715 2085.447998046875
-54705 2074.48095703125
-54695 2068.76904296875
-54685 2061.9208984375
-54675 2053.406982421875
-54665 2036.5450439453125
-54655 2019.4439697265625
-54645 2010.656005859375
-54635 2003.2950439453125
-54625 1997.948974609375
-54615 1992.218017578125
-54605 1985.553955078125
-54595 1975.8680419921875
-54585 1959.261962890625
-54575 1949.7049560546875
-54565 1945.89697265625
-54555 1948.1669921875
-54545 1940.5689697265625
-54535 1937.14501953125
-54525 1935.18603515625
-54515 1927.14599609375
-54505 1911.4019775390625
-54495 1904.93701171875
-54485 1895.949951171875
-54475 1888.9530029296875
-54465 1875.678955078125
-54455 1855.301025390625
-54445 1850.8699951171875
-54435 1844.2060546875
-54425 1827.6729736328125
-54415 1823.406982421875
-54405 1817.1839599609375
-54395 1810.095947265625
-54385 1804.45703125
-54375 1802.094970703125
-54365 1804.364990234375
-54355 1790.083984375
-54345 1781.094970703125
-54335 1767.4730224609375
-54325 1762.14501953125
-54315 1758.97705078125
-54305 1738.635986328125
-54295 1727.1009521484375
-54285 1716.81201171875
-54275 1716.64697265625
-54265 1712.9119873046875
-54255 1708.572998046875
-54245 1700.6080322265625
-54235 1689.4759521484375
-54225 1682.04296875
-54215 1677.281982421875
-54205 1673.383056640625
-54195 1667.4139404296875
-54185 1662.0679931640625
-54175 1660.43798828125
-54165 1657.636962890625
-54155 1655.677978515625
-54145 1653.7550048828125
-54135 1651.740966796875
-54125 1650.074951171875
-54115 1648.0059814453125
-54105 1647.511962890625
-54095 1646.68798828125
-54085 1643.97802734375
-54075 1640.3709716796875
-54065 1639.43798828125
-54055 1638.594970703125
-54045 1638.248046875
-54035 1637.2039794921875
-54025 1637.0389404296875
-54015 1636.8189697265625
-54005 1636.72802734375
-53995 1636.343994140625
-53985 1635.4830322265625
-53975 1635.9219970703125
-53965 1636.324951171875
-53955 1636.508056640625
-53945 1636.43505859375
-53935 1636.635986328125
-53925 1637.0760498046875
-53915 1639.4739990234375
-53905 1641.39697265625
-53895 1642.4949951171875
-53885 1643.1180419921875
-53875 1643.282958984375
-53865 1643.5389404296875
-53855 1644.5830078125
-53845 1647.5849609375
-53835 1650.47802734375
-53825 1656.3370361328125
-53815 1663.7889404296875
-53805 1670.6180419921875
-53795 1677.0439453125
-53785 1683.3060302734375
-53775 1690.4649658203125
-53765 1696.489013671875
-53755 1703.885009765625
-53745 1710.385009765625
-53735 1720.491943359375
-53725 1731.6240234375
-53715 1738.489990234375
-53705 1745.7220458984375
-53695 1753.136962890625
-53685 1767.1800537109375
-53675 1774.7779541015625
-53665 1782.0469970703125
-53655 1790.083984375
-53645 1798.5799560546875
-53635 1808.375
-53625 1822.3289794921875
-53615 1832.10595703125
-53605 1841.14794921875
-53595 1854.4219970703125
-53585 1865.7919921875
-53575 1882.1080322265625
-53565 1891.866943359375
-53555 1905.56201171875
-53545 1920.81103515625
-53535 1933.6839599609375
-53525 1946.0250244140625
-53515 1955.4169921875
-53505 1963.4000244140625
-53495 1970.81494140625
-53485 1978.614990234375
-53475 1989.6729736328125
-53465 2000.0360107421875
-53455 2011.094970703125
-53445 2020.1949462890625
-53435 2030.5760498046875
-53425 2036.508056640625
-53415 2043.154052734375
-53405 2052.14404296875
-53395 2060.1630859375
-53385 2068.969970703125
-53375 2078.051025390625
-53365 2087.095947265625
-53355 2095.427001953125
-53345 2104.10498046875
-53335 2112.837890625
-53325 2124.135009765625
-53315 2131.989990234375
-53305 2138.763916015625
-53295 2146.14306640625
-53285 2155.701904296875
-53275 2166.888916015625
-53265 2176.2060546875
-53255 2186.076904296875
-53245 2194.51708984375
-53235 2203.597900390625
-53225 2214.782958984375
-53215 2222.841064453125
-53205 2229.283935546875
-53195 2236.0048828125
-53185 2241.845947265625
-53175 2248.7490234375
-53165 2256.346923828125
-53155 2263.450927734375
-53145 2272.64208984375
-53135 2285.568115234375
-53125 2295.783935546875
-53115 2303.218017578125
-53105 2310.888916015625
-53095 2318.3779296875
-53085 2325.261962890625
-53075 2332.549072265625
-53065 2338.6279296875
-53055 2345.988037109375
-53045 2352.4140625
-53035 2359.0419921875
-53025 2365.10302734375
-53015 2371.30908203125
-53005 2377.05810546875
-52995 2381.635009765625
-52985 2389.4169921875
-52975 2396.868896484375
-52965 2401.06201171875
-52955 2402.3798828125
-52945 2405.694091796875
-52935 2412.595947265625
-52925 2416.166015625
-52915 2421.842041015625
-52905 2427.208984375
-52895 2432.297119140625
-52885 2434.639892578125
-52875 2437.1669921875
-52865 2439.89501953125
-52855 2442.239013671875
-52845 2444.7099609375
-52835 2447.090087890625
-52825 2450.0009765625
-52815 2452.89404296875
-52805 2455.294921875
-52795 2459.72412109375
-52785 2463.73291015625
-52775 2467.06494140625
-52765 2470.305908203125
-52755 2474.427978515625
-52745 2477.300048828125
-52735 2478.987060546875
-52725 2483.783935546875
-52715 2488.123046875
-52705 2491.343017578125
-52695 2495.31591796875
-52685 2498.906982421875
-52675 2503.264892578125
-52665 2508.041015625
-52655 2513.02099609375
-52645 2518.387939453125
-52635 2523.423095703125
-52625 2529.02587890625
-52615 2534.93701171875
-52605 2540.85302734375
-52595 2546.85888671875
-52585 2552.736083984375
-52575 2559.85791015625
-52565 2570.44091796875
-52555 2587.302978515625
-52545 2613.302001953125
-52535 2618.116943359375
-52525 2623.261962890625
-52515 2633.735107421875
-52505 2645.928955078125
-52495 2657.072998046875
-52485 2658.48388671875
-52475 2660.35791015625
-52465 2661.8759765625
-52455 2661.458984375
-52445 2659.80810546875
-52435 2659.653076171875
-52425 2662.113037109375
-52415 2663.72900390625
-52405 2667.633056640625
-52395 2671.5029296875
-52385 2679.2939453125
-52375 2683.340087890625
-52365 2685.2099609375
-52355 2689.096923828125
-52345 2692.179931640625
-52335 2696.8369140625
-52325 2700.362060546875
-52315 2703.887939453125
-52305 2708.68701171875
-52295 2714.7060546875
-52285 2719.26806640625
-52275 2726.7451171875
-52265 2734.22607421875
-52255 2742.22802734375
-52245 2751.30908203125
-52235 2759.405029296875
-52225 2768.2109375
-52215 2776.637939453125
-52205 2785.56396484375
-52195 2796.382080078125
-52185 2805.777099609375
-52175 2803.93701171875
-52165 2800.613037109375
-52155 2797.81396484375
-52145 2794.68408203125
-52135 2790.31103515625
-52125 2787.197998046875
-52115 2783.591064453125
-52105 2771.341064453125
-52095 2757.323974609375
-52085 2743.156982421875
-52075 2734.416015625
-52065 2727.333984375
-52055 2721.739990234375
-52045 2716.4599609375
-52035 2712.469970703125
-52025 2708.652099609375
-52015 2704.885009765625
-52005 2701.549072265625
-51995 2698.469970703125
-51985 2695.511962890625
-51975 2693.60302734375
-51965 2692.485107421875
-51955 2691.7109375
-51945 2692.589111328125
-51935 2690.301025390625
-51925 2687.514892578125
-51915 2685.881103515625
-51905 2684.74609375
-51895 2683.833984375
-51885 2682.738037109375
-51875 2681.134033203125
-51865 2676.955078125
-51855 2676.679931640625
-51845 2676.197998046875
-51835 2675.424072265625
-51825 2675.73388671875
-51815 2675.9580078125
-51805 2677.126953125
-51795 2678.60595703125
-51785 2681.68896484375
-51775 2683.511962890625
-51765 2688.2548828125
-51755 2697.678955078125
-51745 2703.14794921875
-51735 2709.322998046875
-51725 2713.7080078125
-51715 2718.541015625
-51705 2725.339111328125
-51695 2728.7099609375
-51685 2729.169921875
-51675 2731.886962890625
-51665 2733.989990234375
-51655 2732.64404296875
-51645 2729.4150390625
-51635 2723
-51625 2716.85595703125
-51615 2711.23193359375
-51605 2706.64404296875
-51595 2702.375
-51585 2700.10400390625
-51575 2699.52001953125
-51565 2699.330078125
-51555 2699.69189453125
-51545 2698.865966796875
-51535 2695.94189453125
-51525 2701.410888671875
-51515 2703.75
-51505 2705.469970703125
-51495 2706.31298828125
-51485 2704.115966796875
-51475 2704.2490234375
-51465 2708.449951171875
-51455 2712.452880859375
-51445 2717.719970703125
-51435 2723.172119140625
-51425 2728.5380859375
-51415 2734.123046875
-51405 2740.1640625
-51395 2747.14697265625
-51385 2755.174072265625
-51375 2764.220947265625
-51365 2785.116943359375
-51355 2798.674072265625
-51345 2803.31298828125
-51335 2811.344970703125
-51325 2816.986083984375
-51315 2824.0029296875
-51305 2831.19189453125
-51295 2838.419921875
-51285 2845.10595703125
-51275 2851.864990234375
-51265 2856.840087890625
-51255 2861.77587890625
-51245 2868.60400390625
-51235 2874.824951171875
-51225 2881.090087890625
-51215 2887.177978515625
-51205 2892.470947265625
-51195 2897.93994140625
-51185 2902.98388671875
-51175 2907.867919921875
-51165 2912.115966796875
-51155 2916.60498046875
-51145 2920.8359375
-51135 2925.049072265625
-51125 2928.81591796875
-51115 2933.133056640625
-51105 2936.950927734375
-51095 2936.159912109375
-51085 2903.344970703125
-51075 2884.56396484375
-51065 2869.77294921875
-51055 2859.60888671875
-51045 2849.718994140625
-51035 2841.77392578125
-51025 2832.365966796875
-51015 2823.095947265625
-51005 2814.302978515625
-50995 2804.883056640625
-50985 2796.176025390625
-50975 2788.285888671875
-50965 2777.708984375
-50955 2769.93505859375
-50945 2761.5029296875
-50935 2756.2060546875
-50925 2749.033935546875
-50915 2741.02001953125
-50905 2732.35595703125
-50895 2728.069091796875
-50885 2720.574951171875
-50875 2713.243896484375
-50865 2698.195068359375
-50855 2685.00390625
-50845 2674.947021484375
-50835 2663.677978515625
-50825 2647.842041015625
-50815 2635.660888671875
-50805 2624.240966796875
-50795 2612.925048828125
-50785 2602.450927734375
-50775 2580.884033203125
-50765 2571.64794921875
-50755 2553.262939453125
-50745 2544.783935546875
-50735 2537.76708984375
-50725 2530.76708984375
-50715 2523.302001953125
-50705 2515.5458984375
-50695 2509.06201171875
-50685 2501.873046875
-50675 2494.47802734375
-50665 2485.173095703125
-50655 2472.9619140625
-50645 2461.9208984375
-50635 2452.68505859375
-50625 2445.0830078125
-50615 2437.654052734375
-50605 2430.172119140625
-50595 2422.0029296875
-50585 2420.419921875
-50575 2415.845947265625
-50565 2408.845947265625
-50555 2403.806884765625
-50545 2391.784912109375
-50535 2383.925048828125
-50525 2376.27197265625
-50515 2368.89306640625
-50505 2361.01611328125
-50495 2353.174072265625
-50485 2345.985107421875
-50475 2339.001953125
-50465 2331.383056640625
-50455 2323.660888671875
-50445 2316.0419921875
-50435 2309.867919921875
-50425 2303.968994140625
-50415 2296.1259765625
-50405 2291.29296875
-50395 2287.8359375
-50385 2284.98095703125
-50375 2283.382080078125
-50365 2282.64208984375
-50355 2283.8291015625
-50345 2278.39404296875
-50335 2277.77490234375
-50325 2282.092041015625
-50315 2283.967041015625
-50305 2286.35693359375
-50295 2289.0400390625
-50285 2291.137939453125
-50275 2296.22900390625
-50265 2300.08203125
-50255 2303.555908203125
-50245 2309.31689453125
-50235 2314.735107421875
-50225 2323.093994140625
-50215 2329.76708984375
-50205 2337.075927734375
-50195 2343.76611328125
-50185 2350.679931640625
-50175 2358.884033203125
-50165 2366.881103515625
-50155 2374.19091796875
-50145 2382.135986328125
-50135 2389.617919921875
-50125 2399.2490234375
-50115 2407.9169921875
-50105 2415.139892578125
-50095 2422.930908203125
-50085 2442.864990234375
-50075 2473.305908203125
-50065 2493.7548828125
-50055 2492.156005859375
-50045 2490.64208984375
-50035 2497.092041015625
-50025 2525.33203125
-50015 2532.384033203125
-50005 2539.611083984375
-49995 2545.614990234375
-49985 2554.514892578125
-49975 2562.343994140625
-49965 2569.784912109375
-49955 2577.633056640625
-49945 2580.845947265625
-49935 2585.01904296875
-49925 2592.18310546875
-49915 2599.826904296875
-49905 2605.8291015625
-49895 2609.22607421875
-49885 2612.493896484375
-49875 2615.89208984375
-49865 2619.6220703125
-49855 2623.259033203125
-49845 2629.222900390625
-49835 2634.153076171875
-49825 2639.010009765625
-49815 2644.47509765625
-49805 2654.02099609375
-49795 2660.615966796875
-49785 2666.85400390625
-49775 2672.802978515625
-49765 2677.195068359375
-49755 2682.64208984375
-49745 2690.215087890625
-49735 2697.4140625
-49725 2704.761962890625
-49715 2710.950927734375
-49705 2719.887939453125
-49695 2727.679931640625
-49685 2735.158935546875
-49675 2741.030029296875
-49665 2746.366943359375
-49655 2751.51806640625
-49645 2757.574951171875
-49635 2763.5390625
-49625 2769.927978515625
-49615 2776.389892578125
-49605 2782.64990234375
-49595 2789.48193359375
-49585 2804.881103515625
-49575 2827.18701171875
-49565 2838.74609375
-49555 2847.738037109375
-49545 2856.43505859375
-49535 2864.89208984375
-49525 2873.34912109375
-49515 2880.864013671875
-49505 2887.510986328125
-49495 2892.903076171875
-49485 2874.345947265625
-49475 2856.195068359375
-49465 2831.43408203125
-49455 2820.64990234375
-49445 2807.1708984375
-49435 2798.23388671875
-49425 2789.925048828125
-49415 2782.465087890625
-49405 2774.10107421875
-49395 2765.532958984375
-49385 2756.873046875
-49375 2748.176025390625
-49365 2740.3291015625
-49355 2733.718017578125
-49345 2727.458984375
-49335 2720.847900390625
-49325 2714.6630859375
-49315 2707.77490234375
-49305 2701.6640625
-49295 2693.998046875
-49285 2686.81494140625
-49275 2680.18603515625
-49265 2674.425048828125
-49255 2668.14697265625
-49245 2661.240966796875
-49235 2654.48291015625
-49225 2647.780029296875
-49215 2641.632080078125
-49205 2635.85205078125
-49195 2628.98291015625
-49185 2623.0009765625
-49175 2617.553955078125
-49165 2611.756103515625
-49155 2606.10498046875
-49145 2601.156982421875
-49135 2595.839111328125
-49125 2590.52099609375
-49115 2585.277099609375
-49105 2581.0859375
-49095 2577.0048828125
-49085 2573.10888671875
-49075 2569.287109375
-49065 2565.962890625
-49055 2563.009033203125
-49045 2560.053955078125
-49035 2556.637939453125
-49025 2554.34912109375
-49015 2554.200927734375
-49005 2552.20703125
-48995 2550.23095703125
-48985 2548.218994140625
-48975 2548.513916015625
-48965 2548.864990234375
-48955 2549.9541015625
-48945 2550.39697265625
-48935 2549.73291015625
-48925 2549.492919921875
-48915 2545.8740234375
-48905 2546.48291015625
-48895 2547.4990234375
-48885 2545.595947265625
-48875 2541.51611328125
-48865 2537.509033203125
-48855 2534.073974609375
-48845 2527.8330078125
-48835 2523.217041015625
-48825 2522.035888671875
-48815 2520.576904296875
-48805 2520.06005859375
-48795 2520.35498046875
-48785 2523.179931640625
-48775 2525.469970703125
-48765 2528.424072265625
-48755 2531.876953125
-48745 2535.34912109375
-48735 2539.39208984375
-48725 2541.847900390625
-48715 2543.010986328125
-48705 2544.027099609375
-48695 2546.833984375
-48685 2549.47412109375
-48675 2552.261962890625
-48665 2550.416015625
-48655 2548.1630859375
-48645 2556.214111328125
-48635 2557.52490234375
-48625 2556.5830078125
-48615 2557.54296875
-48605 2559.5
-48595 2561.77197265625
-48585 2563.451904296875
-48575 2565.574951171875
-48565 2569.7490234375
-48555 2572.794921875
-48545 2578.18701171875
-48535 2580.1630859375
-48525 2588.471923828125
-48515 2599.4208984375
-48505 2606.492919921875
-48495 2614.9130859375
-48485 2622.00390625
-48475 2624.9580078125
-48465 2624.404052734375
-48455 2625.217041015625
-48445 2628.5029296875
-48435 2632.823974609375
-48425 2638.123046875
-48415 2644.843994140625
-48405 2651.823974609375
-48395 2657.990966796875
-48385 2663.531005859375
-48375 2669.97509765625
-48365 2676.10791015625
-48355 2681.18603515625
-48345 2680.64794921875
-48335 2678.323974609375
-48325 2675.330078125
-48315 2672.5419921875
-48305 2669.735107421875
-48295 2672.282958984375
-48285 2677.361083984375
-48275 2683.343994140625
-48265 2689.3291015625
-48255 2695.658935546875
-48245 2702.583984375
-48235 2709.5849609375
-48225 2716.7490234375
-48215 2721.864013671875
-48205 2728.56689453125
-48195 2734.511962890625
-48185 2762.135009765625
-48175 2780.802978515625
-48165 2784.181884765625
-48155 2797.237060546875
-48145 2815.18505859375
-48135 2850.0458984375
-48125 2859.51904296875
-48115 2868.47412109375
-48105 2881.14111328125
-48095 2887.4560546875
-48085 2902.175048828125
-48075 2914.7470703125
-48065 2923.242919921875
-48055 2930.0390625
-48045 2941.967041015625
-48035 2967.576904296875
-48025 2973.818115234375
-48015 2984.214111328125
-48005 2986.2080078125
-47995 2993.3349609375
-47985 3006.2060546875
-47975 3010.304931640625
-47965 3035.637939453125
-47955 3041.510009765625
-47945 3047.30810546875
-47935 3052.680908203125
-47925 3057.611083984375
-47915 3062.8369140625
-47905 3068.39501953125
-47895 3075.18994140625
-47885 3070.0009765625
-47875 3057.778076171875
-47865 3048.674072265625
-47855 3038.205078125
-47845 3028.639892578125
-47835 3018.742919921875
-47825 3008.697998046875
-47815 2997.675048828125
-47805 2987.51904296875
-47795 2978.10205078125
-47785 2968.001953125
-47775 2958.677001953125
-47765 2950.257080078125
-47755 2941.007080078125
-47745 2932.60498046875
-47735 2924.535888671875
-47725 2916.115966796875
-47715 2907.93603515625
-47705 2899.681884765625
-47695 2891.48095703125
-47685 2881.402099609375
-47675 2865.962890625
-47665 2853.278076171875
-47655 2819.52392578125
-47645 2804.623046875
-47635 2793.7470703125
-47625 2785.5859375
-47615 2777.166015625
-47605 2768.174072265625
-47595 2757.427001953125
-47585 2745.4990234375
-47575 2736.488037109375
-47565 2730.02490234375
-47555 2720.51611328125
-47545 2709.30810546875
-47535 2699.5029296875
-47525 2689.343994140625
-47515 2679.875
-47505 2673.14697265625
-47495 2667.5791015625
-47485 2661.529052734375
-47475 2655.52587890625
-47465 2650.344970703125
-47455 2644.635986328125
-47445 2639.361083984375
-47435 2634.76806640625
-47425 2630.551025390625
-47415 2628.376953125
-47405 2626.908935546875
-47395 2625.205078125
-47385 2623.595947265625
-47375 2623.489990234375
-47365 2624.135986328125
-47355 2627.35498046875
-47345 2626.544921875
-47335 2625.181884765625
-47325 2623.631103515625
-47315 2625.263916015625
-47305 2626.826904296875
-47295 2627.590087890625
-47285 2629.751953125
-47275 2632.06591796875
-47265 2635.4140625
-47255 2639.26708984375
-47245 2642.368896484375
-47235 2644.846923828125
-47225 2645.657958984375
-47215 2645.034912109375
-47205 2643.696044921875
-47195 2643.531982421875
-47185 2643.930908203125
-47175 2642.8740234375
-47165 2642.968017578125
-47155 2643.802001953125
-47145 2644.27197265625
-47135 2644.764892578125
-47125 2644.43603515625
-47115 2643.6259765625
-47105 2641.827880859375
-47095 2639.173095703125
-47085 2636.56494140625
-47075 2634.35693359375
-47065 2633.052978515625
-47055 2632.2890625
-47045 2631.443115234375
-47035 2631.055908203125
-47025 2630.949951171875
-47015 2630.66796875
-47005 2630.39794921875
-46995 2629.916015625
-46985 2629.657958984375
-46975 2629
-46965 2628.695068359375
-46955 2629.093994140625
-46945 2630.702880859375
-46935 2632.912109375
-46925 2634.780029296875
-46915 2637.97509765625
-46905 2642.908935546875
-46895 2648.93603515625
-46885 2654.23388671875
-46875 2658.510009765625
-46865 2663.948974609375
-46855 2669.493896484375
-46845 2674.299072265625
-46835 2678.6689453125
-46825 2682.639892578125
