-85395 2738.424072265625
-85385 2745.241943359375
-85375 2749.303955078125
-85365 2751.39599609375
-85355 2751.5029296875
-85345 2752.56103515625
-85335 2752.64306640625
-85325 2753.612060546875
-85315 2753.635986328125
-85305 2755.096923828125
-85295 2757.410888671875
-85285 2760.2080078125
-85275 2760.873046875
-85265 2761.553955078125
-85255 2763.219970703125
-85245 2766.31298828125
-85235 2769.430908203125
-85225 2773.762939453125
-85215 2777.241943359375
-85205 2779.22802734375
-85195 2781.968994140625
-85185 2786.72802734375
-85175 2792.429931640625
-85165 2797.06591796875
-85155 2800.964111328125
-85145 2805.050048828125
-85135 2810.013916015625
-85125 2816.64404296875
-85115 2826.48193359375
-85105 2835.18798828125
-85095 2837.73095703125
-85085 2838.987060546875
-85075 2844.762939453125
-85065 2850.637939453125
-85055 2856.618896484375
-85045 2862.092041015625
-85035 2867.360107421875
-85025 2872.5869140625
-85015 2877.674072265625
-85005 2882.589111328125
-84995 2887.158935546875
-84985 2891.64599609375
-84975 2896.200927734375
-84965 2901.10205078125
-84955 2909.14306640625
-84945 2915.785888671875
-84935 2923.068115234375
-84925 2930.989013671875
-84915 2938.701904296875
-84905 2944.4970703125
-84895 2955.160888671875
-84885 2965.342041015625
-84875 2975.056884765625
-84865 2979.906005859375
-84855 2986.0830078125
-84845 2993.3310546875
-84835 2985.7041015625
-84825 2975.4189453125
-84815 2972.657958984375
-84805 2950.846923828125
-84795 2950.60595703125
-84785 2944.962890625
-84775 2939.97900390625
-84765 2927.89990234375
-84755 2910.52294921875
-84745 2912.05908203125
-84735 2907.60693359375
-84725 2886.951904296875
-84715 2876.0810546875
-84705 2867.26611328125
-84695 2862.986083984375
-84685 2858.29296875
-84675 2854.18603515625
-84665 2853.99609375
-84655 2849.35400390625
-84645 2845.52294921875
-84635 2839.674072265625
-84625 2834.135009765625
-84615 2827.95703125
-84605 2820.7099609375
-84595 2810.39111328125
-84585 2797.7451171875
-84575 2793.39697265625
-84565 2789.68701171875
-84555 2785.166015625
-84545 2778.885009765625
-84535 2775.93408203125
-84525 2769.843017578125
-84515 2763.6298828125
-84505 2747.258056640625
-84495 2738.12890625
-84485 2729.656005859375
-84475 2719.699951171875
-84465 2712.262939453125
-84455 2703.342041015625
-84445 2688.969970703125
-84435 2670.868896484375
-84425 2660.7919921875
-84415 2645.175048828125
-84405 2631.802001953125
-84395 2624.81591796875
-84385 2619.19091796875
-84375 2613.47900390625
-84365 2606.1279296875
-84355 2597.51708984375
-84345 2582.452880859375
-84335 2568.909912109375
-84325 2562.008056640625
-84315 2555.156982421875
-84305 2546.426025390625
-84295 2533.760009765625
-84285 2527.323974609375
-84275 2520.64599609375
-84265 2512.656005859375
-84255 2499.785888671875
-84245 2492.365966796875
-84235 2486.2060546875
-84225 2482.27197265625
-84215 2479.18310546875
-84205 2475.76611328125
-84195 2469.553955078125
-84185 2468.31201171875
-84175 2469.001953125
-84165 2471.193115234375
-84155 2468.31201171875
-84145 2465.636962890625
-84135 2460.89208984375
-84125 2460.47802734375
-84115 2458.285888671875
-84105 2455.14599609375
-84095 2452.091064453125
-84085 2455.64599609375
-84075 2452.93701171875
-84065 2448.846923828125
-84055 2446.673095703125
-84045 2449.9169921875
-84035 2446.968994140625
-84025 2446.7099609375
-84015 2450.054931640625
-84005 2450.10693359375
-83995 2450.696044921875
-83985 2450.193115234375
-83975 2449.364990234375
-83965 2451.72900390625
-83955 2452.799072265625
-83945 2454.333984375
-83935 2456.26708984375
-83925 2460.2529296875
-83915 2460.2529296875
-83905 2461.06396484375
-83895 2465.739990234375
-83885 2471.93505859375
-83875 2476.95703125
-83865 2483.806884765625
-83855 2488.10400390625
-83845 2490.208984375
-83835 2494.3330078125
-83825 2494.541015625
-83815 2503.925048828125
-83805 2510.364013671875
-83795 2513.535888671875
-83785 2516.451904296875
-83775 2518.9580078125
-83765 2520.2490234375
-83755 2520.93896484375
-83745 2520.922119140625
-83735 2523.94091796875
-83725 2523.73388671875
-83715 2525.511962890625
-83705 2529.876953125
-83695 2536.383056640625
-83685 2543.198974609375
-83675 2542.283935546875
-83665 2545.114013671875
-83655 2545.85595703125
-83645 2550.964111328125
-83635 2551.136962890625
-83625 2554.742919921875
-83615 2558.677001953125
-83605 2562.283935546875
-83595 2566.112060546875
-83585 2571.115966796875
-83575 2575.30908203125
-83565 2579.43310546875
-83555 2582.7119140625
-83545 2586.111083984375
-83535 2590.6669921875
-83525 2595.98193359375
-83515 2601.951904296875
-83505 2606.801025390625
-83495 2610.97705078125
-83485 2618.0859375
-83475 2626.782958984375
-83465 2637.4619140625
-83455 2643.5869140625
-83445 2648.385009765625
-83435 2654.56201171875
-83425 2659.7041015625
-83415 2663.5869140625
-83405 2667.884033203125
-83395 2673.47509765625
-83385 2678.35791015625
-83375 2682.343994140625
-83365 2687.347900390625
-83355 2692.02197265625
-83345 2697.02587890625
-83335 2704.30810546875
-83325 2710.260986328125
-83315 2716.386962890625
-83305 2717.97412109375
-83295 2720.85595703125
-83285 2724.876953125
-83275 2728.7080078125
-83265 2732.14111328125
-83255 2735.281982421875
-83245 2737.922119140625
-83235 2736.02392578125
-83225 2735.868896484375
-83215 2735.64404296875
-83205 2735.93798828125
-83195 2737.472900390625
-83185 2740.699951171875
-83175 2742.1669921875
-83165 2745.30810546875
-83155 2742.944091796875
-83145 2744.39306640625
-83135 2745.80810546875
-83125 2746.9990234375
-83115 2748.966064453125
-83105 2752.741943359375
-83095 2755.10595703125
-83085 2758.263916015625
-83075 2761.576904296875
-83065 2764.785888671875
-83055 2767.9619140625
-83045 2771.447021484375
-83035 2774.10498046875
-83025 2776.60693359375
-83015 2779.4541015625
-83005 2781.9208984375
-82995 2784.424072265625
-82985 2786.718994140625
-82975 2788.7548828125
-82965 2790.462890625
-82955 2792.154052734375
-82945 2793.4140625
-82935 2795.260009765625
-82925 2797.072021484375
-82915 2798.988037109375
-82905 2801.05810546875
-82895 2803.73291015625
-82885 2806.405029296875
-82875 2809.202880859375
-82865 2812.06396484375
-82855 2814.948974609375
-82845 2817.9169921875
-82835 2821.347900390625
-82825 2824.85107421875
-82815 2828.3369140625
-82805 2831.97802734375
-82795 2835.56689453125
-82785 2839.4150390625
-82775 2843.262939453125
-82765 2847.26611328125
-82755 2851.373046875
-82745 2855.47998046875
-82735 2859.72509765625
-82725 2864.00390625
-82715 2868.56005859375
-82705 2873.181884765625
-82695 2878.134033203125
-82685 2882.950927734375
-82675 2887.487060546875
-82665 2891.782958984375
-82655 2895.993896484375
-82645 2900.013916015625
-82635 2903.673095703125
-82625 2907.054931640625
-82615 2909.902099609375
-82605 2912.697998046875
-82595 2915.285888671875
-82585 2917.840087890625
-82575 2920.445068359375
-82565 2923.01611328125
-82555 2924.4140625
-82545 2928.64208984375
-82535 2931.264892578125
-82525 2933.64599609375
-82515 2936.02392578125
-82505 2938.195068359375
-82495 2940.10595703125
-82485 2942.27392578125
-82475 2944.172119140625
-82465 2945.612060546875
-82455 2948.1689453125
-82445 2950.659912109375
-82435 2953.115966796875
-82425 2956.97900390625
-82415 2962.1279296875
-82405 2965.8720703125
-82395 2968.39599609375
-82385 2972.072021484375
-82375 2975.528076171875
-82365 2979.135986328125
-82355 2983.16796875
-82345 2987.4541015625
-82335 2992.41796875
-82325 2997.009033203125
-82315 3000.989990234375
-82305 3004.47900390625
-82295 3008.27392578125
-82285 3012.220947265625
-82275 3015.965087890625
-82265 3019.470947265625
-82255 3023.215087890625
-82245 3026.94189453125
-82235 3031.2958984375
-82225 3036.27587890625
-82215 3041.6630859375
-82205 3047.032958984375
-82195 3051.760009765625
-82185 3055.72412109375
-82175 3059.077880859375
-82165 3062.177978515625
-82155 3066.073974609375
-82145 3069.4619140625
-82135 3072.866943359375
-82125 3076.491943359375
-82115 3079.81298828125
-82105 3083.320068359375
-82095 3086.910888671875
-82085 3090.4169921875
-82075 3094.009033203125
-82065 3097.465087890625
-82055 3100.93798828125
-82045 3104.324951171875
-82035 3107.83203125
-82025 3111.068115234375
-82015 3114.3369140625
-82005 3117.52197265625
-81995 3120.469970703125
-81985 3123.468017578125
-81975 3126.533935546875
-81965 3129.532958984375
-81955 3132.47998046875
-81945 3135.445068359375
-81935 3138.342041015625
-81925 3141.340087890625
-81915 3144.219970703125
-81905 3147.4560546875
-81895 3150.89501953125
-81885 3154.62109375
-81875 3158.635986328125
-81865 3162.4140625
-81855 3166.666015625
-81845 3170.90087890625
-81835 3175.491943359375
-81825 3180.37109375
-81815 3185.385009765625
-81805 3190.925048828125
-81795 3196.68408203125
-81785 3203.595947265625
-81775 3211.116943359375
-81765 3218.824951171875
-81755 3226.923095703125
-81745 3242.5419921875
-81735 3254.112060546875
-81725 3279.555908203125
-81715 3283.70703125
-81705 3287.4169921875
-81695 3294.6669921875
-81685 3301.510986328125
-81675 3305.882080078125
-81665 3311.827880859375
-81655 3319.6708984375
-81645 3327.886962890625
-81635 3336.136962890625
-81625 3344.319091796875
-81615 3334.27392578125
-81605 3316.9609375
-81595 3302.612060546875
-81585 3279.69189453125
-81575 3262.14208984375
-81565 3247.657958984375
-81555 3222.34912109375
-81545 3213.386962890625
-81535 3213.946044921875
-81525 3213.115966796875
-81515 3212.18505859375
-81505 3208.153076171875
-81495 3186.571044921875
-81485 3170.493896484375
-81475 3155.89208984375
-81465 3137.39306640625
-81455 3133.64892578125
-81445 3121.6220703125
-81435 3111.695068359375
-81425 3107.44189453125
-81415 3101.1240234375
-81405 3095.906005859375
-81395 3092.636962890625
-81385 3089.113037109375
-81375 3085.826904296875
-81365 3076.322998046875
-81355 3063.51611328125
-81345 3063.465087890625
-81335 3063.803955078125
-81325 3051.115966796875
-81315 3002.31103515625
-81305 2997.448974609375
-81295 2991.095947265625
-81285 2985.0830078125
-81275 2979.56005859375
-81265 2974.884033203125
-81255 2970.64892578125
-81245 2966.65087890625
-81235 2963.2119140625
-81225 2959.43505859375
-81215 2956.14794921875
-81205 2953.08203125
-81195 2950.35498046875
-81185 2947.47509765625
-81175 2944.865966796875
-81165 2942.324951171875
-81155 2939.93701171875
-81145 2937.4970703125
-81135 2935.007080078125
-81125 2933.008056640625
-81115 2931.75390625
-81105 2930.467041015625
-81095 2928.298095703125
-81085 2923.52099609375
-81075 2922.06396484375
-81065 2917.06689453125
-81055 2911.137939453125
-81045 2904.784912109375
-81035 2896.197021484375
-81025 2885.7099609375
-81015 2875.614013671875
-81005 2868.95703125
-80995 2863.43408203125
-80985 2859.402099609375
-80975 2857.284912109375
-80965 2855.675048828125
-80955 2854.89599609375
-80945 2854.4560546875
-80935 2853.031982421875
-80925 2849.47509765625
-80915 2848.678955078125
-80905 2844.087890625
-80895 2839.819091796875
-80885 2837.87109375
-80875 2836.56591796875
-80865 2834.2119140625
-80855 2831.5859375
-80845 2829.7060546875
-80835 2828.7060546875
-80825 2828.197998046875
-80815 2827.927001953125
-80805 2826.1650390625
-80795 2824.217041015625
-80785 2824.2509765625
-80775 2825.318115234375
-80765 2825.876953125
-80755 2826.047119140625
-80745 2826.23291015625
-80735 2825.589111328125
-80725 2825.759033203125
-80715 2827.8759765625
-80705 2828.89306640625
-80695 2828.1640625
-80685 2826.70703125
-80675 2824.759033203125
-80665 2822.676025390625
-80655 2820.35498046875
-80645 2819.592041015625
-80635 2818.81298828125
-80625 2819.406005859375
-80615 2819.388916015625
-80605 2818.117919921875
-80595 2819.592041015625
-80585 2820.0830078125
-80575 2819.135009765625
-80565 2818.660888671875
-80555 2820.507080078125
-80545 2824.99609375
-80535 2826.402099609375
-80525 2825.06396484375
-80515 2822.235107421875
-80505 2818.373046875
-80495 2817.762939453125
-80485 2811.22412109375
-80475 2807.68310546875
-80465 2805.007080078125
-80455 2802.97412109375
-80445 2803.2451171875
-80435 2803.7529296875
-80425 2803.617919921875
-80415 2803.093017578125
-80405 2800.97509765625
-80395 2800.06005859375
-80385 2801.347900390625
-80375 2804.194091796875
-80365 2801.14404296875
-80355 2800.364990234375
-80345 2797.501953125
-80335 2791.302001953125
-80325 2783.0009765625
-80315 2778.614013671875
-80305 2773.93798828125
-80295 2769.583984375
-80285 2765.43408203125
-80275 2763.384033203125
-80265 2762.824951171875
-80255 2757.708984375
-80245 2753.965087890625
-80235 2750.492919921875
-80225 2746.173095703125
-80215 2742.4970703125
-80205 2738.56689453125
-80195 2736.177978515625
-80185 2734.906982421875
-80175 2735.178955078125
-80165 2739.294921875
-80155 2740.056884765625
-80145 2734.162109375
-80135 2729.842041015625
-80125 2730.1640625
-80115 2725.06494140625
-80105 2723.014892578125
-80095 2721.06689453125
-80085 2720.373046875
-80075 2717.0859375
-80065 2711.47900390625
-80055 2709.242919921875
-80045 2706.1259765625
-80035 2701.85693359375
-80025 2703.02587890625
-80015 2698.80810546875
-80005 2694.8779296875
-79995 2696.26611328125
-79985 2691.528076171875
-79975 2687.60205078125
-79965 2684.4130859375
-79955 2682.116943359375
-79945 2679.070068359375
-79935 2676.321044921875
-79925 2674.952880859375
-79915 2674.7080078125
-79905 2676.302001953125
-79895 2670.751953125
-79885 2671.843017578125
-79875 2671.826904296875
-79865 2671.2080078125
-79855 2668.22607421875
-79845 2663.406005859375
-79835 2660.263916015625
-79825 2656.66796875
-79815 2653.864990234375
-79805 2656.4560546875
-79795 2654.222900390625
-79785 2656.260986328125
-79775 2653.343994140625
-79765 2649.763916015625
-79755 2644.798095703125
-79745 2637.72900390625
-79735 2637.110107421875
-79725 2636.068115234375
-79715 2637.322021484375
-79705 2634.863037109375
-79695 2630.501953125
-79685 2623.64697265625
-79675 2617.701904296875
-79665 2610.260986328125
-79655 2602.365966796875
-79645 2598.798095703125
-79635 2596.35595703125
-79625 2593.947998046875
-79615 2589.14306640625
-79605 2585.510986328125
-79595 2581.506103515625
-79585 2582.35302734375
-79575 2583.52490234375
-79565 2586.618896484375
-79555 2588.361083984375
-79545 2589.95703125
-79535 2590.673095703125
-79525 2591.470947265625
-79515 2592.56201171875
-79505 2594.04296875
-79495 2596.4208984375
-79485 2598.4560546875
-79475 2602.966064453125
-79465 2608.387939453125
-79455 2610.260986328125
-79445 2605.1640625
-79435 2603.22900390625
-79425 2602.7060546875
-79415 2602.787109375
-79405 2605.06689453125
-79395 2608.843994140625
-79385 2611.9541015625
-79375 2616.10595703125
-79365 2618.971923828125
-79355 2622.618896484375
-79345 2625.85888671875
-79335 2626.02197265625
-79325 2623.905029296875
-79315 2622.2119140625
-79305 2619.00390625
-79295 2616.77392578125
-79285 2614.529052734375
-79275 2612.930908203125
-79265 2612.215087890625
-79255 2612.882080078125
-79245 2611.43310546875
-79235 2609.756103515625
-79225 2610.325927734375
-79215 2613.175048828125
-79205 2616.985107421875
-79195 2620.843994140625
-79185 2616.284912109375
-79175 2611.25390625
-79165 2605.44091796875
-79155 2596.405029296875
-79145 2590.90087890625
-79135 2582.56396484375
-79125 2563.986083984375
-79115 2552.962890625
-79105 2544.72412109375
-79095 2534.596923828125
-79085 2527.448974609375
-79075 2519.06298828125
-79065 2511.818115234375
-79055 2502.6669921875
-79045 2491.7900390625
-79035 2481.56494140625
-79025 2469.842041015625
-79015 2459.291015625
-79005 2450.319091796875
-78995 2441.1201171875
-78985 2431.26904296875
-78975 2421.48095703125
-78965 2413.43994140625
-78955 2400.916015625
-78945 2388.593017578125
-78935 2382.907958984375
-78925 2377.5859375
-78915 2370.825927734375
-78905 2365.06298828125
-78895 2360.242919921875
-78885 2349.968994140625
-78875 2341.322998046875
-78865 2333.864990234375
-78855 2326.31103515625
-78845 2319.096923828125
-78835 2309.76806640625
-78825 2301.886962890625
-78815 2295.406005859375
-78805 2286.402099609375
-78795 2278.45703125
-78785 2264.94189453125
-78775 2254.618896484375
-78765 2245.044921875
-78755 2239.281005859375
-78745 2235.830078125
-78735 2233.6640625
-78725 2232.60498046875
-78715 2232.2470703125
-78705 2227.85107421875
-78695 2222.7548828125
-78685 2218.14697265625
-78675 2210.625
-78665 2208.215087890625
-78655 2205.447021484375
-78645 2201.343994140625
-78635 2196.6220703125
-78625 2194
-78615 2192.306884765625
-78605 2188.575927734375
-78595 2184.260986328125
-78585 2178.155029296875
-78575 2174.9990234375
-78565 2173.72900390625
-78555 2172.39404296875
-78545 2170.306884765625
-78535 2168.239013671875
-78525 2166.467041015625
-78515 2163.7939453125
-78505 2160.553955078125
-78495 2157.281005859375
-78485 2153.506103515625
-78475 2149.989013671875
-78465 2145.00390625
-78455 2138.751953125
-78445 2131.134033203125
-78435 2124.279052734375
-78425 2118.137939453125
-78415 2112.30908203125
-78405 2106.466064453125
-78395 2099.235107421875
-78385 2094.202880859375
-78375 2087.64111328125
-78365 2081.095947265625
-78355 2075.446044921875
-78345 2066.44189453125
-78335 2059.73388671875
-78325 2051.56005859375
-78315 2046.447021484375
-78305 2039.4949951171875
-78295 2033.4859619140625
-78285 2027.6080322265625
-78275 2019.6949462890625
-78265 2015.135986328125
-78255 2010.2840576171875
-78245 2007.8740234375
-78235 2005.64404296875
-78225 2002.2239990234375
-78215 1994.4739990234375
-78205 1989.637939453125
-78195 1984.866943359375
-78185 1981.8389892578125
-78175 1980.958984375
-78165 1970.2130126953125
-78155 1957.93603515625
-78145 1956.9759521484375
-78135 1963.927978515625
-78125 1968.7640380859375
-78115 1968.3570556640625
-78105 1971.7440185546875
-78095 1975.5369873046875
-78085 1977.458984375
-78075 1981.2530517578125
-78065 1986.9840087890625
-78055 1992.0970458984375
-78045 1995.5159912109375
-78035 2000.612060546875
-78025 2005.708984375
-78015 2010.10498046875
-78005 2013.166015625
-77995 2016.6829833984375
-77985 2021.51904296875
-77975 2026.7939453125
-77965 2031.93994140625
-77955 2035.9119873046875
-77945 2040.748046875
-77935 2045.3719482421875
-77925 2051.722900390625
-77915 2060.613037109375
-77905 2067.532958984375
-77895 2074.89208984375
-77885 2079.58203125
-77875 2082.593994140625
-77865 2086.860107421875
-77855 2091.697998046875
-77845 2098.14404296875
-77835 2105.5029296875
-77825 2112.114013671875
-77815 2114.735107421875
-77805 2118.251953125
-77795 2127.844970703125
-77785 2134.537109375
-77775 2141.194091796875
-77765 2147.220947265625
-77755 2153.634033203125
-77745 2158.195068359375
-77735 2161.595947265625
-77725 2165.76708984375
-77715 2171.77490234375
-77705 2177.782958984375
-77695 2182.717041015625
-77685 2186.885009765625
-77675 2190.14111328125
-77665 2196.361083984375
-77655 2200.577880859375
-77645 2205.154052734375
-77635 2213.81591796875
-77625 2216.177001953125
-77615 2221.077880859375
-77605 2224.822998046875
-77595 2228.306884765625
-77585 2234.31494140625
-77575 2242.06591796875
-77565 2247.35693359375
-77555 2251.39599609375
-77545 2256.784912109375
-77535 2261.47412109375
-77525 2263.070068359375
-77515 2268.6220703125
-77505 2273.72900390625
-77495 2279.5830078125
-77485 2283.699951171875
-77475 2289.260009765625
-77465 2294.4619140625
-77455 2299.373046875
-77445 2303.2529296875
-77435 2306.320068359375
-77425 2311.99609375
-77415 2317.199951171875
-77405 2322.805908203125
-77395 2328.365966796875
-77385 2333.839111328125
-77375 2339.091064453125
-77365 2343.326904296875
-77355 2348.406982421875
-77345 2351.56201171875
-77335 2354.18798828125
-77325 2355.98388671875
-77315 2358.847900390625
-77305 2362.89697265625
-77295 2367.946044921875
-77285 2372.656982421875
-77275 2377.299072265625
-77265 2384.262939453125
-77255 2390.616943359375
-77245 2394.68310546875
-77235 2399.089111328125
-77225 2401.595947265625
-77215 2404.10400390625
-77205 2408.27197265625
-77195 2413.423095703125
-77185 2420.741943359375
-77175 2425.080078125
-77165 2431.094970703125
-77155 2436.347900390625
-77145 2436.85595703125
-77135 2440.363037109375
-77125 2443.68408203125
-77115 2448.512939453125
-77105 2457.985107421875
-77095 2463.81298828125
-77085 2469.405029296875
-77075 2475.25
-77065 2479.89306640625
-77055 2484.534912109375
-77045 2488.85595703125
-77035 2494.751953125
-77025 2501.376953125
-77015 2505.64697265625
-77005 2513.322021484375
-76995 2522.115966796875
-76985 2535.925048828125
-76975 2549.9541015625
-76965 2560.375
-76955 2570.10009765625
-76945 2581.52001953125
-76935 2592.2451171875
-76925 2601.39501953125
-76915 2608.56201171875
-76905 2618.7958984375
-76895 2625.5400390625
-76885 2618.881103515625
-76875 2609.56201171875
-76865 2600.6669921875
-76855 2592.2451171875
-76845 2583.993896484375
-76835 2576.217041015625
-76825 2569.6259765625
-76815 2560.6630859375
-76805 2553.343017578125
-76795 2543.05810546875
-76785 2536.162109375
-76775 2528.14794921875
-76765 2514.7958984375
-76755 2503.00390625
-76745 2492.02392578125
-76735 2482.636962890625
-76725 2476.1650390625
-76715 2470.97998046875
-76705 2465.81298828125
-76695 2458.7470703125
-76685 2452.3759765625
-76675 2447.76806640625
-76665 2441.363037109375
-76655 2435.48291015625
-76645 2429.43505859375
-76635 2422.132080078125
-76625 2416.52294921875
-76615 2406.205078125
-76605 2399.885009765625
-76595 2392.718017578125
-76585 2386.531005859375
-76575 2379.806884765625
-76565 2372.97900390625
-76555 2366.031982421875
-76545 2355.7470703125
-76535 2346.614013671875
-76525 2338.294921875
-76515 2334.29296875
-76505 2334.6689453125
-76495 2331.669921875
-76485 2328.027099609375
-76475 2321.673095703125
-76465 2310.388916015625
-76455 2300.070068359375
-76445 2291.27392578125
-76435 2282.75390625
-76425 2271.89306640625
-76415 2260.572021484375
-76405 2252.743896484375
-76395 2243.5439453125
-76385 2236.580078125
-76375 2229.47998046875
-76365 2221.51708984375
-76355 2215.552978515625
-76345 2209.43603515625
-76335 2201.778076171875
-76325 2194.797119140625
-76315 2188.613037109375
-76305 2182.716064453125
-76295 2179.906005859375
-76285 2180.412109375
-76275 2176.802978515625
-76265 2173.345947265625
-76255 2169.364990234375
-76245 2162.552978515625
-76235 2155.166015625
-76225 2146.677001953125
-76215 2140.136962890625
-76205 2136.493896484375
-76195 2127.93798828125
-76185 2111.1640625
-76175 2091.068115234375
-76165 2083.595947265625
-76155 2064.97509765625
-76145 2054.639892578125
-76135 2048.218017578125
-76125 2041.6610107421875
-76115 2034.155029296875
-76105 2027.2080078125
-76095 2020.85400390625
-76085 2013.822998046875
-76075 2008.4520263671875
-76065 2003.3680419921875
-76055 1999.0479736328125
-76045 1995.4219970703125
-76035 1992.72802734375
-76025 1991.81298828125
-76015 1990.4229736328125
-76005 1985.7469482421875
-75995 1982.3070068359375
-75985 1981.781982421875
-75975 1985.4759521484375
-75965 1989.0849609375
-75955 1993.083984375
-75945 1996.72705078125
-75935 2001.8270263671875
-75925 2006.842041015625
-75915 2011.739013671875
-75905 2016.7540283203125
-75895 2024.7679443359375
-75885 2030.800048828125
-75875 2047.5059814453125
-75865 2068.56689453125
-75855 2069.906005859375
-75845 2071.56591796875
-75835 2084.1220703125
-75825 2093.01708984375
-75815 2101.133056640625
-75805 2110.52001953125
-75795 2118.635009765625
-75785 2126.242919921875
-75775 2140.27197265625
-75765 2144.9150390625
-75755 2145.864013671875
-75745 2148.947998046875
-75735 2154.06494140625
-75725 2161.366943359375
-75715 2170.2119140625
-75705 2177.362060546875
-75695 2183.9189453125
-75685 2189.679931640625
-75675 2196.881103515625
-75665 2204.81103515625
-75655 2212.739990234375
-75645 2220.297119140625
-75635 2227.294921875
-75625 2234.818115234375
-75615 2242.987060546875
-75605 2250.947998046875
-75595 2258.60595703125
-75585 2265.757080078125
-75575 2269.50390625
-75565 2269.720947265625
-75555 2272.451904296875
-75545 2273.24609375
-75535 2273.97705078125
-75525 2273.3330078125
-75515 2271.1279296875
-75505 2268.501953125
-75495 2271.944091796875
-75485 2280.073974609375
-75475 2285.326904296875
-75465 2287.987060546875
-75455 2292.73095703125
-75445 2295.325927734375
-75435 2299.0849609375
-75425 2304.2890625
-75415 2309.947998046875
-75405 2315.08203125
-75395 2321.35205078125
-75385 2329.534912109375
-75375 2336.9541015625
-75365 2343.988037109375
-75355 2350.427001953125
-75345 2356.489990234375
-75335 2363.677001953125
-75325 2370.7080078125
-75315 2379.823974609375
-75305 2388.85498046875
-75295 2397.360107421875
-75285 2404.612060546875
-75275 2411.47412109375
-75265 2418.947021484375
-75255 2425.14794921875
-75245 2431.6201171875
-75235 2438.466064453125
-75225 2445.412109375
-75215 2453.30810546875
-75205 2463.219970703125
-75195 2470.7939453125
-75185 2479.537109375
-75175 2489.02490234375
-75165 2496.93798828125
-75155 2503.867919921875
-75145 2516.287109375
-75135 2524.23388671875
-75125 2538.43310546875
-75115 2548.056884765625
-75105 2557.257080078125
-75095 2568.18603515625
-75085 2579.181884765625
-75075 2585.468017578125
-75065 2594.02392578125
-75055 2599.93798828125
-75045 2603.64794921875
-75035 2604.76708984375
-75025 2605.614013671875
-75015 2606.986083984375
-75005 2611.4140625
-74995 2617.77490234375
-74985 2624.64599609375
-74975 2629.843994140625
-74965 2634.050048828125
-74955 2635.705078125
-74945 2640.027099609375
-74935 2646.56591796875
-74925 2651.964111328125
-74915 2657.06298828125
-74905 2662.708984375
-74895 2668.386962890625
-74885 2674.447021484375
-74875 2679.56298828125
-74865 2685.323974609375
-74855 2692.178955078125
-74845 2699.47998046875
-74835 2708.2880859375
-74825 2714.778076171875
-74815 2721.929931640625
-74805 2729.909912109375
-74795 2737.343994140625
-74785 2744.5458984375
-74775 2756.9140625
-74765 2766.4169921875
-74755 2781.99609375
-74745 2788.635009765625
-74735 2788.238037109375
-74725 2788.5029296875
-74715 2790.7509765625
-74705 2794.695068359375
-74695 2802.60888671875
-74685 2808.055908203125
-74675 2808.303955078125
-74665 2813.818115234375
-74655 2822.60595703125
-74645 2828.866943359375
-74635 2836.7939453125
-74625 2839.760986328125
-74615 2847.489990234375
-74605 2856.283935546875
-74595 2865.35400390625
-74585 2875.5390625
-74575 2886.032958984375
-74565 2897.39404296875
-74555 2906.778076171875
-74545 2912.39404296875
-74535 2918.35009765625
-74525 2920.60498046875
-74515 2921.301025390625
-74505 2924
-74495 2929.927001953125
-74485 2934.625
-74475 2942.52197265625
-74465 2940.172119140625
-74455 2943.9169921875
-74445 2949.906982421875
-74435 2955.866943359375
-74425 2962.43994140625
-74415 2960.3369140625
-74405 2960.303955078125
-74395 2964.326904296875
-74385 2970.552001953125
-74375 2970.205078125
-74365 2969.972900390625
-74355 2970.43603515625
-74345 2977.75390625
-74335 2988.680908203125
-74325 2978.0029296875
-74315 2965.18798828125
-74305 2962.0419921875
-74295 2958.58203125
-74285 2953.73095703125
-74275 2949.791015625
-74265 2947.672119140625
-74255 2948.64794921875
-74245 2949.094970703125
-74235 2953.18505859375
-74225 2961.56201171875
-74215 2970.006103515625
-74205 2980.98291015625
-74195 2990.883056640625
-74185 3004.574951171875
-74175 3011.511962890625
-74165 3021.991943359375
-74155 3035.3701171875
-74145 3038.614990234375
-74135 3039.360107421875
-74125 3040.617919921875
-74115 3041.612060546875
-74105 3043.16796875
-74095 3044.3759765625
-74085 3045.303955078125
-74075 3046.132080078125
-74065 3046.214111328125
-74055 3046.64501953125
-74045 3048.81396484375
-74035 3049.989013671875
-74025 3054.326904296875
-74015 3058.863037109375
-74005 3063.58203125
-73995 3066.72802734375
-73985 3068.218017578125
-73975 3068.946044921875
-73965 3074.0791015625
-73955 3075.02197265625
-73945 3076.14794921875
-73935 3078.135009765625
-73925 3068.2509765625
-73915 3065.43603515625
-73905 3050.85009765625
-73895 3042.85400390625
-73885 3030.486083984375
-73875 3018.99609375
-73865 3006.958984375
-73855 2996.511962890625
-73845 2985.718017578125
-73835 2971.049072265625
-73825 2947.906982421875
-73815 2941.531982421875
-73805 2919.22802734375
-73795 2905.52294921875
-73785 2898.384033203125
-73775 2890.98291015625
-73765 2884.427001953125
-73755 2878.43701171875
-73745 2871.16796875
-73735 2864.72509765625
-73725 2857.029052734375
-73715 2849.677978515625
-73705 2842.989990234375
-73695 2836.23095703125
-73685 2829.7119140625
-73675 2824.826904296875
-73665 2817.343994140625
-73655 2811.301025390625
-73645 2805.5400390625
-73635 2799.992919921875
-73625 2794.740966796875
-73615 2789.927001953125
-73605 2785.635009765625
-73595 2781.748046875
-73585 2778.10302734375
-73575 2774.31396484375
-73565 2771.864013671875
-73555 2770.406982421875
-73545 2769.72802734375
-73535 2771.5
-73525 2775.02587890625
-73515 2779.0830078125
-73505 2785.803955078125
-73495 2792.54296875
-73485 2805.85400390625
-73475 2814.625
-73465 2826.14892578125
-73455 2828.0390625
-73445 2822.125
-73435 2815.589111328125
-73425 2809.06298828125
-73415 2802.389892578125
-73405 2795.705078125
-73395 2789.447021484375
-73385 2783.0400390625
-73375 2776.4169921875
-73365 2769.298095703125
-73355 2762.77099609375
-73345 2753.68505859375
-73335 2740.14208984375
-73325 2716.235107421875
-73315 2690.555908203125
-73305 2679.97705078125
-73295 2672.39404296875
-73285 2664.861083984375
-73275 2660.075927734375
-73265 2654.72900390625
-73255 2646.0029296875
-73245 2638.98388671875
-73235 2636.02001953125
-73225 2631.764892578125
-73215 2627.2451171875
-73205 2623.0400390625
-73195 2616.467041015625
-73185 2609.264892578125
-73175 2607.80810546875
-73165 2606.615966796875
-73155 2603.055908203125
-73145 2599.364990234375
-73135 2595.60595703125
-73125 2591.153076171875
-73115 2586.153076171875
-73105 2582.759033203125
-73095 2580.556884765625
-73085 2577.924072265625
-73075 2575.14306640625
-73065 2575.507080078125
-73055 2574.47998046875
-73045 2573.52001953125
-73035 2571.698974609375
-73025 2568.570068359375
-73015 2564.72900390625
-73005 2561.235107421875
-72995 2557.2119140625
-72985 2552.2451171875
-72975 2548.653076171875
-72965 2542.658935546875
-72955 2536.716064453125
-72945 2532.85791015625
-72935 2527.444091796875
-72925 2524.06689453125
-72915 2522.013916015625
-72905 2521.3349609375
-72895 2515.19189453125
-72885 2507.94091796875
-72875 2503.02392578125
-72865 2498.18896484375
-72855 2492.54296875
-72845 2487.85791015625
-72835 2480.822021484375
-72825 2472.362060546875
-72815 2469
-72805 2463.968017578125
-72795 2456.9150390625
-72785 2450.158935546875
-72775 2440.721923828125
-72765 2431.533935546875
-72755 2423.950927734375
-72745 2411.468017578125
-72735 2397.593994140625
-72725 2387.047119140625
-72715 2378.007080078125
-72705 2370.9208984375
-72695 2363.4208984375
-72685 2356.319091796875
-72675 2349.513916015625
-72665 2343.470947265625
-72655 2336.73291015625
-72645 2331.236083984375
-72635 2321.616943359375
-72625 2313.470947265625
-72615 2305.7890625
-72605 2297.5439453125
-72595 2283.968017578125
-72585 2272.4609375
-72575 2262.412109375
-72565 2255.64404296875
-72555 2250.06103515625
-72545 2244.864990234375
-72535 2239.531005859375
-72525 2233.85498046875
-72515 2229.364990234375
-72505 2225.218994140625
-72495 2221.4580078125
-72485 2218.510986328125
-72475 2213.0390625
-72465 2212.31591796875
-72455 2214.27001953125
-72445 2215.402099609375
-72435 2211.2041015625
-72425 2207.886962890625
-72415 2203.904052734375
-72405 2202.533935546875
-72395 2199.387939453125
-72385 2198.801025390625
-72375 2204.381103515625
-72365 2206.763916015625
-72355 2205.1669921875
-72345 2202.923095703125
-72335 2206.3779296875
-72325 2208.450927734375
-72315 2210.489013671875
-72305 2216.069091796875
-72295 2220.94189453125
-72285 2224.528076171875
-72275 2226.294921875
-72265 2229.214111328125
-72255 2233.06689453125
-72245 2239.4208984375
-72235 2248.52392578125
-72225 2256.5380859375
-72215 2263.072021484375
-72205 2271.718017578125
-72195 2280.197021484375
-72185 2286.662109375
-72175 2296.194091796875
-72165 2302.198974609375
-72155 2309.737060546875
-72145 2319.077880859375
-72135 2326.445068359375
-72125 2333.47412109375
-72115 2339.720947265625
-72105 2348.506103515625
-72095 2358.10888671875
-72085 2362.179931640625
-72075 2367.449951171875
-72065 2371.39404296875
-72055 2376.794921875
-72045 2378.801025390625
-72035 2380.6279296875
-72025 2382.633056640625
-72015 2384.56005859375
-72005 2388.64990234375
-71995 2390.802978515625
-71985 2392.303955078125
-71975 2395.68798828125
-71965 2400.7041015625
-71955 2406.06494140625
-71945 2410.541015625
-71935 2414.81103515625
-71925 2418.0869140625
-71915 2421.573974609375
-71905 2427.341064453125
-71895 2433.568115234375
-71885 2442.007080078125
-71875 2450.864013671875
-71865 2459.998046875
-71855 2468.72412109375
-71845 2478.056884765625
-71835 2483.23095703125
-71825 2489.010009765625
-71815 2493.596923828125
-71805 2500.051025390625
-71795 2508.756103515625
-71785 2517.593017578125
-71775 2526.799072265625
-71765 2527.949951171875
-71755 2533.64990234375
-71745 2539.177978515625
-71735 2541.512939453125
-71725 2539.0390625
-71715 2543.784912109375
-71705 2548.39208984375
-71695 2553.427001953125
-71685 2555.195068359375
-71675 2555.989013671875
-71665 2558.281005859375
-71655 2558.39208984375
-71645 2562.18505859375
-71635 2571.498046875
-71625 2577.423095703125
-71615 2579.945068359375
-71605 2584.511962890625
-71595 2597.014892578125
-71585 2602.464111328125
-71575 2607.14990234375
-71565 2609.64404296875
-71555 2610.883056640625
-71545 2606.136962890625
-71535 2609.762939453125
-71525 2612.166015625
-71515 2613.364990234375
-71505 2618.548095703125
-71495 2621.5390625
-71485 2621.301025390625
-71475 2625.39892578125
-71465 2630.0458984375
-71455 2634.4541015625
-71445 2639.012939453125
-71435 2642.555908203125
-71425 2644.930908203125
-71415 2646.876953125
-71405 2650.14111328125
-71395 2675.888916015625
-71385 2699.031005859375
-71375 2696.985107421875
-71365 2702.22802734375
-71355 2716.922119140625
-71345 2714.29296875
-71335 2695.972900390625
-71325 2699.804931640625
-71315 2707.62890625
-71305 2712.943115234375
-71295 2713.160888671875
-71285 2716.72412109375
-71275 2719.0869140625
-71265 2721.589111328125
-71255 2721.429931640625
-71245 2724.181884765625
-71235 2728.134033203125
-71225 2732.35205078125
-71215 2737.467041015625
-71205 2740.762939453125
-71195 2743.5029296875
-71185 2746.410888671875
-71175 2751.26806640625
-71165 2756.35107421875
-71155 2760.589111328125
-71145 2763.8369140625
-71135 2766.677001953125
-71125 2770.469970703125
-71115 2773.985107421875
-71105 2776.217041015625
-71095 2779.882080078125
-71085 2782.721923828125
-71075 2784.43798828125
-71065 2784.85498046875
-71055 2785.748046875
-71045 2787.169921875
-71035 2789.01708984375
-71025 2791.47900390625
-71015 2793.452880859375
-71005 2795.383056640625
-70995 2797.952880859375
-70985 2800.89208984375
-70975 2803.60009765625
-70965 2807.01611328125
-70955 2810.423095703125
-70945 2813.10400390625
-70935 2816.988037109375
-70925 2821.3330078125
-70915 2825.7529296875
-70905 2830.26904296875
-70895 2832.6640625
-70885 2832.385009765625
-70875 2832.087890625
-70865 2832.902099609375
-70855 2836.488037109375
-70845 2838.4619140625
-70835 2840.991943359375
-70825 2843.9619140625
-70815 2847.45703125
-70805 2853.01708984375
-70795 2857.742919921875
-70785 2860.60302734375
-70775 2864.860107421875
-70765 2867.044921875
-70755 2868.6650390625
-70745 2870.301025390625
-70735 2872.43798828125
-70725 2874.27294921875
-70715 2877.3349609375
-70705 2880.031005859375
-70695 2882.14794921875
-70685 2884.591064453125
-70675 2887.251953125
-70665 2890.508056640625
-70655 2893.257080078125
-70645 2894.97607421875
-70635 2897.577880859375
-70625 2900.10693359375
-70615 2902.37109375
-70605 2904.2099609375
-70595 2905.885986328125
-70585 2908.718017578125
-70575 2912.37109375
-70565 2915.966064453125
-70555 2920.839111328125
-70545 2925.43798828125
-70535 2930.760009765625
-70525 2935.8310546875
-70515 2941.23193359375
-70505 2946.73291015625
-70495 2952.134033203125
-70485 2957.416015625
-70475 2962.5
-70465 2967.721923828125
-70455 2973.452880859375
-70445 2978.735107421875
-70435 2984.156005859375
-70425 2989.697021484375
-70415 2995.89208984375
-70405 3003.069091796875
-70395 3009.10498046875
-70385 3015.591064453125
-70375 3022.552978515625
-70365 3029.4990234375
-70355 3035.4560546875
-70345 3041.842041015625
-70335 3049.077880859375
-70325 3055.675048828125
-70315 3063.050048828125
-70305 3072.044921875
-70295 3080.8701171875
-70285 3091.51806640625
-70275 3102.387939453125
-70265 3113.091064453125
-70255 3121.81591796875
-70245 3133.3330078125
-70235 3146.887939453125
-70225 3161.7890625
-70215 3159.072998046875
-70205 3152.071044921875
-70195 3144.633056640625
-70185 3137.218017578125
-70175 3130.83203125
-70165 3124.27099609375
-70155 3117.804931640625
-70145 3112.097900390625
-70135 3107.281005859375
-70125 3102.110107421875
-70115 3096.81591796875
-70105 3091.256103515625
-70095 3082.570068359375
-70085 3072.18505859375
-70075 3063.447021484375
-70065 3047.2041015625
-70055 3040.181884765625
-70045 3035.7939453125
-70035 3032.239013671875
-70025 3029.053955078125
-70015 3025.964111328125
-70005 3023.24609375
-69995 3020.5029296875
-69985 3018.320068359375
-69975 3016.430908203125
-69965 3015.12109375
-69955 3012.693115234375
-69945 3009.342041015625
-69935 3004.080078125
-69925 2998.908935546875
-69915 2993.841064453125
-69905 2991.72900390625
-69895 2987.051025390625
-69885 2982.903076171875
-69875 2980.2890625
-69865 2978.20703125
-69855 2975.64990234375
-69845 2974.65087890625
-69835 2972.839111328125
-69825 2969.196044921875
-69815 2965.62890625
-69805 2963.199951171875
-69795 2960.888916015625
-69785 2958.946044921875
-69775 2957.31103515625
-69765 2956.301025390625
-69755 2955.951904296875
-69745 2956.448974609375
-69735 2958.658935546875
-69725 2960.9189453125
-69715 2963.342041015625
-69705 2966.218994140625
-69695 2969.48193359375
-69685 2974.302001953125
-69675 2979.672119140625
-69665 2985.343017578125
-69655 2993.927978515625
-69645 3001.580078125
-69635 3009.40087890625
-69625 3018.363037109375
-69615 3027.221923828125
-69605 3037.449951171875
-69595 3046.678955078125
-69585 3053.56201171875
-69575 3058.740966796875
-69565 3064.052001953125
-69555 3070.672119140625
-69545 3078.072998046875
-69535 3084.2509765625
-69525 3091.5810546875
-69515 3097.950927734375
-69505 3102.781005859375
-69495 3109.2490234375
-69485 3114.821044921875
-69475 3120.180908203125
-69465 3125.6279296875
-69455 3131.12890625
-69445 3138.431884765625
-69435 3146.2919921875
-69425 3152.279052734375
-69415 3158.489990234375
-69405 3165.470947265625
-69395 3171.157958984375
-69385 3176.72998046875
-69375 3182.72900390625
-69365 3188.7919921875
-69355 3194.070068359375
-69345 3198.5400390625
-69335 3199.572021484375
-69325 3191.4609375
-69315 3184.44189453125
-69305 3177.60888671875
-69295 3169.159912109375
-69285 3159.571044921875
-69275 3148.337890625
-69265 3138.580078125
-69255 3130.922119140625
-69245 3118.35791015625
-69235 3110.531005859375
-69225 3103.862060546875
-69215 3095.177978515625
-69205 3086.162109375
-69195 3072.839111328125
-69185 3062.451904296875
-69175 3055.112060546875
-69165 3051.929931640625
-69155 3049.883056640625
-69145 3044.451904296875
-69135 3037.319091796875
-69125 3031.281982421875
-69115 3027.113037109375
-69105 3024.422119140625
-69095 3023.2919921875
-69085 3023.281005859375
-69075 3019.133056640625
-69065 3026.47900390625
-69055 3030.031982421875
-69045 3029.56298828125
-69035 3031.173095703125
-69025 3024.208984375
-69015 3019.83203125
-69005 3014.40087890625
-68995 3014.488037109375
-68985 3018.180908203125
-68975 3024.509033203125
-68965 3029.552001953125
-68955 3032.97998046875
-68945 3036.113037109375
-68935 3038.93994140625
-68925 3041.800048828125
-68915 3043.742919921875
-68905 3036.3310546875
-68895 3033.60205078125
-68885 3023.64111328125
-68875 3018.837890625
-68865 3013.031005859375
-68855 3008.943115234375
-68845 3000.89306640625
-68835 2972.779052734375
-68825 2962.659912109375
-68815 2942.35107421875
-68805 2932.412109375
-68795 2925.02197265625
-68785 2918.510986328125
-68775 2899.72998046875
-68765 2890.7490234375
-68755 2873.490966796875
-68745 2866.5400390625
-68735 2855.611083984375
-68725 2848.570068359375
-68715 2847.218994140625
-68705 2839.72802734375
-68695 2832.47998046875
-68685 2817.219970703125
-68675 2795.218994140625
-68665 2785.929931640625
-68655 2770.527099609375
-68645 2760.669921875
-68635 2752.701904296875
-68625 2745.218994140625
-68615 2736.64990234375
-68605 2729.22705078125
-68595 2721.056884765625
-68585 2713.3720703125
-68575 2705.948974609375
-68565 2701.5009765625
-68555 2696.20703125
-68545 2688.287109375
-68535 2682.071044921875
-68525 2679.919921875
-68515 2670.800048828125
-68505 2669.02099609375
-68495 2656.031005859375
-68485 2651.451904296875
-68475 2647.991943359375
-68465 2655.922119140625
-68455 2644.248046875
-68445 2628.299072265625
-68435 2616.549072265625
-68425 2609.447998046875
-68415 2602.35302734375
-68405 2596.490966796875
-68395 2588.1669921875
-68385 2578.14111328125
-68375 2574.9970703125
-68365 2571.881103515625
-68355 2567.051025390625
-68345 2561.860107421875
-68335 2558.089111328125
-68325 2557.319091796875
-68315 2555.970947265625
-68305 2549.0009765625
-68295 2541.419921875
-68285 2533.85009765625
-68275 2528.44091796875
-68265 2523.948974609375
-68255 2520.23291015625
-68245 2515.81201171875
-68235 2510.511962890625
-68225 2507.330078125
-68215 2503.9619140625
-68205 2503.9619140625
-68195 2503.35107421875
-68185 2502.368896484375
-68175 2503.510009765625
-68165 2501.3701171875
-68155 2501.200927734375
-68145 2502.81103515625
-68135 2504.759033203125
-68125 2508.180908203125
-68115 2507.83203125
-68105 2502.9580078125
-68095 2497.510986328125
-68085 2495.7919921875
-68075 2495.02197265625
-68065 2495.14306640625
-68055 2493.6201171875
-68045 2493.2490234375
-68035 2489.64111328125
-68025 2489.35205078125
-68015 2487.89990234375
-68005 2488.139892578125
-67995 2490.218994140625
-67985 2493.860107421875
-67975 2498.138916015625
-67965 2500.949951171875
-67955 2495.748046875
-67945 2493.882080078125
-67935 2492.462890625
-67925 2494.55908203125
-67915 2495.262939453125
-67905 2493.6689453125
-67895 2490.662109375
-67885 2487.05908203125
-67875 2483.468017578125
-67865 2480.531982421875
-67855 2477.9609375
-67845 2477.279052734375
-67835 2474.52197265625
-67825 2470.908935546875
-67815 2466.18798828125
-67805 2462.94091796875
-67795 2459.612060546875
-67785 2456.39111328125
-67775 2453.951904296875
-67765 2449.91796875
-67755 2446.840087890625
-67745 2445.77001953125
-67735 2443.428955078125
-67725 2443.2490234375
-67715 2440.662109375
-67705 2435.85302734375
-67695 2429.990966796875
-67685 2424.299072265625
-67675 2421.0400390625
-67665 2416.821044921875
-67655 2413.09912109375
-67645 2410.070068359375
-67635 2407.123046875
-67625 2403.55908203125
-67615 2398.962890625
-67605 2394.52001953125
-67595 2391.360107421875
-67585 2390.469970703125
-67575 2388.571044921875
-67565 2386.383056640625
-67555 2384.449951171875
-67545 2383.59912109375
-67535 2382.34912109375
-67525 2381.47900390625
-67515 2379.4619140625
-67505 2377.073974609375
-67495 2374.904052734375
-67485 2374.367919921875
-67475 2372.04296875
-67465 2369.513916015625
-67455 2368.0439453125
-67445 2367.281005859375
-67435 2365.916015625
-67425 2365.7939453125
-67415 2368.672119140625
-67405 2365.51806640625
-67395 2362.10400390625
-67385 2360.2529296875
-67375 2359.74609375
-67365 2358.76611328125
-67355 2356.345947265625
-67345 2354.14208984375
-67335 2351.416015625
-67325 2350.052978515625
-67315 2347.0390625
-67305 2343.548095703125
-67295 2340.759033203125
-67285 2338.906005859375
-67275 2337.864990234375
-67265 2334.544921875
-67255 2331.174072265625
-67245 2327.531982421875
-67235 2324.285888671875
-67225 2320.550048828125
-67215 2316.4619140625
-67205 2314.68603515625
-67195 2309.799072265625
-67185 2304.135986328125
-67175 2298.027099609375
-67165 2291.87109375
-67155 2285.72900390625
-67145 2285.716064453125
-67135 2278.534912109375
-67125 2272.072998046875
-67115 2263.361083984375
-67105 2252.56591796875
-67095 2244.60400390625
-67085 2237.575927734375
-67075 2229.737060546875
-67065 2221.712890625
-67055 2212.847900390625
-67045 2207.780029296875
-67035 2204.549072265625
-67025 2205.131103515625
-67015 2205.865966796875
-67005 2205.742919921875
-66995 2204.533935546875
-66985 2201.822998046875
-66975 2202.926025390625
-66965 2202.052978515625
-66955 2200.199951171875
-66945 2198.990966796875
-66935 2198.485107421875
-66925 2197.198974609375
-66915 2196.096923828125
-66905 2195.48388671875
-66895 2194.91796875
-66885 2193.294921875
-66875 2192.02392578125
-66865 2190.906005859375
-66855 2190.614990234375
-66845 2190.721923828125
-66835 2190.217041015625
-66825 2190.385009765625
-66815 2189.1298828125
-66805 2189.176025390625
-66795 2189.406005859375
-66785 2189.299072265625
-66775 2190.262939453125
-66765 2191.3349609375
-66755 2192.131103515625
-66745 2192.574951171875
-66735 2193.218017578125
-66725 2193.263916015625
-66715 2193.968994140625
-66705 2194.56591796875
-66695 2194.780029296875
-66685 2195.193115234375
-66675 2193.14208984375
-66665 2193.23388671875
-66655 2192.43701171875
-66645 2191.81005859375
-66635 2191.258056640625
-66625 2191.242919921875
-66615 2191.9169921875
-66605 2192.2080078125
-66595 2192.361083984375
-66585 2193.14208984375
-66575 2190.93701171875
-66565 2193.72412109375
-66555 2192.804931640625
-66545 2192.77392578125
-66535 2193.095947265625
-66525 2194.886962890625
-66515 2198.593017578125
-66505 2204.27294921875
-66495 2209.173095703125
-66485 2215.572998046875
-66475 2222.050048828125
-66465 2228.55810546875
-66455 2235.06494140625
-66445 2242.843017578125
-66435 2249.12109375
-66425 2256.27197265625
-66415 2261.93701171875
-66405 2267.694091796875
-66395 2274.093994140625
-66385 2280.5859375
-66375 2288.840087890625
-66365 2295.714111328125
-66355 2303.98291015625
-66345 2307.534912109375
-66335 2310.52099609375
-66325 2312.8330078125
-66315 2317.531005859375
-66305 2322.001953125
-66295 2327.697998046875
-66285 2333.27392578125
-66275 2338.678955078125
-66265 2340.68505859375
-66255 2343.79296875
-66245 2344.985107421875
-66235 2346.488037109375
-66225 2347.89404296875
-66215 2346.256103515625
-66205 2346.363037109375
-66195 2347.31298828125
-66185 2348.675048828125
-66175 2346.22509765625
-66165 2343.116943359375
-66155 2342.4609375
-66145 2341.800048828125
-66135 2340.48291015625
-66125 2340.0419921875
-66115 2340.39404296875
-66105 2337.971923828125
-66095 2339.68701171875
-66085 2341.35595703125
-66075 2340.347900390625
-66065 2340.347900390625
-66055 2340.010986328125
-66045 2340.62109375
-66035 2345.844970703125
-66025 2351.8291015625
-66015 2360.344970703125
-66005 2371.075927734375
-65995 2378.8701171875
-65985 2385.866943359375
-65975 2388.945068359375
-65965 2389.986083984375
-65955 2390.76708984375
-65945 2390.445068359375
-65935 2391.9609375
-65925 2396.263916015625
-65915 2405.466064453125
-65905 2413.97900390625
-65895 2425.43310546875
-65885 2435.583984375
-65875 2442.596923828125
-65865 2435.614990234375
-65855 2430.68408203125
-65845 2428.862060546875
-65835 2434.375
-65825 2436.15087890625
-65815 2434.6201171875
-65805 2429.735107421875
-65795 2431.5419921875
-65785 2429.5048828125
-65775 2418.695068359375
-65765 2417.178955078125
-65755 2412.81591796875
-65745 2420.6708984375
-65735 2426.93310546875
-65725 2432.537109375
-65715 2440.162109375
-65705 2438.800048828125
-65695 2440.636962890625
-65685 2438.64599609375
-65675 2441.294921875
-65665 2448.385009765625
-65655 2453.972900390625
-65645 2453.912109375
-65635 2453.972900390625
-65625 2457.785888671875
-65615 2461.889892578125
-65605 2466.406005859375
-65595 2470.35693359375
-65585 2467.554931640625
-65575 2463.666015625
-65565 2463.298095703125
-65555 2471.97998046875
-65545 2455.794921875
-65535 2442.9951171875
-65525 2432.568115234375
-65515 2426.595947265625
-65505 2420.593994140625
-65495 2416.154052734375
-65485 2407.56396484375
-65475 2405.6650390625
-65465 2411.0400390625
-65455 2416.10791015625
-65445 2417.9150390625
-65435 2417.2099609375
-65425 2421.0380859375
-65415 2426.197998046875
-65405 2433.716064453125
-65395 2438.722900390625
-65385 2447.72607421875
-65375 2443.60693359375
-65365 2441.846923828125
-65355 2436.258056640625
-65345 2438.570068359375
-65335 2444.096923828125
-65325 2450.635009765625
-65315 2448.967041015625
-65305 2445.675048828125
-65295 2445.260986328125
-65285 2444.006103515625
-65275 2447.02197265625
-65265 2449.45703125
-65255 2450.758056640625
-65245 2449.14990234375
-65235 2439.993896484375
-65225 2422.98291015625
-65215 2415.43408203125
-65205 2407.748046875
-65195 2399.2958984375
-65185 2395.590087890625
-65175 2405.4970703125
-65165 2411.60595703125
-65155 2414.714111328125
-65145 2420.501953125
-65135 2424.943115234375
-65125 2418.343017578125
-65115 2417.1640625
-65105 2411.821044921875
-65095 2406.967041015625
-65085 2406.875
-65075 2403.720947265625
-65065 2406.751953125
-65055 2414.97509765625
-65045 2409.447021484375
-65035 2410.1669921875
-65025 2405.281982421875
-65015 2406.782958984375
-65005 2406.699951171875
-64995 2397.845947265625
-64985 2385.44091796875
-64975 2376.702880859375
-64965 2367.89697265625
-64955 2363.39306640625
-64945 2360.4951171875
-64935 2351.93798828125
-64925 2346.48291015625
-64915 2350.08203125
-64905 2357.530029296875
-64895 2360.156005859375
-64885 2356.760009765625
-64875 2352.843994140625
-64865 2349.10888671875
-64855 2344.06103515625
-64845 2336.7041015625
-64835 2331.610107421875
-64825 2325.701904296875
-64815 2320.56396484375
-64805 2316.760009765625
-64795 2312.43701171875
-64785 2309.51708984375
-64775 2305.510009765625
-64765 2304.513916015625
-64755 2302.52197265625
-64745 2299.39794921875
-64735 2298.26611328125
-64725 2290.955078125
-64715 2285.0009765625
-64705 2280.178955078125
-64695 2275.62890625
-64685 2274.451904296875
-64675 2273.18505859375
-64665 2278.2548828125
-64655 2278.006103515625
-64645 2276.534912109375
-64635 2273.614990234375
-64625 2270.10595703125
-64615 2264.152099609375
-64605 2259.511962890625
-64595 2252.471923828125
-64585 2245.677001953125
-64575 2239.251953125
-64565 2225.987060546875
-64555 2218.381103515625
-64545 2203.62109375
-64535 2189.56103515625
-64525 2164.14208984375
-64515 2141.864990234375
-64505 2122.89501953125
-64495 2109.06298828125
-64485 2090.39111328125
-64475 2065.14794921875
-64465 2032.7320556640625
-64455 2005.998046875
-64445 1977.4300537109375
-64435 1963.8480224609375
-64425 1972.54296875
-64415 1951.1929931640625
-64405 1944.06298828125
-64395 1942.3199462890625
-64385 1916.1290283203125
-64375 1898.720947265625
-64365 1878.43798828125
-64355 1854.6700439453125
-64345 1842.6949462890625
-64335 1834.137939453125
-64325 1822.2760009765625
-64315 1807.31298828125
-64305 1799.1190185546875
-64295 1794.342041015625
-64285 1790.9239501953125
-64275 1786.4189453125
-64265 1783.8160400390625
-64255 1782.4580078125
-64245 1775.39501953125
-64235 1776.9119873046875
-64225 1770.2559814453125
-64215 1766.884033203125
-64205 1760.22802734375
-64195 1741.3719482421875
-64185 1724.16796875
-64175 1710.404052734375
-64165 1702.2099609375
-64155 1692.906005859375
-64145 1682.3349609375
-64135 1671.7860107421875
-64125 1660.988037109375
-64115 1650.14501953125
-64105 1637.6490478515625
-64095 1627.281982421875
-64085 1617.1400146484375
-64075 1606.4560546875
-64065 1596.8580322265625
-64055 1589.4100341796875
-64045 1582.5279541015625
-64035 1575.9410400390625
-64025 1569.5799560546875
-64015 1562.56298828125
-64005 1556.0660400390625
-63995 1547.89404296875
-63985 1541.8050537109375
-63975 1535.239990234375
-63965 1527.113037109375
-63955 1521.0689697265625
-63945 1514.1419677734375
-63935 1508.008056640625
-63925 1500.718994140625
-63915 1494.0860595703125
-63905 1488.0419921875
-63895 1480.0279541015625
-63885 1472.7850341796875
-63875 1466.4010009765625
-63865 1459.7459716796875
-63855 1453.27099609375
-63845 1445.9150390625
-63835 1439.1689453125
-63825 1433.238037109375
-63815 1427.239013671875
-63805 1419.8370361328125
-63795 1413.4530029296875
-63785 1407.27294921875
-63775 1402.949951171875
-63765 1398.489990234375
-63755 1394.800048828125
-63745 1389.1639404296875
-63735 1383.7989501953125
-63725 1379.113037109375
-63715 1373.7249755859375
-63705 1368.7230224609375
-63695 1364.9200439453125
-63685 1359.758056640625
-63675 1353.4200439453125
-63665 1345.76904296875
-63655 1345.9949951171875
-63645 1345.633056640625
-63635 1348.5760498046875
-63625 1357.56298828125
-63615 1363.741943359375
-63605 1375.4010009765625
-63595 1386.2659912109375
-63585 1402.4739990234375
-63575 1418.863037109375
-63565 1442.4739990234375
-63555 1454.5389404296875
-63545 1461.8060302734375
-63535 1466.8990478515625
-63525 1473.260009765625
-63515 1480.7080078125
-63505 1487.0009765625
-63495 1492.97705078125
-63485 1497.1190185546875
-63475 1497.1190185546875
-63465 1496.3270263671875
-63455 1498.0250244140625
-63445 1503.9100341796875
-63435 1510.157958984375
-63425 1514.7989501953125
-63415 1517.220947265625
-63405 1520.593994140625
-63395 1526.22998046875
-63385 1529.85205078125
-63375 1532.9310302734375
-63365 1533.9949951171875
-63355 1535.4439697265625
-63345 1536.9599609375
-63335 1530.4859619140625
-63325 1518.782958984375
-63315 1523.0159912109375
-63305 1525.9129638671875
-63295 1528.968994140625
-63285 1533.0670166015625
-63275 1529.9429931640625
-63265 1525.0760498046875
-63255 1520.48095703125
-63245 1509.7049560546875
-63235 1507.9169921875
-63225 1507.14697265625
-63215 1498.998046875
-63205 1492.72802734375
-63195 1489.60400390625
-63185 1485.0989990234375
-63175 1481.77099609375
-63165 1479.779052734375
-63155 1477.56103515625
-63145 1475.5009765625
-63135 1475.0479736328125
-63125 1474.052001953125
-63115 1474.7989501953125
-63105 1475.6590576171875
-63095 1478.3759765625
-63085 1477.8780517578125
-63075 1478.0589599609375
-63065 1479.9599609375
-63055 1479.303955078125
-63045 1476.4739990234375
-63035 1478.4439697265625
-63025 1480.208984375
-63015 1476.927001953125
-63005 1468.801025390625
-62995 1461.3079833984375
-62985 1459.3380126953125
-62975 1456.8929443359375
-62965 1455.0150146484375
-62955 1453.362060546875
-62945 1450.623046875
-62935 1448.405029296875
-62925 1448.405029296875
-62915 1448.6309814453125
-62905 1448.5179443359375
-62895 1449.8310546875
-62885 1450.4420166015625
-62875 1450.14794921875
-62865 1451.280029296875
-62855 1452.9090576171875
-62845 1449.9210205078125
-62835 1445.3489990234375
-62825 1441.907958984375
-62815 1440.8890380859375
-62805 1441.8170166015625
-62795 1442.6319580078125
-62785 1442.927001953125
-62775 1440.7530517578125
-62765 1436.7239990234375
-62755 1434.6639404296875
-62745 1429.5030517578125
-62735 1424.635986328125
-62725 1422.123046875
-62715 1417.030029296875
-62705 1410.6009521484375
-62695 1402.9949951171875
-62685 1395.45703125
-62675 1390.5899658203125
-62665 1384.9530029296875
-62655 1380.4940185546875
-62645 1373.7030029296875
-62635 1370.64697265625
-62625 1363.675048828125
-62615 1357.3360595703125
-62605 1352.0389404296875
-62595 1346.0400390625
-62585 1340.199951171875
-62575 1334.8349609375
-62565 1329.5379638671875
-62555 1321.864013671875
-62545 1320.5059814453125
-62535 1316.884033203125
-62525 1311.3380126953125
-62515 1306.2220458984375
-62505 1301.050048828125
-62495 1295.885986328125
-62485 1292.1719970703125
-62475 1289.31396484375
-62465 1287.115966796875
-62455 1284.0250244140625
-62445 1282.64404296875
-62435 1278.7359619140625
-62425 1275.177001953125
-62415 1272.6099853515625
-62405 1269.052001953125
-62395 1266.9320068359375
-62385 1264.8330078125
-62375 1262.071044921875
-62365 1258.823974609375
-62355 1255.595947265625
-62345 1252.8929443359375
-62335 1250.928955078125
-62325 1248.5179443359375
-62315 1244.7850341796875
-62305 1243.3070068359375
-62295 1240.487060546875
-62285 1238.759033203125
-62275 1237.123046875
-62265 1234.322998046875
-62255 1232.2230224609375
-62245 1232.6710205078125
-62235 1232.2840576171875
-62225 1229.5589599609375
-62215 1228.35595703125
-62205 1226.8370361328125
-62195 1223.0059814453125
-62185 1220.656005859375
-62175 1219.02001953125
-62165 1216.7840576171875
-62155 1214.0050048828125
-62145 1211.6309814453125
-62135 1210.1920166015625
-62125 1207.4530029296875
-62115 1202.9219970703125
-62105 1199.8499755859375
-62095 1194.7740478515625
-62085 1188.9599609375
-62075 1183.76904296875
-62065 1178.8489990234375
-62055 1169.904052734375
-62045 1155.321044921875
-62035 1155.0679931640625
-62025 1163.720947265625
-62015 1175.6209716796875
-62005 1179.470947265625
-61995 1185.887939453125
-61985 1193.238037109375
-61975 1193.93798828125
-61965 1196.427001953125
-61955 1206.5579833984375
-61945 1215.3060302734375
-61935 1223.6309814453125
-61925 1232.1259765625
-61915 1240.06005859375
-61905 1259.0379638671875
-61895 1270.218994140625
-61885 1275.2159423828125
-61875 1276.907958984375
-61865 1282.3330078125
-61855 1288.322021484375
-61845 1296.9749755859375
-61835 1306.4840087890625
-61825 1316.14794921875
-61815 1328.612060546875
-61805 1339.18798828125
-61795 1353.2879638671875
-61785 1362.85498046875
-61775 1370.532958984375
-61765 1375.10498046875
-61755 1383.4840087890625
-61745 1393.634033203125
-61735 1400.4200439453125
-61725 1408.6259765625
-61715 1412.1839599609375
-61705 1413.6820068359375
-61695 1417.3370361328125
-61685 1422.761962890625
-61675 1425.095947265625
-61665 1431.39599609375
-61655 1432.85400390625
-61645 1434.9930419921875
-61635 1438.3179931640625
-61625 1439.7769775390625
-61615 1441.6240234375
-61605 1442.5570068359375
-61595 1444.26904296875
-61585 1447.14599609375
-61575 1449.383056640625
-61565 1450.802001953125
-61555 1452.240966796875
-61545 1454.885009765625
-61535 1456.8690185546875
-61525 1458.1519775390625
-61515 1457.5689697265625
-61505 1457.8800048828125
-61495 1456.383056640625
-61485 1454.7879638671875
-61475 1452.3380126953125
-61465 1448.93505859375
-61455 1446.5240478515625
-61445 1444.81298828125
-61435 1441.5849609375
-61425 1435.8489990234375
-61415 1429.529052734375
-61405 1423.053955078125
-61395 1421.4599609375
-61385 1421.322998046875
-61375 1421.071044921875
-61365 1421.031982421875
-61355 1420.9150390625
-61345 1421.18701171875
-61335 1420.9150390625
-61325 1421.635009765625
-61315 1422.529052734375
-61305 1423.636962890625
-61295 1424.93994140625
-61285 1426.3990478515625
-61275 1427.7989501953125
-61265 1428.5570068359375
-61255 1431.7650146484375
-61245 1434.156982421875
-61235 1438.1240234375
-61225 1443.762939453125
-61215 1446.5439453125
-61205 1452.4739990234375
-61195 1460.3690185546875
-61185 1469.5269775390625
-61175 1478.97802734375
-61165 1487.9219970703125
-61155 1494.0870361328125
-61145 1502.2900390625
-61135 1509.7760009765625
-61125 1518.06005859375
-61115 1525.5069580078125
-61105 1532.7989501953125
-61095 1540.5379638671875
-61085 1548.68603515625
-61075 1556.8919677734375
-61065 1563.4449462890625
-61055 1567.2359619140625
-61045 1569.1810302734375
-61035 1579.6810302734375
-61025 1588.6259765625
-61015 1596.968017578125
-61005 1606.14599609375
-60995 1612.1739501953125
-60985 1618.1240234375
-60975 1625.0830078125
-60965 1632.0269775390625
-60955 1637.4520263671875
-60945 1645.133056640625
-60935 1652.5780029296875
-60925 1661.114990234375
-60915 1670.1180419921875
-60905 1681.2979736328125
-60895 1695.4930419921875
-60885 1705.8570556640625
-60875 1714.3160400390625
-60865 1721.6080322265625
-60855 1728.550048828125
-60845 1735.239013671875
-60835 1742.68603515625
-60825 1752.3699951171875
-60815 1762.22802734375
-60805 1769.072998046875
-60795 1775.5069580078125
-60785 1782.2760009765625
-60775 1790.1319580078125
-60765 1799.113037109375
-60755 1806.949951171875
-60745 1814.7659912109375
-60735 1822.116943359375
-60725 1828.9420166015625
-60715 1837.9639892578125
-60705 1844.73095703125
-60695 1850.3900146484375
-60685 1858.343017578125
-60675 1867.7349853515625
-60665 1878.7989501953125
-60655 1889.1629638671875
-60645 1899.7220458984375
-60635 1906.8189697265625
-60625 1914.0889892578125
-60615 1922.8609619140625
-60605 1932.134033203125
-60595 1944.83203125
-60585 1948.9150390625
-60575 1955.3900146484375
-60565 1961.321044921875
-60555 1964.510009765625
-60545 1972.2490234375
-60535 1977.071044921875
-60525 1980.5909423828125
-60515 1983.6240234375
-60505 1985.8609619140625
-60495 1987.6500244140625
-60485 1991.22705078125
-60475 1994.39697265625
-60465 1996.4189453125
-60455 1999.258056640625
-60445 2003.0889892578125
-60435 2007.074951171875
-60425 2013.0250244140625
-60415 2017.73095703125
-60405 2022.3780517578125
-60395 2027.259033203125
-60385 2032.741943359375
-60375 2038.5760498046875
-60365 2045.010009765625
-60355 2052.18505859375
-60345 2059.573974609375
-60335 2064.924072265625
-60325 2069.64892578125
-60315 2073.4580078125
-60305 2077.444091796875
-60295 2081.64404296875
-60285 2086.05810546875
-60275 2090.93896484375
-60265 2095.89697265625
-60255 2101.381103515625
-60245 2106.4169921875
-60235 2113.1259765625
-60225 2121.3701171875
-60215 2130.821044921875
-60205 2136.8291015625
-60195 2142.818115234375
-60185 2149.216064453125
-60175 2155.302001953125
-60165 2162.613037109375
-60155 2170.3720703125
-60145 2177.197021484375
-60135 2183.614013671875
-60125 2190.906005859375
-60115 2196.406005859375
-60105 2202.68701171875
-60095 2209.884033203125
-60085 2217.23193359375
-60075 2223.299072265625
-60065 2228.87890625
-60055 2235.743896484375
-60045 2244.319091796875
-60035 2256.68603515625
-60025 2267.51708984375
-60015 2275.294921875
-60005 2286.669921875
-59995 2299.339111328125
-59985 2311.945068359375
-59975 2326.364013671875
-59965 2335.6640625
-59955 2345.302978515625
-59945 2352.35302734375
-59935 2362.76904296875
-59925 2370.9140625
-59915 2380.89208984375
-59905 2388.760986328125
-59895 2402.322998046875
-59885 2416.10498046875
-59875 2423.2939453125
-59865 2431.51904296875
-59855 2450.159912109375
-59845 2458.344970703125
-59835 2461.889892578125
-59825 2466.590087890625
-59815 2475.69091796875
-59805 2501.541015625
-59795 2524.68310546875
-59785 2532.72900390625
-59775 2542.2080078125
-59765 2549.955078125
-59755 2557.862060546875
-59745 2565.64794921875
-59735 2574.6298828125
-59725 2582.43701171875
-59715 2585.284912109375
-59705 2589.30810546875
-59695 2594.2470703125
-59685 2599.822998046875
-59675 2605.85693359375
-59665 2611.552978515625
-59655 2616.77099609375
-59645 2622.529052734375
-59635 2630.2958984375
-59625 2637.6650390625
-59615 2645.77001953125
-59605 2652.342041015625
-59595 2658.555908203125
-59585 2664.072021484375
-59575 2665.2080078125
-59565 2665.26708984375
-59555 2667.3779296875
-59545 2668.85205078125
-59535 2671.361083984375
-59525 2679.804931640625
-59515 2688.508056640625
-59505 2692.531005859375
-59495 2695.97705078125
-59485 2699.93994140625
-59475 2708.781982421875
-59465 2715.215087890625
-59455 2723.698974609375
-59445 2730.2109375
-59435 2738.833984375
-59425 2747.4970703125
-59415 2755.384033203125
-59405 2763.071044921875
-59395 2770.618896484375
-59385 2777.988037109375
-59375 2785.635009765625
-59365 2794.7958984375
-59355 2805.2919921875
-59345 2813.45703125
-59335 2820.18798828125
-59325 2826.93896484375
-59315 2835.802001953125
-59305 2843.552001953125
-59295 2850.260009765625
-59285 2851.076904296875
-59275 2847.3349609375
-59265 2844.405029296875
-59255 2838.550048828125
-59245 2831.5
-59235 2828.472900390625
-59225 2828.7919921875
-59215 2829.2919921875
-59205 2826.6240234375
-59195 2821.423095703125
-59185 2817.0419921875
-59175 2813.137939453125
-59165 2808.916015625
-59155 2801.547119140625
-59145 2800.7109375
-59135 2797.304931640625
-59125 2787.825927734375
-59115 2781.672119140625
-59105 2780.318115234375
-59095 2768.906005859375
-59085 2761.97607421875
-59075 2744.489990234375
-59065 2741.822021484375
-59055 2738.35595703125
-59045 2732.48095703125
-59035 2724.3359375
-59025 2717.007080078125
-59015 2709.320068359375
-59005 2698.26708984375
-58995 2687.751953125
-58985 2673.69091796875
-58975 2649.471923828125
-58965 2632.0458984375
-58955 2627.26904296875
-58945 2615.077880859375
-58935 2607.8720703125
-58925 2600.91796875
-58915 2594.2890625
-58905 2588.23193359375
-58895 2582.47705078125
-58885 2576.58203125
-58875 2570.528076171875
-58865 2563.9560546875
-58855 2558.179931640625
-58845 2553.759033203125
-58835 2547.0869140625
-58825 2541.251953125
-58815 2535.9951171875
-58805 2530.99609375
-58795 2527.012939453125
-58785 2522.23291015625
-58775 2518.408935546875
-58765 2513.927978515625
-58755 2510.384033203125
-58745 2507.833984375
-58735 2505.445068359375
-58725 2502.45703125
-58715 2499.927978515625
-58705 2498.075927734375
-58695 2495.2080078125
-58685 2490.508056640625
-58675 2490.787109375
-58665 2492.320068359375
-58655 2493.93408203125
-58645 2496.741943359375
-58635 2496.881103515625
-58625 2500.14697265625
-58615 2500.506103515625
-58605 2501.820068359375
-58595 2503.632080078125
-58585 2507.177001953125
-58575 2507.3359375
-58565 2508.551025390625
-58555 2507.735107421875
-58545 2507.077880859375
-58535 2508.013916015625
-58525 2509.74609375
-58515 2514.426025390625
-58505 2518.388916015625
-58495 2524.263916015625
-58485 2527.31201171875
-58475 2534.800048828125
-58465 2545.43408203125
-58455 2548.04296875
-58445 2550.43310546875
-58435 2552.923095703125
-58425 2554.4560546875
-58415 2558.219970703125
-58405 2563.4580078125
-58395 2565.68798828125
-58385 2570.089111328125
-58375 2571.842041015625
-58365 2572.93701171875
-58355 2573.455078125
-58345 2573.73388671875
-58335 2570.488037109375
-58325 2566.782958984375
-58315 2562.5419921875
-58305 2561.346923828125
-58295 2560.031982421875
-58285 2557.90087890625
-58275 2552.64404296875
-58265 2551.051025390625
-58255 2549.8359375
-58245 2547.7451171875
-58235 2546.72900390625
-58225 2545.3349609375
-58215 2545.673095703125
-58205 2544.657958984375
-58195 2544.81689453125
-58185 2544.51806640625
-58175 2547.325927734375
-58165 2547.904052734375
-58155 2548.958984375
-58145 2549.635986328125
-58135 2550.194091796875
-58125 2552.0458984375
-58115 2555.093017578125
-58105 2555.093017578125
-58095 2556.18896484375
-58085 2558.637939453125
-58075 2560.172119140625
-58065 2561.18701171875
-58055 2561.406005859375
-58045 2561.72509765625
-58035 2560.927978515625
-58025 2559.553955078125
-58015 2558.9970703125
-58005 2562.4619140625
-57995 2565.906982421875
-57985 2567.201904296875
-57975 2564.673095703125
-57965 2564.472900390625
-57955 2563.697021484375
-57945 2564.094970703125
-57935 2564.333984375
-57925 2567.06201171875
-57915 2568.77490234375
-57905 2571.822021484375
-57895 2573.31591796875
-57885 2576.501953125
-57875 2579.947998046875
-57865 2581.52099609375
-57855 2582.52001953125
-57845 2583.85107421875
-57835 2584.030029296875
-57825 2587.096923828125
-57815 2588.23193359375
-57805 2588.23193359375
-57795 2590.821044921875
-57785 2591.139892578125
-57775 2593.429931640625
-57765 2594.904052734375
-57755 2597.093994140625
-57745 2598.568115234375
-57735 2598.388916015625
-57725 2598.032958984375
-57715 2602.8701171875
-57705 2605.362060546875
-57695 2605.43896484375
-57685 2607.489990234375
-57675 2608.66796875
-57665 2610.178955078125
-57655 2611.990966796875
-57645 2610.596923828125
-57635 2615.041015625
-57625 2617.80908203125
-57615 2619.222900390625
-57605 2623.1669921875
-57595 2623.007080078125
-57585 2626.969970703125
-57575 2628.541015625
-57565 2631.787109375
-57555 2634.675048828125
-57545 2635.195068359375
-57535 2635.513916015625
-57525 2637.625
-57515 2641.60791015625
-57505 2644.18603515625
-57495 2646.8369140625
-57485 2650.886962890625
-57475 2654.66796875
-57465 2656.299072265625
-57455 2654.096923828125
-57445 2653.089111328125
-57435 2653.0380859375
-57425 2649.844970703125
-57415 2651.425048828125
-57405 2655.257080078125
-57395 2660.180908203125
-57385 2660.701904296875
-57375 2656.383056640625
-57365 2655.862060546875
-57355 2655.5419921875
-57345 2659.089111328125
-57335 2663.3740234375
-57325 2666.919921875
-57315 2668.48291015625
-57305 2666.886962890625
-57295 2666.5
-57285 2665.7099609375
-57275 2665.827880859375
-57265 2668.248046875
-57255 2669.306884765625
-57245 2670.66796875
-57235 2672.76904296875
-57225 2675.00390625
-57215 2679.4580078125
-57205 2685.424072265625
-57195 2691.0380859375
-57185 2695.406982421875
-57175 2692.264892578125
-57165 2687.777099609375
-57155 2684.802001953125
-57145 2683.5419921875
-57135 2680.466064453125
-57125 2677.222900390625
-57115 2673.256103515625
-57105 2668.467041015625
-57095 2664.197998046875
-57085 2660.551025390625
-57075 2658.736083984375
-57065 2655.72705078125
-57055 2656.14697265625
-57045 2656.39990234375
-57035 2653.89501953125
-57025 2651.827880859375
-57015 2651.173095703125
-57005 2650.5
-56995 2649.87890625
-56985 2648.970947265625
-56975 2649.2060546875
-56965 2651.99609375
-56955 2654.096923828125
-56945 2656.030029296875
-56935 2658.365966796875
-56925 2659.491943359375
-56915 2660.51708984375
-56905 2661.509033203125
-56895 2662.736083984375
-56885 2663.575927734375
-56875 2665.27294921875
-56865 2667.087890625
-56855 2670.904052734375
-56845 2670.988037109375
-56835 2671.341064453125
-56825 2672.34912109375
-56815 2672.68505859375
-56805 2671.425048828125
-56795 2672.8359375
-56785 2674.85302734375
-56775 2678.533935546875
-56765 2681.760009765625
-56755 2684.65087890625
-56745 2689.306884765625
-56735 2693.927978515625
-56725 2697.27294921875
-56715 2700.197021484375
-56705 2703.137939453125
-56695 2705.760009765625
-56685 2709.658935546875
-56675 2713.945068359375
-56665 2718.197021484375
-56655 2722.550048828125
-56645 2726.68408203125
-56635 2730.885986328125
-56625 2738.48193359375
-56615 2744.903076171875
-56605 2750.64990234375
-56595 2756.465087890625
-56585 2763.2548828125
-56575 2771.35595703125
-56565 2783.741943359375
-56555 2789.909912109375
-56545 2797.0029296875
-56535 2804.818115234375
-56525 2811.52294921875
-56515 2818.498046875
-56505 2825.2041015625
-56495 2833.489990234375
-56485 2845.2041015625
-56475 2855.60693359375
-56465 2865.824951171875
-56455 2882.464111328125
-56445 2896.294921875
-56435 2907.72412109375
-56425 2915.739990234375
-56415 2923.823974609375
-56405 2932.512939453125
-56395 2939.841064453125
-56385 2946.56298828125
-56375 2953.251953125
-56365 2960.530029296875
-56355 2967.117919921875
-56345 2972.98291015625
-56335 2979.85693359375
-56325 2986.193115234375
-56315 2990.73095703125
-56305 2995.3359375
-56295 2998.798095703125
-56285 3002.193115234375
-56275 3005.50390625
-56265 3008.98291015625
-56255 3012.343994140625
-56245 3017.134033203125
-56235 3021.85595703125
-56225 3026.31005859375
-56215 3030.041015625
-56205 3034.5791015625
-56195 3026.6298828125
-56185 3016.6630859375
-56175 3007.9580078125
-56165 2995.60498046875
-56155 2978.64697265625
-56145 2966.428955078125
-56135 2956.883056640625
-56125 2947.7060546875
-56115 2937.117919921875
-56105 2927.722900390625
-56095 2918.81591796875
-56085 2910.177001953125
-56075 2901.673095703125
-56065 2893.60595703125
-56055 2884.076904296875
-56045 2875.069091796875
-56035 2873.69091796875
-56025 2874.126953125
-56015 2873.43798828125
-56005 2873.77490234375
-55995 2872.195068359375
-55985 2868.1279296875
-55975 2856.884033203125
-55965 2848.177978515625
-55955 2833.556884765625
-55945 2814.364013671875
-55935 2800.364013671875
-55925 2790.262939453125
-55915 2783.843017578125
-55905 2776.028076171875
-55895 2769.541015625
-55885 2757.205078125
-55875 2745.0869140625
-55865 2729.45703125
-55855 2709.742919921875
-55845 2698.66796875
-55835 2688.885986328125
-55825 2681.239990234375
-55815 2674.197998046875
-55805 2666.8359375
-55795 2661.72705078125
-55785 2656.416015625
-55775 2650.4169921875
-55765 2643.593017578125
-55755 2637.794921875
-55745 2632.718994140625
-55735 2628.43408203125
-55725 2623.97998046875
-55715 2621.64404296875
-55705 2620.93798828125
-55695 2611.30810546875
-55685 2604.3330078125
-55675 2597.97998046875
-55665 2593.408935546875
-55655 2596.198974609375
-55645 2589.9130859375
-55635 2590.3330078125
-55625 2586.93798828125
-55615 2584.787109375
-55605 2584.4169921875
-55595 2568.635986328125
-55585 2566.23291015625
-55575 2568.93798828125
-55565 2570.569091796875
-55555 2564.51904296875
-55545 2561.258056640625
-55535 2552.333984375
-55525 2543.30908203125
-55515 2533.35888671875
-55505 2520.014892578125
-55495 2509.594970703125
-55485 2501.493896484375
-55475 2494.906005859375
-55465 2488.535888671875
-55455 2480.18408203125
-55445 2472.889892578125
-55435 2465.410888671875
-55425 2452.368896484375
-55415 2434.77197265625
-55405 2411.781005859375
-55395 2399.595947265625
-55385 2387.798095703125
-55375 2376.925048828125
-55365 2372.033935546875
-55355 2369.344970703125
-55345 2363.2099609375
-55335 2357.31103515625
-55325 2350.907958984375
-55315 2344.2529296875
-55305 2338.051025390625
-55295 2332.0009765625
-55285 2327.02587890625
-55275 2320.5048828125
-55265 2312.656005859375
-55255 2305.968017578125
-55245 2299.195068359375
-55235 2292.135986328125
-55225 2284.926025390625
-55215 2277.093994140625
-55205 2270.0859375
-55195 2263.2451171875
-55185 2256.80908203125
-55175 2251.345947265625
-55165 2248.25390625
-55155 2243.73291015625
-55145 2238.8759765625
-55135 2235.24609375
-55125 2233.111083984375
-55115 2227.783935546875
-55105 2224.154052734375
-55095 2220.070068359375
-55085 2216.72509765625
-55075 2212.304931640625
-55065 2208.825927734375
-55055 2206.070068359375
-55045 2203.885009765625
-55035 2200.0869140625
-55025 2196.339111328125
-55015 2192.741943359375
-55005 2190.787109375
-54995 2188.237060546875
-54985 2187.94189453125
-54975 2184.117919921875
-54965 2181.131103515625
-54955 2179.116943359375
-54945 2177.837890625
-54935 2176.626953125
-54925 2174.10302734375
-54915 2172.763916015625
-54905 2172.930908203125
-54895 2172.177978515625
-54885 2171.06103515625
-54875 2170.072021484375
-54865 2169.616943359375
-54855 2169.5419921875
-54845 2169.507080078125
-54835 2167.875
-54825 2164.820068359375
-54815 2162.345947265625
-54805 2158.39111328125
-54795 2154.75
-54785 2148.486083984375
-54775 2142.48095703125
-54765 2135.888916015625
-54755 2123.6220703125
-54745 2111.97998046875
-54735 2102.45703125
-54725 2093.302001953125
-54715 2080.193115234375
-54705 2067.907958984375
-54695 2063.111083984375
-54685 2057.947998046875
-54675 2047.4019775390625
-54665 2035.3179931640625
-54655 2024.6619873046875
-54645 2017.9610595703125
-54635 2010.2889404296875
-54625 1995.531982421875
-54615 1986.39599609375
-54605 1978.4320068359375
-54595 1974.0379638671875
-54585 1968.8740234375
-54575 1960.323974609375
-54565 1951.553955078125
-54555 1947.8189697265625
-54545 1941.6490478515625
-54535 1943.0589599609375
-54525 1943.3699951171875
-54515 1943.241943359375
-54505 1940.385009765625
-54495 1936.925048828125
-54485 1932.1829833984375
-54475 1925.3360595703125
-54465 1909.551025390625
-54455 1890.75
-54445 1888.2779541015625
-54435 1873.52099609375
-54425 1857.9010009765625
-54415 1843.0889892578125
-54405 1826.1719970703125
-54395 1815.094970703125
-54385 1805.1710205078125
-54375 1797.95703125
-54365 1790.8170166015625
-54355 1794.2039794921875
-54345 1793.1419677734375
-54335 1783.530029296875
-54325 1775.4549560546875
-54315 1766.52099609375
-54305 1752.6240234375
-54295 1744.7879638671875
-54285 1714.2669677734375
-54275 1699.748046875
-54265 1694.0899658203125
-54255 1695.592041015625
-54245 1691.782958984375
-54235 1684.093017578125
-54225 1678.1610107421875
-54215 1674.114990234375
-54205 1670.655029296875
-54195 1667.3590087890625
-54185 1664.155029296875
-54175 1661.4639892578125
-54165 1658.9000244140625
-54155 1656.97802734375
-54145 1654.9090576171875
-54135 1653.2239990234375
-54125 1652.5469970703125
-54115 1651.1739501953125
-54105 1649.7640380859375
-54095 1648.64697265625
-54085 1647.072998046875
-54075 1645.0589599609375
-54065 1640.5179443359375
-54055 1637.6070556640625
-54045 1637.1669921875
-54035 1636.9840087890625
-54025 1636.7459716796875
-54015 1636.56298828125
-54005 1636.343994140625
-53995 1636.0689697265625
-53985 1635.81298828125
-53975 1635.262939453125
-53965 1634.7869873046875
-53955 1635.135009765625
-53945 1635.7760009765625
-53935 1635.81298828125
-53925 1636.1240234375
-53915 1636.1600341796875
-53905 1639.199951171875
-53895 1639.7669677734375
-53885 1640.0240478515625
-53875 1640.3170166015625
-53865 1640.64599609375
-53855 1641.1219482421875
-53845 1642.0379638671875
-53835 1645.114013671875
-53825 1651.594970703125
-53815 1658.3690185546875
-53805 1664.906005859375
-53795 1669.7939453125
-53785 1677.06298828125
-53775 1684.5689697265625
-53765 1691.3070068359375
-53755 1700.041015625
-53745 1714.322021484375
-53735 1724.281982421875
-53725 1730.1590576171875
-53715 1744.916015625
-53705 1754.637939453125
-53695 1763.884033203125
-53685 1771.573974609375
-53675 1778.623046875
-53665 1787.7960205078125
-53655 1795.3759765625
-53645 1805.0999755859375
-53635 1813.593017578125
-53625 1825.1280517578125
-53615 1837.4859619140625
-53605 1848.0350341796875
-53595 1863.760009765625
-53585 1873.9239501953125
-53575 1884.97998046875
-53565 1901.113037109375
-53555 1922.3330078125
-53545 1933.6300048828125
-53535 1946.3360595703125
-53525 1953.5860595703125
-53515 1960.635009765625
-53505 1967.885986328125
-53495 1975.5570068359375
-53485 1984.27197265625
-53475 1998.2049560546875
-53465 2006.0780029296875
-53455 2012.156982421875
-53445 2018.968017578125
-53435 2027.20703125
-53425 2037.7159423828125
-53415 2047.4930419921875
-53405 2058.424072265625
-53395 2068.787109375
-53385 2079.51611328125
-53375 2087.241943359375
-53365 2093.797119140625
-53355 2102.384033203125
-53345 2110.696044921875
-53335 2117.196044921875
-53325 2123.1279296875
-53315 2134.114013671875
-53305 2143.72802734375
-53295 2152.260009765625
-53285 2160.4990234375
-53275 2169.302978515625
-53265 2178.64111328125
-53255 2189.04296875
-53245 2198.985107421875
-53235 2210.2451171875
-53225 2219.509033203125
-53215 2224.138916015625
-53205 2228.60888671875
-53195 2234.4130859375
-53185 2242.10205078125
-53175 2249.35302734375
-53165 2256.73095703125
-53155 2265.0439453125
-53145 2274.070068359375
-53135 2282.656982421875
-53125 2290.31005859375
-53115 2297.652099609375
-53105 2305.360107421875
-53095 2313.196044921875
-53085 2320.885986328125
-53075 2328.886962890625
-53065 2336.55908203125
-53055 2343.552978515625
-53045 2351.02294921875
-53035 2357.9990234375
-53025 2365.596923828125
-53015 2372.553955078125
-53005 2379.841064453125
-52995 2385.864990234375
-52985 2393.134033203125
-52975 2403.863037109375
-52965 2412.9619140625
-52955 2418.364013671875
-52945 2421.238037109375
-52935 2422.68408203125
-52925 2424.35107421875
-52915 2427.154052734375
-52905 2430.319091796875
-52895 2432.719970703125
-52885 2434.402099609375
-52875 2435.64697265625
-52865 2439.364013671875
-52855 2443.593017578125
-52845 2447.327880859375
-52835 2449.30810546875
-52825 2452.804931640625
-52815 2456.7939453125
-52805 2462.25
-52795 2465.39892578125
-52785 2467.98095703125
-52775 2471.660888671875
-52765 2476.0390625
-52755 2479.259033203125
-52745 2485.2490234375
-52735 2490.64990234375
-52725 2494.60400390625
-52715 2498.02587890625
-52705 2500.9580078125
-52695 2503.282958984375
-52685 2505.93798828125
-52675 2508.373046875
-52665 2512.803955078125
-52655 2516.261962890625
-52645 2521.115966796875
-52635 2525.30908203125
-52625 2528.31201171875
-52615 2535.323974609375
-52605 2542.333984375
-52595 2549.31201171875
-52585 2556.2509765625
-52575 2566.175048828125
-52565 2575.787109375
-52555 2586.498046875
-52545 2598.306884765625
-52535 2610.830078125
-52525 2624.43408203125
-52515 2638.916015625
-52505 2642.541015625
-52495 2643.073974609375
-52485 2644.987060546875
-52475 2645.31005859375
-52465 2646.2041015625
-52455 2647.583984375
-52445 2651.656005859375
-52435 2655.6630859375
-52425 2659.532958984375
-52415 2665.1220703125
-52405 2672.10498046875
-52395 2677.02392578125
-52385 2679.758056640625
-52375 2688.362060546875
-52365 2690.833984375
-52355 2693.01904296875
-52345 2695.10009765625
-52335 2700.241943359375
-52325 2704.9541015625
-52315 2707.7919921875
-52305 2711.593017578125
-52295 2714.654052734375
-52285 2721.98095703125
-52275 2732.27001953125
-52265 2741.139892578125
-52255 2749.055908203125
-52245 2757.965087890625
-52235 2766.2890625
-52225 2775.81689453125
-52215 2782.301025390625
-52205 2790.694091796875
-52195 2797.259033203125
-52185 2797.070068359375
-52175 2792.375
-52165 2786.698974609375
-52155 2781.90087890625
-52145 2777.756103515625
-52135 2773.56396484375
-52125 2768.554931640625
-52115 2764.323974609375
-52105 2759.593994140625
-52095 2747.950927734375
-52085 2739.699951171875
-52075 2732.44189453125
-52065 2719.801025390625
-52055 2710.427978515625
-52045 2704.764892578125
-52035 2699.864013671875
-52025 2696.114013671875
-52015 2693.0009765625
-52005 2689.029052734375
-51995 2685.949951171875
-51985 2684.160888671875
-51975 2684.56103515625
-51965 2682.738037109375
-51955 2680.60107421875
-51945 2677.84912109375
-51935 2677.178955078125
-51925 2675.9580078125
-51915 2674.615966796875
-51905 2674.64990234375
-51895 2673.154052734375
-51885 2670.075927734375
-51875 2667.1689453125
-51865 2664.10791015625
-51855 2662.611083984375
-51845 2662.319091796875
-51835 2662.52490234375
-51825 2664.072998046875
-51815 2665.48388671875
-51805 2666.10302734375
-51795 2668.0458984375
-51785 2671.657958984375
-51775 2676.56005859375
-51765 2680.412109375
-51755 2685.3349609375
-51745 2690.283935546875
-51735 2696.132080078125
-51725 2706.571044921875
-51715 2721.6240234375
-51705 2728.177001953125
-51695 2729.445068359375
-51685 2731.612060546875
-51675 2732.72998046875
-51665 2733.14306640625
-51655 2731.095947265625
-51645 2724.75
-51635 2716.64892578125
-51625 2711.833984375
-51615 2706.1240234375
-51605 2700.430908203125
-51595 2694.806884765625
-51585 2690.989013671875
-51575 2687.205078125
-51565 2683.714111328125
-51555 2683.593994140625
-51545 2681.259033203125
-51535 2679.138916015625
-51525 2681.18603515625
-51515 2684.093017578125
-51505 2683.782958984375
-51495 2683.958984375
-51485 2685.02099609375
-51475 2689.35498046875
-51465 2692.696044921875
-51455 2707.052978515625
-51445 2709.843017578125
-51435 2714.052001953125
-51425 2718.93701171875
-51415 2724.783935546875
-51405 2730.791015625
-51395 2736.673095703125
-51385 2741.866943359375
-51375 2748.759033203125
-51365 2765.7900390625
-51355 2770.1201171875
-51345 2779.73388671875
-51335 2796.60595703125
-51325 2801.958984375
-51315 2808.18505859375
-51305 2815.4599609375
-51295 2822.696044921875
-51285 2828.320068359375
-51275 2832.739990234375
-51265 2830.72802734375
-51255 2833.324951171875
-51245 2850.287109375
-51235 2858.7099609375
-51225 2865.833984375
-51215 2872.180908203125
-51205 2878.884033203125
-51195 2884.6669921875
-51185 2889.672119140625
-51175 2893.55908203125
-51165 2896.97705078125
-51155 2900.364990234375
-51145 2904.221923828125
-51135 2908.31494140625
-51125 2912.04296875
-51115 2915.41796875
-51105 2918.18701171875
-51095 2919.201904296875
-51085 2916.760009765625
-51075 2897.68603515625
-51065 2871.093017578125
-51055 2858.216064453125
-51045 2846.757080078125
-51035 2833.4150390625
-51025 2823.3369140625
-51015 2814.427978515625
-51005 2806.219970703125
-50995 2798.97900390625
-50985 2791.10205078125
-50975 2783.655029296875
-50965 2775.52001953125
-50955 2769.2080078125
-50945 2761.697021484375
-50935 2753.6650390625
-50925 2745.612060546875
-50915 2737.699951171875
-50905 2729.2041015625
-50895 2719.7451171875
-50885 2708.635009765625
-50875 2696.7509765625
-50865 2684.74609375
-50855 2672.843994140625
-50845 2665.62109375
-50835 2657.31396484375
-50825 2646.56494140625
-50815 2635.008056640625
-50805 2623.02001953125
-50795 2613.320068359375
-50785 2603.465087890625
-50775 2589.10400390625
-50765 2574.0390625
-50755 2556.117919921875
-50745 2547.72509765625
-50735 2539.24609375
-50725 2531.970947265625
-50715 2525.81298828125
-50705 2518.073974609375
-50695 2510.764892578125
-50685 2503.970947265625
-50675 2497.298095703125
-50665 2491.072998046875
-50655 2484.675048828125
-50645 2475.386962890625
-50635 2456.916015625
-50625 2442.554931640625
-50615 2435.02197265625
-50605 2427.712890625
-50595 2421.14306640625
-50585 2416.20703125
-50575 2410.805908203125
-50565 2404.012939453125
-50555 2397.992919921875
-50545 2390.6669921875
-50535 2385.093994140625
-50525 2377.698974609375
-50515 2369.547119140625
-50505 2361.635009765625
-50495 2354.10302734375
-50485 2345.451904296875
-50475 2337.1279296875
-50465 2330.093017578125
-50455 2323.008056640625
-50445 2316.626953125
-50435 2310.40087890625
-50425 2303.864990234375
-50415 2297.22705078125
-50405 2291.12109375
-50395 2287.2509765625
-50385 2283.674072265625
-50375 2282.74609375
-50365 2281.593017578125
-50355 2280.76806640625
-50345 2276.382080078125
-50335 2275.83203125
-50325 2277.758056640625
-50315 2280.06298828125
-50305 2281.3701171875
-50295 2284.430908203125
-50285 2283.81201171875
-50275 2286.18505859375
-50265 2290.10595703125
-50255 2296.177978515625
-50245 2302.748046875
-50235 2307.85498046875
-50225 2313.531005859375
-50215 2320.5830078125
-50205 2327.719970703125
-50195 2335.2529296875
-50185 2342.924072265625
-50175 2350.3359375
-50165 2357.714111328125
-50155 2365.93505859375
-50145 2373.31298828125
-50135 2380.553955078125
-50125 2387.346923828125
-50115 2395.070068359375
-50105 2407.40087890625
-50095 2424.3759765625
-50085 2430.0859375
-50075 2434.8330078125
-50065 2444.343994140625
-50055 2464.241943359375
-50045 2487.25390625
-50035 2488.6650390625
-50025 2513.912109375
-50015 2527.034912109375
-50005 2536.18310546875
-49995 2540.35302734375
-49985 2547.4990234375
-49975 2556.842041015625
-49965 2564.72607421875
-49955 2570.875
-49945 2575.490966796875
-49935 2578.6298828125
-49925 2582.4150390625
-49915 2586.60693359375
-49905 2591.112060546875
-49895 2596.614990234375
-49885 2601.39697265625
-49875 2607.323974609375
-49865 2610.759033203125
-49855 2615.52197265625
-49845 2621.080078125
-49835 2626.637939453125
-49825 2632.62109375
-49815 2647.947021484375
-49805 2657.5849609375
-49795 2665.635986328125
-49785 2670.864990234375
-49775 2675.181884765625
-49765 2679.3740234375
-49755 2684.322021484375
-49745 2690.06494140625
-49735 2696.45703125
-49725 2702.10400390625
-49715 2710.35693359375
-49705 2718.906005859375
-49695 2726.425048828125
-49685 2732.537109375
-49675 2737.85400390625
-49665 2742.322998046875
-49655 2747.73291015625
-49645 2753.031982421875
-49635 2758.830078125
-49625 2765.64404296875
-49615 2772.697021484375
-49605 2780.37890625
-49595 2789.333984375
-49585 2796.923095703125
-49575 2805.43505859375
-49565 2834.18505859375
-49555 2844.39599609375
-49545 2853.239990234375
-49535 2861.032958984375
-49525 2869.544921875
-49515 2876.89404296875
-49505 2885.7939453125
-49495 2897.389892578125
-49485 2903.22509765625
-49475 2854.7548828125
-49465 2835.238037109375
-49455 2815.6279296875
-49445 2808.407958984375
-49435 2798.363037109375
-49425 2786.06591796875
-49415 2776.7041015625
-49405 2767.9150390625
-49395 2759.551025390625
-49385 2752.257080078125
-49375 2745.277099609375
-49365 2738.8701171875
-49355 2731.798095703125
-49345 2724.596923828125
-49335 2715.93701171875
-49325 2708.4560546875
-49315 2701.5869140625
-49305 2692.7451171875
-49295 2685.008056640625
-49285 2678.782958984375
-49275 2673.631103515625
-49265 2665.949951171875
-49255 2659.321044921875
-49245 2652.60009765625
-49235 2646.488037109375
-49225 2640.430908203125
-49215 2634.614990234375
-49205 2628.576904296875
-49195 2622.593994140625
-49185 2616.85205078125
-49175 2610.777099609375
-49165 2604.701904296875
-49155 2599.679931640625
-49145 2594.638916015625
-49135 2590.3740234375
-49125 2586.01611328125
-49115 2580.125
-49105 2574.863037109375
-49095 2571.318115234375
-49085 2565.945068359375
-49075 2562.89794921875
-49065 2559.16796875
-49055 2556.951904296875
-49045 2554.1640625
-49035 2551.283935546875
-49025 2548.2548828125
-49015 2544.7099609375
-49005 2543.56494140625
-48995 2543.73193359375
-48985 2543.971923828125
-48975 2542.697998046875
-48965 2543.324951171875
-48955 2544.802001953125
-48945 2546.68603515625
-48935 2545.781005859375
-48925 2542.10693359375
-48915 2541.1279296875
-48905 2542.882080078125
-48895 2543.158935546875
-48885 2542.346923828125
-48875 2541.01708984375
-48865 2538.174072265625
-48855 2533.575927734375
-48845 2531.26806640625
-48835 2527.5380859375
-48825 2521.68505859375
-48815 2517.91796875
-48805 2516.64404296875
-48795 2515.093017578125
-48785 2514.133056640625
-48775 2514.85302734375
-48765 2517.30908203125
-48755 2519.89404296875
-48745 2522.552001953125
-48735 2525.839111328125
-48725 2528.866943359375
-48715 2530.9169921875
-48705 2533.18798828125
-48695 2534.85009765625
-48685 2535.238037109375
-48675 2535.181884765625
-48665 2531.360107421875
-48655 2537.694091796875
-48645 2536.863037109375
-48635 2538.54296875
-48625 2543.787109375
-48615 2545.301025390625
-48605 2549.011962890625
-48595 2553.720947265625
-48585 2555.43798828125
-48575 2555.47509765625
-48565 2551.0439453125
-48555 2555.10595703125
-48545 2559.537109375
-48535 2566.94189453125
-48525 2582.303955078125
-48515 2588.343017578125
-48505 2597.5380859375
-48495 2604.425048828125
-48485 2605.698974609375
-48475 2606.64111328125
-48465 2610.925048828125
-48455 2615.39306640625
-48445 2621.72705078125
-48435 2627.72802734375
-48425 2634.375
-48415 2641.35498046875
-48405 2648.131103515625
-48395 2653.762939453125
-48385 2659.4130859375
-48375 2665.673095703125
-48365 2665.673095703125
-48355 2664.89697265625
-48345 2663.5859375
-48335 2661.927001953125
-48325 2658.156982421875
-48315 2660.48388671875
-48305 2666.429931640625
-48295 2672.947998046875
-48285 2679.152099609375
-48275 2685.541015625
-48265 2691.781982421875
-48255 2698.0439453125
-48245 2704.22998046875
-48235 2709.25
-48225 2714.532958984375
-48215 2724.06103515625
-48205 2733.7919921875
-48195 2754.75
-48185 2789.333984375
-48175 2797.089111328125
-48165 2805.048095703125
-48155 2816.330078125
-48145 2825.654052734375
-48135 2835.93896484375
-48125 2846.962890625
-48115 2865.1689453125
-48105 2872.055908203125
-48095 2881.2509765625
-48085 2891.51806640625
-48075 2903.35400390625
-48065 2915.9130859375
-48055 2935.50390625
-48045 2978.452880859375
-48035 2982.93994140625
-48025 2986.3740234375
-48015 2991.175048828125
-48005 2998.0810546875
-47995 3002.7529296875
-47985 3006.001953125
-47975 3011.486083984375
-47965 3017.68994140625
-47955 3023.3779296875
-47945 3028.5849609375
-47935 3033.625
-47925 3039.51611328125
-47915 3045.68310546875
-47905 3052.680908203125
-47895 3059.80908203125
-47885 3067.43505859375
-47875 3071.718017578125
-47865 3057.573974609375
-47855 3047.382080078125
-47845 3036.302978515625
-47835 3025.944091796875
-47825 3015.863037109375
-47815 3005.70703125
-47805 2995.827880859375
-47795 2986.301025390625
-47785 2976.75390625
-47775 2967.576904296875
-47765 2958.30810546875
-47755 2949.131103515625
-47745 2940.636962890625
-47735 2931.423095703125
-47725 2922.800048828125
-47715 2914.302978515625
-47705 2905.553955078125
-47695 2892.886962890625
-47685 2877.5400390625
-47675 2869.843994140625
-47665 2864.18994140625
-47655 2853.111083984375
-47645 2827.887939453125
-47635 2804.1240234375
-47625 2790.904052734375
-47615 2783.278076171875
-47605 2776.14990234375
-47595 2768.56103515625
-47585 2760.62109375
-47575 2751.37109375
-47565 2736.02587890625
-47555 2724.154052734375
-47545 2716.471923828125
-47535 2708.95703125
-47525 2699.6689453125
-47515 2686.574951171875
-47505 2679.89111328125
-47495 2673.465087890625
-47485 2666.381103515625
-47475 2659.367919921875
-47465 2653.281982421875
-47455 2647.31396484375
-47445 2642.0048828125
-47435 2635.7900390625
-47425 2629.950927734375
-47415 2624.7939453125
-47405 2623.06689453125
-47395 2621.77490234375
-47385 2621.574951171875
-47375 2621.657958984375
-47365 2621.574951171875
-47355 2621.634033203125
-47345 2624.406005859375
-47335 2620.552978515625
-47325 2616.5
-47315 2617.652099609375
-47305 2620.85888671875
-47295 2622.77392578125
-47285 2623.373046875
-47275 2626.9208984375
-47265 2630.138916015625
-47255 2633.006103515625
-47245 2636.376953125
-47235 2635.214111328125
-47225 2635.824951171875
-47215 2635.73095703125
-47205 2635.696044921875
-47195 2634.498046875
-47185 2632.887939453125
-47175 2632.159912109375
-47165 2633.169921875
-47155 2635.56689453125
-47145 2636.777099609375
-47135 2636.6240234375
-47125 2637.680908203125
-47115 2637.2109375
-47105 2636.777099609375
-47095 2635.696044921875
-47085 2635.178955078125
-47075 2633.7109375
-47065 2633.652099609375
-47055 2633.428955078125
-47045 2630.739013671875
-47035 2630.85595703125
-47025 2630.551025390625
-47015 2630.339111328125
-47005 2629.2470703125
-46995 2629.341064453125
-46985 2627.718994140625
-46975 2625.14697265625
-46965 2622.43310546875
-46955 2619.448974609375
-46945 2619.19091796875
-46935 2619.8369140625
-46925 2622.797119140625
-46915 2625.52294921875
-46905 2629.845947265625
-46895 2636.330078125
-46885 2641.722900390625
-46875 2647.091064453125
-46865 2654.528076171875
-46855 2658.9560546875
-46845 2664.26611328125
-46835 2667.39111328125
-46825 2670.7041015625
-46815 2673.076904296875
