-85295 2756.1220703125
-85285 2758.2890625
-85275 2761.906982421875
-85265 2765.214111328125
-85255 2769.241943359375
-85245 2769.76806640625
-85235 2771.77001953125
-85225 2773.59912109375
-85215 2776.33203125
-85205 2779.343017578125
-85195 2781.492919921875
-85185 2781.5419921875
-85175 2783.52001953125
-85165 2785.35693359375
-85155 2787.1630859375
-85145 2789
-85135 2790.73193359375
-85125 2792.470947265625
-85115 2794.301025390625
-85105 2796.639892578125
-85095 2799.552001953125
-85085 2802.907958984375
-85075 2806.345947265625
-85065 2810.080078125
-85055 2814.27197265625
-85045 2818.580078125
-85035 2823.199951171875
-85025 2829.362060546875
-85015 2837.4189453125
-85005 2846.535888671875
-84995 2856.7919921875
-84985 2864.00390625
-84975 2870.5791015625
-84965 2877.444091796875
-84955 2884.19091796875
-84945 2890.885986328125
-84935 2897.201904296875
-84925 2903.466064453125
-84915 2908.798095703125
-84905 2914.716064453125
-84895 2921.30810546875
-84885 2928.72802734375
-84875 2936.35498046875
-84865 2944.35888671875
-84855 2953.52197265625
-84845 2963.39208984375
-84835 2974.40087890625
-84825 2997.05810546875
-84815 3006.842041015625
-84805 3011.257080078125
-84795 3016.2958984375
-84785 3003.04296875
-84775 2992.468017578125
-84765 2982.89111328125
-84755 2973.84912109375
-84745 2962.1669921875
-84735 2956.6279296875
-84725 2955.52294921875
-84715 2946.01904296875
-84705 2938.14697265625
-84695 2926.174072265625
-84685 2911.972900390625
-84675 2896.822021484375
-84665 2887.487060546875
-84655 2885.294921875
-84645 2890.074951171875
-84635 2892.612060546875
-84625 2873.388916015625
-84615 2849.1650390625
-84605 2837.6201171875
-84595 2830.096923828125
-84585 2825.782958984375
-84575 2820.43701171875
-84565 2808.201904296875
-84555 2794.241943359375
-84545 2785.68310546875
-84535 2781.35205078125
-84525 2766.304931640625
-84515 2753.2451171875
-84505 2745.152099609375
-84495 2737.35302734375
-84485 2729.552978515625
-84475 2722.737060546875
-84465 2716.886962890625
-84455 2710.053955078125
-84445 2703.18603515625
-84435 2695.64794921875
-84425 2688.260009765625
-84415 2682.77197265625
-84405 2676.425048828125
-84395 2670.662109375
-84385 2664.674072265625
-84375 2658.56494140625
-84365 2652.8369140625
-84355 2647.5048828125
-84345 2641.551025390625
-84335 2634.56298828125
-84325 2627.81591796875
-84315 2621.347900390625
-84305 2612.85791015625
-84295 2604.764892578125
-84285 2589.751953125
-84275 2581.555908203125
-84265 2573.256103515625
-84255 2563.8369140625
-84245 2556.089111328125
-84235 2546.9609375
-84225 2541.43896484375
-84215 2535.468017578125
-84205 2528.56591796875
-84195 2520.64599609375
-84185 2513.884033203125
-84175 2508.569091796875
-84165 2506.861083984375
-84155 2505.635986328125
-84145 2509.06689453125
-84135 2507.513916015625
-84125 2504.822021484375
-84115 2503.237060546875
-84105 2502.218994140625
-84095 2499.924072265625
-84085 2496.886962890625
-84075 2495.76611328125
-84065 2492.969970703125
-84055 2490.675048828125
-84045 2490.123046875
-84035 2487.863037109375
-84025 2486.222900390625
-84015 2485.153076171875
-84005 2486.758056640625
-83995 2488.552978515625
-83985 2491.468994140625
-83975 2494.02294921875
-83965 2496.14501953125
-83955 2498.077880859375
-83945 2500.14599609375
-83935 2502.408935546875
-83925 2503.925048828125
-83915 2506.375
-83905 2508.27587890625
-83895 2510.343994140625
-83885 2512.10400390625
-83875 2513.656982421875
-83865 2515.554931640625
-83855 2517.24609375
-83845 2518.93701171875
-83835 2520.76611328125
-83825 2522.35400390625
-83815 2523.6650390625
-83805 2524.993896484375
-83795 2526.27099609375
-83785 2527.68603515625
-83775 2528.910888671875
-83765 2530.032958984375
-83755 2530.532958984375
-83745 2530.6708984375
-83735 2529.68798828125
-83725 2530.18798828125
-83715 2526.512939453125
-83705 2527.39306640625
-83695 2529.205078125
-83685 2532.48291015625
-83675 2535.22705078125
-83665 2538.056884765625
-83655 2542.54296875
-83645 2547.08203125
-83635 2550.8779296875
-83625 2554.39794921875
-83615 2556.0029296875
-83605 2557.572998046875
-83595 2559.72998046875
-83585 2562.867919921875
-83575 2565.47607421875
-83565 2567.097900390625
-83555 2568.841064453125
-83545 2570.56396484375
-83535 2572.758056640625
-83525 2574.135986328125
-83515 2575.7919921875
-83505 2577.968994140625
-83495 2580.089111328125
-83485 2583.281005859375
-83475 2586.008056640625
-83465 2588.527099609375
-83455 2590.7529296875
-83445 2594.135009765625
-83435 2595.18798828125
-83425 2596.98193359375
-83415 2598.845947265625
-83405 2600.208984375
-83395 2601.968994140625
-83385 2603.866943359375
-83375 2605.110107421875
-83365 2607.3701171875
-83355 2608.97509765625
-83345 2611.029052734375
-83335 2612.85791015625
-83325 2615.031982421875
-83315 2617.136962890625
-83305 2619.467041015625
-83295 2622.072021484375
-83285 2624.93701171875
-83275 2627.64599609375
-83265 2630.406982421875
-83255 2633.198974609375
-83245 2636.115966796875
-83235 2639.069091796875
-83225 2641.98291015625
-83215 2645.123046875
-83205 2648.091064453125
-83195 2651.318115234375
-83185 2654.458984375
-83175 2657.7890625
-83165 2661.01611328125
-83155 2664.5009765625
-83145 2667.865966796875
-83135 2671.404052734375
-83125 2674.924072265625
-83115 2678.2890625
-83105 2681.739990234375
-83095 2685.381103515625
-83085 2688.864013671875
-83075 2692.384033203125
-83065 2695.64794921875
-83055 2699.030029296875
-83045 2702.2060546875
-83035 2705.291015625
-83025 2708.431884765625
-83015 2711.31396484375
-83005 2714.31591796875
-82995 2717.215087890625
-82985 2719.785888671875
-82975 2722.634033203125
-82965 2725.135009765625
-82955 2727.72412109375
-82945 2730.31201171875
-82935 2732.865966796875
-82925 2735.160888671875
-82915 2737.6630859375
-82905 2740.217041015625
-82895 2742.908935546875
-82885 2745.860107421875
-82875 2748.655029296875
-82865 2751.572021484375
-82855 2754.43603515625
-82845 2757.177001953125
-82835 2760.06103515625
-82825 2763.009033203125
-82815 2765.9599609375
-82805 2769.152099609375
-82795 2772.29296875
-82785 2775.553955078125
-82775 2778.781005859375
-82765 2782.02490234375
-82755 2785.18310546875
-82745 2788.322998046875
-82735 2791.30908203125
-82725 2794.01806640625
-82715 2796.760986328125
-82705 2799.281005859375
-82695 2801.93798828125
-82685 2804.423095703125
-82675 2806.907958984375
-82665 2809.373046875
-82655 2811.805908203125
-82645 2814.30810546875
-82635 2816.656982421875
-82625 2818.98388671875
-82615 2821.367919921875
-82605 2823.6630859375
-82595 2826.007080078125
-82585 2828.216064453125
-82575 2830.26904296875
-82565 2832.115966796875
-82555 2834.35888671875
-82545 2836.343994140625
-82535 2838.29296875
-82525 2840.174072265625
-82515 2842.2451171875
-82505 2844.243896484375
-82495 2846.323974609375
-82485 2848.39111328125
-82475 2850.47509765625
-82465 2852.423095703125
-82455 2854.26904296875
-82445 2856.133056640625
-82435 2858.047119140625
-82425 2860.0458984375
-82415 2862.113037109375
-82405 2864.162109375
-82395 2866.347900390625
-82385 2868.718994140625
-82375 2871.176025390625
-82365 2873.64892578125
-82355 2875.952880859375
-82345 2878.47705078125
-82335 2880.882080078125
-82325 2883.43994140625
-82315 2885.863037109375
-82305 2888.302001953125
-82295 2890.60595703125
-82285 2892.824951171875
-82275 2894.993896484375
-82265 2897.111083984375
-82255 2899.48291015625
-82245 2901.906005859375
-82235 2904.362060546875
-82225 2906.73291015625
-82215 2908.782958984375
-82205 2910.291015625
-82195 2911.93408203125
-82185 2914.695068359375
-82175 2917.947998046875
-82165 2921.64111328125
-82155 2925.6220703125
-82145 2929.925048828125
-82135 2934.243896484375
-82125 2938.512939453125
-82115 2943.613037109375
-82105 2949.947998046875
-82095 2956.572021484375
-82085 2964.3310546875
-82075 2974.20703125
-82065 2984.387939453125
-82055 2993.365966796875
-82045 2999.041015625
-82035 3007.6298828125
-82025 3025.60400390625
-82015 3035.9541015625
-82005 3049.236083984375
-81995 3050.89599609375
-81985 3060.281005859375
-81975 3070.6650390625
-81965 3079.25390625
-81955 3084.89501953125
-81945 3095.31298828125
-81935 3106.035888671875
-81925 3119.318115234375
-81915 3128.14404296875
-81905 3134.4619140625
-81895 3143.677978515625
-81885 3152.6220703125
-81875 3161.56689453125
-81865 3168.10595703125
-81855 3173.527099609375
-81845 3178.423095703125
-81835 3186.722900390625
-81825 3194.2451171875
-81815 3200.64794921875
-81805 3207.135986328125
-81795 3211.52392578125
-81785 3215.3349609375
-81775 3219.62109375
-81765 3224.39892578125
-81755 3228.531982421875
-81745 3233.56298828125
-81735 3238.6279296875
-81725 3243.8798828125
-81715 3248.77587890625
-81705 3252.993896484375
-81695 3257.5
-81685 3263.260009765625
-81675 3268.951904296875
-81665 3275.45703125
-81655 3281.283935546875
-81645 3286.992919921875
-81635 3293.31201171875
-81625 3298.511962890625
-81615 3304.2548828125
-81605 3310.218017578125
-81595 3316.41796875
-81585 3322.889892578125
-81575 3320.5009765625
-81565 3318.992919921875
-81555 3325.243896484375
-81545 3322.364990234375
-81535 3313.470947265625
-81525 3308.6259765625
-81515 3300.613037109375
-81505 3290.7880859375
-81495 3283.06298828125
-81485 3272.01806640625
-81475 3264.818115234375
-81465 3255.669921875
-81455 3245.387939453125
-81445 3238.0859375
-81435 3230.072998046875
-81425 3218.77392578125
-81415 3200.64794921875
-81405 3186.944091796875
-81395 3164.39599609375
-81385 3149.470947265625
-81375 3137.20703125
-81365 3128.093017578125
-81355 3112.287109375
-81345 3102.64794921875
-81335 3096.718994140625
-81325 3089.451904296875
-81315 3081.998046875
-81305 3075.612060546875
-81295 3069.987060546875
-81285 3065.041015625
-81275 3059.7548828125
-81265 3054.554931640625
-81255 3049.64208984375
-81245 3045.153076171875
-81235 3040.986083984375
-81225 3037.054931640625
-81215 3033.14208984375
-81205 3029.618896484375
-81195 3024.757080078125
-81185 3017.7939453125
-81175 3010.593994140625
-81165 3003.970947265625
-81155 2998.447998046875
-81145 2993.365966796875
-81135 2988.419921875
-81125 2983.625
-81115 2979.27197265625
-81105 2975.156005859375
-81095 2971.614990234375
-81085 2968.700927734375
-81075 2966.02490234375
-81065 2963.14501953125
-81055 2960.112060546875
-81045 2957.385009765625
-81035 2954.08203125
-81025 2950.98095703125
-81015 2948.033935546875
-81005 2945.3740234375
-80995 2943.10400390625
-80985 2941.156005859375
-80975 2937.988037109375
-80965 2936.513916015625
-80955 2935.3291015625
-80945 2933.22802734375
-80935 2931.85595703125
-80925 2927.756103515625
-80915 2925.60498046875
-80905 2923.639892578125
-80895 2920.9970703125
-80885 2919.827880859375
-80875 2915.424072265625
-80865 2910.968994140625
-80855 2907.360107421875
-80845 2904.125
-80835 2904.175048828125
-80825 2900.4990234375
-80815 2897.60302734375
-80805 2894.264892578125
-80795 2891.910888671875
-80785 2890.589111328125
-80775 2891.843017578125
-80765 2894.028076171875
-80755 2888.826904296875
-80745 2885.760986328125
-80735 2882.7119140625
-80725 2881.2041015625
-80715 2881.01806640625
-80705 2880.0009765625
-80695 2879.12109375
-80685 2878.764892578125
-80675 2879.577880859375
-80665 2878.781982421875
-80655 2878.950927734375
-80645 2879.27294921875
-80635 2878.748046875
-80625 2878.18896484375
-80615 2877.5791015625
-80605 2877.3759765625
-80595 2877.02001953125
-80585 2877.866943359375
-80575 2878.35791015625
-80565 2878.239990234375
-80555 2877.427001953125
-80545 2877.156005859375
-80535 2876.56298828125
-80525 2875.56298828125
-80515 2874.089111328125
-80505 2872.2939453125
-80495 2870.007080078125
-80485 2868.635009765625
-80475 2867.56689453125
-80465 2867.126953125
-80455 2863.23095703125
-80445 2859.43603515625
-80435 2858.80908203125
-80425 2855.657958984375
-80415 2852.236083984375
-80405 2849.3740234375
-80395 2846.4599609375
-80385 2845.985107421875
-80375 2846.375
-80365 2845.155029296875
-80355 2844.64697265625
-80345 2844.30810546875
-80335 2842.49609375
-80325 2842.4619140625
-80315 2841.9541015625
-80305 2841.2080078125
-80295 2840.1240234375
-80285 2839.7509765625
-80275 2837.887939453125
-80265 2835.02490234375
-80255 2830.501953125
-80245 2827.587890625
-80235 2825.554931640625
-80225 2826.047119140625
-80215 2822.72607421875
-80205 2821.9130859375
-80195 2814.798095703125
-80185 2810.325927734375
-80175 2807.802001953125
-80165 2810.156005859375
-80155 2807.699951171875
-80145 2806.447021484375
-80135 2802.97412109375
-80125 2803.2451171875
-80115 2799.027099609375
-80105 2794.181884765625
-80095 2791.72509765625
-80085 2786.846923828125
-80075 2782.93310546875
-80065 2779.173095703125
-80055 2776.783935546875
-80045 2772.887939453125
-80035 2768.719970703125
-80025 2765.85791015625
-80015 2762.60498046875
-80005 2760.385986328125
-79995 2756.10400390625
-79985 2749.89990234375
-79975 2743.8759765625
-79965 2738.715087890625
-79955 2734.8720703125
-79945 2732.364990234375
-79935 2730.637939453125
-79925 2729.80810546875
-79915 2729.449951171875
-79905 2727.804931640625
-79895 2727.886962890625
-79885 2728.2939453125
-79875 2728.5048828125
-79865 2726.340087890625
-79855 2725.199951171875
-79845 2723.279052734375
-79835 2721.52001953125
-79825 2719.860107421875
-79815 2718.3779296875
-79805 2715.072998046875
-79795 2710.693115234375
-79785 2705.287109375
-79775 2700.35302734375
-79765 2695.37109375
-79755 2690.93994140625
-79745 2687.212890625
-79735 2685.27587890625
-79725 2683.04296875
-79715 2682.344970703125
-79705 2680.66796875
-79695 2678.9560546875
-79685 2674.839111328125
-79675 2671.10791015625
-79665 2669.56103515625
-79655 2665.572021484375
-79645 2661.194091796875
-79635 2652.760009765625
-79625 2645.235107421875
-79615 2640.659912109375
-79605 2636.68701171875
-79595 2632.22802734375
-79585 2628.822998046875
-79575 2626.281982421875
-79565 2623.9541015625
-79555 2623.35400390625
-79545 2622.947021484375
-79535 2624.966064453125
-79525 2626.885009765625
-79515 2626.721923828125
-79505 2629.507080078125
-79495 2630.8740234375
-79485 2632.551025390625
-79475 2633.2509765625
-79465 2636.99609375
-79455 2640.26904296875
-79445 2643.8701171875
-79435 2652.2529296875
-79425 2661.8779296875
-79415 2671.1240234375
-79405 2679.364990234375
-79395 2684.39599609375
-79385 2689.998046875
-79375 2697.324951171875
-79365 2710.009033203125
-79355 2718.751953125
-79345 2722.968994140625
-79335 2726.762939453125
-79325 2719.89208984375
-79315 2707.5830078125
-79305 2697.3740234375
-79295 2686.85302734375
-79285 2676.93701171875
-79275 2667.9189453125
-79265 2657.055908203125
-79255 2647.823974609375
-79245 2639.535888671875
-79235 2629.653076171875
-79225 2620.583984375
-79215 2608.876953125
-79205 2599.205078125
-79195 2588.572998046875
-79185 2574.781005859375
-79175 2565.322021484375
-79165 2556.447998046875
-79155 2547.427001953125
-79145 2539.43310546875
-79135 2531.762939453125
-79125 2523.964111328125
-79115 2516.947021484375
-79105 2508.49609375
-79095 2499.833984375
-79085 2488.761962890625
-79075 2478.797119140625
-79065 2468.89697265625
-79055 2461.97705078125
-79045 2455.577880859375
-79035 2449.1630859375
-79025 2441.802978515625
-79015 2431.904052734375
-79005 2424.948974609375
-78995 2415.947021484375
-78985 2409.2529296875
-78975 2401.699951171875
-78965 2395.54296875
-78955 2385.236083984375
-78945 2379.39111328125
-78935 2373.301025390625
-78925 2364.7880859375
-78915 2355.944091796875
-78905 2350.360107421875
-78895 2341.452880859375
-78885 2336.095947265625
-78875 2324.323974609375
-78865 2316.964111328125
-78855 2311.10302734375
-78845 2302.14697265625
-78835 2295.406005859375
-78825 2279.43408203125
-78815 2268.443115234375
-78805 2260.4970703125
-78795 2254.553955078125
-78785 2249.782958984375
-78775 2244.930908203125
-78765 2242.81494140625
-78755 2241.511962890625
-78745 2237.9951171875
-78735 2235.014892578125
-78725 2233.89208984375
-78715 2229.447021484375
-78705 2224.659912109375
-78695 2221.175048828125
-78685 2216.177001953125
-78675 2210.135986328125
-78665 2206.89599609375
-78655 2202.971923828125
-78645 2201.180908203125
-78635 2199.569091796875
-78625 2197.742919921875
-78615 2196.215087890625
-78605 2194.635009765625
-78595 2187.14501953125
-78585 2183.156005859375
-78575 2179.248046875
-78565 2176.284912109375
-78555 2169.69091796875
-78545 2164.364013671875
-78535 2161.43505859375
-78525 2154.4990234375
-78515 2152.1708984375
-78505 2148.43994140625
-78495 2144.404052734375
-78485 2141.194091796875
-78475 2136.718994140625
-78465 2132.7109375
-78455 2127.14501953125
-78445 2120.35498046875
-78435 2113.18798828125
-78425 2107.1640625
-78415 2099.64208984375
-78405 2093.27490234375
-78395 2088.1630859375
-78385 2084.449951171875
-78375 2081.4541015625
-78365 2076.89501953125
-78355 2073.00390625
-78345 2067.27197265625
-78335 2062.826904296875
-78325 2059.635986328125
-78315 2053.431884765625
-78305 2047.5050048828125
-78295 2042.3280029296875
-78285 2036.0260009765625
-78275 2027.2659912109375
-78265 2020.47705078125
-78255 2013.133056640625
-78245 2010.072021484375
-78235 2010.154052734375
-78225 2010.3170166015625
-78215 2009.0140380859375
-78205 1998.0889892578125
-78195 2002.7130126953125
-78185 2009.405029296875
-78175 2011.2120361328125
-78165 2012.2869873046875
-78155 2014.3060302734375
-78145 2016.927001953125
-78135 2020.427978515625
-78125 2024.56396484375
-78115 2028.89501953125
-78105 2032.8509521484375
-78095 2037.833984375
-78085 2043.2559814453125
-78075 2048.173095703125
-78065 2052.87890625
-78055 2057.047119140625
-78045 2062.843994140625
-78035 2068.264892578125
-78025 2075.39697265625
-78015 2080.656005859375
-78005 2086.81103515625
-77995 2092.8349609375
-77985 2099.364990234375
-77975 2107.179931640625
-77965 2114.262939453125
-77955 2124.243896484375
-77945 2129.698974609375
-77935 2136.992919921875
-77925 2143.655029296875
-77915 2148.342041015625
-77905 2151.22412109375
-77895 2155.866943359375
-77885 2161.7099609375
-77875 2166.988037109375
-77865 2174.23095703125
-77855 2180.74609375
-77845 2184.181884765625
-77835 2188.77294921875
-77825 2194.35791015625
-77815 2200.985107421875
-77805 2209.485107421875
-77795 2216.340087890625
-77785 2222.054931640625
-77775 2225.554931640625
-77765 2230.4560546875
-77755 2233.386962890625
-77745 2238.093017578125
-77735 2244.637939453125
-77725 2250.531982421875
-77715 2256.134033203125
-77705 2262.56494140625
-77695 2268.0029296875
-77685 2272.839111328125
-77675 2277.49609375
-77665 2282.68994140625
-77655 2288.909912109375
-77645 2294.722900390625
-77635 2302.326904296875
-77625 2307.195068359375
-77615 2312.583984375
-77605 2318.4619140625
-77595 2327.10791015625
-77585 2332.8720703125
-77575 2339.174072265625
-77565 2345.555908203125
-77555 2350.31298828125
-77545 2355.471923828125
-77535 2362.47412109375
-77525 2363.2548828125
-77515 2364.802001953125
-77505 2368.551025390625
-77495 2373.31494140625
-77485 2378.044921875
-77475 2381.738037109375
-77465 2386.31298828125
-77455 2390.989990234375
-77445 2395.76806640625
-77435 2399.072021484375
-77425 2402.884033203125
-77415 2406.407958984375
-77405 2410.966064453125
-77395 2414.135009765625
-77385 2417.676025390625
-77375 2419.5400390625
-77365 2421.419921875
-77355 2424.43603515625
-77345 2428.655029296875
-77335 2432.6708984375
-77325 2434.196044921875
-77315 2437.195068359375
-77305 2439.074951171875
-77295 2441.05810546875
-77285 2444.260009765625
-77275 2446.56396484375
-77265 2447.19091796875
-77255 2449.2919921875
-77245 2450.089111328125
-77235 2452.1220703125
-77225 2458.10302734375
-77215 2465.3720703125
-77205 2471.826904296875
-77195 2475.7919921875
-77185 2479.197998046875
-77175 2483.85693359375
-77165 2487.262939453125
-77155 2490.177001953125
-77145 2492.736083984375
-77135 2495.498046875
-77125 2498.988037109375
-77115 2501.73291015625
-77105 2503.427001953125
-77095 2504.22412109375
-77085 2505.595947265625
-77075 2507.865966796875
-77065 2512.74609375
-77055 2516.574951171875
-77045 2521.049072265625
-77035 2526.23291015625
-77025 2533.010986328125
-77015 2539.5849609375
-77005 2546.158935546875
-76995 2552.64794921875
-76985 2559.6630859375
-76975 2567
-76965 2573.9970703125
-76955 2580.571044921875
-76945 2587.33203125
-76935 2591.804931640625
-76925 2600.9541015625
-76915 2613.27197265625
-76905 2622.676025390625
-76895 2635.468994140625
-76885 2648.65087890625
-76875 2657.614013671875
-76865 2645.330078125
-76855 2636.756103515625
-76845 2626.26806640625
-76835 2617.424072265625
-76825 2605.10595703125
-76815 2595.634033203125
-76805 2585.97607421875
-76795 2584.1630859375
-76785 2567.202880859375
-76775 2556.697998046875
-76765 2544.3291015625
-76755 2535.33203125
-76745 2525.488037109375
-76735 2505.81591796875
-76725 2493.447998046875
-76715 2487.75390625
-76705 2481.68798828125
-76695 2476.60498046875
-76685 2470.14990234375
-76675 2464.35498046875
-76665 2458.221923828125
-76655 2451.3759765625
-76645 2443.2099609375
-76635 2436.804931640625
-76625 2427.486083984375
-76615 2418.5400390625
-76605 2411.72900390625
-76595 2400.6298828125
-76585 2388.787109375
-76575 2380.89111328125
-76565 2372.114990234375
-76555 2363.6259765625
-76545 2349.173095703125
-76535 2342.006103515625
-76525 2331.2099609375
-76515 2324.364990234375
-76505 2317.5048828125
-76495 2309.60693359375
-76485 2304.489990234375
-76475 2299.1220703125
-76465 2288.47802734375
-76455 2272.822021484375
-76445 2261.72705078125
-76435 2254.35400390625
-76425 2248.083984375
-76415 2242.052978515625
-76405 2234.363037109375
-76395 2226.196044921875
-76385 2216.06103515625
-76375 2209.26708984375
-76365 2202.74609375
-76355 2196.490966796875
-76345 2191.35693359375
-76335 2185.596923828125
-76325 2180.157958984375
-76315 2174.074951171875
-76305 2168.24609375
-76295 2162.281982421875
-76285 2151.676025390625
-76275 2142.509033203125
-76265 2134.986083984375
-76255 2128.548095703125
-76245 2122.803955078125
-76235 2111.5869140625
-76225 2097.98095703125
-76215 2084.613037109375
-76205 2072.785888671875
-76195 2065.720947265625
-76185 2059.197998046875
-76175 2052.69091796875
-76165 2048.320068359375
-76155 2043.3719482421875
-76145 2038.81396484375
-76135 2034.5450439453125
-76125 2030.6309814453125
-76115 2027.10595703125
-76105 2027.4620361328125
-76095 2022.9210205078125
-76085 2017.0760498046875
-76075 2014.1949462890625
-76065 2011.68798828125
-76055 2008.14599609375
-76045 2003.3179931640625
-76035 1996.9129638671875
-76025 1993.760986328125
-76015 1993.9820556640625
-76005 1993.321044921875
-75995 1995.031982421875
-75985 1996.52294921875
-75975 2001.843994140625
-75965 2004.843017578125
-75955 2006.2149658203125
-75945 2009.010986328125
-75935 2011.094970703125
-75925 2013.4329833984375
-75915 2018.1429443359375
-75905 2023.39599609375
-75895 2030.64794921875
-75885 2037.2049560546875
-75875 2042.135009765625
-75865 2045.998046875
-75855 2050.048095703125
-75845 2053.52099609375
-75835 2057.402099609375
-75825 2061.535888671875
-75815 2064.382080078125
-75805 2067.839111328125
-75795 2072.363037109375
-75785 2079.76708984375
-75775 2087.10400390625
-75765 2093.27099609375
-75755 2099.422119140625
-75745 2106.096923828125
-75735 2112.010986328125
-75725 2117.7041015625
-75715 2124.14208984375
-75705 2130.85205078125
-75695 2136.47705078125
-75685 2141.81396484375
-75675 2148.201904296875
-75665 2155.047119140625
-75655 2161.537109375
-75645 2169.873046875
-75635 2176.056884765625
-75625 2182.089111328125
-75615 2189.781982421875
-75605 2196.427001953125
-75595 2203.573974609375
-75585 2212.404052734375
-75575 2221.7060546875
-75565 2232.666015625
-75555 2239.8330078125
-75545 2245.64501953125
-75535 2251.407958984375
-75525 2258.10107421875
-75515 2264.824951171875
-75505 2269.740966796875
-75495 2273.551025390625
-75485 2276.094970703125
-75475 2278.092041015625
-75465 2282.77099609375
-75455 2288.00390625
-75445 2293.717041015625
-75435 2299.2060546875
-75425 2304.662109375
-75415 2309.98193359375
-75405 2314.77392578125
-75395 2320.97900390625
-75385 2328.705078125
-75375 2334.160888671875
-75365 2338.65087890625
-75355 2344.885986328125
-75345 2349.087890625
-75335 2353.47705078125
-75325 2358.2548828125
-75315 2363.385986328125
-75305 2368.386962890625
-75295 2374.215087890625
-75285 2379.992919921875
-75275 2385.804931640625
-75265 2391.5830078125
-75255 2397.10595703125
-75245 2402.493896484375
-75235 2407.069091796875
-75225 2411.64404296875
-75215 2416.06591796875
-75205 2420.572998046875
-75195 2425.0458984375
-75185 2429.943115234375
-75175 2435.280029296875
-75165 2439.617919921875
-75155 2444.93798828125
-75145 2449.410888671875
-75135 2455.35791015625
-75125 2460.10302734375
-75115 2465.81298828125
-75105 2471.72607421875
-75095 2478.333984375
-75085 2487.076904296875
-75075 2494.10791015625
-75065 2498.73388671875
-75055 2504.053955078125
-75045 2509.594970703125
-75035 2513.966064453125
-75025 2519.422119140625
-75015 2525.012939453125
-75005 2530.464111328125
-74995 2535.27490234375
-74985 2540.1259765625
-74975 2544.447021484375
-74965 2548.8349609375
-74955 2553.37109375
-74945 2557.658935546875
-74935 2562.989990234375
-74925 2567.493896484375
-74915 2573.304931640625
-74905 2579.530029296875
-74895 2583.35400390625
-74885 2587.3779296875
-74875 2591.251953125
-74865 2594.01708984375
-74855 2598.172119140625
-74845 2600.27490234375
-74835 2601.5830078125
-74825 2605.04296875
-74815 2608.35400390625
-74805 2611.964111328125
-74795 2617.261962890625
-74785 2622.030029296875
-74775 2626.51708984375
-74765 2628.4541015625
-74755 2632.924072265625
-74745 2640.241943359375
-74735 2651.367919921875
-74725 2667.77490234375
-74715 2678.552978515625
-74705 2688.9169921875
-74695 2695.804931640625
-74685 2703.337890625
-74675 2709.06591796875
-74665 2708.93408203125
-74655 2707.72509765625
-74645 2703.02294921875
-74635 2703.68505859375
-74625 2705.19189453125
-74615 2706.052978515625
-74605 2705.52294921875
-74595 2705.93701171875
-74585 2708.18896484375
-74575 2712.658935546875
-74565 2714.14892578125
-74555 2716.864013671875
-74545 2721.366943359375
-74535 2724.861083984375
-74525 2727.510009765625
-74515 2729.72802734375
-74505 2732.2451171875
-74495 2734.794921875
-74485 2737.12890625
-74475 2740.705078125
-74465 2742.8740234375
-74455 2744.827880859375
-74445 2747.095947265625
-74435 2749.64599609375
-74425 2753.1220703125
-74415 2756.59912109375
-74405 2758.68505859375
-74395 2762.593017578125
-74385 2764.7451171875
-74375 2767.6259765625
-74365 2771.135009765625
-74355 2775.156005859375
-74345 2779.248046875
-74335 2782.030029296875
-74325 2785.43994140625
-74315 2788.452880859375
-74305 2791.5
-74295 2794.260986328125
-74285 2796.760986328125
-74275 2800.240966796875
-74265 2805.05908203125
-74255 2809.7939453125
-74245 2814.248046875
-74235 2819.943115234375
-74225 2826.962890625
-74215 2835.35693359375
-74205 2842.823974609375
-74195 2850.10498046875
-74185 2856.384033203125
-74175 2861.08203125
-74165 2865.35400390625
-74155 2869.31396484375
-74145 2875.66796875
-74135 2881.594970703125
-74125 2886.798095703125
-74115 2890.60498046875
-74105 2893.035888671875
-74095 2894.989990234375
-74085 2898.884033203125
-74075 2901.681884765625
-74065 2904.758056640625
-74055 2907.6220703125
-74045 2910.489990234375
-74035 2913.035888671875
-74025 2915.35400390625
-74015 2919.06201171875
-74005 2924.31103515625
-73995 2930.833984375
-73985 2934.889892578125
-73975 2938.118896484375
-73965 2941.049072265625
-73955 2943.549072265625
-73945 2945.635009765625
-73935 2947.074951171875
-73925 2947.672119140625
-73915 2947.906982421875
-73905 2945.89990234375
-73895 2946.031982421875
-73885 2945.884033203125
-73875 2946.031982421875
-73865 2946.677978515625
-73855 2947.02587890625
-73845 2947.572021484375
-73835 2947.074951171875
-73825 2946.97607421875
-73815 2946.677978515625
-73805 2940.60205078125
-73795 2933.531982421875
-73785 2928.632080078125
-73775 2917.672119140625
-73765 2911.4169921875
-73755 2906.64501953125
-73745 2905.02294921875
-73735 2902.243896484375
-73725 2902.555908203125
-73715 2902.655029296875
-73705 2901.031982421875
-73695 2897.821044921875
-73685 2893.966064453125
-73675 2890.5859375
-73665 2890.404052734375
-73655 2894.52587890625
-73645 2907.075927734375
-73635 2905.7509765625
-73625 2916.08203125
-73615 2921.08203125
-73605 2920.469970703125
-73595 2909.927001953125
-73585 2897.489990234375
-73575 2877.77392578125
-73565 2866.62890625
-73555 2852.720947265625
-73545 2840.27392578125
-73535 2821
-73525 2811.035888671875
-73515 2802.924072265625
-73505 2795.738037109375
-73495 2788.055908203125
-73485 2782.012939453125
-73475 2775.803955078125
-73465 2769.281005859375
-73455 2763.006103515625
-73445 2757.195068359375
-73435 2750.656005859375
-73425 2740.27490234375
-73415 2733.5029296875
-73405 2726.89697265625
-73395 2720.886962890625
-73385 2715.555908203125
-73375 2710.45703125
-73365 2706.81396484375
-73355 2703.618896484375
-73345 2699.927001953125
-73335 2698.5029296875
-73325 2695.02587890625
-73315 2694.843994140625
-73305 2694.364013671875
-73295 2693.487060546875
-73285 2693.0400390625
-73275 2692.658935546875
-73265 2692.376953125
-73255 2696.366943359375
-73245 2701.48291015625
-73235 2705.904052734375
-73225 2708.4541015625
-73215 2709.032958984375
-73205 2709.992919921875
-73195 2712.54296875
-73185 2714.794921875
-73175 2717.758056640625
-73165 2721.781005859375
-73155 2721.89697265625
-73145 2725.489990234375
-73135 2729.181884765625
-73125 2742.72509765625
-73115 2740.406982421875
-73105 2738.618896484375
-73095 2742.80810546875
-73085 2745.77099609375
-73075 2742.376953125
-73065 2726.666015625
-73055 2721.035888671875
-73045 2715.87109375
-73035 2706.0859375
-73025 2696.550048828125
-73015 2687.343994140625
-73005 2675.739013671875
-72995 2667.343994140625
-72985 2659.910888671875
-72975 2650.987060546875
-72965 2643.072998046875
-72955 2635.656005859375
-72945 2627.39404296875
-72935 2617.22900390625
-72925 2608.337890625
-72915 2598.93408203125
-72905 2584.861083984375
-72895 2572.676025390625
-72885 2563.6201171875
-72875 2553.784912109375
-72865 2538.304931640625
-72855 2522.14599609375
-72845 2513.5859375
-72835 2506.930908203125
-72825 2496.9970703125
-72815 2490.324951171875
-72805 2483.68603515625
-72795 2477.907958984375
-72785 2472.7919921875
-72775 2464.7119140625
-72765 2457.2119140625
-72755 2452.113037109375
-72745 2445.06005859375
-72735 2438.256103515625
-72725 2428.90087890625
-72715 2413.43798828125
-72705 2389.596923828125
-72695 2384.679931640625
-72685 2382.741943359375
-72675 2378.4541015625
-72665 2371.56689453125
-72655 2369.26611328125
-72645 2359.33203125
-72635 2354.679931640625
-72625 2342.3779296875
-72615 2329.06689453125
-72605 2319.7958984375
-72595 2308.98388671875
-72585 2302.31201171875
-72575 2298.405029296875
-72565 2293.405029296875
-72555 2289.033935546875
-72545 2286.468017578125
-72535 2283.041015625
-72525 2279.447998046875
-72515 2275.2919921875
-72505 2272.694091796875
-72495 2270.85595703125
-72485 2270.300048828125
-72475 2271.947998046875
-72465 2274.139892578125
-72455 2278.281982421875
-72445 2279.593017578125
-72435 2284.009033203125
-72425 2291.654052734375
-72415 2297.24609375
-72405 2304.56201171875
-72395 2312.68310546875
-72385 2318.501953125
-72375 2323.12109375
-72365 2326.555908203125
-72355 2329.654052734375
-72345 2332.156005859375
-72335 2336.6708984375
-72325 2341.81396484375
-72315 2346.10400390625
-72305 2350.7099609375
-72295 2355.845947265625
-72285 2361.055908203125
-72275 2364.761962890625
-72265 2368.553955078125
-72255 2371.44189453125
-72245 2374.054931640625
-72235 2377.2119140625
-72225 2378.64990234375
-72215 2379.54296875
-72205 2382.910888671875
-72195 2387.697021484375
-72185 2389.830078125
-72175 2392.053955078125
-72165 2399.0439453125
-72155 2402.551025390625
-72145 2405.76708984375
-72135 2408.945068359375
-72125 2412.527099609375
-72115 2415.3779296875
-72105 2418.594970703125
-72095 2420.56103515625
-72085 2425.049072265625
-72075 2428.802001953125
-72065 2430.510009765625
-72055 2431.967041015625
-72045 2434.6279296875
-72035 2435.87109375
-72025 2438.01611328125
-72015 2441.153076171875
-72005 2443.98095703125
-71995 2445.739990234375
-71985 2448.131103515625
-71975 2451.757080078125
-71965 2450.89208984375
-71955 2453.39404296875
-71945 2458.35791015625
-71935 2464.72412109375
-71925 2471.674072265625
-71915 2476.5869140625
-71905 2481.56298828125
-71895 2486.635009765625
-71885 2491.75
-71875 2497.906005859375
-71865 2504.5859375
-71855 2510.861083984375
-71845 2516.73095703125
-71835 2522.239990234375
-71825 2529.1298828125
-71815 2534.919921875
-71805 2540.1708984375
-71795 2545.452880859375
-71785 2551.083984375
-71775 2557.18798828125
-71765 2563.4951171875
-71755 2569.25390625
-71745 2574.47705078125
-71735 2581.326904296875
-71725 2588.238037109375
-71715 2593.74609375
-71705 2599.60400390625
-71695 2606.35595703125
-71685 2612.7099609375
-71675 2618.70703125
-71665 2625.43896484375
-71655 2631.991943359375
-71645 2637.69091796875
-71635 2649.06103515625
-71625 2659.77197265625
-71615 2668.383056640625
-71605 2677.20703125
-71595 2682.639892578125
-71585 2688.506103515625
-71575 2696.93798828125
-71565 2703.530029296875
-71555 2710.44091796875
-71545 2719.655029296875
-71535 2730.468994140625
-71525 2749.5400390625
-71515 2759.81396484375
-71505 2765.989990234375
-71495 2772.614990234375
-71485 2781.260009765625
-71475 2787.77392578125
-71465 2794.5849609375
-71455 2801.507080078125
-71445 2810.193115234375
-71435 2819.029052734375
-71425 2828.176025390625
-71415 2838.593017578125
-71405 2848.429931640625
-71395 2857.843017578125
-71385 2868.77197265625
-71375 2881.0439453125
-71365 2889.31689453125
-71355 2897.18798828125
-71345 2906.06494140625
-71335 2914.35693359375
-71325 2922.85595703125
-71315 2933.281005859375
-71305 2938.90087890625
-71295 2943.952880859375
-71285 2947.74609375
-71275 2953.992919921875
-71265 2956.81298828125
-71255 2954.885986328125
-71245 2960.089111328125
-71235 2964.049072265625
-71225 2968.092041015625
-71215 2974.319091796875
-71205 2979.556884765625
-71195 2975.280029296875
-71185 2976.657958984375
-71175 2982.75390625
-71165 2989.37109375
-71155 2988.31396484375
-71145 2988.18701171875
-71135 2985.10888671875
-71125 2989.4580078125
-71115 2988.305908203125
-71105 2971.3359375
-71095 2959.4541015625
-71085 2944.509033203125
-71075 2943.381103515625
-71065 2948.876953125
-71055 2956.60595703125
-71045 2965.717041015625
-71035 2974.77197265625
-71025 2983.839111328125
-71015 2986.5
-71005 2992.305908203125
-70995 2997.072021484375
-70985 2997.14306640625
-70975 2998.037109375
-70965 3000.1298828125
-70955 3004.97900390625
-70945 3004.001953125
-70935 3009.700927734375
-70925 3014.5380859375
-70915 3014.93505859375
-70905 3014.708984375
-70895 3019.801025390625
-70885 3028.18798828125
-70875 3033.660888671875
-70865 3037.949951171875
-70855 3033.820068359375
-70845 3040.23388671875
-70835 3031.93310546875
-70825 3018.677001953125
-70815 3009.14501953125
-70805 2999.14892578125
-70795 2987.9169921875
-70785 2983.89794921875
-70775 2982.75390625
-70765 2980.156982421875
-70755 2975.18896484375
-70745 2971.156982421875
-70735 2968.715087890625
-70725 2966.841064453125
-70715 2966.681884765625
-70705 2967.75390625
-70695 2968.489013671875
-70685 2970.283935546875
-70675 2972.407958984375
-70665 2974.375
-70655 2976.718017578125
-70645 2981.157958984375
-70635 2986.74609375
-70625 2989.35888671875
-70615 2991.7099609375
-70605 2994.570068359375
-70595 2998.242919921875
-70585 3001.451904296875
-70575 3004.85595703125
-70565 3008.18408203125
-70555 3012.10400390625
-70545 3015.531005859375
-70535 3018.62890625
-70525 3021.568115234375
-70515 3026.01611328125
-70505 3030.7900390625
-70495 3033.93896484375
-70485 3036.528076171875
-70475 3038.35498046875
-70465 3037.343017578125
-70455 3037.3740234375
-70445 3037.969970703125
-70435 3037.89111328125
-70425 3040.281005859375
-70415 3042.9619140625
-70405 3044.991943359375
-70395 3047.927001953125
-70385 3050.00390625
-70375 3055.862060546875
-70365 3063.784912109375
-70355 3078.968017578125
-70345 3082.7958984375
-70335 3113.548095703125
-70325 3117.7099609375
-70315 3124.615966796875
-70305 3130.969970703125
-70295 3136.462890625
-70285 3139.135986328125
-70275 3140.0380859375
-70265 3140.910888671875
-70255 3141.924072265625
-70245 3143.4208984375
-70235 3137.39599609375
-70225 3128.052001953125
-70215 3117.468017578125
-70205 3111.02587890625
-70195 3106.160888671875
-70185 3101.493896484375
-70175 3097.013916015625
-70165 3092.33203125
-70155 3087.8720703125
-70145 3083.2451171875
-70135 3078.531005859375
-70125 3073.781005859375
-70115 3069.174072265625
-70105 3064.611083984375
-70095 3060.178955078125
-70085 3055.9208984375
-70075 3051.929931640625
-70065 3048.116943359375
-70055 3044.551025390625
-70045 3041.155029296875
-70035 3037.93798828125
-70025 3034.85205078125
-70015 3032.012939453125
-70005 3029.4208984375
-69995 3026.9599609375
-69985 3024.509033203125
-69975 3022.4189453125
-69965 3020.383056640625
-69955 3018.739990234375
-69945 3017.511962890625
-69935 3016.239990234375
-69925 3015.383056640625
-69915 3015.011962890625
-69905 3014.968994140625
-69895 3014.847900390625
-69885 3014.66796875
-69875 3014.548095703125
-69865 3014.001953125
-69855 3013.4619140625
-69845 3012.910888671875
-69835 3012.511962890625
-69825 3013.15087890625
-69815 3016.10888671875
-69805 3021.1630859375
-69795 3026.18994140625
-69785 3030.10302734375
-69775 3035.98095703125
-69765 3042.02294921875
-69755 3050.9580078125
-69745 3055.821044921875
-69735 3061.85205078125
-69725 3069.881103515625
-69715 3078.137939453125
-69705 3085.76904296875
-69695 3093.26806640625
-69685 3090.260009765625
-69675 3079.509033203125
-69665 3074.470947265625
-69655 3069.81005859375
-69645 3065.93994140625
-69635 3062.2119140625
-69625 3059.489013671875
-69615 3056.280029296875
-69605 3051.208984375
-69595 3047.0830078125
-69585 3043.158935546875
-69575 3037.881103515625
-69565 3028.362060546875
-69555 3025.458984375
-69545 3024.91796875
-69535 3023.330078125
-69525 3023.281005859375
-69515 3023.220947265625
-69505 3023.160888671875
-69495 3024.580078125
-69485 3025.458984375
-69475 3027.2919921875
-69465 3031.947998046875
-69455 3036.080078125
-69445 3039.697998046875
-69435 3040.33203125
-69425 3043.071044921875
-69415 3041.60888671875
-69405 3040.23291015625
-69395 3032.341064453125
-69385 3028.799072265625
-69375 3024.7490234375
-69365 3021.08203125
-69355 3018.080078125
-69345 3014.18310546875
-69335 3010.4990234375
-69325 3012.6220703125
-69315 3013.41796875
-69305 3015.8310546875
-69295 3008.114013671875
-69285 3000.008056640625
-69275 2990.25
-69265 2983.552978515625
-69255 2978.5810546875
-69245 2971.922119140625
-69235 2966.698974609375
-69225 2964.131103515625
-69215 2959.35205078125
-69205 2954.7509765625
-69195 2945.8359375
-69185 2937.259033203125
-69175 2930.572998046875
-69165 2921.6708984375
-69155 2912.75
-69145 2904.787109375
-69135 2895.679931640625
-69125 2887.030029296875
-69115 2879.301025390625
-69105 2876.656982421875
-69095 2868.819091796875
-69085 2865.62109375
-69075 2865.989013671875
-69065 2851.9619140625
-69055 2844.260986328125
-69045 2832.77197265625
-69035 2829.39892578125
-69025 2828.68701171875
-69015 2825.968994140625
-69005 2817.159912109375
-68995 2812.4609375
-68985 2803.367919921875
-68975 2799.989013671875
-68965 2790.967041015625
-68955 2789.81005859375
-68945 2786.31689453125
-68935 2782.419921875
-68925 2775.97998046875
-68915 2774.511962890625
-68905 2765.510986328125
-68895 2760.888916015625
-68885 2757.177001953125
-68875 2756.35888671875
-68865 2753.548095703125
-68855 2752.826904296875
-68845 2748.837890625
-68835 2743.908935546875
-68825 2745.35009765625
-68815 2739.97900390625
-68805 2736.616943359375
-68795 2727.660888671875
-68785 2717.72802734375
-68775 2709.889892578125
-68765 2700.819091796875
-68755 2688.587890625
-68745 2685.591064453125
-68735 2682.20703125
-68725 2676.55810546875
-68715 2668.988037109375
-68705 2664.659912109375
-68695 2657.35693359375
-68685 2648.821044921875
-68675 2643.406982421875
-68665 2639.989990234375
-68655 2636.530029296875
-68645 2627.698974609375
-68635 2621.68994140625
-68625 2613.06103515625
-68615 2603.30810546875
-68605 2581.677978515625
-68595 2568.09912109375
-68585 2558.738037109375
-68575 2551.468017578125
-68565 2546.948974609375
-68555 2541.14208984375
-68545 2540.4208984375
-68535 2536.742919921875
-68525 2531.85791015625
-68515 2525.822021484375
-68505 2519.550048828125
-68495 2513.590087890625
-68485 2506.9208984375
-68475 2501.528076171875
-68465 2495.552001953125
-68455 2492.407958984375
-68445 2490.868896484375
-68435 2490.409912109375
-68425 2489.81005859375
-68415 2487.64892578125
-68405 2487.152099609375
-68395 2486.90087890625
-68385 2483.669921875
-68375 2482.093017578125
-68365 2479.7890625
-68355 2477.802978515625
-68345 2474.5390625
-68335 2471.488037109375
-68325 2468.802001953125
-68315 2466.041015625
-68305 2462.85888671875
-68295 2459.157958984375
-68285 2454.262939453125
-68275 2450.971923828125
-68265 2448.341064453125
-68255 2446.2119140625
-68245 2443.952880859375
-68235 2440.0390625
-68225 2436.949951171875
-68215 2432.430908203125
-68205 2428.56103515625
-68195 2426.410888671875
-68185 2424.0419921875
-68175 2420.10205078125
-68165 2415.610107421875
-68155 2411.281005859375
-68145 2406.5390625
-68135 2400.873046875
-68125 2397.009033203125
-68115 2394.39990234375
-68105 2392.550048828125
-68095 2390.699951171875
-68085 2388.597900390625
-68075 2386.431884765625
-68065 2386.093017578125
-68055 2386.240966796875
-68045 2387.60009765625
-68035 2388.779052734375
-68025 2389.592041015625
-68015 2390.85302734375
-68005 2391.049072265625
-67995 2391.4580078125
-67985 2391.049072265625
-67975 2385.77099609375
-67965 2382.551025390625
-67955 2382.218017578125
-67945 2379.402099609375
-67935 2377.39306640625
-67925 2373.98193359375
-67915 2371.197998046875
-67905 2367.865966796875
-67895 2363.697021484375
-67885 2359.08203125
-67875 2355.44189453125
-67865 2352.02001953125
-67855 2350.9990234375
-67845 2350.85205078125
-67835 2350.39599609375
-67825 2350.071044921875
-67815 2348.678955078125
-67805 2346.02099609375
-67795 2343.593017578125
-67785 2341.6708984375
-67775 2339.1220703125
-67765 2337.260986328125
-67755 2335.77099609375
-67745 2334.720947265625
-67735 2333.208984375
-67725 2331.68896484375
-67715 2330.430908203125
-67705 2329.532958984375
-67695 2329.281982421875
-67685 2328.403076171875
-67675 2328.4169921875
-67665 2327.382080078125
-67655 2326.902099609375
-67645 2326.8310546875
-67635 2327.39306640625
-67625 2326.9130859375
-67615 2326.14892578125
-67605 2325.160888671875
-67595 2324.65087890625
-67585 2323.501953125
-67575 2323.010009765625
-67565 2323.049072265625
-67555 2323.64892578125
-67545 2323.322021484375
-67535 2322.68603515625
-67525 2321.94091796875
-67515 2321.072998046875
-67505 2320.1298828125
-67495 2317.931884765625
-67485 2316.18603515625
-67475 2313.798095703125
-67465 2310.322021484375
-67455 2307.1669921875
-67445 2305.60595703125
-67435 2305.070068359375
-67425 2305.281982421875
-67415 2302.77099609375
-67405 2302.697021484375
-67395 2302.008056640625
-67385 2301.407958984375
-67375 2300.62890625
-67365 2300.657958984375
-67355 2297.888916015625
-67345 2296.541015625
-67335 2295.424072265625
-67325 2292.636962890625
-67315 2291.090087890625
-67305 2291.22802734375
-67295 2291.87109375
-67285 2291.56494140625
-67275 2290.677001953125
-67265 2285.929931640625
-67255 2280.386962890625
-67245 2278.550048828125
-67235 2279.0859375
-67225 2275.748046875
-67215 2272.011962890625
-67205 2270.095947265625
-67195 2266.284912109375
-67185 2261.447021484375
-67175 2256.531982421875
-67165 2251.81591796875
-67155 2250.60595703125
-67145 2246.885009765625
-67135 2239.68896484375
-67125 2236.673095703125
-67115 2230.9609375
-67105 2225.342041015625
-67095 2217.839111328125
-67085 2210.612060546875
-67075 2202.89501953125
-67065 2197.64306640625
-67055 2195.39306640625
-67045 2190.64599609375
-67035 2185.547119140625
-67025 2180.52490234375
-67015 2175.426025390625
-67005 2169.623046875
-66995 2165.886962890625
-66985 2162.9169921875
-66975 2159.39501953125
-66965 2156.287109375
-66955 2153.39306640625
-66945 2151.06494140625
-66935 2148.7529296875
-66925 2146.91796875
-66915 2144.987060546875
-66905 2143.256103515625
-66895 2139.91796875
-66885 2135.783935546875
-66875 2132.06298828125
-66865 2127.9140625
-66855 2126.092041015625
-66845 2125.034912109375
-66835 2123.044921875
-66825 2121.02392578125
-66815 2119.112060546875
-66805 2116.845947265625
-66795 2113.658935546875
-66785 2112.096923828125
-66775 2111.5791015625
-66765 2110
-66755 2107.718017578125
-66745 2106.510009765625
-66735 2105.592041015625
-66725 2104.948974609375
-66715 2103.43310546875
-66705 2101.990966796875
-66695 2102.3740234375
-66685 2104.532958984375
-66675 2104.612060546875
-66665 2101.39599609375
-66655 2104.321044921875
-66645 2104.135009765625
-66635 2104.68603515625
-66625 2104.85693359375
-66615 2104.97705078125
-66605 2103.950927734375
-66595 2103.18798828125
-66585 2101.7919921875
-66575 2101.9609375
-66565 2099.55908203125
-66555 2101.531982421875
-66545 2102.175048828125
-66535 2100.279052734375
-66525 2101.365966796875
-66515 2101.990966796875
-66505 2104.762939453125
-66495 2110.22900390625
-66485 2115.070068359375
-66475 2119.89306640625
-66465 2127.531005859375
-66455 2134.498046875
-66445 2140.135009765625
-66435 2148.323974609375
-66425 2157.26708984375
-66415 2169.117919921875
-66405 2177.922119140625
-66395 2184.56689453125
-66385 2190.447021484375
-66375 2194.56591796875
-66365 2201.669921875
-66355 2210.85693359375
-66345 2215.909912109375
-66335 2218.008056640625
-66325 2220.242919921875
-66315 2222.23388671875
-66305 2223.305908203125
-66295 2221.912109375
-66285 2222.2490234375
-66275 2221.7900390625
-66265 2221.4990234375
-66255 2225.756103515625
-66245 2227.195068359375
-66235 2227.0419921875
-66225 2228.220947265625
-66215 2229.507080078125
-66205 2229.7060546875
-66195 2229.614013671875
-66185 2228.60400390625
-66175 2227.6689453125
-66165 2227.408935546875
-66155 2224.423095703125
-66145 2224.4541015625
-66135 2218.803955078125
-66125 2215.679931640625
-66115 2214.699951171875
-66105 2215.405029296875
-66095 2215.298095703125
-66085 2217.762939453125
-66075 2218.31396484375
-66065 2217.471923828125
-66055 2216.76806640625
-66045 2215.94091796875
-66035 2214.470947265625
-66025 2213.18505859375
-66015 2214.655029296875
-66005 2213.8740234375
-65995 2214.547119140625
-65985 2215.60400390625
-65975 2215.343994140625
-65965 2214.85400390625
-65955 2214.256103515625
-65945 2216.23193359375
-65935 2218.971923828125
-65925 2219.81494140625
-65915 2221.882080078125
-65905 2223.10693359375
-65895 2223.673095703125
-65885 2224.714111328125
-65875 2226.154052734375
-65865 2227.455078125
-65855 2227.056884765625
-65845 2227.2099609375
-65835 2229.169921875
-65825 2229.384033203125
-65815 2229.322998046875
-65805 2227.10302734375
-65795 2223.044921875
-65785 2217.471923828125
-65775 2214.822998046875
-65765 2219.4169921875
-65755 2225.26611328125
-65745 2222.23388671875
-65735 2218.19189453125
-65725 2219.06396484375
-65715 2223.825927734375
-65705 2227.806884765625
-65695 2229.18505859375
-65685 2226.597900390625
-65675 2229.98095703125
-65665 2235.156982421875
-65655 2236.947998046875
-65645 2238.18798828125
-65635 2247.330078125
-65625 2247.20703125
-65615 2249.135986328125
-65605 2251.52490234375
-65595 2254.47998046875
-65585 2254.31201171875
-65575 2252.0458984375
-65565 2247.574951171875
-65555 2245.278076171875
-65545 2243.80810546875
-65535 2248.37109375
-65525 2245.35400390625
-65515 2238.616943359375
-65505 2235.952880859375
-65495 2234.85107421875
-65485 2236.427978515625
-65475 2231.176025390625
-65465 2227.89892578125
-65455 2224.883056640625
-65445 2222.493896484375
-65435 2219.861083984375
-65425 2214.9150390625
-65415 2209.294921875
-65405 2205.56005859375
-65395 2202.2060546875
-65385 2196.89306640625
-65375 2195.177978515625
-65365 2198.10302734375
-65355 2198.77587890625
-65345 2198.424072265625
-65335 2200.24609375
-65325 2202.007080078125
-65315 2203.614990234375
-65305 2203.737060546875
-65295 2204.779052734375
-65285 2198.638916015625
-65275 2196.035888671875
-65265 2199.527099609375
-65255 2203.64599609375
-65245 2201.716064453125
-65235 2204.701904296875
-65225 2200.23095703125
-65215 2201.14990234375
-65205 2196.5869140625
-65195 2190.447021484375
-65185 2186.466064453125
-65175 2186.02197265625
-65165 2187.5830078125
-65155 2188.34912109375
-65145 2181.22900390625
-65135 2173.281982421875
-65125 2170.986083984375
-65115 2174.843994140625
-65105 2168.7958984375
-65095 2173.2060546875
-65085 2166.97412109375
-65075 2168.076904296875
-65065 2171.06201171875
-65055 2169.2099609375
-65045 2164.845947265625
-65035 2155.949951171875
-65025 2156.302001953125
-65015 2146.762939453125
-65005 2144.73291015625
-64995 2148.635986328125
-64985 2147.343017578125
-64975 2140.033935546875
-64965 2134.18994140625
-64955 2133.64990234375
-64945 2130.029052734375
-64935 2129.2099609375
-64925 2116.3779296875
-64915 2114.5
-64905 2107.594970703125
-64895 2110.126953125
-64885 2115.156005859375
-64875 2112.7529296875
-64865 2110.176025390625
-64855 2104.0830078125
-64845 2104.5390625
-64835 2095.802001953125
-64825 2089.097900390625
-64815 2090.298095703125
-64805 2088.445068359375
-64795 2088.08203125
-64785 2085.612060546875
-64775 2084.7509765625
-64765 2081.491943359375
-64755 2082.6240234375
-64745 2079.548095703125
-64735 2076.740966796875
-64725 2073.72998046875
-64715 2071.712890625
-64705 2068.115966796875
-64695 2068.569091796875
-64685 2067.3701171875
-64675 2065.85009765625
-64665 2063.452880859375
-64655 2062.571044921875
-64645 2060.080078125
-64635 2057.97509765625
-64625 2051.343017578125
-64615 2045.8389892578125
-64605 2043.1669921875
-64595 2041.8800048828125
-64585 2039.0469970703125
-64575 2035.719970703125
-64565 2033.3909912109375
-64555 2030.3780517578125
-64545 2028.0009765625
-64535 2025.6920166015625
-64525 2023.178955078125
-64515 2020.39501953125
-64505 2016.68505859375
-64495 2013.6290283203125
-64485 2009.1929931640625
-64475 2004.1639404296875
-64465 1999.97900390625
-64455 1996.9429931640625
-64445 1992.68701171875
-64435 1989.8570556640625
-64425 1984.0849609375
-64415 1979.1280517578125
-64405 1974.8489990234375
-64395 1970.208984375
-64385 1964.7340087890625
-64375 1959.20703125
-64365 1952.68798828125
-64355 1947.1409912109375
-64345 1943.248046875
-64335 1936.45703125
-64325 1929.530029296875
-64315 1923.1689453125
-64305 1917.623046875
-64295 1911.0810546875
-64285 1904.968994140625
-64275 1895.258056640625
-64265 1884.279052734375
-64255 1875.3599853515625
-64245 1864.7430419921875
-64235 1854.6240234375
-64225 1847.8330078125
-64215 1844.279052734375
-64205 1832.802001953125
-64195 1817.2960205078125
-64185 1794.342041015625
-64175 1779.0400390625
-64165 1751.33203125
-64155 1731.1400146484375
-64145 1717.9429931640625
-64135 1711.446044921875
-64125 1704.3599853515625
-64115 1698.2030029296875
-64105 1694.989013671875
-64095 1693.0419921875
-64085 1693.291015625
-64075 1692.0009765625
-64065 1693.4949951171875
-64055 1691.23095703125
-64045 1653.26904296875
-64035 1619.199951171875
-64025 1603.4000244140625
-64015 1606.907958984375
-64005 1595.0240478515625
-63995 1583.116943359375
-63985 1568.81005859375
-63975 1559.1219482421875
-63965 1546.8299560546875
-63955 1538.0689697265625
-63945 1529.5810546875
-63935 1521.1600341796875
-63925 1512.0369873046875
-63915 1506.2650146484375
-63905 1500.1529541015625
-63895 1493.3389892578125
-63885 1485.8909912109375
-63875 1477.697021484375
-63865 1470.2950439453125
-63855 1462.2130126953125
-63845 1453.883056640625
-63835 1447.136962890625
-63825 1440.6400146484375
-63815 1432.2650146484375
-63805 1425.1109619140625
-63795 1418.4329833984375
-63785 1410.93994140625
-63775 1403.8780517578125
-63765 1398.3089599609375
-63755 1394.4610595703125
-63745 1387.9189453125
-63735 1383.7540283203125
-63725 1376.64599609375
-63715 1373.27294921875
-63705 1371.18994140625
-63695 1371.302978515625
-63685 1369.9219970703125
-63675 1370.1710205078125
-63665 1372.7750244140625
-63655 1379.27099609375
-63645 1385.134033203125
-63635 1390.657958984375
-63625 1397.0870361328125
-63615 1404.10400390625
-63605 1411.3929443359375
-63595 1420.0179443359375
-63585 1428.4610595703125
-63575 1436.5880126953125
-63565 1444.8050537109375
-63555 1452.0489501953125
-63545 1460.425048828125
-63535 1467.91796875
-63525 1475.47802734375
-63515 1485.280029296875
-63505 1503.072998046875
-63495 1527.77001953125
-63485 1537.68505859375
-63475 1547.8709716796875
-63465 1556.948974609375
-63455 1566.9539794921875
-63445 1576.6199951171875
-63435 1586.1729736328125
-63425 1595.0689697265625
-63415 1603.9659423828125
-63405 1612.2509765625
-63395 1618.5439453125
-63385 1623.72802734375
-63375 1629.0469970703125
-63365 1634.5260009765625
-63355 1639.844970703125
-63345 1646.5909423828125
-63335 1653.7440185546875
-63325 1660.5579833984375
-63315 1665.6290283203125
-63305 1670.7449951171875
-63295 1674.4339599609375
-63285 1673.9820556640625
-63275 1672.737060546875
-63265 1669.47705078125
-63255 1665.3570556640625
-63245 1660.8299560546875
-63235 1654.8310546875
-63225 1648.425048828125
-63215 1641.633056640625
-63205 1637.490966796875
-63195 1634.2540283203125
-63185 1629.0250244140625
-63175 1621.531982421875
-63165 1616.1219482421875
-63155 1611.821044921875
-63145 1610.68896484375
-63135 1610.7110595703125
-63125 1608.8780517578125
-63115 1606.4560546875
-63105 1603.1729736328125
-63095 1601.22705078125
-63085 1598.7359619140625
-63075 1594.887939453125
-63065 1589.52294921875
-63055 1587.7349853515625
-63045 1590.5419921875
-63035 1589.9990234375
-63025 1588.8890380859375
-63015 1586.8070068359375
-63005 1586.06005859375
-62995 1588.550048828125
-62985 1589.2969970703125
-62975 1589.4329833984375
-62965 1591.333984375
-62955 1593.779052734375
-62945 1595.613037109375
-62935 1597.31005859375
-62925 1599.0989990234375
-62915 1601.135986328125
-62905 1603.376953125
-62895 1606.75
-62885 1609.4659423828125
-62875 1611.7979736328125
-62865 1614.2879638671875
-62855 1616.3480224609375
-62845 1618.9510498046875
-62835 1621.4189453125
-62825 1623.6820068359375
-62815 1624.7459716796875
-62805 1620.4000244140625
-62795 1614.876953125
-62785 1606.4100341796875
-62775 1594.6619873046875
-62765 1583.9090576171875
-62755 1574.35595703125
-62745 1568.2220458984375
-62735 1559.2120361328125
-62725 1545.4940185546875
-62715 1534.56103515625
-62705 1525.958984375
-62695 1515.5909423828125
-62685 1503.5030517578125
-62675 1494.426025390625
-62665 1486.9329833984375
-62655 1481.0699462890625
-62645 1471.199951171875
-62635 1460.9229736328125
-62625 1457.95703125
-62615 1451.166015625
-62605 1444.510986328125
-62595 1438.760986328125
-62585 1434.18896484375
-62575 1430.9969482421875
-62565 1426.9000244140625
-62555 1423.0970458984375
-62545 1418.3199462890625
-62535 1414.6080322265625
-62525 1410.873046875
-62515 1406.2550048828125
-62505 1402.364990234375
-62495 1398.4560546875
-62485 1393.6920166015625
-62475 1389.4530029296875
-62465 1385.9139404296875
-62455 1381.907958984375
-62445 1378.2550048828125
-62435 1374.5970458984375
-62425 1369.9110107421875
-62415 1366.490966796875
-62405 1362.3489990234375
-62395 1357.5660400390625
-62385 1355.365966796875
-62375 1351.363037109375
-62365 1347.0460205078125
-62355 1342.281982421875
-62345 1337.77099609375
-62335 1333.4930419921875
-62325 1330.654052734375
-62315 1326.998046875
-62305 1322.116943359375
-62295 1317.5870361328125
-62285 1314.98095703125
-62275 1313.1529541015625
-62265 1308.2530517578125
-62255 1306.074951171875
-62245 1301.7969970703125
-62235 1297.907958984375
-62225 1295.43896484375
-62215 1292.9110107421875
-62205 1289.64404296875
-62195 1288.72998046875
-62185 1286.4940185546875
-62175 1281.9639892578125
-62165 1279.8050537109375
-62155 1276.5379638671875
-62145 1274.322021484375
-62135 1272.4549560546875
-62125 1270.1409912109375
-62115 1267.905029296875
-62105 1266.6209716796875
-62095 1265.416015625
-62085 1263.39404296875
-62075 1260.6319580078125
-62065 1258.9410400390625
-62055 1256.97705078125
-62045 1254.137939453125
-62035 1248.906982421875
-62025 1243.5400390625
-62015 1236.3260498046875
-62005 1228.3170166015625
-61995 1219.625
-61985 1214.199951171875
-61975 1206.0140380859375
-61965 1198.448974609375
-61955 1191.64404296875
-61945 1181.1429443359375
-61935 1180.4820556640625
-61925 1184.5660400390625
-61915 1190.125
-61905 1195.3380126953125
-61895 1197.76904296875
-61885 1197.5360107421875
-61875 1201.385986328125
-61865 1209.8809814453125
-61855 1215.384033203125
-61845 1220.9449462890625
-61835 1228.97802734375
-61825 1244.4150390625
-61815 1253.4959716796875
-61805 1262.052001953125
-61795 1279.2220458984375
-61785 1292.3470458984375
-61775 1301.991943359375
-61765 1309.43896484375
-61755 1312.6669921875
-61745 1317.7030029296875
-61735 1323.2259521484375
-61725 1327.2120361328125
-61715 1331.06201171875
-61705 1335.7679443359375
-61695 1337.343017578125
-61685 1345.448974609375
-61675 1346.4990234375
-61665 1354.823974609375
-61655 1362.9129638671875
-61645 1367.615966796875
-61635 1372.052001953125
-61625 1375.7060546875
-61615 1380.1199951171875
-61605 1382.1219482421875
-61595 1387.2559814453125
-61585 1395.0340576171875
-61575 1400.634033203125
-61565 1404.5419921875
-61555 1407.498046875
-61545 1408.6650390625
-61535 1409.208984375
-61525 1408.35400390625
-61515 1407.0699462890625
-61505 1406.6810302734375
-61495 1407.4010009765625
-61485 1408.1009521484375
-61475 1408.197998046875
-61465 1408.7430419921875
-61455 1410.219970703125
-61445 1411.56201171875
-61435 1412.3399658203125
-61425 1411.85400390625
-61415 1411.9320068359375
-61405 1412.7679443359375
-61395 1414.5760498046875
-61385 1414.0699462890625
-61375 1412.708984375
-61365 1412.5340576171875
-61355 1412.3590087890625
-61345 1413.8179931640625
-61335 1414.614990234375
-61325 1415.04296875
-61315 1415.5479736328125
-61305 1416.0340576171875
-61295 1416.6180419921875
-61285 1417.0260009765625
-61275 1417.68701171875
-61265 1418.386962890625
-61255 1418.8929443359375
-61245 1419.321044921875
-61235 1419.4759521484375
-61225 1419.6319580078125
-61215 1419.9620361328125
-61205 1420.27294921875
-61195 1421.946044921875
-61185 1424.97900390625
-61175 1429.08203125
-61165 1433.593017578125
-61155 1440.1070556640625
-61145 1446.56298828125
-61135 1453.8740234375
-61125 1461.9439697265625
-61115 1469.9749755859375
-61105 1476.2359619140625
-61095 1487.6090087890625
-61085 1505.906982421875
-61075 1520.35400390625
-61065 1529.512939453125
-61055 1535.2879638671875
-61045 1541.4129638671875
-61035 1548.1219482421875
-61025 1555.7640380859375
-61015 1561.635986328125
-61005 1570.385986328125
-60995 1579.0589599609375
-60985 1584.9119873046875
-60975 1592.6309814453125
-60965 1598.9320068359375
-60955 1603.77294921875
-60945 1608.1490478515625
-60935 1614.739990234375
-60925 1621.760009765625
-60915 1634.3580322265625
-60905 1641.166015625
-60895 1648.282958984375
-60885 1658.4119873046875
-60875 1675.5040283203125
-60865 1691.720947265625
-60855 1701.093017578125
-60845 1705.93505859375
-60835 1713.3050537109375
-60825 1720.5379638671875
-60815 1726.60498046875
-60805 1731.718994140625
-60795 1736.405029296875
-60785 1741.947021484375
-60775 1746.866943359375
-60765 1752.8360595703125
-60755 1758.5899658203125
-60745 1761.89794921875
-60735 1767.6729736328125
-60725 1774.303955078125
-60715 1781.2039794921875
-60705 1788.45703125
-60695 1794.738037109375
-60685 1800.572021484375
-60675 1807.843994140625
-60665 1815.4659423828125
-60655 1822.447021484375
-60645 1828.884033203125
-60635 1835.9620361328125
-60625 1845.373046875
-60615 1857.0589599609375
-60605 1868.123046875
-60595 1876.4649658203125
-60585 1883.3680419921875
-60575 1889.4739990234375
-60565 1896.7459716796875
-60555 1902.3079833984375
-60545 1910.2220458984375
-60535 1917.9000244140625
-60525 1925
-60515 1929.509033203125
-60505 1935.343017578125
-60495 1940.8260498046875
-60485 1944.9310302734375
-60475 1947.904052734375
-60465 1953.154052734375
-60455 1958.656982421875
-60445 1965.053955078125
-60435 1971.8409423828125
-60425 1979.948974609375
-60415 1988.0770263671875
-60405 1994.843994140625
-60395 2001.9029541015625
-60385 2013.958984375
-60375 2022.6700439453125
-60365 2022.9620361328125
-60355 2025.8199462890625
-60345 2032.761962890625
-60335 2042.27099609375
-60325 2048.02392578125
-60315 2052.635009765625
-60305 2058.387939453125
-60295 2064.924072265625
-60285 2075.403076171875
-60275 2083.9580078125
-60265 2090.02490234375
-60255 2097.881103515625
-60245 2106.1650390625
-60235 2115.498046875
-60225 2123.35400390625
-60215 2137.450927734375
-60205 2152.306884765625
-60195 2159.405029296875
-60185 2167.804931640625
-60175 2175.388916015625
-60165 2183.925048828125
-60155 2199.80908203125
-60145 2212.8759765625
-60135 2220.303955078125
-60125 2228.00390625
-60115 2232.72900390625
-60105 2237.43505859375
-60095 2243.462890625
-60085 2249.490966796875
-60075 2256.510986328125
-60065 2264.346923828125
-60055 2272.241943359375
-60045 2280.2529296875
-60035 2288.22607421875
-60025 2296.489990234375
-60015 2304.79296875
-60005 2311.179931640625
-59995 2324.153076171875
-59985 2333.931884765625
-59975 2341.85791015625
-59965 2350.52099609375
-59955 2358.527099609375
-59945 2369.97802734375
-59935 2383.93896484375
-59925 2390.968994140625
-59915 2400.989013671875
-59905 2415.367919921875
-59895 2422.9560546875
-59885 2429.885986328125
-59875 2442.013916015625
-59865 2450.339111328125
-59855 2457.587890625
-59845 2465.654052734375
-59835 2474.35693359375
-59825 2481.287109375
-59815 2488.177978515625
-59805 2494.430908203125
-59795 2502.01904296875
-59785 2511.280029296875
-59775 2516.81591796875
-59765 2525.219970703125
-59755 2532.489990234375
-59745 2534.760009765625
-59735 2539.281005859375
-59725 2548.719970703125
-59715 2557.2041015625
-59705 2566.485107421875
-59695 2568.555908203125
-59685 2577.81689453125
-59675 2591.777099609375
-59665 2599.945068359375
-59655 2618.068115234375
-59645 2640.134033203125
-59635 2652.48193359375
-59625 2663.236083984375
-59615 2657.5400390625
-59605 2658.695068359375
-59595 2669.35009765625
-59585 2679.527099609375
-59575 2689.0859375
-59565 2691.49609375
-59555 2700.736083984375
-59545 2710.39501953125
-59535 2719.81494140625
-59525 2727.262939453125
-59515 2738.39599609375
-59505 2744.610107421875
-59495 2753.073974609375
-59485 2763.827880859375
-59475 2776.7529296875
-59465 2787.925048828125
-59455 2798.181884765625
-59445 2818.116943359375
-59435 2819.989013671875
-59425 2831.678955078125
-59415 2839.287109375
-59405 2847.451904296875
-59395 2857.73095703125
-59385 2869.637939453125
-59375 2891.18896484375
-59365 2895.3310546875
-59355 2898.697021484375
-59345 2905.30908203125
-59335 2911.919921875
-59325 2917.137939453125
-59315 2920.722900390625
-59305 2922.116943359375
-59295 2925.94091796875
-59285 2931.596923828125
-59275 2942.2509765625
-59265 2947.169921875
-59255 2949.739990234375
-59245 2954.300048828125
-59235 2957.804931640625
-59225 2960.31494140625
-59215 2953.10498046875
-59205 2941.39501953125
-59195 2922.514892578125
-59185 2913.85205078125
-59175 2906.06494140625
-59165 2891.387939453125
-59155 2881.011962890625
-59145 2871.89111328125
-59135 2862.60693359375
-59125 2856.277099609375
-59115 2838.910888671875
-59105 2825.20703125
-59095 2817.180908203125
-59085 2809.2548828125
-59075 2803.4189453125
-59065 2797.6240234375
-59055 2796.111083984375
-59045 2790.156005859375
-59035 2786.948974609375
-59025 2782.60791015625
-59015 2777.469970703125
-59005 2775.0400390625
-58995 2771.833984375
-58985 2752.555908203125
-58975 2718.541015625
-58965 2700.178955078125
-58955 2683.389892578125
-58945 2673.053955078125
-58935 2668.83203125
-58925 2663.076904296875
-58915 2653.756103515625
-58905 2640.31103515625
-58895 2631.430908203125
-58885 2624.819091796875
-58875 2617.590087890625
-58865 2610.89599609375
-58855 2605.06103515625
-58845 2597.632080078125
-58835 2591.179931640625
-58825 2585.50390625
-58815 2579.867919921875
-58805 2574.551025390625
-58795 2570.18896484375
-58785 2564.77197265625
-58775 2559.9130859375
-58765 2555.75
-58755 2552.364990234375
-58745 2549.576904296875
-58735 2547.10693359375
-58725 2544.35888671875
-58715 2542.427001953125
-58705 2540.77392578125
-58695 2542.885009765625
-58685 2544.85693359375
-58675 2539.89794921875
-58665 2539.55908203125
-58655 2540.2958984375
-58645 2538.343994140625
-58635 2539.678955078125
-58625 2540.534912109375
-58615 2545.85302734375
-58605 2550.39306640625
-58595 2553.60009765625
-58585 2559.196044921875
-58575 2565.111083984375
-58565 2570.208984375
-58555 2576.0439453125
-58545 2579.409912109375
-58535 2581.0029296875
-58525 2583.491943359375
-58515 2587.239013671875
-58505 2592.47412109375
-58495 2596.3779296875
-58485 2600.0419921875
-58475 2599.863037109375
-58465 2605.93701171875
-58455 2611.175048828125
-58445 2617.427978515625
-58435 2620.93603515625
-58425 2625.235107421875
-58415 2627.305908203125
-58405 2628.922119140625
-58395 2627.050048828125
-58385 2626.2529296875
-58375 2625.656005859375
-58365 2625.951904296875
-58355 2625.931884765625
-58345 2625.794921875
-58335 2626.927001953125
-58325 2627.407958984375
-58315 2627.56494140625
-58305 2630.833984375
-58295 2634.675048828125
-58285 2635.35205078125
-58275 2635.571044921875
-58265 2638.677001953125
-58255 2640.81103515625
-58245 2643.240966796875
-58235 2642.9189453125
-58225 2644.35595703125
-58215 2646.069091796875
-58205 2647.781982421875
-58195 2651.0849609375
-58185 2651.008056640625
-58175 2650.530029296875
-58165 2650.72900390625
-58155 2650.37109375
-58145 2647.842041015625
-58135 2646.069091796875
-58125 2639.9150390625
-58115 2633.821044921875
-58105 2629.676025390625
-58095 2627.488037109375
-58085 2620.39794921875
-58075 2614.679931640625
-58065 2606.8330078125
-58055 2602.013916015625
-58045 2600.698974609375
-58035 2600.14501953125
-58025 2600.658935546875
-58015 2600.9580078125
-58005 2602.212890625
-57995 2604.22412109375
-57985 2606.8330078125
-57975 2605.179931640625
-57965 2604.56298828125
-57955 2608.365966796875
-57945 2615.376953125
-57935 2621.155029296875
-57925 2626.093994140625
-57915 2630.7109375
-57905 2636.527099609375
-57895 2642.22509765625
-57885 2647.0048828125
-57875 2651.125
-57865 2652.44189453125
-57855 2654.532958984375
-57845 2658.93408203125
-57835 2659.073974609375
-57825 2659.631103515625
-57815 2661.922119140625
-57805 2662.360107421875
-57795 2663.572021484375
-57785 2664.132080078125
-57775 2668.114990234375
-57765 2670.52490234375
-57755 2669.80810546875
-57745 2671.221923828125
-57735 2675.60302734375
-57725 2678.2119140625
-57715 2680.2041015625
-57705 2683.68896484375
-57695 2686.218017578125
-57685 2689.64404296875
-57675 2691.534912109375
-57665 2691.136962890625
-57655 2690.739013671875
-57645 2691.197021484375
-57635 2694.52294921875
-57625 2696.81298828125
-57615 2696.85302734375
-57605 2695.55810546875
-57595 2698.924072265625
-57585 2702.68798828125
-57575 2702.60791015625
-57565 2702.388916015625
-57555 2700.955078125
-57545 2701.85205078125
-57535 2704.6201171875
-57525 2703.56396484375
-57515 2702.7080078125
-57505 2703.113037109375
-57495 2702.65087890625
-57485 2702.85302734375
-57475 2704.718017578125
-57465 2705.945068359375
-57455 2707.172119140625
-57445 2707.861083984375
-57435 2709.037109375
-57425 2710.31494140625
-57415 2712.113037109375
-57405 2713.6259765625
-57395 2720.011962890625
-57385 2719.322998046875
-57375 2720.1630859375
-57365 2721.424072265625
-57355 2726.06298828125
-57345 2726.56689453125
-57335 2727.00390625
-57325 2723.72607421875
-57315 2724.364990234375
-57305 2725.205078125
-57295 2722.718017578125
-57285 2726.93603515625
-57275 2729.826904296875
-57265 2728.466064453125
-57255 2728.1630859375
-57245 2728.14599609375
-57235 2724.85205078125
-57225 2725.693115234375
-57215 2725.9619140625
-57205 2727.508056640625
-57195 2731.389892578125
-57185 2733.9951171875
-57175 2734.616943359375
-57165 2734.969970703125
-57155 2733.693115234375
-57145 2732.885986328125
-57135 2732.885986328125
-57125 2732.5830078125
-57115 2734.298095703125
-57105 2733.826904296875
-57095 2730.48193359375
-57085 2729.89404296875
-57075 2727.373046875
-57065 2728.214111328125
-57055 2726.4150390625
-57045 2724.4150390625
-57035 2722.784912109375
-57025 2719.55810546875
-57015 2715.693115234375
-57005 2714.76904296875
-56995 2713.508056640625
-56985 2711.18896484375
-56975 2709.89501953125
-56965 2705.27294921875
-56955 2701.27294921875
-56945 2700.011962890625
-56935 2699.2060546875
-56925 2698.784912109375
-56915 2699.256103515625
-56905 2701.155029296875
-56895 2702.969970703125
-56885 2703.60888671875
-56875 2704.634033203125
-56865 2702.802001953125
-56855 2702.248046875
-56845 2703.52490234375
-56835 2703.256103515625
-56825 2705.406982421875
-56815 2708.819091796875
-56805 2711.340087890625
-56795 2713.826904296875
-56785 2715.72607421875
-56775 2717.97900390625
-56765 2718.532958984375
-56755 2718.14599609375
-56745 2717.89501953125
-56735 2719.826904296875
-56725 2718.14599609375
-56715 2714.616943359375
-56705 2712.0458984375
-56695 2708.0458984375
-56685 2707.322998046875
-56675 2707.305908203125
-56665 2707.256103515625
-56655 2707.27294921875
-56645 2707.406982421875
-56635 2707.658935546875
-56625 2707.256103515625
-56615 2709.8779296875
-56605 2713.2900390625
-56595 2716.93701171875
-56585 2722.448974609375
-56575 2728.4150390625
-56565 2732.2470703125
-56555 2739.305908203125
-56545 2743.9951171875
-56535 2748.784912109375
-56525 2752.447998046875
-56515 2757.573974609375
-56505 2764.73388671875
-56495 2772.112060546875
-56485 2779.304931640625
-56475 2786.12890625
-56465 2793.052978515625
-56455 2799.825927734375
-56445 2806.24609375
-56435 2811.388916015625
-56425 2822.0439453125
-56415 2830.867919921875
-56405 2846.14501953125
-56395 2853.001953125
-56385 2862.464111328125
-56375 2872.8330078125
-56365 2884.4130859375
-56355 2894.177978515625
-56345 2903.202880859375
-56335 2908.56396484375
-56325 2915.60595703125
-56315 2929.386962890625
-56305 2939
-56295 2922.967041015625
-56285 2923.2529296875
-56275 2919.470947265625
-56265 2913.2529296875
-56255 2916.177001953125
-56245 2929.455078125
-56235 2915.656005859375
-56225 2898.2451171875
-56215 2871.506103515625
-56205 2849.387939453125
-56195 2814.2958984375
-56185 2802.262939453125
-56175 2790.85107421875
-56165 2779.909912109375
-56155 2772.615966796875
-56145 2760.1630859375
-56135 2751.490966796875
-56125 2748.700927734375
-56115 2737.406982421875
-56105 2728.616943359375
-56095 2722.3310546875
-56085 2714.364990234375
-56075 2708.179931640625
-56065 2701.305908203125
-56055 2695.742919921875
-56045 2689.9619140625
-56035 2683.47509765625
-56025 2678.365966796875
-56015 2671.928955078125
-56005 2665.81103515625
-55995 2658.9541015625
-55985 2652.215087890625
-55975 2645.27392578125
-55965 2638.2490234375
-55955 2631.407958984375
-55945 2624.8369140625
-55935 2618.4169921875
-55925 2611.844970703125
-55915 2606.282958984375
-55905 2600.737060546875
-55895 2595.258056640625
-55885 2589.39208984375
-55875 2584.216064453125
-55865 2578.6689453125
-55855 2573.19091796875
-55845 2568.702880859375
-55835 2563.9140625
-55825 2558.93896484375
-55815 2553.443115234375
-55805 2548.922119140625
-55795 2543.761962890625
-55785 2539.2919921875
-55775 2534.653076171875
-55765 2530.636962890625
-55755 2525.14111328125
-55745 2521.409912109375
-55735 2516.014892578125
-55725 2512.014892578125
-55715 2508.301025390625
-55705 2505.3759765625
-55695 2502.367919921875
-55685 2499.544921875
-55675 2496.7880859375
-55665 2492.906005859375
-55655 2491.091064453125
-55645 2489.965087890625
-55635 2486.133056640625
-55625 2482.486083984375
-55615 2477.64599609375
-55605 2474.23388671875
-55595 2471.72998046875
-55585 2468.115966796875
-55575 2465.19189453125
-55565 2461.81396484375
-55555 2460.284912109375
-55545 2458.134033203125
-55535 2455.595947265625
-55525 2453.427978515625
-55515 2452.873046875
-55505 2453.19189453125
-55495 2450.050048828125
-55485 2446.14990234375
-55475 2444.43603515625
-55465 2442.7890625
-55455 2437.7470703125
-55445 2432.487060546875
-55435 2426.385986328125
-55425 2420.7900390625
-55415 2414.8740234375
-55405 2406.9580078125
-55395 2404.822998046875
-55385 2396.35302734375
-55375 2390.587890625
-55365 2386.50390625
-55355 2380.8740234375
-55345 2377.865966796875
-55335 2372.35302734375
-55325 2364.50390625
-55315 2356.554931640625
-55305 2351.093017578125
-55295 2344.068115234375
-55285 2338.302978515625
-55275 2336.5390625
-55265 2335.009033203125
-55255 2333.7490234375
-55245 2332.3369140625
-55235 2329.37890625
-55225 2327.462890625
-55215 2325.76611328125
-55205 2322.554931640625
-55195 2320.639892578125
-55185 2319.4970703125
-55175 2317.2451171875
-55165 2314.623046875
-55155 2312.589111328125
-55145 2311.177001953125
-55135 2308.27001953125
-55125 2306.875
-55115 2305.73193359375
-55105 2304.202880859375
-55095 2304.118896484375
-55085 2300.321044921875
-55075 2295.14404296875
-55065 2289.2109375
-55055 2282.674072265625
-55045 2276.35400390625
-55035 2273.884033203125
-55025 2274.455078125
-55015 2271.597900390625
-55005 2267.22509765625
-54995 2262.35205078125
-54985 2256.5849609375
-54975 2251.219970703125
-54965 2246.386962890625
-54955 2242.083984375
-54945 2238.385986328125
-54935 2232.489990234375
-54925 2230.969970703125
-54915 2229.322998046875
-54905 2223.425048828125
-54895 2217.12890625
-54885 2211.0869140625
-54875 2203.927978515625
-54865 2196.989013671875
-54855 2189.62890625
-54845 2181.91796875
-54835 2175.748046875
-54825 2165.698974609375
-54815 2153.593994140625
-54805 2142.884033203125
-54795 2133.912109375
-54785 2125.69091796875
-54775 2118.205078125
-54765 2111.2451171875
-54755 2105.9169921875
-54745 2100.241943359375
-54735 2088.72509765625
-54725 2079.368896484375
-54715 2064.794921875
-54705 2050.825927734375
-54695 2034.8050537109375
-54685 2026.803955078125
-54675 2020.2130126953125
-54665 2015.123046875
-54655 2010.10595703125
-54645 2005.4739990234375
-54635 2000.2010498046875
-54625 1996.35595703125
-54615 1989.875
-54605 1983.66796875
-54595 1979.4200439453125
-54585 1969.3690185546875
-54575 1962.08203125
-54565 1957.9439697265625
-54555 1951.2060546875
-54545 1946.7750244140625
-54535 1941.8690185546875
-54525 1935.697998046875
-54515 1927.458984375
-54505 1916.782958984375
-54495 1910.8349609375
-54485 1908.2509765625
-54475 1901.6619873046875
-54465 1894.375
-54455 1886.81103515625
-54445 1877.6590576171875
-54435 1868.81298828125
-54425 1860.51904296875
-54415 1853.2320556640625
-54405 1845.7440185546875
-54395 1837.800048828125
-54385 1827.801025390625
-54375 1818.7559814453125
-54365 1811.2679443359375
-54355 1805.262939453125
-54345 1796.364013671875
-54335 1784.7559814453125
-54325 1778.43994140625
-54315 1771.427001953125
-54305 1764.2869873046875
-54295 1760.552001953125
-54285 1759.6729736328125
-54275 1758.2449951171875
-54265 1756.1209716796875
-54255 1753.1920166015625
-54245 1751.2139892578125
-54235 1748.0830078125
-54225 1742.9019775390625
-54215 1726.9549560546875
-54205 1718.220947265625
-54195 1710.43994140625
-54185 1700.0770263671875
-54175 1695.18896484375
-54165 1690.135009765625
-54155 1686.0159912109375
-54145 1679.9739990234375
-54135 1664.81396484375
-54125 1657.782958984375
-54115 1652.3089599609375
-54105 1650.33203125
-54095 1644.875
-54085 1642.073974609375
-54075 1641.9639892578125
-54065 1642.0009765625
-54055 1642.073974609375
-54045 1641.781005859375
-54035 1641.469970703125
-54025 1641.0489501953125
-54015 1640.7740478515625
-54005 1640.8480224609375
-53995 1640.738037109375
-53985 1640.865966796875
-53975 1640.3709716796875
-53965 1640.4449462890625
-53955 1640.2979736328125
-53945 1639.7120361328125
-53935 1639.987060546875
-53925 1641.342041015625
-53915 1642.366943359375
-53905 1645.0040283203125
-53895 1646.39501953125
-53885 1647.6219482421875
-53875 1649.2149658203125
-53865 1650.678955078125
-53855 1653.041015625
-53845 1653.9930419921875
-53835 1655.76904296875
-53825 1657.8570556640625
-53815 1659.779052734375
-53805 1661.79296875
-53795 1663.2939453125
-53785 1665.217041015625
-53775 1668.8790283203125
-53765 1673.7490234375
-53755 1680.1390380859375
-53745 1687.718994140625
-53735 1694.9320068359375
-53725 1702.511962890625
-53715 1710.77001953125
-53705 1718.4959716796875
-53695 1731.3489990234375
-53685 1743.7440185546875
-53675 1764.4150390625
-53665 1788.14404296875
-53655 1797.261962890625
-53645 1808.447998046875
-53635 1816.0830078125
-53625 1828.2769775390625
-53615 1836.0400390625
-53605 1836.8819580078125
-53595 1836.6099853515625
-53585 1839.3380126953125
-53575 1842.5579833984375
-53565 1845.56298828125
-53555 1852.4840087890625
-53545 1859.7320556640625
-53535 1867.60498046875
-53525 1877.3270263671875
-53515 1893.0570068359375
-53505 1904.0419921875
-53495 1918.2320556640625
-53485 1930.1319580078125
-53475 1941.9229736328125
-53465 1956.240966796875
-53455 1965.85302734375
-53445 1973.4329833984375
-53435 1981.72705078125
-53425 1989.7099609375
-53415 1997.7110595703125
-53405 2006.3349609375
-53395 2013.9510498046875
-53385 2021.4949951171875
-53375 2030.52099609375
-53365 2040.02294921875
-53355 2052.382080078125
-53345 2062.965087890625
-53335 2075.0849609375
-53325 2083.489013671875
-53315 2092.113037109375
-53305 2100.14990234375
-53295 2105.843994140625
-53285 2113.16796875
-53275 2120.6201171875
-53265 2129.884033203125
-53255 2136.346923828125
-53245 2142.48095703125
-53235 2149.199951171875
-53225 2150.3349609375
-53215 2152.552978515625
-53205 2159.050048828125
-53195 2171.134033203125
-53185 2182.9619140625
-53175 2190.596923828125
-53165 2198.655029296875
-53155 2204.9169921875
-53145 2211.89306640625
-53135 2218.81103515625
-53125 2226.85107421875
-53115 2235.072021484375
-53105 2245.050048828125
-53095 2254.31396484375
-53085 2263.761962890625
-53075 2272.458984375
-53065 2281.118896484375
-53055 2289.4130859375
-53045 2298.47607421875
-53035 2307.759033203125
-53025 2319.347900390625
-53015 2332.93408203125
-53005 2336.906005859375
-52995 2345.93310546875
-52985 2353.7509765625
-52975 2366.2919921875
-52965 2375.97802734375
-52955 2384.41796875
-52945 2391.97998046875
-52935 2395.422119140625
-52925 2402.59912109375
-52915 2414.554931640625
-52905 2423.23388671875
-52895 2433.2119140625
-52885 2437.4599609375
-52875 2440.298095703125
-52865 2448.1708984375
-52855 2459.467041015625
-52845 2497.882080078125
-52835 2528.385009765625
-52825 2542.68408203125
-52815 2548.818115234375
-52805 2555.9208984375
-52795 2562.87890625
-52785 2566.028076171875
-52775 2567.327880859375
-52765 2569.653076171875
-52755 2571.135986328125
-52745 2571.48388671875
-52735 2573.18701171875
-52725 2571.10009765625
-52715 2570.60498046875
-52705 2573.132080078125
-52695 2571.7041015625
-52685 2572.217041015625
-52675 2573.9189453125
-52665 2578.7900390625
-52655 2579.339111328125
-52645 2589.06103515625
-52635 2590.26904296875
-52625 2589.48193359375
-52615 2598.635986328125
-52605 2600.412109375
-52595 2607.00390625
-52585 2623.35400390625
-52575 2632.471923828125
-52565 2638.2939453125
-52555 2650.450927734375
-52545 2664.403076171875
-52535 2674.43603515625
-52525 2684.212890625
-52515 2693.971923828125
-52505 2704.68798828125
-52495 2713.346923828125
-52485 2723.860107421875
-52475 2737.047119140625
-52465 2742.916015625
-52455 2745.302001953125
-52445 2746.699951171875
-52435 2749.532958984375
-52425 2752.904052734375
-52415 2755.969970703125
-52405 2758.614013671875
-52395 2761.31396484375
-52385 2762.242919921875
-52375 2763.967041015625
-52365 2770.154052734375
-52355 2773.45703125
-52345 2774.90087890625
-52335 2768.89892578125
-52325 2770.635986328125
-52315 2779.321044921875
-52305 2789.279052734375
-52295 2799.15087890625
-52285 2796.748046875
-52275 2791.239990234375
-52265 2789.3349609375
-52255 2791.428955078125
-52245 2794.237060546875
-52235 2803.626953125
-52225 2815.18505859375
-52215 2828.320068359375
-52205 2838.866943359375
-52195 2850.64404296875
-52185 2859.4541015625
-52175 2854.448974609375
-52165 2845.123046875
-52155 2838.638916015625
-52145 2833.169921875
-52135 2828.049072265625
-52125 2815.9580078125
-52115 2809.47509765625
-52105 2804.672119140625
-52095 2799.736083984375
-52085 2794.472900390625
-52075 2792.39208984375
-52065 2789.06005859375
-52055 2785.0009765625
-52045 2780.907958984375
-52035 2777.881103515625
-52025 2775.12890625
-52015 2771.10009765625
-52005 2767.81494140625
-51995 2764.2080078125
-51985 2761.985107421875
-51975 2759.47412109375
-51965 2757.822998046875
-51955 2755.556884765625
-51945 2754.077880859375
-51935 2752.989990234375
-51925 2754.077880859375
-51915 2753.763916015625
-51905 2757.552001953125
-51895 2755.673095703125
-51885 2755.987060546875
-51875 2757.031982421875
-51865 2759.35791015625
-51855 2762.64306640625
-51845 2765.842041015625
-51835 2774.52294921875
-51825 2775.675048828125
-51815 2778.0830078125
-51805 2781.3330078125
-51795 2784.945068359375
-51785 2787.955078125
-51775 2790.177978515625
-51765 2789.575927734375
-51755 2786.531982421875
-51745 2782.967041015625
-51735 2779.5791015625
-51725 2776.074951171875
-51715 2771.89599609375
-51705 2767.884033203125
-51695 2763.760986328125
-51685 2759.56005859375
-51675 2754.554931640625
-51665 2748.673095703125
-51655 2745.2548828125
-51645 2743.031982421875
-51635 2741.6259765625
-51625 2740.24609375
-51615 2737.837890625
-51605 2738.220947265625
-51595 2740.14697265625
-51585 2739.592041015625
-51575 2738.52587890625
-51565 2737.924072265625
-51555 2737.9970703125
-51545 2737.614990234375
-51535 2738.027099609375
-51525 2742.125
-51515 2742.551025390625
-51505 2745.8740234375
-51495 2749.31396484375
-51485 2754.1640625
-51475 2756.824951171875
-51465 2760.52294921875
-51455 2765.200927734375
-51445 2770.343994140625
-51435 2775.73095703125
-51425 2782.2451171875
-51415 2788.2470703125
-51405 2797.31103515625
-51395 2831.14501953125
-51385 2859.48388671875
-51375 2869.068115234375
-51365 2874.949951171875
-51355 2882.98095703125
-51345 2890.97900390625
-51335 2900.764892578125
-51325 2907.988037109375
-51315 2914.507080078125
-51305 2919.924072265625
-51295 2926.85498046875
-51285 2934.8310546875
-51275 2941.8701171875
-51265 2949.02001953125
-51255 2955.818115234375
-51245 2961.56201171875
-51235 2967.7880859375
-51225 2975.613037109375
-51215 2979.534912109375
-51205 2983.955078125
-51195 2987.343017578125
-51185 2984.281005859375
-51175 2975.613037109375
-51165 2968.698974609375
-51155 2953.66796875
-51145 2945.532958984375
-51135 2933.735107421875
-51125 2929.9169921875
-51115 2921.333984375
-51105 2906.22998046875
-51095 2894.552001953125
-51085 2886.5419921875
-51075 2881.708984375
-51065 2870.116943359375
-51055 2866.367919921875
-51045 2856.783935546875
-51035 2849.341064453125
-51025 2838.7470703125
-51015 2828.93896484375
-51005 2810.760009765625
-50995 2793.118896484375
-50985 2775.158935546875
-50975 2763.347900390625
-50965 2745.801025390625
-50955 2747.864990234375
-50945 2746.162109375
-50935 2746.9189453125
-50925 2728.22412109375
-50915 2704.4599609375
-50905 2679.22509765625
-50895 2663.385009765625
-50885 2640.304931640625
-50875 2633.39111328125
-50865 2626.012939453125
-50855 2618.118896484375
-50845 2610.722900390625
-50835 2603.18994140625
-50825 2596.10400390625
-50815 2588.760009765625
-50805 2582.241943359375
-50795 2576.48095703125
-50785 2570.341064453125
-50775 2564.251953125
-50765 2558.319091796875
-50755 2552.60888671875
-50745 2547.02001953125
-50735 2541.0859375
-50725 2535.60009765625
-50715 2529.837890625
-50705 2524.455078125
-50695 2519.278076171875
-50685 2514.014892578125
-50675 2508.7529296875
-50665 2503.764892578125
-50655 2498.22705078125
-50645 2492.552001953125
-50635 2487.35693359375
-50625 2480.408935546875
-50615 2474.76806640625
-50605 2467.029052734375
-50595 2461.697021484375
-50585 2454.85205078125
-50575 2444.876953125
-50565 2433.406005859375
-50555 2422.89697265625
-50545 2413.610107421875
-50535 2403.513916015625
-50525 2388.5859375
-50515 2379.3330078125
-50505 2371.3359375
-50495 2364.180908203125
-50485 2356.785888671875
-50475 2351.264892578125
-50465 2343.8349609375
-50455 2337.248046875
-50445 2331.451904296875
-50435 2325.552978515625
-50425 2318.60498046875
-50415 2312.10400390625
-50405 2307.94091796875
-50395 2303.452880859375
-50385 2301.044921875
-50375 2298.912109375
-50365 2297.656982421875
-50355 2295.197021484375
-50345 2296.195068359375
-50335 2295.35205078125
-50325 2295.43798828125
-50315 2295.507080078125
-50305 2296.7451171875
-50295 2298.48193359375
-50285 2301.8701171875
-50275 2304.6220703125
-50265 2308.64697265625
-50255 2310.950927734375
-50245 2313.9609375
-50235 2318.175048828125
-50225 2322.06201171875
-50215 2328.614013671875
-50205 2335.666015625
-50195 2342.27001953125
-50185 2348.97802734375
-50175 2356.097900390625
-50165 2363.6650390625
-50155 2369.511962890625
-50145 2376.993896484375
-50135 2388.7919921875
-50125 2404.718017578125
-50115 2412.802001953125
-50105 2422.827880859375
-50095 2432.339111328125
-50085 2451.653076171875
-50075 2486.01611328125
-50065 2499.825927734375
-50055 2508.6669921875
-50045 2517.076904296875
-50035 2526.552978515625
-50025 2543.510986328125
-50015 2557.389892578125
-50005 2566.760009765625
-49995 2573.385986328125
-49985 2580.7529296875
-49975 2587.991943359375
-49965 2595.802001953125
-49955 2602.6708984375
-49945 2608.74609375
-49935 2615.097900390625
-49925 2621.56103515625
-49915 2626.010009765625
-49905 2629.18603515625
-49895 2636.092041015625
-49885 2648.260009765625
-49875 2656.64599609375
-49865 2661.614013671875
-49855 2661.97998046875
-49845 2664.93408203125
-49835 2669.95703125
-49825 2677.7119140625
-49815 2681.2939453125
-49805 2683.5830078125
-49795 2687.166015625
-49785 2691.0830078125
-49775 2694.864990234375
-49765 2698.85400390625
-49755 2704.027099609375
-49745 2708.717041015625
-49735 2713.3330078125
-49725 2715.549072265625
-49715 2716.528076171875
-49705 2720.47900390625
-49695 2724.135009765625
-49685 2728.77001953125
-49675 2733.27490234375
-49665 2737.927978515625
-49655 2742.43408203125
-49645 2749.117919921875
-49635 2757.98095703125
-49625 2766.216064453125
-49615 2770.702880859375
-49605 2774.839111328125
-49595 2780.89599609375
-49585 2786.157958984375
-49575 2791.493896484375
-49565 2797.31103515625
-49555 2803.93994140625
-49545 2810.3291015625
-49535 2815.7939453125
-49525 2821.48095703125
-49515 2824.73095703125
-49505 2829.1630859375
-49495 2834.591064453125
-49485 2841.47900390625
-49475 2848.845947265625
-49465 2870.39697265625
-49455 2884.408935546875
-49445 2894.991943359375
-49435 2873.718017578125
-49425 2868.93603515625
-49415 2863.175048828125
-49405 2856.212890625
-49395 2852.133056640625
-49385 2846.740966796875
-49375 2838.26611328125
-49365 2827.944091796875
-49355 2821.297119140625
-49345 2809.498046875
-49335 2805.7490234375
-49325 2802.0380859375
-49315 2794.208984375
-49305 2784.589111328125
-49295 2775.52197265625
-49285 2767.010009765625
-49275 2759.826904296875
-49265 2753.5859375
-49255 2748.029052734375
-49245 2737.85400390625
-49235 2727.385009765625
-49225 2720.35009765625
-49215 2712.6279296875
-49205 2704.673095703125
-49195 2693.924072265625
-49185 2686.55908203125
-49175 2680.720947265625
-49165 2674.535888671875
-49155 2667.7958984375
-49145 2661.0009765625
-49135 2653.988037109375
-49125 2646.56201171875
-49115 2638.123046875
-49105 2630.904052734375
-49095 2622.741943359375
-49085 2615.72607421875
-49075 2607.693115234375
-49065 2601.58203125
-49055 2598.572021484375
-49045 2597.094970703125
-49035 2594.2880859375
-49025 2591.720947265625
-49015 2589.54296875
-49005 2588.9150390625
-48995 2587.548095703125
-48985 2586.864990234375
-48975 2587.050048828125
-48965 2584.575927734375
-48955 2585.64599609375
-48945 2587.012939453125
-48935 2588.361083984375
-48925 2591.35205078125
-48915 2595.35888671875
-48905 2597.132080078125
-48895 2597.68603515625
-48885 2596.72509765625
-48875 2594.76806640625
-48865 2596.375
-48855 2597.5380859375
-48845 2599.1259765625
-48835 2601.802978515625
-48825 2605.422119140625
-48815 2609.114990234375
-48805 2665.43310546875
-48795 2676.1240234375
-48785 2678.580078125
-48775 2678.72998046875
-48765 2676.492919921875
-48755 2679.06005859375
-48745 2682.77099609375
-48735 2680.260009765625
-48725 2675.31396484375
-48715 2671.343994140625
-48705 2668.866943359375
-48695 2665.56201171875
-48685 2663.419921875
-48675 2661.943115234375
-48665 2660.927001953125
-48655 2660.281005859375
-48645 2658.93310546875
-48635 2656.625
-48625 2655.6650390625
-48615 2658.047119140625
-48605 2657.012939453125
-48595 2659.135986328125
-48585 2663.60498046875
-48575 2667.5009765625
-48565 2671.583984375
-48555 2668.572021484375
-48545 2663.882080078125
-48535 2658.969970703125
-48525 2655.591064453125
-48515 2655.14794921875
-48505 2654.0400390625
-48495 2653.748046875
-48485 2653.7080078125
-48475 2653.208984375
-48465 2651.510009765625
-48455 2650.90087890625
-48445 2650.697998046875
-48435 2650.992919921875
-48425 2651.510009765625
-48415 2651.325927734375
-48405 2650.97509765625
-48395 2653.02392578125
-48385 2655.7939453125
-48375 2656.77294921875
-48365 2658.047119140625
-48355 2661.906005859375
-48345 2663.10595703125
-48335 2665.39599609375
-48325 2668.33203125
-48315 2671.802978515625
-48305 2677.26904296875
-48295 2681.718994140625
-48285 2685.89208984375
-48275 2691.762939453125
-48265 2697.23193359375
-48255 2703.2109375
-48245 2709.39990234375
-48235 2713.924072265625
-48225 2716.951904296875
-48215 2718.81689453125
-48205 2717.968017578125
-48195 2720.01806640625
-48185 2725.242919921875
-48175 2731.00390625
-48165 2738.35302734375
-48155 2745.81298828125
-48145 2753.43896484375
-48135 2763.15087890625
-48125 2786.951904296875
-48115 2798.43701171875
-48105 2822.27490234375
-48095 2840.68505859375
-48085 2858.318115234375
-48075 2877.5029296875
-48065 2890.114990234375
-48055 2897.8330078125
-48045 2908.822998046875
-48035 2924.425048828125
-48025 2936
-48015 2935.429931640625
-48005 2926.050048828125
-47995 2920.159912109375
-47985 2918.9970703125
-47975 2928.39501953125
-47965 2943.3701171875
-47955 2943.68408203125
-47945 2960.09912109375
-47935 2990.030029296875
-47925 3024.52197265625
-47915 3041.381103515625
-47905 3032.998046875
-47895 3023.5810546875
-47885 3012.68701171875
-47875 3002.5859375
-47865 2992.652099609375
-47855 2982.7548828125
-47845 2972.2119140625
-47835 2961.64990234375
-47825 2937.498046875
-47815 2918
-47805 2902.489013671875
-47795 2891.64990234375
-47785 2867.902099609375
-47775 2855.623046875
-47765 2841.865966796875
-47755 2835.864990234375
-47745 2828.552978515625
-47735 2821.444091796875
-47725 2814.741943359375
-47715 2809.258056640625
-47705 2803.64404296875
-47695 2797.587890625
-47685 2791.10693359375
-47675 2784.238037109375
-47665 2777.386962890625
-47655 2770.537109375
-47645 2763.779052734375
-47635 2756.873046875
-47625 2750.077880859375
-47615 2743.264892578125
-47605 2736.450927734375
-47595 2730.0439453125
-47585 2723.56298828125
-47575 2716.989013671875
-47565 2710.60107421875
-47555 2704.655029296875
-47545 2699.5400390625
-47535 2695.884033203125
-47525 2692.39404296875
-47515 2688.60595703125
-47505 2682.885986328125
-47495 2681.452880859375
-47485 2680.56005859375
-47475 2677.740966796875
-47465 2674.217041015625
-47455 2671.39697265625
-47445 2668.64794921875
-47435 2666.757080078125
-47425 2666.592041015625
-47415 2663.889892578125
-47405 2666.826904296875
-47395 2668.471923828125
-47385 2669.81103515625
-47375 2669.97607421875
-47365 2670.39892578125
-47355 2669.094970703125
-47345 2668.365966796875
-47335 2669.048095703125
-47325 2668.049072265625
-47315 2667.485107421875
-47305 2667.096923828125
-47295 2667.531982421875
-47285 2666.6279296875
-47275 2663.596923828125
-47265 2660.343017578125
-47255 2657.910888671875
-47245 2658.134033203125
-47235 2658.498046875
-47225 2659.81396484375
-47215 2660.001953125
-47205 2658.1220703125
-47195 2655.513916015625
-47185 2650.9560546875
-47175 2650.368896484375
-47165 2648.196044921875
-47155 2648.31298828125
-47145 2650.322021484375
-47135 2653
-47125 2655.385009765625
-47115 2656.572021484375
-47105 2657.98095703125
-47095 2660.81298828125
-47085 2661.387939453125
-47075 2659.215087890625
-47065 2656.04296875
-47055 2653.305908203125
-47045 2653.341064453125
-47035 2654.7509765625
-47025 2661.387939453125
-47015 2669.1298828125
-47005 2675.861083984375
-46995 2678.716064453125
-46985 2677.376953125
-46975 2677.964111328125
-46965 2678.597900390625
-46955 2679.2919921875
-46945 2680.39599609375
-46935 2682.569091796875
-46925 2684.659912109375
-46915 2687.550048828125
-46905 2692.18994140625
-46895 2696.407958984375
-46885 2701.18896484375
-46875 2706.041015625
-46865 2710.799072265625
