-85285 3068.748046875
-85275 3077.699951171875
-85265 3084.60107421875
-85255 3090.89404296875
-85245 3097.737060546875
-85235 3105.6201171875
-85225 3113.679931640625
-85215 3123.592041015625
-85205 3111.699951171875
-85195 3103.512939453125
-85185 3095.324951171875
-85175 3086.386962890625
-85165 3082.368896484375
-85155 3081.778076171875
-85145 3081.0400390625
-85135 3082.278076171875
-85125 3083.219970703125
-85115 3085.56103515625
-85105 3086.822021484375
-85095 3088.906005859375
-85085 3095.201904296875
-85075 3100.04296875
-85065 3101.862060546875
-85055 3111.324951171875
-85045 3117.3310546875
-85035 3122.550048828125
-85025 3130.55810546875
-85015 3147.715087890625
-85005 3151.193115234375
-84995 3160.616943359375
-84985 3169.677001953125
-84975 3174.008056640625
-84965 3160.4619140625
-84955 3148.365966796875
-84945 3127.072021484375
-84935 3108.818115234375
-84925 3117.635986328125
-84915 3121.031982421875
-84905 3108.489990234375
-84895 3083.451904296875
-84885 3062.987060546875
-84875 3048.7880859375
-84865 3047.47705078125
-84855 3051.18701171875
-84845 3054.465087890625
-84835 3049.841064453125
-84825 3041.696044921875
-84815 3036.330078125
-84805 3035.138916015625
-84795 3037.31298828125
-84785 3041.833984375
-84775 3043.386962890625
-84765 3041.455078125
-84755 3045.64794921875
-84745 3052.205078125
-84735 3062.451904296875
-84725 3077.068115234375
-84715 3088.283935546875
-84705 3099.77587890625
-84695 3097.7060546875
-84685 3103.91796875
-84675 3112.718017578125
-84665 3126.7958984375
-84655 3137.597900390625
-84645 3141.89501953125
-84635 3147.89990234375
-84625 3154.47412109375
-84615 3166.449951171875
-84605 3177.839111328125
-84595 3175.04296875
-84585 3170.00390625
-84575 3166.69091796875
-84565 3163.032958984375
-84555 3161.843017578125
-84545 3162.843017578125
-84535 3165.967041015625
-84525 3168.1240234375
-84515 3163.826904296875
-84505 3162.343017578125
-84495 3166.985107421875
-84485 3166.656982421875
-84475 3166.10498046875
-84465 3165.8291015625
-84455 3163.4130859375
-84445 3153.85302734375
-84435 3150.385009765625
-84425 3149.384033203125
-84415 3148.054931640625
-84405 3146.553955078125
-84395 3145.656005859375
-84385 3143.637939453125
-84375 3140.220947265625
-84365 3132.424072265625
-84355 3123.2958984375
-84345 3116.39404296875
-84335 3109.14599609375
-84325 3102.7958984375
-84315 3090.4580078125
-84305 3065.04296875
-84295 3041.989990234375
-84285 3035.39794921875
-84275 3030.031005859375
-84265 3025.614013671875
-84255 3021.8349609375
-84245 3018.694091796875
-84235 3016.22705078125
-84225 3013.673095703125
-84215 3010.98095703125
-84205 3008.9619140625
-84195 3008.89306640625
-84185 3007.85693359375
-84175 3006.614990234375
-84165 3005.68603515625
-84155 3004.822998046875
-84145 3003.906005859375
-84135 3003.04296875
-84125 3002.405029296875
-84115 3001.8701171875
-84105 3001.5791015625
-84095 3001.52490234375
-84085 3001.385986328125
-84075 3001.510009765625
-84065 3001.631103515625
-84055 3001.837890625
-84045 3002.490966796875
-84035 3003.216064453125
-84025 3004.1650390625
-84015 3005.373046875
-84005 3006.77001953125
-83995 3008.2060546875
-83985 3009.7900390625
-83975 3011.153076171875
-83965 3012.465087890625
-83955 3013.534912109375
-83945 3014.345947265625
-83935 3014.881103515625
-83925 3015.1220703125
-83915 3014.949951171875
-83905 3014.638916015625
-83895 3014.10400390625
-83885 3013.27587890625
-83875 3012.343994140625
-83865 3011.325927734375
-83855 3010.860107421875
-83845 3010.049072265625
-83835 3009.048095703125
-83825 3008.012939453125
-83815 3006.822021484375
-83805 3005.614013671875
-83795 3004.408935546875
-83785 3003.009033203125
-83775 3001.4580078125
-83765 2999.781982421875
-83755 2998.14501953125
-83745 2996.385009765625
-83735 2994.969970703125
-83725 2993.91796875
-83715 2993.658935546875
-83705 2994.177001953125
-83695 2995.763916015625
-83685 2997.507080078125
-83675 2998.573974609375
-83665 2999.26708984375
-83655 2999.405029296875
-83645 2998.159912109375
-83635 2997.697021484375
-83625 2996.951904296875
-83615 2995.5048828125
-83605 2993.761962890625
-83595 2992.10595703125
-83585 2990.552978515625
-83575 2989.3759765625
-83565 2988.2919921875
-83555 2987.083984375
-83545 2985.806884765625
-83535 2984.99609375
-83525 2982.736083984375
-83515 2981.251953125
-83505 2980.9580078125
-83495 2981.458984375
-83485 2981.718017578125
-83475 2980.992919921875
-83465 2978.990966796875
-83455 2975.574951171875
-83445 2970.156005859375
-83435 2963.35791015625
-83425 2956.093017578125
-83415 2949.98388671875
-83405 2945.324951171875
-83395 2943.616943359375
-83385 2941.85693359375
-83375 2941.8740234375
-83365 2941.840087890625
-83355 2939.631103515625
-83345 2936.85302734375
-83335 2931.489013671875
-83325 2927.123046875
-83315 2923.947998046875
-83305 2920.0830078125
-83295 2916.9599609375
-83285 2916.839111328125
-83275 2918.66796875
-83265 2919.427001953125
-83255 2918.201904296875
-83245 2916.56298828125
-83235 2912.404052734375
-83225 2906.589111328125
-83215 2903.033935546875
-83205 2901.27392578125
-83195 2900.705078125
-83185 2894.44091796875
-83175 2891.0419921875
-83165 2893.35400390625
-83155 2892.76708984375
-83145 2891.818115234375
-83135 2891.782958984375
-83125 2892.422119140625
-83115 2894.1650390625
-83105 2896.06298828125
-83095 2897.737060546875
-83085 2898.237060546875
-83075 2898.06396484375
-83065 2897.615966796875
-83055 2897.1669921875
-83045 2897.14990234375
-83035 2897.4609375
-83025 2898.06396484375
-83015 2898.927001953125
-83005 2897.56396484375
-82995 2899.2548828125
-82985 2901.7060546875
-82975 2901.947021484375
-82965 2903.534912109375
-82955 2902.87890625
-82945 2902.4990234375
-82935 2902.740966796875
-82925 2904.674072265625
-82915 2908.988037109375
-82905 2914.216064453125
-82895 2916.337890625
-82885 2921.30810546875
-82875 2922.0849609375
-82865 2923.844970703125
-82855 2924.759033203125
-82845 2925.448974609375
-82835 2926.174072265625
-82825 2927.5029296875
-82815 2930.31591796875
-82805 2934.12890625
-82795 2938.0458984375
-82785 2941.511962890625
-82775 2944.549072265625
-82765 2946.4150390625
-82755 2936.85302734375
-82745 2952.50390625
-82735 2951.43408203125
-82725 2950.071044921875
-82715 2949.9150390625
-82705 2949.22509765625
-82695 2950.22607421875
-82685 2951.7958984375
-82675 2949.6220703125
-82665 2949.2939453125
-82655 2946.9130859375
-82645 2945.791015625
-82635 2942.375
-82625 2942.512939453125
-82615 2942.115966796875
-82605 2942.201904296875
-82595 2942.58203125
-82585 2943.012939453125
-82575 2943.512939453125
-82565 2943.06494140625
-82555 2941.6669921875
-82545 2940.700927734375
-82535 2941.220947265625
-82525 2943.3779296875
-82515 2945.324951171875
-82505 2946.93310546875
-82495 2948.18603515625
-82485 2949.52490234375
-82475 2949.237060546875
-82465 2950.303955078125
-82455 2951.16796875
-82445 2952.26904296875
-82435 2953.506103515625
-82425 2954.52197265625
-82415 2955.9619140625
-82405 2957.487060546875
-82395 2959.113037109375
-82385 2961.6201171875
-82375 2964.77099609375
-82365 2968.327880859375
-82355 2971.868896484375
-82345 2975.3759765625
-82335 2978.967041015625
-82325 2981.881103515625
-82315 2984.18505859375
-82305 2985.962890625
-82295 2987.590087890625
-82285 2989.60498046875
-82275 2992.197998046875
-82265 2995.06005859375
-82255 2998.39697265625
-82245 3001.700927734375
-82235 3004.952880859375
-82225 3008.137939453125
-82215 3011.27197265625
-82205 3014.7451171875
-82195 3018.404052734375
-82185 3022.23291015625
-82175 3026.22998046875
-82165 3029.97412109375
-82155 3033.68408203125
-82145 3037.39404296875
-82135 3041.443115234375
-82125 3045.864013671875
-82115 3050.18408203125
-82105 3054.50390625
-82095 3058.5869140625
-82085 3062.804931640625
-82075 3066.955078125
-82065 3073.697021484375
-82055 3079.659912109375
-82045 3085.52197265625
-82035 3089.672119140625
-82025 3093.297119140625
-82015 3096.77001953125
-82005 3101.76806640625
-81995 3106.426025390625
-81985 3110.220947265625
-81975 3113.8798828125
-81965 3117.23388671875
-81955 3120.80810546875
-81945 3124.077880859375
-81935 3127.431884765625
-81925 3130.87109375
-81915 3134.22509765625
-81905 3137.4609375
-81895 3140.64599609375
-81885 3143.593017578125
-81875 3146.55810546875
-81865 3149.928955078125
-81855 3153.909912109375
-81845 3157.281005859375
-81835 3161.68603515625
-81825 3165.362060546875
-81815 3168.952880859375
-81805 3172.155029296875
-81795 3175.322998046875
-81785 3178.6259765625
-81775 3182.114990234375
-81765 3185.487060546875
-81755 3188.68798828125
-81745 3191.77099609375
-81735 3194.787109375
-81725 3197.93798828125
-81715 3200.75
-81705 3204.070068359375
-81695 3207.052001953125
-81685 3209.947998046875
-81675 3212.72705078125
-81665 3215.284912109375
-81655 3217.623046875
-81645 3220.197021484375
-81635 3222.7890625
-81625 3225.075927734375
-81615 3227.041015625
-81605 3228.922119140625
-81595 3230.819091796875
-81585 3232.427978515625
-81575 3234.00390625
-81565 3235.884033203125
-81555 3238.052001953125
-81545 3240.305908203125
-81535 3225.906005859375
-81525 3217.26708984375
-81515 3206.2890625
-81505 3192.4150390625
-81495 3180.693115234375
-81485 3171.0869140625
-81475 3160.68603515625
-81465 3148.3701171875
-81455 3139.8330078125
-81445 3131.125
-81435 3122.672119140625
-81425 3114.60791015625
-81415 3106.544921875
-81405 3098.616943359375
-81395 3090.721923828125
-81385 3082.89599609375
-81375 3075.256103515625
-81365 3067.699951171875
-81355 3060.298095703125
-81345 3052.8779296875
-81335 3045.64404296875
-81325 3038.6650390625
-81315 3031.65087890625
-81305 3025.028076171875
-81295 3018.471923828125
-81285 3012.01806640625
-81275 3005.47900390625
-81265 2999.279052734375
-81255 2993.12890625
-81245 2987.013916015625
-81235 2981.202880859375
-81225 2975.342041015625
-81215 2969.615966796875
-81205 2964.466064453125
-81195 2957.333984375
-81185 2950.98095703125
-81175 2944.865966796875
-81165 2939.2080078125
-81155 2933.075927734375
-81145 2927.535888671875
-81135 2922.217041015625
-81125 2916.881103515625
-81115 2911.426025390625
-81105 2906.156982421875
-81095 2900.97412109375
-81085 2895.89208984375
-81075 2890.89404296875
-81065 2886.031982421875
-81055 2881.2041015625
-81045 2876.2919921875
-81035 2871.615966796875
-81025 2866.4150390625
-81015 2861.875
-81005 2856.741943359375
-80995 2850.373046875
-80985 2845.071044921875
-80975 2838.531005859375
-80965 2829.637939453125
-80955 2825.26708984375
-80945 2818.117919921875
-80935 2813.612060546875
-80925 2806.277099609375
-80915 2794.4189453125
-80905 2787.083984375
-80895 2778.343017578125
-80885 2767.347900390625
-80875 2761.77490234375
-80865 2756.16796875
-80855 2750.458984375
-80845 2744.987060546875
-80835 2739.634033203125
-80825 2734.196044921875
-80815 2728.740966796875
-80805 2723.693115234375
-80795 2718.407958984375
-80785 2712.4619140625
-80775 2705.652099609375
-80765 2697.72412109375
-80755 2693.133056640625
-80745 2685.407958984375
-80735 2679.47900390625
-80725 2674.294921875
-80715 2668.094970703125
-80705 2663.216064453125
-80695 2657.659912109375
-80685 2653.135986328125
-80675 2650.0029296875
-80665 2647.681884765625
-80655 2645.76806640625
-80645 2644.10693359375
-80635 2642.278076171875
-80625 2640.10888671875
-80615 2637.85595703125
-80605 2635.485107421875
-80595 2633.43505859375
-80585 2628.26806640625
-80575 2628.657958984375
-80565 2625.998046875
-80555 2622.864013671875
-80545 2619.001953125
-80535 2613.818115234375
-80525 2608.05810546875
-80515 2601.722900390625
-80505 2595.72607421875
-80495 2590.304931640625
-80485 2585.968017578125
-80475 2582.85107421875
-80465 2579.242919921875
-80455 2575.261962890625
-80445 2572.31396484375
-80435 2570.365966796875
-80425 2569.51904296875
-80415 2567.451904296875
-80405 2564.43701171875
-80395 2559.287109375
-80385 2550.054931640625
-80375 2546.4970703125
-80365 2544.31201171875
-80355 2541.02490234375
-80345 2541.737060546875
-80335 2537.68798828125
-80325 2535.197998046875
-80315 2530.013916015625
-80305 2527.116943359375
-80295 2527.134033203125
-80285 2523.6279296875
-80275 2524.55908203125
-80265 2523.424072265625
-80255 2524.0849609375
-80245 2525.117919921875
-80235 2523.3740234375
-80225 2521.136962890625
-80215 2520.594970703125
-80205 2520.443115234375
-80195 2519.3759765625
-80185 2520.222900390625
-80175 2519.56201171875
-80165 2521.070068359375
-80155 2521.458984375
-80145 2522.7470703125
-80135 2524.18701171875
-80125 2525.35595703125
-80115 2527.64306640625
-80105 2531.302001953125
-80095 2535.587890625
-80085 2541.75390625
-80075 2545.327880859375
-80065 2548.22509765625
-80055 2548.445068359375
-80045 2546.208984375
-80035 2543.294921875
-80025 2541.804931640625
-80015 2542.4150390625
-80005 2542.489013671875
-79995 2543.4541015625
-79985 2544.919921875
-79975 2544.805908203125
-79965 2543.633056640625
-79955 2545.472900390625
-79945 2545.928955078125
-79935 2549.18603515625
-79925 2550.50390625
-79915 2551.237060546875
-79905 2551.986083984375
-79895 2553.14208984375
-79885 2551.366943359375
-79875 2551.0419921875
-79865 2551.9541015625
-79855 2552.555908203125
-79845 2554.493896484375
-79835 2555.715087890625
-79825 2557.326904296875
-79815 2562.195068359375
-79805 2565.044921875
-79795 2566.18408203125
-79785 2562.87890625
-79775 2560.5830078125
-79765 2561.5439453125
-79755 2558.125
-79745 2553.56591796875
-79735 2546.7919921875
-79725 2540.343994140625
-79715 2528.1650390625
-79705 2519.30810546875
-79695 2514.68310546875
-79685 2502.389892578125
-79675 2494.98193359375
-79665 2489.592041015625
-79655 2481.824951171875
-79645 2474.80810546875
-79635 2460.02294921875
-79625 2448.169921875
-79615 2440.485107421875
-79605 2433.20703125
-79595 2429.493896484375
-79585 2425.635009765625
-79575 2422.47412109375
-79565 2420.73193359375
-79555 2423.469970703125
-79545 2426.7890625
-79535 2428.59912109375
-79525 2430.991943359375
-79515 2435.714111328125
-79505 2440.5009765625
-79495 2444.001953125
-79485 2446.00390625
-79475 2447.697998046875
-79465 2446.8349609375
-79455 2450.220947265625
-79445 2451.572998046875
-79435 2454.06396484375
-79425 2453.721923828125
-79415 2452.386962890625
-79405 2448.300048828125
-79395 2445.302001953125
-79385 2431.26904296875
-79375 2418.715087890625
-79365 2413.114013671875
-79355 2404.614990234375
-79345 2401.049072265625
-79335 2395.787109375
-79325 2393.738037109375
-79315 2392.875
-79305 2392.595947265625
-79295 2391.29296875
-79285 2389.43701171875
-79275 2387.125
-79265 2382.30810546875
-79255 2377.52099609375
-79245 2371.18701171875
-79235 2352.98095703125
-79225 2342.98388671875
-79215 2333.783935546875
-79205 2320.986083984375
-79195 2311.966064453125
-79185 2305.111083984375
-79175 2298.614013671875
-79165 2293.843994140625
-79155 2289.4150390625
-79145 2285.8330078125
-79135 2282.64111328125
-79125 2280.76904296875
-79115 2277.9189453125
-79105 2275.656005859375
-79095 2273.034912109375
-79085 2271.27587890625
-79075 2269.5830078125
-79065 2268.409912109375
-79055 2267.320068359375
-79045 2266.424072265625
-79035 2264.844970703125
-79025 2263.6240234375
-79015 2262.43505859375
-79005 2261.294921875
-78995 2260.416015625
-78985 2259.35693359375
-78975 2258.885009765625
-78965 2257.6640625
-78955 2258.200927734375
-78945 2257.778076171875
-78935 2257.093994140625
-78925 2260.318115234375
-78915 2262.6630859375
-78905 2264.51904296875
-78895 2266.68505859375
-78885 2267.987060546875
-78875 2268.52392578125
-78865 2269.94091796875
-78855 2271.01611328125
-78845 2272.073974609375
-78835 2274.696044921875
-78825 2278.97802734375
-78815 2281.176025390625
-78805 2280.719970703125
-78795 2276.7958984375
-78785 2270.10400390625
-78775 2265.576904296875
-78765 2260.5458984375
-78755 2255.987060546875
-78745 2249.554931640625
-78735 2240.843994140625
-78725 2235.324951171875
-78715 2228.0791015625
-78705 2221.403076171875
-78695 2215.410888671875
-78685 2210.16796875
-78675 2204.22509765625
-78665 2199.259033203125
-78655 2194.553955078125
-78645 2191.947998046875
-78635 2191.7509765625
-78625 2188.676025390625
-78615 2186.071044921875
-78605 2184.572998046875
-78595 2183.93798828125
-78585 2183.660888671875
-78575 2181.18603515625
-78565 2182.22802734375
-78555 2186.26611328125
-78545 2188.544921875
-78535 2194.43994140625
-78525 2197.59912109375
-78515 2200.35009765625
-78505 2203.55810546875
-78495 2207.741943359375
-78485 2211.22705078125
-78475 2214.467041015625
-78465 2218.1630859375
-78455 2223.862060546875
-78445 2226.824951171875
-78435 2232.31298828125
-78425 2237.572021484375
-78415 2242.76611328125
-78405 2250.125
-78395 2258.446044921875
-78385 2268.9150390625
-78375 2274.222900390625
-78365 2286.076904296875
-78355 2289.529052734375
-78345 2290.717041015625
-78335 2293.6640625
-78325 2295.863037109375
-78315 2290.60302734375
-78305 2295.797119140625
-78295 2301.64306640625
-78285 2305.322998046875
-78275 2310.56494140625
-78265 2317.06201171875
-78255 2330.902099609375
-78245 2348.01708984375
-78235 2345.47705078125
-78225 2342.02294921875
-78215 2341.240966796875
-78205 2350.132080078125
-78195 2368.806884765625
-78185 2371.445068359375
-78175 2369.376953125
-78165 2364.00390625
-78155 2366.218994140625
-78145 2369.2470703125
-78135 2377.423095703125
-78125 2394.2919921875
-78115 2403.2470703125
-78105 2408.68505859375
-78095 2411.501953125
-78085 2415.751953125
-78075 2418.97607421875
-78065 2423.779052734375
-78055 2425.990966796875
-78045 2429.31494140625
-78035 2433.20703125
-78025 2434.22998046875
-78015 2435.6650390625
-78005 2437.342041015625
-77995 2438.384033203125
-77985 2439.930908203125
-77975 2442.569091796875
-77965 2444.864990234375
-77955 2447.093017578125
-77945 2449.032958984375
-77935 2452.875
-77925 2455.72509765625
-77915 2458.737060546875
-77905 2463.637939453125
-77895 2471.322998046875
-77885 2476.6640625
-77875 2482.18408203125
-77865 2492.881103515625
-77855 2493.743896484375
-77845 2500.89208984375
-77835 2501.7548828125
-77825 2509.76611328125
-77815 2513.739013671875
-77805 2522.385009765625
-77795 2520.739990234375
-77785 2522.027099609375
-77775 2525.006103515625
-77765 2529.076904296875
-77755 2532.02392578125
-77745 2532.85400390625
-77735 2531.535888671875
-77725 2529.256103515625
-77715 2526.29296875
-77705 2523.9970703125
-77695 2526.635009765625
-77685 2527.498046875
-77675 2528.81591796875
-77665 2530.135009765625
-77655 2530.802978515625
-77645 2534.922119140625
-77635 2540.327880859375
-77625 2545.9619140625
-77615 2551.840087890625
-77605 2559.52490234375
-77595 2566.152099609375
-77585 2572.8759765625
-77575 2578.10302734375
-77565 2583.297119140625
-77555 2588.8330078125
-77545 2595.916015625
-77535 2599.43310546875
-77525 2601.323974609375
-77515 2603.635986328125
-77505 2604.43896484375
-77495 2606.427001953125
-77485 2609.27392578125
-77475 2612.696044921875
-77465 2615.98291015625
-77455 2619.7451171875
-77445 2624.9130859375
-77435 2629.181884765625
-77425 2631.572021484375
-77415 2635.06201171875
-77405 2640.991943359375
-77395 2645.2451171875
-77385 2648.4130859375
-77375 2649.5830078125
-77365 2652.02197265625
-77355 2652.428955078125
-77345 2654.885986328125
-77335 2656.93603515625
-77325 2659.951904296875
-77315 2661.799072265625
-77305 2663.256103515625
-77295 2665.0009765625
-77285 2668.762939453125
-77275 2671.64306640625
-77265 2676.69189453125
-77255 2682.487060546875
-77245 2688.468017578125
-77235 2695.160888671875
-77225 2702.59912109375
-77215 2709.580078125
-77205 2717.220947265625
-77195 2723.574951171875
-77185 2731.25
-77175 2735.402099609375
-77165 2741.365966796875
-77155 2747.0419921875
-77145 2750.56591796875
-77135 2752.85400390625
-77125 2755.072998046875
-77115 2757.783935546875
-77105 2760.631103515625
-77095 2761.35888671875
-77085 2763.291015625
-77075 2765.052978515625
-77065 2767.425048828125
-77055 2769.47509765625
-77045 2770.135986328125
-77035 2767.967041015625
-77025 2764.81591796875
-77015 2760.173095703125
-77005 2755.73388671875
-76995 2751.87109375
-76985 2748.68798828125
-76975 2744.39892578125
-76965 2739.823974609375
-76955 2733.318115234375
-76945 2726.0830078125
-76935 2717.052001953125
-76925 2706.85205078125
-76915 2699.345947265625
-76905 2689.654052734375
-76895 2677.471923828125
-76885 2664.35693359375
-76875 2653.0048828125
-76865 2646.9560546875
-76855 2638.31494140625
-76845 2632.282958984375
-76835 2626.5048828125
-76825 2622.422119140625
-76815 2617.4580078125
-76805 2611.5439453125
-76795 2606.6650390625
-76785 2603.0048828125
-76775 2600.327880859375
-76765 2596.02392578125
-76755 2590.7041015625
-76745 2582.672119140625
-76735 2575.69189453125
-76725 2568.81298828125
-76715 2561.865966796875
-76705 2554.833984375
-76695 2549.597900390625
-76685 2544.3291015625
-76675 2537.77197265625
-76665 2531.77392578125
-76655 2522.912109375
-76645 2496.700927734375
-76635 2483.654052734375
-76625 2475.50390625
-76615 2468.947021484375
-76605 2463.304931640625
-76595 2458.864990234375
-76585 2455.291015625
-76575 2442.93896484375
-76565 2421.826904296875
-76555 2416.676025390625
-76545 2416.285888671875
-76535 2414.135009765625
-76525 2407.052001953125
-76515 2407.2548828125
-76505 2384.04296875
-76495 2357.406982421875
-76485 2345.0869140625
-76475 2327.094970703125
-76465 2319.656982421875
-76455 2311.218994140625
-76445 2305.0830078125
-76435 2297.916015625
-76425 2294.445068359375
-76415 2289.02294921875
-76405 2284.279052734375
-76395 2279.260986328125
-76385 2274.68603515625
-76375 2268.4169921875
-76365 2264.946044921875
-76355 2260.825927734375
-76345 2243.64794921875
-76335 2235.22705078125
-76325 2231.635009765625
-76315 2227.416015625
-76305 2221.68701171875
-76295 2218.0439453125
-76285 2213.791015625
-76275 2211.739990234375
-76265 2205.843994140625
-76255 2199.337890625
-76245 2193.882080078125
-76235 2189.47705078125
-76225 2184.5458984375
-76215 2181.3779296875
-76205 2176.735107421875
-76195 2173.22802734375
-76185 2169.347900390625
-76175 2167.33203125
-76165 2163.384033203125
-76155 2159.300048828125
-76145 2155.555908203125
-76135 2152.3359375
-76125 2148.201904296875
-76115 2145.388916015625
-76105 2142.81396484375
-76095 2140.27197265625
-76085 2139.154052734375
-76075 2139.865966796875
-76065 2138.883056640625
-76055 2137.781982421875
-76045 2136.56201171875
-76035 2136.951904296875
-76025 2130.85205078125
-76015 2115.5009765625
-76005 2133.93603515625
-75995 2133.782958984375
-75985 2134.6640625
-75975 2134.409912109375
-75965 2133.56298828125
-75955 2133.614013671875
-75945 2133.427001953125
-75935 2129.19091796875
-75925 2128.531005859375
-75915 2129.666015625
-75905 2123.14306640625
-75895 2119.48291015625
-75885 2123.092041015625
-75875 2122.701904296875
-75865 2118.431884765625
-75855 2116.111083984375
-75845 2115.33203125
-75835 2113.958984375
-75825 2113.214111328125
-75815 2114.39990234375
-75805 2115.196044921875
-75795 2116.534912109375
-75785 2117.7548828125
-75775 2119.075927734375
-75765 2123.802978515625
-75755 2126.989013671875
-75745 2130.530029296875
-75735 2135.93505859375
-75725 2142.696044921875
-75715 2149.72705078125
-75705 2155.572998046875
-75695 2162.43505859375
-75685 2169.262939453125
-75675 2173.345947265625
-75665 2175.5830078125
-75655 2176.125
-75645 2178.19189453125
-75635 2178.428955078125
-75625 2181.75
-75615 2190.306884765625
-75605 2198.032958984375
-75595 2201.4560546875
-75585 2207.4541015625
-75575 2210.9951171875
-75565 2212.9599609375
-75555 2220.924072265625
-75545 2224.837890625
-75535 2225.027099609375
-75525 2225.634033203125
-75515 2226.51806640625
-75505 2227.498046875
-75495 2231.39501953125
-75485 2235.14306640625
-75475 2235.5830078125
-75465 2240.56201171875
-75455 2246.491943359375
-75445 2251.070068359375
-75435 2254.35400390625
-75425 2257.843994140625
-75415 2260.876953125
-75405 2266.672119140625
-75395 2270.758056640625
-75385 2273.366943359375
-75375 2276.43408203125
-75365 2280.5849609375
-75355 2284.14306640625
-75345 2288.091064453125
-75335 2290.513916015625
-75325 2295.781005859375
-75315 2299.051025390625
-75305 2303.9140625
-75295 2307
-75285 2308.9970703125
-75275 2311.69091796875
-75265 2315.506103515625
-75255 2319.23095703125
-75245 2322.011962890625
-75235 2325.739990234375
-75225 2331.635986328125
-75215 2335.837890625
-75205 2339.802978515625
-75195 2343.885986328125
-75185 2347.6650390625
-75175 2351.866943359375
-75165 2356.81396484375
-75155 2361.284912109375
-75145 2366.591064453125
-75135 2372.3349609375
-75125 2377.841064453125
-75115 2383.43310546875
-75105 2389.22802734375
-75095 2395.29296875
-75085 2401.529052734375
-75075 2406.5439453125
-75065 2414.55810546875
-75055 2421.132080078125
-75045 2428.571044921875
-75035 2434.60205078125
-75025 2441.48095703125
-75015 2447.343994140625
-75005 2453.27197265625
-74995 2458.85205078125
-74985 2464.596923828125
-74975 2470.424072265625
-74965 2476.468017578125
-74955 2481.9970703125
-74945 2487.14599609375
-74935 2492.824951171875
-74925 2496.947998046875
-74915 2501.864990234375
-74905 2507.24609375
-74895 2512.410888671875
-74885 2516.764892578125
-74875 2521.135986328125
-74865 2524.993896484375
-74855 2528.6689453125
-74845 2530.804931640625
-74835 2537.178955078125
-74825 2554.678955078125
-74815 2560.407958984375
-74805 2569.81201171875
-74795 2570.14306640625
-74785 2574.512939453125
-74775 2582.493896484375
-74765 2590.987060546875
-74755 2598.2880859375
-74745 2609.4970703125
-74735 2620.837890625
-74725 2643.884033203125
-74715 2651.550048828125
-74705 2657.410888671875
-74695 2668.172119140625
-74685 2677.444091796875
-74675 2684.01708984375
-74665 2688.570068359375
-74655 2694.876953125
-74645 2703.2548828125
-74635 2709.97705078125
-74625 2718.072998046875
-74615 2725.1259765625
-74605 2730.93701171875
-74595 2736.89697265625
-74585 2746.069091796875
-74575 2753.5029296875
-74565 2759.032958984375
-74555 2758.321044921875
-74545 2761.135009765625
-74535 2769.447021484375
-74525 2774.5791015625
-74515 2784.2939453125
-74505 2791.99609375
-74495 2795.904052734375
-74485 2806.846923828125
-74475 2800.738037109375
-74465 2805.05908203125
-74455 2809.3798828125
-74445 2817.22802734375
-74435 2821.947021484375
-74425 2829.740966796875
-74415 2840.66796875
-74405 2857.55908203125
-74395 2861.447021484375
-74385 2868.220947265625
-74375 2875.801025390625
-74365 2880.469970703125
-74355 2884.69189453125
-74345 2880.19189453125
-74335 2885.884033203125
-74325 2879.95703125
-74315 2879.447021484375
-74305 2877.77392578125
-74295 2879.2109375
-74285 2875.02294921875
-74275 2878.138916015625
-74265 2882.45703125
-74255 2887.2451171875
-74245 2887.075927734375
-74235 2889.47998046875
-74225 2892.0419921875
-74215 2893.200927734375
-74205 2894.298095703125
-74195 2896.447021484375
-74185 2901.39697265625
-74175 2906.16796875
-74165 2901.052001953125
-74155 2903.235107421875
-74145 2905.055908203125
-74135 2905.700927734375
-74125 2911.56201171875
-74115 2918.18505859375
-74105 2920.258056640625
-74095 2923.58203125
-74085 2925.089111328125
-74075 2928.23388671875
-74065 2931.531982421875
-74055 2935.718017578125
-74045 2940.02197265625
-74035 2945.35400390625
-74025 2950.85400390625
-74015 2953.531982421875
-74005 2960.617919921875
-73995 2968.449951171875
-73985 2972.952880859375
-73975 2973.614990234375
-73965 2974.14501953125
-73955 2975.833984375
-73945 2978.366943359375
-73935 2982.903076171875
-73925 2987.506103515625
-73915 2990.054931640625
-73905 2993.135009765625
-73895 2995.73388671875
-73885 2999.14501953125
-73875 3003.35009765625
-73865 3008.117919921875
-73855 3013.99609375
-73845 3018.069091796875
-73835 3023.366943359375
-73825 3027.803955078125
-73815 3032.655029296875
-73805 3035.883056640625
-73795 3035.98291015625
-73785 3034.823974609375
-73775 3028.51611328125
-73765 3027.885986328125
-73755 3034.326904296875
-73745 3043.117919921875
-73735 3056.132080078125
-73725 3048.81396484375
-73715 3034.64208984375
-73705 3023.748046875
-73695 3008.56494140625
-73685 2997.6708984375
-73675 2988.781005859375
-73665 2980.5849609375
-73655 2972.986083984375
-73645 2965.7509765625
-73635 2958.632080078125
-73625 2953.0029296875
-73615 2947.02587890625
-73605 2940.386962890625
-73595 2933.18505859375
-73585 2924.972900390625
-73575 2918.469970703125
-73565 2913.10498046875
-73555 2911.01611328125
-73545 2910.68505859375
-73535 2908.200927734375
-73525 2898.18505859375
-73515 2885.3740234375
-73505 2877.77392578125
-73495 2871.7451171875
-73485 2867.923095703125
-73475 2863.9140625
-73465 2859.861083984375
-73455 2856.529052734375
-73445 2854.3310546875
-73435 2851.069091796875
-73425 2847.720947265625
-73415 2843.3369140625
-73405 2839.64501953125
-73395 2836.18505859375
-73385 2832.55908203125
-73375 2829.97705078125
-73365 2826.962890625
-73355 2823.818115234375
-73345 2820.635009765625
-73335 2817.177978515625
-73325 2813.93310546875
-73315 2810.952880859375
-73305 2809.049072265625
-73295 2807.924072265625
-73285 2807.376953125
-73275 2806.697998046875
-73265 2804.7939453125
-73255 2801.864013671875
-73245 2800.072998046875
-73235 2796.069091796875
-73225 2789.56298828125
-73215 2781.8310546875
-73205 2772.2939453125
-73195 2764.7080078125
-73185 2757.823974609375
-73175 2752.2119140625
-73165 2743.535888671875
-73155 2739.215087890625
-73145 2732.906982421875
-73135 2727.278076171875
-73125 2722.06298828125
-73115 2719.778076171875
-73105 2715.258056640625
-73095 2711.847900390625
-73085 2708.43701171875
-73075 2705.02587890625
-73065 2698.4541015625
-73055 2690.672119140625
-73045 2675.837890625
-73035 2669.215087890625
-73025 2655.68896484375
-73015 2648.884033203125
-73005 2643.76806640625
-72995 2636.964111328125
-72985 2635.027099609375
-72975 2631.798095703125
-72965 2628.6689453125
-72955 2625.22509765625
-72945 2621.0859375
-72935 2617.113037109375
-72925 2612.2451171875
-72915 2608.802001953125
-72905 2606.73193359375
-72895 2604.72900390625
-72885 2603.2548828125
-72875 2605.27490234375
-72865 2603.27197265625
-72855 2599.31494140625
-72845 2594.39794921875
-72835 2589.844970703125
-72825 2587.47705078125
-72815 2584.827880859375
-72805 2582.22900390625
-72795 2578.653076171875
-72785 2575.987060546875
-72775 2574.910888671875
-72765 2573.123046875
-72755 2570.406982421875
-72745 2567.80810546875
-72735 2564.364990234375
-72725 2561.5830078125
-72715 2558.967041015625
-72705 2558.85107421875
-72695 2561.1201171875
-72685 2561.532958984375
-72675 2563.50390625
-72665 2565.721923828125
-72655 2569.696044921875
-72645 2573.2548828125
-72635 2579.844970703125
-72625 2582.69189453125
-72615 2584.01708984375
-72605 2585.590087890625
-72595 2587.924072265625
-72585 2590.110107421875
-72575 2593.18896484375
-72565 2594.844970703125
-72555 2596.764892578125
-72545 2598.2060546875
-72535 2600.093017578125
-72525 2602.95703125
-72515 2604.7451171875
-72505 2607.27294921875
-72495 2611.280029296875
-72485 2617.22998046875
-72475 2618.44091796875
-72465 2620.069091796875
-72455 2621.367919921875
-72445 2621.98388671875
-72435 2624.139892578125
-72425 2625.001953125
-72415 2625.5380859375
-72405 2625.906982421875
-72395 2626.7490234375
-72385 2627.9208984375
-72375 2629.886962890625
-72365 2629.89892578125
-72355 2630.52197265625
-72345 2632.071044921875
-72335 2634.989990234375
-72325 2640.610107421875
-72315 2646.804931640625
-72305 2652.583984375
-72295 2657.1708984375
-72285 2660.60595703125
-72275 2664.570068359375
-72265 2667.787109375
-72255 2671.548095703125
-72245 2675.988037109375
-72235 2678.489990234375
-72225 2680.674072265625
-72215 2682.639892578125
-72205 2683.31494140625
-72195 2683.5419921875
-72185 2685.010986328125
-72175 2685.864990234375
-72165 2687.075927734375
-72155 2687.10791015625
-72145 2687.049072265625
-72135 2687.14794921875
-72125 2687.14794921875
-72115 2687.39404296875
-72105 2688.39892578125
-72095 2689.27294921875
-72085 2690.174072265625
-72075 2692.27099609375
-72065 2694.0380859375
-72055 2694.801025390625
-72045 2695.535888671875
-72035 2697.294921875
-72025 2699.916015625
-72015 2702.159912109375
-72005 2704.2060546875
-71995 2706.011962890625
-71985 2707.56103515625
-71975 2709.1298828125
-71965 2709.77294921875
-71955 2710.885009765625
-71945 2711.718994140625
-71935 2713.10205078125
-71925 2714.778076171875
-71915 2716.9619140625
-71905 2718.7890625
-71895 2720.14306640625
-71885 2721.429931640625
-71875 2723.14892578125
-71865 2724.758056640625
-71855 2724.697998046875
-71845 2726.176025390625
-71835 2727.6650390625
-71825 2729.431884765625
-71815 2730.4970703125
-71805 2732.10498046875
-71795 2733.912109375
-71785 2737.64599609375
-71775 2740.2939453125
-71765 2742.64990234375
-71755 2744.1669921875
-71745 2746.032958984375
-71735 2747.423095703125
-71725 2748.35693359375
-71715 2750.4140625
-71705 2751.14794921875
-71695 2752.677001953125
-71685 2755.139892578125
-71675 2757.323974609375
-71665 2760.760009765625
-71655 2763.04296875
-71645 2766.02197265625
-71635 2767.97607421875
-71625 2770.2119140625
-71615 2773.31689453125
-71605 2776.47509765625
-71595 2779.035888671875
-71585 2782.35302734375
-71575 2786.77294921875
-71565 2790.712890625
-71555 2794.9541015625
-71545 2799.14404296875
-71535 2803.541015625
-71525 2807.2060546875
-71515 2811.047119140625
-71505 2814.73193359375
-71495 2817.7109375
-71485 2821.2529296875
-71475 2824.5419921875
-71465 2826.98388671875
-71455 2829.6650390625
-71445 2831.471923828125
-71435 2832.445068359375
-71425 2834.550048828125
-71415 2836.4169921875
-71405 2838.819091796875
-71395 2843.4580078125
-71385 2845.988037109375
-71375 2847.8349609375
-71365 2850.97998046875
-71355 2854.35595703125
-71345 2857.10791015625
-71335 2860.881103515625
-71325 2864.462890625
-71315 2869.031005859375
-71305 2873.947021484375
-71295 2877.62890625
-71285 2880.59912109375
-71275 2884.166015625
-71265 2889.18603515625
-71255 2891.89794921875
-71245 2894.68603515625
-71235 2897.737060546875
-71225 2900.052001953125
-71215 2903.277099609375
-71205 2906.73193359375
-71195 2909.591064453125
-71185 2912.10107421875
-71175 2914.833984375
-71165 2918.387939453125
-71155 2921.693115234375
-71145 2925.466064453125
-71135 2929.89404296875
-71125 2933.241943359375
-71115 2936.498046875
-71105 2940.27099609375
-71095 2943.864990234375
-71085 2947.341064453125
-71075 2951.323974609375
-71065 2955.998046875
-71055 2959.0439453125
-71045 2962.260986328125
-71035 2965.756103515625
-71025 2969.62109375
-71015 2971.9560546875
-71005 2972.98388671875
-70995 2975.14111328125
-70985 2977.908935546875
-70975 2980.8798828125
-70965 2982.376953125
-70955 2985.06201171875
-70945 2987.89697265625
-70935 2990.5380859375
-70925 2995.125
-70915 2998.56494140625
-70905 3003.06103515625
-70895 3008.3701171875
-70885 3011.131103515625
-70875 3016.9208984375
-70865 3024.654052734375
-70855 3029.551025390625
-70845 3037.083984375
-70835 3050.14306640625
-70825 3062.47412109375
-70815 3068.06201171875
-70805 3066.922119140625
-70795 3065.114990234375
-70785 3064.04296875
-70775 3063.6259765625
-70765 3065.01611328125
-70755 3064.361083984375
-70745 3064.0029296875
-70735 3066.56494140625
-70725 3063.257080078125
-70715 3058.47509765625
-70705 3056.18701171875
-70695 3051.989990234375
-70685 3048.43505859375
-70675 3046.428955078125
-70665 3045.7939453125
-70655 3045.73388671875
-70645 3046.2109375
-70635 3047.10400390625
-70625 3047.422119140625
-70615 3047.866943359375
-70605 3049.1220703125
-70595 3050.241943359375
-70585 3051.115966796875
-70575 3051.69189453125
-70565 3054.220947265625
-70555 3056.406005859375
-70545 3059.75390625
-70535 3061.012939453125
-70525 3062.406982421875
-70515 3063.8720703125
-70505 3065.722900390625
-70495 3068.200927734375
-70485 3070.781982421875
-70475 3073.573974609375
-70465 3075.408935546875
-70455 3077.5859375
-70445 3079.9169921875
-70435 3081.875
-70425 3084.09912109375
-70415 3086.322998046875
-70405 3088.43994140625
-70395 3090.56103515625
-70385 3092.507080078125
-70375 3094.68310546875
-70365 3096.846923828125
-70355 3098.864990234375
-70345 3100.85107421875
-70335 3102.864013671875
-70325 3104.8701171875
-70315 3106.97509765625
-70305 3109.06005859375
-70295 3111.2119140625
-70285 3113.56689453125
-70275 3115.77197265625
-70265 3118.14599609375
-70255 3120.47802734375
-70245 3122.971923828125
-70235 3125.60107421875
-70225 3128.281982421875
-70215 3131.160888671875
-70205 3133.862060546875
-70195 3136.634033203125
-70185 3139.60107421875
-70175 3143.10400390625
-70165 3147.27392578125
-70155 3156.738037109375
-70145 3164.513916015625
-70135 3170.85595703125
-70125 3178.659912109375
-70115 3182.01611328125
-70105 3164.947021484375
-70095 3146.320068359375
-70085 3144.176025390625
-70075 3128.989013671875
-70065 3123.4169921875
-70055 3108.31298828125
-70045 3106.06103515625
-70035 3109.64794921875
-70025 3091.656982421875
-70015 3072.693115234375
-70005 3074.550048828125
-69995 3077.3798828125
-69985 3079.62890625
-69975 3081.59912109375
-69965 3084.9609375
-69955 3084.22900390625
-69945 3073.041015625
-69935 3058.7900390625
-69925 3030.360107421875
-69915 3025.802001953125
-69905 3028.0400390625
-69895 3030.948974609375
-69885 3024.43798828125
-69875 3012.840087890625
-69865 3001.029052734375
-69855 2986.199951171875
-69845 2976.528076171875
-69835 2967.81201171875
-69825 2956.22802734375
-69815 2935.44091796875
-69805 2920.912109375
-69795 2896.51806640625
-69785 2885.0400390625
-69775 2875.300048828125
-69765 2865.718994140625
-69755 2856.805908203125
-69745 2847.450927734375
-69735 2836.9609375
-69725 2826.366943359375
-69715 2822.09912109375
-69705 2817.60693359375
-69695 2808.699951171875
-69685 2798.89794921875
-69675 2790.569091796875
-69665 2779.139892578125
-69655 2772.660888671875
-69645 2767.93994140625
-69635 2761.320068359375
-69625 2755.201904296875
-69615 2753.799072265625
-69605 2753.1220703125
-69595 2756.489990234375
-69585 2755.386962890625
-69575 2752.117919921875
-69565 2748.412109375
-69555 2745.301025390625
-69545 2742.93798828125
-69535 2741.568115234375
-69525 2741.071044921875
-69515 2739.886962890625
-69505 2739.64111328125
-69495 2740.721923828125
-69485 2742.239013671875
-69475 2743.47802734375
-69465 2745.80810546875
-69455 2747.080078125
-69445 2749.111083984375
-69435 2750.912109375
-69425 2752.800048828125
-69415 2752.631103515625
-69405 2754.158935546875
-69395 2756.552001953125
-69385 2758.302001953125
-69375 2758.2470703125
-69365 2760.9599609375
-69355 2764.791015625
-69345 2766.4609375
-69335 2768.458984375
-69325 2771.297119140625
-69315 2774.45703125
-69305 2775.6689453125
-69295 2778.589111328125
-69285 2779.800048828125
-69275 2781.22998046875
-69265 2782.97705078125
-69255 2785.7109375
-69245 2789.4990234375
-69235 2792.7900390625
-69225 2795.819091796875
-69215 2794.760009765625
-69205 2794.551025390625
-69195 2792.2880859375
-69185 2786.491943359375
-69175 2784.346923828125
-69165 2783.697021484375
-69155 2781.93994140625
-69145 2776.7900390625
-69135 2772.950927734375
-69125 2771.248046875
-69115 2767.677978515625
-69105 2768.469970703125
-69095 2771.1708984375
-69085 2770.047119140625
-69075 2766.319091796875
-69065 2764.1689453125
-69055 2763.81201171875
-69045 2762.592041015625
-69035 2759.912109375
-69025 2758.427001953125
-69015 2759.912109375
-69005 2763.781005859375
-68995 2765.81689453125
-68985 2768.110107421875
-68975 2769.489990234375
-68965 2772.35009765625
-68955 2774.10791015625
-68945 2774.958984375
-68935 2776.699951171875
-68925 2776.77099609375
-68915 2776.35107421875
-68905 2777.927978515625
-68895 2777.22998046875
-68885 2776.089111328125
-68875 2775.64697265625
-68865 2773.071044921875
-68855 2771.2099609375
-68845 2770.35791015625
-68835 2766.919921875
-68825 2763.9609375
-68815 2763.6669921875
-68805 2757.406005859375
-68795 2754.568115234375
-68785 2751.8779296875
-68775 2748.6298828125
-68765 2745.6279296875
-68755 2741.748046875
-68745 2738.76806640625
-68735 2736.672119140625
-68725 2731.89111328125
-68715 2730.449951171875
-68705 2729.047119140625
-68695 2728.070068359375
-68685 2727.431884765625
-68675 2727.169921875
-68665 2722.22998046875
-68655 2727.77001953125
-68645 2721.090087890625
-68635 2733.39208984375
-68625 2720.657958984375
-68615 2710.98095703125
-68605 2705.802001953125
-68595 2708.302001953125
-68585 2713.760009765625
-68575 2705.840087890625
-68565 2704.660888671875
-68555 2702.5380859375
-68545 2698.008056640625
-68535 2699.3291015625
-68525 2701.93798828125
-68515 2703.95703125
-68505 2705.10888671875
-68495 2705.806884765625
-68485 2705.818115234375
-68475 2708.007080078125
-68465 2707.412109375
-68455 2708.18701171875
-68445 2707.30810546875
-68435 2707.389892578125
-68425 2707.778076171875
-68415 2708.639892578125
-68405 2709.7099609375
-68395 2709.47998046875
-68385 2709.08203125
-68375 2708.06689453125
-68365 2703.55908203125
-68355 2696.18994140625
-68345 2694.126953125
-68335 2680.81005859375
-68325 2672.19189453125
-68315 2666.112060546875
-68305 2661.886962890625
-68295 2659.028076171875
-68285 2654.508056640625
-68275 2649.302001953125
-68265 2644.4599609375
-68255 2639.008056640625
-68245 2632.988037109375
-68235 2626.60205078125
-68225 2620.701904296875
-68215 2615.7900390625
-68205 2610.25
-68195 2605.998046875
-68185 2602.631103515625
-68175 2599.738037109375
-68165 2595.387939453125
-68155 2591.490966796875
-68145 2587.031982421875
-68135 2580.66796875
-68125 2576.410888671875
-68115 2569.44091796875
-68105 2563.738037109375
-68095 2558.820068359375
-68085 2554.73193359375
-68075 2551.429931640625
-68065 2548.821044921875
-68055 2544.9619140625
-68045 2541.862060546875
-68035 2539.23193359375
-68025 2534.919921875
-68015 2530.1279296875
-68005 2525.172119140625
-67995 2521.30810546875
-67985 2516.592041015625
-67975 2510.10791015625
-67965 2504.443115234375
-67955 2498.85888671875
-67945 2493.89306640625
-67935 2489.2099609375
-67925 2484.7890625
-67915 2479.60888671875
-67905 2475.0029296875
-67895 2470.320068359375
-67885 2466.0791015625
-67875 2458.3291015625
-67865 2453.280029296875
-67855 2448.951904296875
-67845 2444.5419921875
-67835 2439.847900390625
-67825 2434.94189453125
-67815 2428.321044921875
-67805 2421.94091796875
-67795 2417.02294921875
-67785 2412.781982421875
-67775 2405.802001953125
-67765 2396.970947265625
-67755 2390.509033203125
-67745 2386.720947265625
-67735 2384.368896484375
-67725 2382.452880859375
-67715 2380.302001953125
-67705 2377.491943359375
-67695 2374.801025390625
-67685 2372.072021484375
-67675 2370.15087890625
-67665 2367.051025390625
-67655 2363.31201171875
-67645 2359.9990234375
-67635 2356.055908203125
-67625 2351.931884765625
-67615 2348.7880859375
-67605 2343.220947265625
-67595 2340.612060546875
-67585 2337.297119140625
-67575 2333.550048828125
-67565 2330.64111328125
-67555 2329.12109375
-67545 2324.14892578125
-67535 2318.322021484375
-67525 2313.202880859375
-67515 2309.679931640625
-67505 2305.405029296875
-67495 2300.798095703125
-67485 2296.447021484375
-67475 2291.68798828125
-67465 2279.423095703125
-67455 2267.47998046875
-67445 2258.322998046875
-67435 2251.739990234375
-67425 2247.94189453125
-67415 2244.696044921875
-67405 2242.76708984375
-67395 2240.0869140625
-67385 2235.4169921875
-67375 2230.85400390625
-67365 2225.985107421875
-67355 2220.013916015625
-67345 2215.037109375
-67335 2211.2548828125
-67325 2207.3359375
-67315 2202.528076171875
-67305 2198.22509765625
-67295 2194.06005859375
-67285 2190.783935546875
-67275 2186.527099609375
-67265 2181.97900390625
-67255 2176.60498046875
-67245 2171.568115234375
-67235 2165.886962890625
-67225 2159.426025390625
-67215 2153.010009765625
-67205 2145.447998046875
-67195 2136.013916015625
-67185 2128.955078125
-67175 2117.9609375
-67165 2109.447998046875
-67155 2098.22705078125
-67145 2092.97509765625
-67135 2087.662109375
-67125 2080.327880859375
-67115 2073.72802734375
-67105 2067.405029296875
-67095 2058.722900390625
-67085 2051.281005859375
-67075 2045.4940185546875
-67065 2039.6600341796875
-67055 2034.208984375
-67045 2027.97705078125
-67035 2021.1939697265625
-67025 2015.72802734375
-67015 2010.52197265625
-67005 2005.8819580078125
-66995 2002.2540283203125
-66985 1999.512939453125
-66975 1998.302978515625
-66965 1998.072998046875
-66955 1997.0169677734375
-66945 1996.5419921875
-66935 1994.8270263671875
-66925 1991.9949951171875
-66915 1986.0389404296875
-66905 1978.2139892578125
-66895 1977.47900390625
-66885 1973.6209716796875
-66875 1968.905029296875
-66865 1963.4840087890625
-66855 1957.926025390625
-66845 1950.072021484375
-66835 1944.02294921875
-66825 1937.9749755859375
-66815 1936.3060302734375
-66805 1927.7159423828125
-66795 1918.0550537109375
-66785 1911.072998046875
-66775 1906.114013671875
-66765 1902.3909912109375
-66755 1899.083984375
-66745 1896.77197265625
-66735 1891.97900390625
-66725 1889.8990478515625
-66715 1884.7850341796875
-66705 1881.5670166015625
-66695 1887.9520263671875
-66685 1888.7020263671875
-66675 1889.85302734375
-66665 1891.136962890625
-66655 1893.43603515625
-66645 1897.81494140625
-66635 1901.3060302734375
-66625 1904.843017578125
-66615 1904.2459716796875
-66605 1908.208984375
-66595 1914.916015625
-66585 1917.6409912109375
-66575 1919.2640380859375
-66565 1920.6729736328125
-66555 1924.072021484375
-66545 1928.6510009765625
-66535 1933.7030029296875
-66525 1937.10302734375
-66515 1942.18603515625
-66505 1947.0860595703125
-66495 1957.053955078125
-66485 1962.489013671875
-66475 1967.7559814453125
-66465 1975.886962890625
-66455 1983.89501953125
-66445 1989.0240478515625
-66435 1989.56005859375
-66425 1993.0360107421875
-66415 1995.3480224609375
-66405 1997.751953125
-66395 2004.5040283203125
-66385 2007.39794921875
-66375 2008.6080322265625
-66365 2010.322998046875
-66355 2010.81298828125
-66345 2007.7659912109375
-66335 2011.761962890625
-66325 2015.512939453125
-66315 2018.27001953125
-66305 2021.0260009765625
-66295 2023.5670166015625
-66285 2026.8289794921875
-66275 2032.2030029296875
-66265 2036.613037109375
-66255 2042.8289794921875
-66245 2048.72412109375
-66235 2054.7880859375
-66225 2063.485107421875
-66215 2072.6259765625
-66205 2079.347900390625
-66195 2084.70703125
-66185 2090.0048828125
-66175 2093.343017578125
-66165 2097.76806640625
-66155 2107.580078125
-66145 2111.376953125
-66135 2116.81298828125
-66125 2123.429931640625
-66115 2130.1669921875
-66105 2135.81494140625
-66095 2140.363037109375
-66085 2147.48193359375
-66075 2153.9130859375
-66065 2159.73193359375
-66055 2165.947998046875
-66045 2171.01611328125
-66035 2176.972900390625
-66025 2181.10693359375
-66015 2187.322998046875
-66005 2189.114990234375
-65995 2190.217041015625
-65985 2187.5830078125
-65975 2189.14501953125
-65965 2190.492919921875
-65955 2189.406005859375
-65945 2189.160888671875
-65935 2189.89599609375
-65925 2193.845947265625
-65915 2195.9130859375
-65905 2196.969970703125
-65895 2194.825927734375
-65885 2197.93408203125
-65875 2197.56689453125
-65865 2201.501953125
-65855 2203.001953125
-65845 2204.823974609375
-65835 2207.10595703125
-65825 2212.802001953125
-65815 2216.905029296875
-65805 2218.910888671875
-65795 2220.993896484375
-65785 2220.39599609375
-65775 2219.553955078125
-65765 2216.4609375
-65755 2213.658935546875
-65745 2211.77587890625
-65735 2210.291015625
-65725 2208.193115234375
-65715 2208.0859375
-65705 2208.636962890625
-65695 2208.406982421875
-65685 2206.845947265625
-65675 2205.31396484375
-65665 2206.800048828125
-65655 2208.376953125
-65645 2209.31103515625
-65635 2211.791015625
-65625 2214.990966796875
-65615 2218.19189453125
-65605 2219.906005859375
-65595 2221.85107421875
-65585 2222.98388671875
-65575 2224.68408203125
-65565 2226.3369140625
-65555 2229.01708984375
-65545 2232.93701171875
-65535 2237.927978515625
-65525 2240.31689453125
-65515 2245.430908203125
-65505 2250.760009765625
-65495 2255.47509765625
-65485 2260.7890625
-65475 2265.243896484375
-65465 2269.593017578125
-65455 2271.322998046875
-65445 2273.237060546875
-65435 2274.553955078125
-65425 2275.885986328125
-65415 2276.89599609375
-65405 2277.1259765625
-65395 2277.00390625
-65385 2277.00390625
-65375 2274.998046875
-65365 2271.52197265625
-65355 2267.801025390625
-65345 2265.626953125
-65335 2263.0849609375
-65325 2262.5029296875
-65315 2262.197021484375
-65305 2263.2080078125
-65295 2259.85400390625
-65285 2256.3330078125
-65275 2251.846923828125
-65265 2247.910888671875
-65255 2245.416015625
-65245 2243.196044921875
-65235 2240.60791015625
-65225 2238.924072265625
-65215 2237.362060546875
-65205 2236.673095703125
-65195 2235.81494140625
-65185 2233.85498046875
-65175 2231.77294921875
-65165 2228.740966796875
-65155 2224.883056640625
-65145 2219.76904296875
-65135 2214.4560546875
-65125 2211.989990234375
-65115 2211.77587890625
-65105 2210.68896484375
-65095 2206.447998046875
-65085 2203.06396484375
-65075 2200.23095703125
-65065 2197.76611328125
-65055 2195.60693359375
-65045 2193.693115234375
-65035 2192.56005859375
-65025 2189.971923828125
-65015 2184.47509765625
-65005 2181.22998046875
-64995 2179.694091796875
-64985 2178.31298828125
-64975 2174.1708984375
-64965 2158.98095703125
-64955 2148.7490234375
-64945 2140.327880859375
-64935 2133.152099609375
-64925 2128.60302734375
-64915 2125.97705078125
-64905 2121.87890625
-64895 2116.533935546875
-64885 2112.846923828125
-64875 2111.93798828125
-64865 2109.700927734375
-64855 2107.301025390625
-64845 2102.593017578125
-64835 2097.047119140625
-64825 2088.35107421875
-64815 2077.1259765625
-64805 2070.447998046875
-64795 2064.947021484375
-64785 2061.280029296875
-64775 2057.0439453125
-64765 2048.577880859375
-64755 2040.9969482421875
-64745 2029.676025390625
-64735 2023.134033203125
-64725 2019.4239501953125
-64715 2009.64501953125
-64705 2002.987060546875
-64695 1997.373046875
-64685 1993.842041015625
-64675 1991.0799560546875
-64665 1988.864990234375
-64655 1986.7340087890625
-64645 1983.0889892578125
-64635 1983.3380126953125
-64625 1984.5830078125
-64615 1985.6700439453125
-64605 1984.698974609375
-64595 1984.447021484375
-64585 1984.176025390625
-64575 1984.7869873046875
-64565 1985.6949462890625
-64555 1984.1080322265625
-64545 1982.115966796875
-64535 1981.6180419921875
-64525 1978.81103515625
-64515 1974.5350341796875
-64505 1969.4200439453125
-64495 1966.0660400390625
-64485 1960.1800537109375
-64475 1954
-64465 1949.0660400390625
-64455 1947.9560546875
-64445 1954.2950439453125
-64435 1963.6240234375
-64425 1966.27001953125
-64415 1964.97900390625
-64405 1961.719970703125
-64395 1959.9090576171875
-64385 1951.532958984375
-64375 1942.4100341796875
-64365 1939.426025390625
-64355 1946.14599609375
-64345 1944.5159912109375
-64335 1939.177001953125
-64325 1933.3809814453125
-64315 1928.2850341796875
-64305 1927.447021484375
-64295 1924.550048828125
-64285 1922.240966796875
-64275 1921.81103515625
-64265 1918.6639404296875
-64255 1916.60400390625
-64245 1917.66796875
-64235 1918.7320556640625
-64225 1918.3699951171875
-64215 1918.6639404296875
-64205 1918.7769775390625
-64195 1919.365966796875
-64185 1920.498046875
-64175 1919.9549560546875
-64165 1915.8800048828125
-64155 1911.8280029296875
-64145 1907.052001953125
-64135 1905.85205078125
-64125 1904.7879638671875
-64115 1904.4029541015625
-64105 1903.54296875
-64095 1900.8489990234375
-64085 1897.8609619140625
-64075 1894.2840576171875
-64065 1889.43994140625
-64055 1884.3470458984375
-64045 1880.7020263671875
-64035 1878.7099609375
-64025 1878.0989990234375
-64015 1878.552001953125
-64005 1879.4119873046875
-63995 1880.52099609375
-63985 1880.883056640625
-63975 1882.9659423828125
-63965 1883.5770263671875
-63955 1885.5009765625
-63945 1888.5799560546875
-63935 1893.1300048828125
-63925 1892.2020263671875
-63915 1888.1949462890625
-63905 1885.885986328125
-63895 1884.822021484375
-63885 1884.4150390625
-63875 1883.1920166015625
-63865 1884.4830322265625
-63855 1889.531005859375
-63845 1892.7900390625
-63835 1895.3260498046875
-63825 1898.947998046875
-63815 1901.1209716796875
-63805 1902.22998046875
-63795 1905.9420166015625
-63785 1910.220947265625
-63775 1914.4090576171875
-63765 1919.0040283203125
-63755 1922.3089599609375
-63745 1926.6319580078125
-63735 1930.9110107421875
-63725 1934.9630126953125
-63715 1939.9659423828125
-63705 1946.14599609375
-63695 1952.7099609375
-63685 1954.928955078125
-63675 1960.5880126953125
-63665 1966.699951171875
-63655 1972.54296875
-63645 1981.1650390625
-63635 1987.208984375
-63625 1991.781982421875
-63615 2000.342041015625
-63605 2004.2130126953125
-63595 2012.697998046875
-63585 2015.93798828125
-63575 2020.531005859375
-63565 2026.822998046875
-63555 2034.678955078125
-63545 2043.3740234375
-63535 2050.345947265625
-63525 2053.154052734375
-63515 2055.89306640625
-63505 2055.530029296875
-63495 2058.02099609375
-63485 2062.928955078125
-63475 2067.2080078125
-63465 2070.041015625
-63455 2072.916015625
-63445 2074.06689453125
-63435 2077.781982421875
-63425 2081.5849609375
-63415 2083.531982421875
-63405 2088.694091796875
-63395 2094.239990234375
-63385 2099.6240234375
-63375 2106.008056640625
-63365 2110.0400390625
-63355 2114.885009765625
-63345 2121.947021484375
-63335 2128.1240234375
-63325 2138.291015625
-63315 2149.112060546875
-63305 2157.985107421875
-63295 2166.10888671875
-63285 2174.781982421875
-63275 2185.05908203125
-63265 2192.2119140625
-63255 2197.87109375
-63245 2202.172119140625
-63235 2205.364013671875
-63225 2209.281005859375
-63215 2212.925048828125
-63205 2215.572998046875
-63195 2217.611083984375
-63185 2221.18798828125
-63175 2224.242919921875
-63165 2231.4189453125
-63155 2238.2099609375
-63145 2242.195068359375
-63135 2245.427978515625
-63125 2248.91796875
-63115 2253.5810546875
-63105 2259.987060546875
-63095 2267.955078125
-63085 2273.071044921875
-63075 2278.006103515625
-63065 2283.7109375
-63055 2289.867919921875
-63045 2296.2060546875
-63035 2302.159912109375
-63025 2308.52099609375
-63015 2316.14892578125
-63005 2321.85400390625
-62995 2326.925048828125
-62985 2324.570068359375
-62975 2320.541015625
-62965 2312.1201171875
-62955 2305.623046875
-62945 2299.805908203125
-62935 2296.47802734375
-62925 2294.93896484375
-62915 2289.595947265625
-62905 2286.0419921875
-62895 2283.1220703125
-62885 2276.444091796875
-62875 2266.822998046875
-62865 2259.218017578125
-62855 2250.072021484375
-62845 2242.14892578125
-62835 2232.867919921875
-62825 2226.325927734375
-62815 2222.885009765625
-62805 2218.10888671875
-62795 2213.672119140625
-62785 2205.862060546875
-62775 2191.375
-62765 2181.1650390625
-62755 2174.35205078125
-62745 2165.093017578125
-62735 2156.718017578125
-62725 2149.06591796875
-62715 2136.343994140625
-62705 2125.5009765625
-62695 2115.2890625
-62685 2106.3701171875
-62675 2096.137939453125
-62665 2086.451904296875
-62655 2077.574951171875
-62645 2069.633056640625
-62635 2055.666015625
-62625 2049.506103515625
-62615 2044.6610107421875
-62605 2040.2020263671875
-62595 2036.333984375
-62585 2029.7889404296875
-62575 2015.8900146484375
-62565 1991.14794921875
-62555 1975.6190185546875
-62545 1958.166015625
-62535 1935.5970458984375
-62525 1934.239013671875
-62515 1917.125
-62505 1907.0419921875
-62495 1899.9549560546875
-62485 1896.0269775390625
-62475 1889.97998046875
-62465 1882.376953125
-62455 1859.35400390625
-62445 1850.2340087890625
-62435 1842.3389892578125
-62425 1831.2750244140625
-62415 1817.3919677734375
-62405 1804.323974609375
-62395 1793.7459716796875
-62385 1784.2569580078125
-62375 1778.0179443359375
-62365 1772.10400390625
-62355 1766.9530029296875
-62345 1759.6810302734375
-62335 1755.2860107421875
-62325 1750.2110595703125
-62315 1746.3609619140625
-62305 1743.406005859375
-62295 1739.7889404296875
-62285 1738.31103515625
-62275 1733.800048828125
-62265 1731.5250244140625
-62255 1727.927001953125
-62245 1723.2020263671875
-62235 1720.0909423828125
-62225 1714.9189453125
-62215 1708.8909912109375
-62205 1702.9990234375
-62195 1697.47705078125
-62185 1691.8380126953125
-62175 1686.3740234375
-62165 1680.3070068359375
-62155 1674.862060546875
-62145 1670.5260009765625
-62135 1668.0760498046875
-62125 1665.2760009765625
-62115 1661.56201171875
-62105 1657.7889404296875
-62095 1653.239013671875
-62085 1646.0830078125
-62075 1634.633056640625
-62065 1624.85205078125
-62055 1616.5679931640625
-62045 1607.9930419921875
-62035 1601.4010009765625
-62025 1595.5870361328125
-62015 1590.083984375
-62005 1583.7449951171875
-61995 1578.43701171875
-61985 1574.2559814453125
-61975 1569.199951171875
-61965 1562.9969482421875
-61955 1557.883056640625
-61945 1550.280029296875
-61935 1544.155029296875
-61925 1537.27197265625
-61915 1529.863037109375
-61905 1522.66796875
-61895 1515.9620361328125
-61885 1510.2650146484375
-61875 1504.4119873046875
-61865 1498.636962890625
-61855 1493.1920166015625
-61845 1487.259033203125
-61835 1481.02001953125
-61825 1475.2049560546875
-61815 1469.35302734375
-61805 1463.51904296875
-61795 1457.4720458984375
-61785 1451.677001953125
-61775 1446.406982421875
-61765 1439.718017578125
-61755 1434.0989990234375
-61745 1428.4990234375
-61735 1423.4229736328125
-61725 1418.2320556640625
-61715 1412.009033203125
-61705 1404.2900390625
-61695 1400.1669921875
-61685 1393.9639892578125
-61675 1390.85302734375
-61665 1388.927978515625
-61655 1384.1639404296875
-61645 1378.9549560546875
-61635 1374.1500244140625
-61625 1369.251953125
-61615 1364.407958984375
-61605 1359.1600341796875
-61595 1354.802001953125
-61585 1349.593017578125
-61575 1344.613037109375
-61565 1339.5379638671875
-61555 1334.678955078125
-61545 1329.623046875
-61535 1324.89794921875
-61525 1320.7950439453125
-61515 1316.8089599609375
-61505 1313.7559814453125
-61495 1309.9449462890625
-61485 1305.8609619140625
-61475 1301.9139404296875
-61465 1298.64697265625
-61455 1294.8360595703125
-61445 1291.550048828125
-61435 1288.2640380859375
-61425 1286.0860595703125
-61415 1282.9749755859375
-61405 1279.883056640625
-61395 1276.81103515625
-61385 1273.7969970703125
-61375 1270.4329833984375
-61365 1266.31005859375
-61355 1261.720947265625
-61345 1256.8409423828125
-61335 1253.904052734375
-61325 1252.135009765625
-61315 1250.3270263671875
-61305 1248.946044921875
-61295 1247.5260009765625
-61285 1246.0679931640625
-61275 1244.3759765625
-61265 1242.8399658203125
-61255 1240.2540283203125
-61245 1240.6619873046875
-61235 1246.8480224609375
-61225 1254.2159423828125
-61215 1263.238037109375
-61205 1268.8189697265625
-61195 1275.0799560546875
-61185 1278.25
-61175 1279.2020263671875
-61165 1283.5770263671875
-61155 1285.56103515625
-61145 1289.508056640625
-61135 1292.22998046875
-61125 1295.614013671875
-61115 1298.9200439453125
-61105 1302.925048828125
-61095 1306.3089599609375
-61085 1308.623046875
-61075 1312.511962890625
-61065 1316.5560302734375
-61055 1320.4449462890625
-61045 1324.3919677734375
-61035 1328.748046875
-61025 1332.635009765625
-61015 1336.468017578125
-61005 1339.6180419921875
-60995 1340.7650146484375
-60985 1346.4019775390625
-60975 1349.593017578125
-60965 1351.614990234375
-60955 1354.68798828125
-60945 1357.35205078125
-60935 1361.376953125
-60925 1367.9659423828125
-60915 1375.531005859375
-60905 1383.3079833984375
-60895 1390.134033203125
-60885 1397.27001953125
-60875 1404.134033203125
-60865 1412.9229736328125
-60855 1419.7679443359375
-60845 1427.06005859375
-60835 1434.8179931640625
-60825 1442.615966796875
-60815 1449.6739501953125
-60805 1459.1829833984375
-60795 1463.5379638671875
-60785 1471.550048828125
-60775 1477.092041015625
-60765 1483.3699951171875
-60755 1493.969970703125
-60745 1517.9820556640625
-60735 1525.488037109375
-60725 1535.0159912109375
-60715 1543.300048828125
-60705 1550.3189697265625
-60695 1557.7080078125
-60685 1565.56396484375
-60675 1574.760986328125
-60665 1582.4229736328125
-60655 1588.217041015625
-60645 1594.8289794921875
-60635 1600.739990234375
-60625 1607.176025390625
-60615 1613.885009765625
-60605 1620.0489501953125
-60595 1624.968017578125
-60585 1630.3330078125
-60575 1635.8189697265625
-60565 1641.593994140625
-60555 1647.114013671875
-60545 1652.675048828125
-60535 1659.7919921875
-60525 1669.553955078125
-60515 1680.79296875
-60505 1687.8509521484375
-60495 1693.7239990234375
-60485 1697.3399658203125
-60475 1701.637939453125
-60465 1708.948974609375
-60455 1718.4580078125
-60445 1728.93798828125
-60435 1736.949951171875
-60425 1744.300048828125
-60415 1750.4449462890625
-60405 1756.239013671875
-60395 1762.1290283203125
-60385 1771.873046875
-60375 1781.7099609375
-60365 1793.6319580078125
-60355 1802.43798828125
-60345 1810.93603515625
-60335 1817.8189697265625
-60325 1822.8170166015625
-60315 1827.9310302734375
-60305 1832.248046875
-60295 1836.3699951171875
-60285 1841.5810546875
-60275 1846.2869873046875
-60265 1850.2919921875
-60255 1854.7449951171875
-60245 1858.906005859375
-60235 1862.9119873046875
-60225 1874.4239501953125
-60215 1883.114990234375
-60205 1891.0880126953125
-60195 1897.5830078125
-60185 1905.030029296875
-60175 1910.9000244140625
-60165 1917.0469970703125
-60155 1925.366943359375
-60145 1939.969970703125
-60135 1952.260009765625
-60125 1956.9849853515625
-60115 1962.6429443359375
-60105 1970.9849853515625
-60095 1980.9019775390625
-60085 1988.9129638671875
-60075 1993.52197265625
-60065 1996.75
-60055 1998.2659912109375
-60045 1999.550048828125
-60035 2002.1939697265625
-60025 2005.1309814453125
-60015 2007.4830322265625
-60005 2010.72705078125
-59995 2013.093994140625
-59985 2014.468017578125
-59975 2017.6939697265625
-59965 2022.115966796875
-59955 2025.6009521484375
-59945 2029.0660400390625
-59935 2032.2919921875
-59925 2033.7459716796875
-59915 2033.2679443359375
-59905 2033.5870361328125
-59895 2031.8740234375
-59885 2030.1409912109375
-59875 2032.4720458984375
-59865 2035.300048828125
-59855 2040.39794921875
-59845 2048.922119140625
-59835 2054.158935546875
-59825 2057.903076171875
-59815 2061.2890625
-59805 2063.360107421875
-59795 2066.14794921875
-59785 2065.490966796875
-59775 2069.673095703125
-59765 2074.194091796875
-59755 2077.839111328125
-59745 2080.906005859375
-59735 2082.4189453125
-59725 2084.152099609375
-59715 2084.68896484375
-59705 2085.884033203125
-59695 2088.552978515625
-59685 2096.85791015625
-59675 2100.760986328125
-59665 2103.010986328125
-59655 2104.903076171875
-59645 2106.7548828125
-59635 2108.427978515625
-59625 2110.340087890625
-59615 2111.554931640625
-59605 2114.363037109375
-59595 2116.73291015625
-59585 2114.701904296875
-59575 2109.06591796875
-59565 2112.490966796875
-59555 2118.60498046875
-59545 2124.678955078125
-59535 2133.342041015625
-59525 2139.35693359375
-59515 2144.93310546875
-59505 2150.549072265625
-59495 2156.64599609375
-59485 2161.763916015625
-59475 2166.382080078125
-59465 2170.863037109375
-59455 2175.385986328125
-59445 2179.967041015625
-59435 2184.465087890625
-59425 2188.968994140625
-59415 2193.031005859375
-59405 2199.281982421875
-59395 2203.72607421875
-59385 2207.64892578125
-59375 2211.930908203125
-59365 2215.3359375
-59355 2219.718017578125
-59345 2224.0390625
-59335 2228.60009765625
-59325 2234.77294921875
-59315 2240.2099609375
-59305 2245.30908203125
-59295 2251.242919921875
-59285 2257.875
-59275 2263.611083984375
-59265 2268.510009765625
-59255 2274.485107421875
-59245 2280.9169921875
-59235 2287.071044921875
-59225 2292.926025390625
-59215 2296.490966796875
-59205 2301.1708984375
-59195 2310.989013671875
-59185 2318.81591796875
-59175 2329.19189453125
-59165 2341.8779296875
-59155 2351.635986328125
-59145 2363.090087890625
-59135 2375.0400390625
-59125 2381.987060546875
-59115 2387.306884765625
-59105 2386.7900390625
-59095 2385.989990234375
-59085 2397.5810546875
-59075 2412.56005859375
-59065 2423.430908203125
-59055 2425.322998046875
-59045 2418.634033203125
-59035 2417.575927734375
-59025 2414.551025390625
-59015 2419.550048828125
-59005 2418.7109375
-58995 2426.5400390625
-58985 2425.962890625
-58975 2427.4169921875
-58965 2433.72998046875
-58955 2432.8330078125
-58945 2436.656982421875
-58935 2439.485107421875
-58925 2443.6279296875
-58915 2450.39892578125
-58905 2456.83203125
-58895 2466.410888671875
-58885 2473.659912109375
-58875 2481.386962890625
-58865 2490.76708984375
-58855 2497.47900390625
-58845 2502.635986328125
-58835 2509.487060546875
-58825 2516.259033203125
-58815 2523.12890625
-58805 2529.881103515625
-58795 2534.639892578125
-58785 2537.427978515625
-58775 2540.714111328125
-58765 2545.951904296875
-58755 2551.826904296875
-58745 2555.72998046875
-58735 2559.7529296875
-58725 2564.653076171875
-58715 2569.572021484375
-58705 2573.75390625
-58695 2577.5380859375
-58685 2582.35693359375
-58675 2586.39990234375
-58665 2592.35498046875
-58655 2599.166015625
-58645 2606.455078125
-58635 2614.4609375
-58625 2622.031005859375
-58615 2630.39306640625
-58605 2638.179931640625
-58595 2645.133056640625
-58585 2652.5419921875
-58575 2660.050048828125
-58565 2667.757080078125
-58555 2676.10107421875
-58545 2683.429931640625
-58535 2690.718994140625
-58525 2698.5458984375
-58515 2706.451904296875
-58505 2714.158935546875
-58495 2721.926025390625
-58485 2730.092041015625
-58475 2736.902099609375
-58465 2749.31005859375
-58455 2756.239990234375
-58445 2762.990966796875
-58435 2769.60302734375
-58425 2773.74609375
-58415 2778.047119140625
-58405 2781.43310546875
-58395 2779.44091796875
-58385 2780.09912109375
-58375 2779.760009765625
-58365 2780.696044921875
-58355 2778.64501953125
-58345 2780.118896484375
-58335 2771.136962890625
-58325 2761.35791015625
-58315 2753.31298828125
-58305 2748.73193359375
-58295 2748.35400390625
-58285 2743.81298828125
-58275 2738.735107421875
-58265 2733.875
-58255 2736.702880859375
-58245 2744.708984375
-58235 2754.2490234375
-58225 2754.865966796875
-58215 2757.076904296875
-58205 2761.81591796875
-58195 2765.85888671875
-58185 2773.029052734375
-58175 2781.25390625
-58165 2791.2509765625
-58155 2800.39208984375
-58145 2809.532958984375
-58135 2821.662109375
-58125 2830.822998046875
-58115 2839.587890625
-58105 2849.466064453125
-58095 2859.205078125
-58085 2869.39892578125
-58075 2880.654052734375
-58065 2889.81494140625
-58055 2900.051025390625
-58045 2904.511962890625
-58035 2907.618896484375
-58025 2910.22802734375
-58015 2913.094970703125
-58005 2917.318115234375
-57995 2925.60205078125
-57985 2922.833984375
-57975 2919.806884765625
-57965 2911.18408203125
-57955 2912.9560546875
-57945 2918.014892578125
-57935 2914.847900390625
-57925 2911.10400390625
-57915 2914.7880859375
-57905 2919.966064453125
-57895 2915.56494140625
-57885 2910.7060546875
-57875 2902.60009765625
-57865 2900.31005859375
-57855 2898.97607421875
-57845 2896.68505859375
-57835 2891.74609375
-57825 2884.556884765625
-57815 2883.402099609375
-57805 2884.696044921875
-57795 2876.906982421875
-57785 2871.174072265625
-57775 2867.7490234375
-57765 2865.39599609375
-57755 2864.02392578125
-57745 2864.47900390625
-57735 2865.737060546875
-57725 2865.43798828125
-57715 2867.68896484375
-57705 2870.991943359375
-57695 2874.638916015625
-57685 2878.48291015625
-57675 2882.303955078125
-57665 2886.071044921875
-57655 2889.715087890625
-57645 2893.260009765625
-57635 2896.804931640625
-57625 2900.3701171875
-57615 2903.97412109375
-57605 2907.47900390625
-57595 2910.965087890625
-57585 2914.529052734375
-57575 2918.23388671875
-57565 2922.197021484375
-57555 2926.35888671875
-57545 2930.62109375
-57535 2934.762939453125
-57525 2938.76611328125
-57515 2942.7890625
-57505 2946.785888671875
-57495 2951.285888671875
-57485 2955.572021484375
-57475 2959.236083984375
-57465 2963.18505859375
-57455 2967.823974609375
-57445 2971.218994140625
-57435 2974.865966796875
-57425 2978.56298828125
-57415 2982.361083984375
-57405 2986.361083984375
-57395 2990.092041015625
-57385 2993.655029296875
-57375 2997.083984375
-57365 3000.14306640625
-57355 3003.26904296875
-57345 3006.242919921875
-57335 3009.032958984375
-57325 3011.822998046875
-57315 3014.4951171875
-57305 3016.931884765625
-57295 3019.26806640625
-57285 3021.553955078125
-57275 3023.7890625
-57265 3026.074951171875
-57255 3028.343994140625
-57245 3030.47802734375
-57235 3032.613037109375
-57225 3034.697021484375
-57215 3036.798095703125
-57205 3038.81396484375
-57195 3040.9150390625
-57185 3043.01611328125
-57175 3045.0830078125
-57165 3047.402099609375
-57155 3049.655029296875
-57145 3052.05810546875
-57135 3054.47802734375
-57125 3057.01611328125
-57115 3059.570068359375
-57105 3062.22607421875
-57095 3065.01611328125
-57085 3068.125
-57075 3071.318115234375
-57065 3075.133056640625
-57055 3079.23388671875
-57045 3082.98193359375
-57035 3086.544921875
-57025 3090.343017578125
-57015 3095.636962890625
-57005 3103.451904296875
-56995 3110.259033203125
-56985 3106.9140625
-56975 3073.822021484375
-56965 3070.544921875
-56955 3065.906005859375
-56945 3058.125
-56935 3047.23388671875
-56925 3040.544921875
-56915 3022.343994140625
-56905 3015.116943359375
-56895 2996.864990234375
-56885 2988.6298828125
-56875 2976.2939453125
-56865 2938.327880859375
-56855 2936.9169921875
-56845 2932.512939453125
-56835 2929.10205078125
-56825 2926.446044921875
-56815 2924.243896484375
-56805 2922.799072265625
-56795 2921.673095703125
-56785 2920.949951171875
-56775 2920.39599609375
-56765 2919.991943359375
-56755 2919.554931640625
-56745 2919.135009765625
-56735 2918.6650390625
-56725 2918.22802734375
-56715 2917.739990234375
-56705 2917.287109375
-56695 2916.85009765625
-56685 2916.362060546875
-56675 2915.80810546875
-56665 2915.27001953125
-56655 2914.8330078125
-56645 2914.294921875
-56635 2913.70703125
-56625 2913.2529296875
-56615 2912.781982421875
-56605 2912.194091796875
-56595 2911.823974609375
-56585 2911.404052734375
-56575 2910.9169921875
-56565 2910.681884765625
-56555 2910.177001953125
-56545 2909.757080078125
-56535 2909.404052734375
-56525 2908.950927734375
-56515 2908.294921875
-56505 2907.639892578125
-56495 2906.81591796875
-56485 2906.110107421875
-56475 2905.387939453125
-56465 2904.64794921875
-56455 2903.405029296875
-56445 2902.76611328125
-56435 2901.77392578125
-56425 2901.2529296875
-56415 2900.06005859375
-56405 2898.462890625
-56395 2897.237060546875
-56385 2896.279052734375
-56375 2894.614990234375
-56365 2893.034912109375
-56355 2891.27001953125
-56345 2889.27001953125
-56335 2886.73193359375
-56325 2880.782958984375
-56315 2875.80810546875
-56305 2876.76611328125
-56295 2876.464111328125
-56285 2878.027099609375
-56275 2881.60595703125
-56265 2887.135986328125
-56255 2891.791015625
-56245 2895.068115234375
-56235 2896.294921875
-56225 2886.4970703125
-56215 2872.716064453125
-56205 2845.992919921875
-56195 2833.322021484375
-56185 2828.464111328125
-56175 2824.699951171875
-56165 2820.833984375
-56155 2817.0859375
-56145 2810.833984375
-56135 2800.59912109375
-56125 2796.22900390625
-56115 2792.801025390625
-56105 2788.818115234375
-56095 2785.52392578125
-56085 2782.986083984375
-56075 2781.927001953125
-56065 2776.4990234375
-56055 2773.625
-56045 2768.76806640625
-56035 2762.2470703125
-56025 2755.02001953125
-56015 2748.48193359375
-56005 2742.179931640625
-55995 2736.987060546875
-55985 2732.532958984375
-55975 2729.55810546875
-55965 2725.55810546875
-55955 2721.053955078125
-55945 2717.843994140625
-55935 2716.31494140625
-55925 2714.735107421875
-55915 2713.087890625
-55905 2712.718017578125
-55895 2711.89501953125
-55885 2708.700927734375
-55875 2705.47412109375
-55865 2700.634033203125
-55855 2696.616943359375
-55845 2689.676025390625
-55835 2682.43310546875
-55825 2676.583984375
-55815 2673.054931640625
-55805 2669.743896484375
-55795 2666.736083984375
-55785 2665.138916015625
-55775 2662.180908203125
-55765 2654.114013671875
-55755 2646.06298828125
-55745 2640.096923828125
-55735 2636.3330078125
-55725 2634.5849609375
-55715 2631.743896484375
-55705 2627.39208984375
-55695 2621.97998046875
-55685 2614.618896484375
-55675 2608.77001953125
-55665 2602.06396484375
-55655 2588.282958984375
-55645 2579.02197265625
-55635 2566.013916015625
-55625 2561.090087890625
-55615 2556.031005859375
-55605 2549.929931640625
-55595 2545.156982421875
-55585 2539.27490234375
-55575 2533.22509765625
-55565 2527.678955078125
-55555 2521.325927734375
-55545 2516.133056640625
-55535 2511.2080078125
-55525 2505.965087890625
-55515 2501.259033203125
-55505 2496.5029296875
-55495 2491.780029296875
-55485 2486.6201171875
-55475 2484.09912109375
-55465 2479.56201171875
-55455 2475.409912109375
-55445 2470.552978515625
-55435 2466.839111328125
-55425 2464.402099609375
-55415 2462.368896484375
-55405 2459.007080078125
-55395 2453.05810546875
-55385 2447.39404296875
-55375 2439.847900390625
-55365 2438.0830078125
-55355 2435.882080078125
-55345 2433.208984375
-55335 2430.721923828125
-55325 2428.116943359375
-55315 2426.0830078125
-55305 2424.1669921875
-55295 2422.032958984375
-55285 2419.81494140625
-55275 2417.714111328125
-55265 2415.748046875
-55255 2414.487060546875
-55245 2412.35302734375
-55235 2410.68896484375
-55225 2408.553955078125
-55215 2406.43701171875
-55205 2405.22705078125
-55195 2403.445068359375
-55185 2401.327880859375
-55175 2394.571044921875
-55165 2390.5380859375
-55155 2389.22705078125
-55145 2390.553955078125
-55135 2391.714111328125
-55125 2393.10888671875
-55115 2394.5380859375
-55105 2394.134033203125
-55095 2393.05908203125
-55085 2395.10888671875
-55075 2393.05908203125
-55065 2392.01708984375
-55055 2391.2939453125
-55045 2391.596923828125
-55035 2390.85693359375
-55025 2392.050048828125
-55015 2390.050048828125
-55005 2388.799072265625
-54995 2387.493896484375
-54985 2384.472900390625
-54975 2380.79296875
-54965 2377.77197265625
-54955 2376.363037109375
-54945 2372.22509765625
-54935 2367.97705078125
-54925 2363.802001953125
-54915 2361.404052734375
-54905 2359.9208984375
-54895 2355.216064453125
-54885 2353.1650390625
-54875 2350.693115234375
-54865 2348.385986328125
-54855 2346.261962890625
-54845 2343.4609375
-54835 2341.447021484375
-54825 2340.14697265625
-54815 2341.09912109375
-54805 2338.93896484375
-54795 2336.68701171875
-54785 2331.285888671875
-54775 2323.85205078125
-54765 2311.035888671875
-54755 2300.74609375
-54745 2293.14794921875
-54735 2286.8310546875
-54725 2284.506103515625
-54715 2268.925048828125
-54705 2261.052001953125
-54695 2251.952880859375
-54685 2242.4140625
-54675 2228.260986328125
-54665 2221.10205078125
-54655 2215.388916015625
-54645 2210.262939453125
-54635 2203.635009765625
-54625 2196.949951171875
-54615 2190.85302734375
-54605 2185.85693359375
-54595 2181.700927734375
-54585 2177.673095703125
-54575 2172.947021484375
-54565 2167.237060546875
-54555 2162.60205078125
-54545 2157.56689453125
-54535 2152.97412109375
-54525 2148.486083984375
-54515 2143.23095703125
-54505 2134.791015625
-54495 2125.947998046875
-54485 2118.8798828125
-54475 2112.987060546875
-54465 2101.798095703125
-54455 2090.02490234375
-54445 2083.2509765625
-54435 2077.135986328125
-54425 2072.485107421875
-54415 2068.76904296875
-54405 2063.697021484375
-54395 2058.113037109375
-54385 2049.781982421875
-54375 2044.10595703125
-54365 2041.2679443359375
-54355 2037.405029296875
-54345 2033.7979736328125
-54335 2030.9239501953125
-54325 2026.0169677734375
-54315 2019.4990234375
-54305 2011.6629638671875
-54295 2003.31396484375
-54285 1986.761962890625
-54275 1977.6080322265625
-54265 1969.112060546875
-54255 1960.2139892578125
-54245 1951.4990234375
-54235 1944.8900146484375
-54225 1938.0240478515625
-54215 1928.375
-54205 1919.7879638671875
-54195 1912.2989501953125
-54185 1903.803955078125
-54175 1895.3819580078125
-54165 1885.676025390625
-54155 1878.4439697265625
-54145 1872.458984375
-54135 1866.875
-54125 1858.5419921875
-54115 1848.8380126953125
-54105 1826.9410400390625
-54095 1817.4010009765625
-54085 1804.3289794921875
-54075 1793.8929443359375
-54065 1784.06103515625
-54055 1774.467041015625
-54045 1767.4730224609375
-54035 1760.6800537109375
-54025 1752.6610107421875
-54015 1742.718994140625
-54005 1734.845947265625
-53995 1730.4520263671875
-53985 1725.2149658203125
-53975 1720.0889892578125
-53965 1715.0909423828125
-53955 1708.6280517578125
-53945 1702.6949462890625
-53935 1697.02001953125
-53925 1693.0279541015625
-53915 1688.011962890625
-53905 1684.405029296875
-53895 1679.9739990234375
-53885 1678.363037109375
-53875 1678.0150146484375
-53865 1678.032958984375
-53855 1678.490966796875
-53845 1679.241943359375
-53835 1678.5269775390625
-53825 1678.6009521484375
-53815 1678.1429443359375
-53805 1678.2530517578125
-53795 1678.27099609375
-53785 1678.4730224609375
-53775 1678.9119873046875
-53765 1679.6080322265625
-53755 1681.072021484375
-53745 1681.7320556640625
-53735 1686.1810302734375
-53725 1688.0479736328125
-53715 1691.655029296875
-53705 1695.719970703125
-53695 1697.93505859375
-53685 1703.373046875
-53675 1708.884033203125
-53665 1713.4239501953125
-53655 1719.740966796875
-53645 1726.4610595703125
-53635 1734.18701171875
-53625 1742.7740478515625
-53615 1760.02099609375
-53605 1773.60595703125
-53595 1781.4429931640625
-53585 1788.4730224609375
-53575 1795.0830078125
-53565 1800.739990234375
-53555 1806.801025390625
-53545 1811.3590087890625
-53535 1816.5589599609375
-53525 1822.5460205078125
-53515 1831.6300048828125
-53505 1840.9649658203125
-53495 1851.6209716796875
-53485 1860.06396484375
-53475 1871.2850341796875
-53465 1879.634033203125
-53455 1891.4090576171875
-53445 1903.4539794921875
-53435 1915.8509521484375
-53425 1925.8480224609375
-53415 1931.176025390625
-53405 1951.864990234375
-53395 1978.5780029296875
-53385 1984.529052734375
-53375 1993.35400390625
-53365 1999.0660400390625
-53355 2007.56103515625
-53345 2020.322998046875
-53335 2031.3270263671875
-53325 2041.7259521484375
-53315 2049.158935546875
-53305 2055.696044921875
-53295 2060.7119140625
-53285 2065.60107421875
-53275 2072.485107421875
-53265 2079.205078125
-53255 2086.72998046875
-53245 2095.68310546875
-53235 2104.305908203125
-53225 2114.302978515625
-53215 2120.930908203125
-53205 2130.343994140625
-53195 2139.14794921875
-53185 2146.43505859375
-53175 2151.39697265625
-53165 2158.3359375
-53155 2164.2890625
-53145 2171.282958984375
-53135 2179.339111328125
-53125 2187.633056640625
-53115 2195.450927734375
-53105 2202.79296875
-53095 2210.041015625
-53085 2217.5869140625
-53075 2224.361083984375
-53065 2231.35498046875
-53055 2237.56201171875
-53045 2243.85791015625
-53035 2250.580078125
-53025 2257.096923828125
-53015 2263.487060546875
-53005 2270.610107421875
-52995 2277.530029296875
-52985 2284.488037109375
-52975 2291.592041015625
-52965 2299.06201171875
-52955 2305.946044921875
-52945 2312.464111328125
-52935 2319.385009765625
-52925 2326.8369140625
-52915 2333.7939453125
-52905 2340.843017578125
-52895 2348.49609375
-52885 2356.18603515625
-52875 2368.10498046875
-52865 2377.97412109375
-52855 2386.3779296875
-52845 2393.134033203125
-52835 2400
-52825 2407.26806640625
-52815 2415.323974609375
-52805 2423.656982421875
-52795 2431.5830078125
-52785 2438.35693359375
-52775 2446.486083984375
-52765 2453.51904296875
-52755 2460.623046875
-52745 2468.530029296875
-52735 2477.3759765625
-52725 2485.35595703125
-52715 2492.697998046875
-52705 2501.123046875
-52695 2508.97705078125
-52685 2515.4580078125
-52675 2521.446044921875
-52665 2527.12109375
-52655 2533.89599609375
-52645 2541.218994140625
-52635 2547.89990234375
-52625 2555.31689453125
-52615 2563.007080078125
-52605 2570.31298828125
-52595 2576.885009765625
-52585 2583.952880859375
-52575 2590.43408203125
-52565 2597.555908203125
-52555 2605.64892578125
-52545 2612.716064453125
-52535 2619.802001953125
-52525 2629.212890625
-52515 2643.200927734375
-52505 2648.031005859375
-52495 2654.18408203125
-52485 2661.236083984375
-52475 2668.1669921875
-52465 2673.39501953125
-52455 2678.158935546875
-52445 2682.595947265625
-52435 2686.344970703125
-52425 2692.02099609375
-52415 2697.718017578125
-52405 2700.552001953125
-52395 2702.739990234375
-52385 2705.81396484375
-52375 2712.195068359375
-52365 2717.117919921875
-52355 2721.10400390625
-52345 2724.697998046875
-52335 2730.924072265625
-52325 2740.5380859375
-52315 2753.248046875
-52305 2766.219970703125
-52295 2776.79296875
-52285 2790.843994140625
-52275 2798.291015625
-52265 2811.9169921875
-52255 2821.083984375
-52245 2831.449951171875
-52235 2840.759033203125
-52225 2854.548095703125
-52215 2864.162109375
-52205 2875.965087890625
-52195 2884.614990234375
-52185 2890.56201171875
-52175 2897.050048828125
-52165 2903.305908203125
-52155 2910.51708984375
-52145 2918.9609375
-52135 2928.300048828125
-52125 2934.715087890625
-52115 2940.47705078125
-52105 2952.946044921875
-52095 2958.39697265625
-52085 2966.842041015625
-52075 2968.35498046875
-52065 2969.7490234375
-52055 2971.00390625
-52045 2972.947998046875
-52035 2974.35791015625
-52025 2975.321044921875
-52015 2975.698974609375
-52005 2976.405029296875
-51995 2976.868896484375
-51985 2977.31591796875
-51975 2977.31591796875
-51965 2976.283935546875
-51955 2976.43896484375
-51945 2976.180908203125
-51935 2975.93994140625
-51925 2976.112060546875
-51915 2975.492919921875
-51905 2977.177978515625
-51895 2978.468017578125
-51885 2979.2939453125
-51875 2979.7919921875
-51865 2980.927978515625
-51855 2982.199951171875
-51845 2981.547119140625
-51835 2975.717041015625
-51825 2974.116943359375
-51815 2976.094970703125
-51805 2977.2470703125
-51795 2977.677001953125
-51785 2976.64501953125
-51775 2976.02197265625
-51765 2975.096923828125
-51755 2972.822998046875
-51745 2971.14208984375
-51735 2969.3359375
-51725 2968.528076171875
-51715 2965.534912109375
-51705 2962.077880859375
-51695 2957.675048828125
-51685 2954.596923828125
-51675 2950.7099609375
-51665 2946.1650390625
-51655 2941.422119140625
-51645 2936.6240234375
-51635 2931.6708984375
-51625 2926.2880859375
-51615 2920.64599609375
-51605 2914.988037109375
-51595 2910.18994140625
-51585 2904.909912109375
-51575 2899.2509765625
-51565 2894.056884765625
-51555 2888.98388671875
-51545 2883.927001953125
-51535 2879.5419921875
-51525 2874.708984375
-51515 2870.134033203125
-51505 2866.126953125
-51495 2862.756103515625
-51485 2858.64599609375
-51475 2851.593994140625
-51465 2848.2060546875
-51455 2843.528076171875
-51445 2840.22607421875
-51435 2837.590087890625
-51425 2835.908935546875
-51415 2835.049072265625
-51405 2835.75
-51395 2836.799072265625
-51385 2837.50390625
-51375 2836.407958984375
-51365 2834.77392578125
-51355 2834.700927734375
-51345 2833.139892578125
-51335 2831.1279296875
-51325 2826.7080078125
-51315 2822.781982421875
-51305 2819.364013671875
-51295 2816.0400390625
-51285 2812.863037109375
-51275 2809.780029296875
-51265 2807.199951171875
-51255 2805.089111328125
-51245 2803.35205078125
-51235 2802.3330078125
-51225 2800.909912109375
-51215 2800.35498046875
-51205 2800.39404296875
-51195 2799.362060546875
-51185 2799.15087890625
-51175 2798.485107421875
-51165 2798.072021484375
-51155 2800.18310546875
-51145 2803.626953125
-51135 2805.806884765625
-51125 2807.513916015625
-51115 2809.694091796875
-51105 2811.073974609375
-51095 2810.696044921875
-51085 2811.156005859375
-51075 2801.614990234375
-51065 2795.35498046875
-51055 2786.39404296875
-51045 2772.18798828125
-51035 2760.264892578125
-51025 2751.3740234375
-51015 2744.85498046875
-51005 2739.300048828125
-50995 2733.387939453125
-50985 2728.365966796875
-50975 2722.291015625
-50965 2716.735107421875
-50955 2711.924072265625
-50945 2707.22900390625
-50935 2703.531005859375
-50925 2699.261962890625
-50915 2694.27392578125
-50905 2692.008056640625
-50895 2691.968994140625
-50885 2692.571044921875
-50875 2692.179931640625
-50865 2691.217041015625
-50855 2690.958984375
-50845 2690.55908203125
-50835 2690.112060546875
-50825 2690.094970703125
-50815 2689.5439453125
-50805 2688.8740234375
-50795 2688.511962890625
-50785 2687.157958984375
-50775 2685.864013671875
-50765 2685.656982421875
-50755 2683.575927734375
-50745 2684.199951171875
-50735 2682.923095703125
-50725 2682.251953125
-50715 2682.5791015625
-50705 2680.514892578125
-50695 2677.695068359375
-50685 2678.833984375
-50675 2677.952880859375
-50665 2675.64794921875
-50655 2672.552001953125
-50645 2668.595947265625
-50635 2663.95703125
-50625 2657.885986328125
-50615 2649.43701171875
-50605 2645.532958984375
-50595 2643.81298828125
-50585 2642.02490234375
-50575 2640.304931640625
-50565 2638.635986328125
-50555 2636.056884765625
-50545 2633.666015625
-50535 2631.876953125
-50525 2630.39794921875
-50515 2628.282958984375
-50505 2627.406005859375
-50495 2626.115966796875
-50485 2622.31494140625
-50475 2623.931884765625
-50465 2624.6708984375
-50455 2624
-50445 2622.5390625
-50435 2622.40087890625
-50425 2621.093994140625
-50415 2618.531005859375
-50405 2618.06689453125
-50395 2619.08203125
-50385 2620.73291015625
-50375 2622.572998046875
-50365 2625.239013671875
-50355 2627.66796875
-50345 2631.48193359375
-50335 2634.68505859375
-50325 2635.368896484375
-50315 2635.802978515625
-50305 2634.095947265625
-50295 2632.702880859375
-50285 2632.031982421875
-50275 2630.243896484375
-50265 2629.281005859375
-50255 2628.507080078125
-50245 2628.111083984375
-50235 2627.73291015625
-50225 2625.5830078125
-50215 2623.467041015625
-50205 2622.81396484375
-50195 2619.837890625
-50185 2622.02294921875
-50175 2625.908935546875
-50165 2631.572021484375
-50155 2636.41796875
-50145 2664.486083984375
-50135 2709.5849609375
-50125 2729.053955078125
-50115 2730.596923828125
-50105 2729.656005859375
-50095 2730.580078125
-50085 2727.31298828125
-50075 2727.333984375
-50065 2739.85009765625
-50055 2734.294921875
-50045 2735.468994140625
-50035 2760.281982421875
-50025 2776.72412109375
-50015 2783.569091796875
-50005 2786.010009765625
-49995 2787.635009765625
-49985 2789.241943359375
-49975 2792.196044921875
-49965 2792.76904296875
-49955 2794.70703125
-49945 2796.4990234375
-49935 2799.028076171875
-49925 2802.0380859375
-49915 2801.5390625
-49905 2801.00390625
-49895 2807.761962890625
-49885 2817.492919921875
-49875 2823.291015625
-49865 2830.714111328125
-49855 2838.155029296875
-49845 2842.198974609375
-49835 2848.93798828125
-49825 2853.2958984375
-49815 2863.193115234375
-49805 2893.419921875
-49795 2903.375
-49785 2910.798095703125
-49775 2918.60595703125
-49765 2927.7119140625
-49755 2933.952880859375
-49745 2939.23388671875
-49735 2944.44091796875
-49725 2950.47900390625
-49715 2955.797119140625
-49705 2966.85693359375
-49695 2980.632080078125
-49685 2985.89404296875
-49675 2992.39404296875
-49665 2999.742919921875
-49655 2996.91796875
-49645 3001.99609375
-49635 3013.591064453125
-49625 3016.157958984375
-49615 3018.632080078125
-49605 3020.423095703125
-49595 3021.45703125
-49585 3022.76806640625
-49575 3023.931884765625
-49565 3025.0400390625
-49555 3026.01806640625
-49545 3027.4208984375
-49535 3028.363037109375
-49525 3029.416015625
-49515 3030.634033203125
-49505 3031.98193359375
-49495 3033.385009765625
-49485 3034.751953125
-49475 3036.2109375
-49465 3037.742919921875
-49455 3039.367919921875
-49445 3040.93798828125
-49435 3042.69189453125
-49425 3044.2060546875
-49415 3046.1630859375
-49405 3047.824951171875
-49395 3049.5419921875
-49385 3051.221923828125
-49375 3052.9580078125
-49365 3054.785888671875
-49355 3056.70703125
-49345 3058.77490234375
-49335 3061.10107421875
-49325 3064.073974609375
-49315 3066.326904296875
-49305 3071.200927734375
-49295 3075.1708984375
-49285 3080.655029296875
-49275 3089.0009765625
-49265 3096.906982421875
-49255 3104.01611328125
-49245 3111.327880859375
-49235 3117.177978515625
-49225 3093.507080078125
-49215 3077.092041015625
-49205 3061.7099609375
-49195 3051.68408203125
-49185 3044.5380859375
-49175 3040.4580078125
-49165 3036.4140625
-49155 3032.535888671875
-49145 3028.325927734375
-49135 3024.448974609375
-49125 3020.81103515625
-49115 3017.72802734375
-49105 3015.1240234375
-49095 3012.261962890625
-49085 3009.491943359375
-49075 3006.760009765625
-49065 3004.156005859375
-49055 3001.7548828125
-49045 2999.68798828125
-49035 2997.56396484375
-49025 2995.97607421875
-49015 2994.4619140625
-49005 2993.261962890625
-48995 2992.172119140625
-48985 2991.2490234375
-48975 2990.583984375
-48965 2989.992919921875
-48955 2989.60595703125
-48945 2989.4208984375
-48935 2989.4580078125
-48925 2989.90087890625
-48915 2990.75
-48905 2991.489013671875
-48895 2992.35693359375
-48885 2993.501953125
-48875 2994.905029296875
-48865 2995.238037109375
-48855 2996.492919921875
-48845 2998.431884765625
-48835 3002.568115234375
-48825 3001.053955078125
-48815 2999.780029296875
-48805 3000.056884765625
-48795 3000.51806640625
-48785 3001.367919921875
-48775 3001.903076171875
-48765 3002.73388671875
-48755 3003.4169921875
-48745 3004.35888671875
-48735 3004.9130859375
-48725 3005.927978515625
-48715 3006.8330078125
-48705 3007.443115234375
-48695 3008.218017578125
-48685 3008.60595703125
-48675 3009.23388671875
-48665 3009.56591796875
-48655 3009.8798828125
-48645 3010.028076171875
-48635 3010.028076171875
-48625 3010.06494140625
-48615 3009.9169921875
-48605 3009.7509765625
-48595 3009.548095703125
-48585 3009.215087890625
-48575 3008.845947265625
-48565 3008.2919921875
-48555 3007.718994140625
-48545 3007.166015625
-48535 3006.5380859375
-48525 3006.094970703125
-48515 3005.909912109375
-48505 3005.68798828125
-48495 3005.577880859375
-48485 3005.633056640625
-48475 3005.669921875
-48465 3005.70703125
-48455 3005.98388671875
-48445 3006.31591796875
-48435 3006.6669921875
-48425 3007.054931640625
-48415 3007.572021484375
-48405 3008.052001953125
-48395 3008.717041015625
-48385 3009.23388671875
-48375 3010.175048828125
-48365 3011.22802734375
-48355 3012.22509765625
-48345 3013.406982421875
-48335 3014.884033203125
-48325 3016.43505859375
-48315 3018.00390625
-48305 3019.794921875
-48295 3021.60498046875
-48285 3023.35888671875
-48275 3022.472900390625
-48265 3021.844970703125
-48255 3024.135009765625
-48245 3031.593994140625
-48235 3039.866943359375
-48225 3051.5
-48215 3062.985107421875
-48205 3071.93994140625
-48195 3080.69189453125
-48185 3077.44189453125
-48175 3063.427978515625
-48165 3055.02587890625
-48155 3041.2509765625
-48145 3022.2880859375
-48135 3009.823974609375
-48125 3002.882080078125
-48115 2996.824951171875
-48105 2992.39404296875
-48095 2988.294921875
-48085 2984.5830078125
-48075 2980.7060546875
-48065 2977.0869140625
-48055 2973.6708984375
-48045 2970.531005859375
-48035 2967.447998046875
-48025 2964.881103515625
-48015 2962.35205078125
-48005 2960.264892578125
-47995 2958.30810546875
-47985 2956.35107421875
-47975 2954.337890625
-47965 2952.547119140625
-47955 2950.830078125
-47945 2951.013916015625
-47935 2947.4140625
-47925 2946.139892578125
-47915 2945.14306640625
-47905 2944.29296875
-47895 2943.2958984375
-47885 2942.169921875
-47875 2941.02490234375
-47865 2940.010009765625
-47855 2938.993896484375
-47845 2937.77490234375
-47835 2937.037109375
-47825 2936.35400390625
-47815 2935.614990234375
-47805 2935.02392578125
-47795 2935.98388671875
-47785 2935.319091796875
-47775 2933.23291015625
-47765 2932.6240234375
-47755 2933.4169921875
-47745 2935.761962890625
-47735 2933.676025390625
-47725 2931.5859375
-47715 2930.222900390625
-47705 2929.3369140625
-47695 2929.262939453125
-47685 2929.742919921875
-47675 2930.388916015625
-47665 2932.10595703125
-47655 2935.172119140625
-47645 2938.43994140625
-47635 2941.468017578125
-47625 2944.93896484375
-47615 2947.616943359375
-47605 2947.468994140625
-47595 2949.333984375
-47585 2951.9189453125
-47575 2956.35107421875
-47565 2961.594970703125
-47555 2966.74609375
-47545 2972.06396484375
-47535 2977.031005859375
-47525 2980.152099609375
-47515 2982.718017578125
-47505 2984.177978515625
-47495 2987.280029296875
-47485 2993.248046875
-47475 3001.094970703125
-47465 3020.373046875
-47455 3026.51708984375
-47445 3041.425048828125
-47435 3054.22900390625
-47425 3071.697998046875
-47415 3083.89208984375
-47405 3089.155029296875
-47395 3077.06689453125
-47385 3061.60693359375
-47375 3052.126953125
-47365 3043.843994140625
-47355 3034.222900390625
-47345 3023.31005859375
-47335 3006.615966796875
-47325 2999.779052734375
-47315 2993.7529296875
-47305 2987.656005859375
-47295 2981.3349609375
-47285 2975.6259765625
-47275 2971.055908203125
-47265 2967.25
-47255 2963.99609375
-47245 2961.27099609375
-47235 2958.85009765625
-47225 2955.7958984375
-47215 2953.235107421875
