-84985 2722.99609375
-84975 2726.01611328125
-84965 2730.278076171875
-84955 2736.593994140625
-84945 2740.837890625
-84935 2743.7548828125
-84925 2745.739013671875
-84915 2744.5830078125
-84905 2742.737060546875
-84895 2744.323974609375
-84885 2746.375
-84875 2750.070068359375
-84865 2754.866943359375
-84855 2759.541015625
-84845 2761.14794921875
-84835 2761.783935546875
-84825 2763.906005859375
-84815 2766.47998046875
-84805 2768.842041015625
-84795 2771.222900390625
-84785 2787.2880859375
-84775 2793.4140625
-84765 2800.02294921875
-84755 2805.424072265625
-84745 2810.962890625
-84735 2817.534912109375
-84725 2824.506103515625
-84715 2823.091064453125
-84705 2799.93701171875
-84695 2788.25390625
-84685 2794.327880859375
-84675 2784.3369140625
-84665 2773.466064453125
-84655 2764.99609375
-84645 2758.990966796875
-84635 2759.594970703125
-84625 2765.010986328125
-84615 2761.97412109375
-84605 2753.10693359375
-84595 2746.7919921875
-84585 2741.907958984375
-84575 2741.97705078125
-84565 2746.412109375
-84555 2748.569091796875
-84545 2748.946044921875
-84535 2749.98388671875
-84525 2750.6220703125
-84515 2753.535888671875
-84505 2758.697998046875
-84495 2758.715087890625
-84485 2763.2509765625
-84475 2768.531005859375
-84465 2769.721923828125
-84455 2771.10205078125
-84445 2772.465087890625
-84435 2773.22509765625
-84425 2771.947998046875
-84415 2769.68701171875
-84405 2770.60205078125
-84395 2774.639892578125
-84385 2779.677978515625
-84375 2785.321044921875
-84365 2791.51611328125
-84355 2798.33203125
-84345 2805.527099609375
-84335 2813.427978515625
-84325 2821.248046875
-84315 2828.25
-84305 2835.48095703125
-84295 2842.383056640625
-84285 2848.612060546875
-84275 2854.7041015625
-84265 2860.48388671875
-84255 2866.714111328125
-84245 2876.739013671875
-84235 2885.053955078125
-84225 2891.4208984375
-84215 2897.218994140625
-84205 2903.741943359375
-84195 2911.093017578125
-84185 2918.047119140625
-84175 2925.7080078125
-84165 2942.512939453125
-84155 2948.89697265625
-84145 2954.592041015625
-84135 2957.093994140625
-84125 2964.635009765625
-84115 2974.43603515625
-84105 2984.134033203125
-84095 2991.760986328125
-84085 3000.041015625
-84075 3010.570068359375
-84065 3020.489013671875
-84055 3030.2900390625
-84045 3052.412109375
-84035 3056.89599609375
-84025 3061.867919921875
-84015 3067.301025390625
-84005 3068.3359375
-83995 3072.875
-83985 3080.742919921875
-83975 3086.489013671875
-83965 3093.7890625
-83955 3102.572021484375
-83945 3111.4580078125
-83935 3119.759033203125
-83925 3130.764892578125
-83915 3144.01708984375
-83905 3153.490966796875
-83895 3161.0830078125
-83885 3170.60791015625
-83875 3182.446044921875
-83865 3189.052001953125
-83855 3187.48193359375
-83845 3192.6240234375
-83835 3204.25390625
-83825 3211.156982421875
-83815 3216.14404296875
-83805 3219.612060546875
-83795 3221.751953125
-83785 3217.885986328125
-83775 3200.614013671875
-83765 3188.60595703125
-83755 3178.632080078125
-83745 3171.4541015625
-83735 3164.362060546875
-83725 3156.64794921875
-83715 3150.31591796875
-83705 3145.656005859375
-83695 3142.239990234375
-83685 3138.68505859375
-83675 3134.216064453125
-83665 3135.133056640625
-83655 3131.126953125
-83645 3128.02099609375
-83635 3125.5390625
-83625 3125.677001953125
-83615 3123.864990234375
-83605 3121.843994140625
-83595 3116.739013671875
-83585 3114.547119140625
-83575 3114.530029296875
-83565 3114.56201171875
-83555 3114.66796875
-83545 3114.634033203125
-83535 3114.59912109375
-83525 3114.115966796875
-83515 3113.304931640625
-83505 3112.18310546875
-83495 3111.0791015625
-83485 3111.510009765625
-83475 3111.492919921875
-83465 3111.735107421875
-83455 3112.218017578125
-83445 3113.529052734375
-83435 3115.238037109375
-83425 3117.153076171875
-83415 3118.80908203125
-83405 3120.069091796875
-83395 3120.498046875
-83385 3121.260009765625
-83375 3121.967041015625
-83365 3122.89892578125
-83355 3124.451904296875
-83345 3128.866943359375
-83335 3138.56396484375
-83325 3150.677978515625
-83315 3158.18408203125
-83305 3138.99609375
-83295 3126.39892578125
-83285 3127.5029296875
-83275 3128.041015625
-83265 3126.35009765625
-83255 3123.93408203125
-83245 3121.345947265625
-83235 3120.169921875
-83225 3119.533935546875
-83215 3120.27587890625
-83205 3123.18896484375
-83195 3117.498046875
-83185 3105.763916015625
-83175 3093.77099609375
-83165 3092.68408203125
-83155 3092.132080078125
-83145 3092.18408203125
-83135 3091.873046875
-83125 3091.544921875
-83115 3091.56298828125
-83105 3091.337890625
-83095 3091.544921875
-83085 3092.839111328125
-83075 3094.4609375
-83065 3096.39404296875
-83055 3098.136962890625
-83045 3099.70703125
-83035 3101.052978515625
-83025 3102.053955078125
-83015 3102.7958984375
-83005 3103.176025390625
-82995 3101.39794921875
-82985 3096.06591796875
-82975 3095.9970703125
-82965 3088.45703125
-82955 3092.89111328125
-82945 3087.73193359375
-82935 3086.35107421875
-82925 3084.885009765625
-82915 3085.056884765625
-82905 3084.452880859375
-82895 3083.7109375
-82885 3079.5869140625
-82875 3076.532958984375
-82865 3075.152099609375
-82855 3075.549072265625
-82845 3075.860107421875
-82835 3075.721923828125
-82825 3075.117919921875
-82815 3073.822998046875
-82805 3071.700927734375
-82795 3070.94189453125
-82785 3069.388916015625
-82775 3068.68408203125
-82765 3070.302978515625
-82755 3073.89599609375
-82745 3076.48095703125
-82735 3079.5869140625
-82725 3081.123046875
-82715 3081.93408203125
-82705 3082.60693359375
-82695 3083.81494140625
-82685 3083.33203125
-82675 3083.884033203125
-82665 3085.195068359375
-82655 3087.593994140625
-82645 3090.821044921875
-82635 3092.632080078125
-82625 3095.342041015625
-82615 3097.654052734375
-82605 3100.156005859375
-82595 3103.64208984375
-82585 3107.214111328125
-82575 3109.26708984375
-82565 3103.383056640625
-82555 3113.426025390625
-82545 3114.16796875
-82535 3114.133056640625
-82525 3113.68505859375
-82515 3113.029052734375
-82505 3112.43994140625
-82495 3111.593017578125
-82485 3110.81396484375
-82475 3110.238037109375
-82465 3109.949951171875
-82455 3109.98388671875
-82445 3110.153076171875
-82435 3110.4580078125
-82425 3110.931884765625
-82415 3111.9150390625
-82405 3113.507080078125
-82395 3115.52294921875
-82385 3117.912109375
-82375 3120.1650390625
-82365 3122.264892578125
-82355 3123.926025390625
-82345 3124.721923828125
-82335 3125.31396484375
-82325 3126.31396484375
-82315 3126.3310546875
-82305 3126.177978515625
-82295 3125.822998046875
-82285 3125.298095703125
-82275 3124.925048828125
-82265 3125.347900390625
-82255 3126.653076171875
-82245 3128.48193359375
-82235 3130.549072265625
-82225 3132.58203125
-82215 3134.4619140625
-82205 3135.987060546875
-82195 3137.173095703125
-82185 3138.2060546875
-82175 3139.137939453125
-82165 3140.10400390625
-82155 3141.136962890625
-82145 3142.153076171875
-82135 3143.304931640625
-82125 3144.7451171875
-82115 3146.472900390625
-82105 3148.26904296875
-82095 3150.572998046875
-82085 3152.9951171875
-82075 3155.4169921875
-82065 3157.907958984375
-82055 3160.195068359375
-82045 3162.48193359375
-82035 3164.955078125
-82025 3167.241943359375
-82015 3169.444091796875
-82005 3171.8330078125
-81995 3174.47509765625
-81985 3177.237060546875
-81975 3179.794921875
-81965 3182.69091796875
-81955 3185.8759765625
-81945 3188.77294921875
-81935 3191.347900390625
-81925 3194.345947265625
-81915 3197.02294921875
-81905 3199.072998046875
-81895 3201.427001953125
-81885 3203.528076171875
-81875 3205.39208984375
-81865 3204.968017578125
-81855 3202.342041015625
-81845 3222.39990234375
-81835 3239.847900390625
-81825 3240.74609375
-81815 3238.256103515625
-81805 3234.715087890625
-81795 3232.73291015625
-81785 3223.14501953125
-81775 3226.48193359375
-81765 3230.59912109375
-81755 3235.291015625
-81745 3240.2890625
-81735 3245.14990234375
-81725 3249.80908203125
-81715 3254.534912109375
-81705 3259.330078125
-81695 3263.885986328125
-81685 3268.544921875
-81675 3272.882080078125
-81665 3277.285888671875
-81655 3282.909912109375
-81645 3291.14404296875
-81635 3295.19189453125
-81625 3300.93505859375
-81615 3308.7451171875
-81605 3318.501953125
-81595 3329.56396484375
-81585 3339.9150390625
-81575 3350.875
-81565 3344.218017578125
-81555 3325.05810546875
-81545 3307.10107421875
-81535 3284.89306640625
-81525 3259.465087890625
-81515 3231.412109375
-81505 3206.696044921875
-81495 3177.5419921875
-81485 3158.04296875
-81475 3150.590087890625
-81465 3149.946044921875
-81455 3150.43701171875
-81445 3159.347900390625
-81435 3151.5380859375
-81425 3137.90087890625
-81415 3123.739013671875
-81405 3114.87890625
-81395 3098.802978515625
-81385 3072.239990234375
-81375 3056.993896484375
-81365 3049.507080078125
-81355 3031.787109375
-81345 3025.705078125
-81335 3018.013916015625
-81325 3011.340087890625
-81315 3005.4619140625
-81305 2999.736083984375
-81295 2994.112060546875
-81285 2988.843017578125
-81275 2984.235107421875
-81265 2979.74609375
-81255 2975.64697265625
-81245 2971.64892578125
-81235 2967.802978515625
-81225 2963.873046875
-81215 2960.197021484375
-81205 2956.68994140625
-81195 2953.3359375
-81185 2949.9990234375
-81175 2946.967041015625
-81165 2944.052978515625
-81155 2941.5458984375
-81145 2939.02197265625
-81135 2936.6669921875
-81125 2934.294921875
-81115 2931.85595703125
-81105 2929.60302734375
-81095 2927.095947265625
-81085 2924.487060546875
-81075 2921.9970703125
-81065 2919.35400390625
-81055 2916.9150390625
-81045 2909.071044921875
-81035 2907.325927734375
-81025 2902.39697265625
-81015 2901.5830078125
-81005 2893.8759765625
-80995 2888.555908203125
-80985 2881.44091796875
-80975 2875.5458984375
-80965 2870.176025390625
-80955 2865.7041015625
-80945 2862.823974609375
-80935 2855.72607421875
-80925 2856.555908203125
-80915 2851.575927734375
-80905 2845.697021484375
-80895 2841.988037109375
-80885 2838.158935546875
-80875 2834.177978515625
-80865 2830.77294921875
-80855 2827.367919921875
-80845 2823.912109375
-80835 2821.049072265625
-80825 2817.695068359375
-80815 2814.27294921875
-80805 2809.969970703125
-80795 2805.802978515625
-80785 2799.06103515625
-80775 2792.945068359375
-80765 2787.81201171875
-80755 2783.10302734375
-80745 2778.867919921875
-80735 2775.7509765625
-80725 2772.820068359375
-80715 2769.8720703125
-80705 2767.196044921875
-80695 2764.501953125
-80685 2761.7919921875
-80675 2759.368896484375
-80665 2756.7939453125
-80655 2754.3720703125
-80645 2749.9169921875
-80635 2748.12109375
-80625 2749.426025390625
-80615 2745.614013671875
-80605 2739.65087890625
-80595 2735.7041015625
-80585 2732.214111328125
-80575 2726.199951171875
-80565 2722.2529296875
-80555 2714.173095703125
-80545 2708.2939453125
-80535 2705.008056640625
-80525 2698.31591796875
-80515 2694.132080078125
-80505 2684.594970703125
-80495 2672.837890625
-80485 2664.402099609375
-80475 2645.14111328125
-80465 2636.97607421875
-80455 2629.488037109375
-80445 2623.06689453125
-80435 2617.10400390625
-80425 2611.8359375
-80415 2607.177001953125
-80405 2602.925048828125
-80395 2599.402099609375
-80385 2596.166015625
-80375 2592.778076171875
-80365 2589.424072265625
-80355 2586.47607421875
-80345 2583.715087890625
-80335 2581.427978515625
-80325 2579.885986328125
-80315 2579.1240234375
-80305 2579.006103515625
-80295 2579.614990234375
-80285 2581.10595703125
-80275 2582.427001953125
-80265 2583.324951171875
-80255 2583.342041015625
-80245 2583.93505859375
-80235 2584.715087890625
-80225 2584.39306640625
-80215 2583.680908203125
-80205 2583.037109375
-80195 2582.10595703125
-80185 2581.0390625
-80175 2580.259033203125
-80165 2579.93701171875
-80155 2579.327880859375
-80145 2580.326904296875
-80135 2582.22412109375
-80125 2585.73095703125
-80115 2593.625
-80105 2600.943115234375
-80095 2607.093017578125
-80085 2612.784912109375
-80075 2618.781005859375
-80065 2625.52392578125
-80055 2633.113037109375
-80045 2638.737060546875
-80035 2645.0048828125
-80025 2651.1708984375
-80015 2655.490966796875
-80005 2660.341064453125
-79995 2669.10498046875
-79985 2675.572021484375
-79975 2679.5419921875
-79965 2683.012939453125
-79955 2687.0830078125
-79945 2689.135009765625
-79935 2690.926025390625
-79925 2691.70703125
-79915 2691.64208984375
-79905 2691.7890625
-79895 2692.160888671875
-79885 2694.655029296875
-79875 2696.006103515625
-79865 2695.22412109375
-79855 2696.347900390625
-79845 2691.3330078125
-79835 2686.318115234375
-79825 2687.587890625
-79815 2685.3740234375
-79805 2678.405029296875
-79795 2672.10107421875
-79785 2666.551025390625
-79775 2664.8740234375
-79765 2661.797119140625
-79755 2658.553955078125
-79745 2655.756103515625
-79735 2652.5458984375
-79725 2651.698974609375
-79715 2646.99609375
-79705 2643.31396484375
-79695 2638.10400390625
-79685 2636.9150390625
-79675 2632.94189453125
-79665 2625.110107421875
-79655 2619.674072265625
-79645 2612.572998046875
-79635 2603.455078125
-79625 2592.952880859375
-79615 2584.827880859375
-79605 2578.364013671875
-79595 2573.64208984375
-79585 2573.756103515625
-79575 2573.4140625
-79565 2575.285888671875
-79555 2575.319091796875
-79545 2576.99609375
-79535 2575.64501953125
-79525 2569.033935546875
-79515 2565.385986328125
-79505 2554.787109375
-79495 2548.486083984375
-79485 2541.989013671875
-79475 2531.194091796875
-79465 2518.966064453125
-79455 2506.217041015625
-79445 2495.0791015625
-79435 2490.27587890625
-79425 2484.610107421875
-79415 2476.35498046875
-79405 2469.41796875
-79395 2448.70703125
-79385 2429.721923828125
-79375 2394.30810546875
-79365 2382.631103515625
-79355 2375.303955078125
-79345 2368.384033203125
-79335 2361.544921875
-79325 2354.510986328125
-79315 2346.550048828125
-79305 2338.653076171875
-79295 2332.05810546875
-79285 2324.112060546875
-79275 2317.43701171875
-79265 2310.597900390625
-79255 2304.263916015625
-79245 2298.64697265625
-79235 2293.485107421875
-79225 2288.990966796875
-79215 2284.431884765625
-79205 2282.201904296875
-79195 2280.443115234375
-79185 2279.694091796875
-79175 2278.81494140625
-79165 2278.31005859375
-79155 2277.462890625
-79145 2276.340087890625
-79135 2276.81201171875
-79125 2276.89404296875
-79115 2276.876953125
-79105 2276.780029296875
-79095 2275.591064453125
-79085 2276.487060546875
-79075 2277.008056640625
-79065 2276.909912109375
-79055 2277.10498046875
-79045 2276.583984375
-79035 2276.43798828125
-79025 2276.51904296875
-79015 2276.633056640625
-79005 2277.382080078125
-78995 2278.73291015625
-78985 2279.80810546875
-78975 2281.64794921875
-78965 2283.031982421875
-78955 2285.14892578125
-78945 2287.60693359375
-78935 2290.01708984375
-78925 2291.955078125
-78915 2292.655029296875
-78905 2296.2041015625
-78895 2301.072998046875
-78885 2305.27392578125
-78875 2308.56298828125
-78865 2312.35595703125
-78855 2317.14404296875
-78845 2321.800048828125
-78835 2326.06591796875
-78825 2327.27099609375
-78815 2326.3759765625
-78805 2322.48388671875
-78795 2319.114013671875
-78785 2317.59912109375
-78775 2319.845947265625
-78765 2316.248046875
-78755 2304.198974609375
-78745 2297.7509765625
-78735 2293.632080078125
-78725 2292.833984375
-78715 2292.443115234375
-78705 2292.117919921875
-78695 2291.955078125
-78685 2292.865966796875
-78675 2294.39697265625
-78665 2297.572021484375
-78655 2297.800048828125
-78645 2300.583984375
-78635 2304.655029296875
-78625 2307.716064453125
-78615 2307.781005859375
-78605 2311.720947265625
-78595 2316.00390625
-78585 2320.366943359375
-78575 2325.39892578125
-78565 2331.89501953125
-78555 2338.2451171875
-78545 2346.19091796875
-78535 2358.679931640625
-78525 2365.488037109375
-78515 2369.510009765625
-78505 2374.946044921875
-78495 2382.27294921875
-78485 2389.534912109375
-78475 2396.68505859375
-78465 2404.384033203125
-78455 2410.0830078125
-78445 2415.781982421875
-78435 2424.12109375
-78425 2431.10595703125
-78415 2433.80908203125
-78405 2434.363037109375
-78395 2433.85791015625
-78385 2433.56494140625
-78375 2435.258056640625
-78365 2439.700927734375
-78355 2444.22900390625
-78345 2448.576904296875
-78335 2450.7099609375
-78325 2452.27294921875
-78315 2452.14306640625
-78305 2456.22998046875
-78295 2461.424072265625
-78285 2466.5849609375
-78275 2470.118896484375
-78265 2472.544921875
-78255 2476.27294921875
-78245 2481.18994140625
-78235 2485.993896484375
-78225 2491.172119140625
-78215 2496.511962890625
-78205 2501.722900390625
-78195 2505.842041015625
-78185 2508.985107421875
-78175 2513.006103515625
-78165 2517.777099609375
-78155 2522.287109375
-78145 2528.06689453125
-78135 2535.509033203125
-78125 2542.23291015625
-78115 2549.136962890625
-78105 2556.919921875
-78095 2563.123046875
-78085 2570.156982421875
-78075 2577.614990234375
-78065 2583.427001953125
-78055 2590.93408203125
-78045 2599.56298828125
-78035 2606.10888671875
-78025 2606.5810546875
-78015 2610.01708984375
-78005 2613.011962890625
-77995 2615.97802734375
-77985 2639.2919921875
-77975 2645.34912109375
-77965 2645.72607421875
-77955 2647.1240234375
-77945 2649.2919921875
-77935 2654.51611328125
-77925 2654.306884765625
-77915 2653.623046875
-77905 2652.2880859375
-77895 2652.824951171875
-77885 2656.22802734375
-77875 2661.14306640625
-77865 2663.096923828125
-77855 2666.534912109375
-77845 2672.263916015625
-77835 2672.263916015625
-77825 2673.761962890625
-77815 2674.090087890625
-77805 2673.096923828125
-77795 2676.678955078125
-77785 2681.447021484375
-77775 2687.408935546875
-77765 2692.993896484375
-77755 2698.758056640625
-77745 2696.47802734375
-77735 2696.527099609375
-77725 2700.906982421875
-77715 2706.22900390625
-77705 2707.337890625
-77695 2706.556884765625
-77685 2707.533935546875
-77675 2708.510986328125
-77665 2709.30908203125
-77655 2710.72509765625
-77645 2714.4208984375
-77635 2714.89404296875
-77625 2716.945068359375
-77615 2717.2060546875
-77605 2718.134033203125
-77595 2717.888916015625
-77585 2717.873046875
-77575 2716.89599609375
-77565 2715.251953125
-77555 2716.114990234375
-77545 2717.1240234375
-77535 2716.2451171875
-77525 2715.235107421875
-77515 2716.2451171875
-77505 2714.9541015625
-77495 2715.154052734375
-77485 2715.492919921875
-77475 2716.696044921875
-77465 2718.662109375
-77455 2719.389892578125
-77445 2722.64306640625
-77435 2724.337890625
-77425 2727.60791015625
-77415 2730.3359375
-77405 2731.25
-77395 2734.14794921875
-77385 2737.095947265625
-77375 2742.6201171875
-77365 2748.550048828125
-77355 2754.157958984375
-77345 2778.18408203125
-77335 2822.10205078125
-77325 2833.861083984375
-77315 2835.43701171875
-77305 2829.0009765625
-77295 2777.52294921875
-77285 2764.93505859375
-77275 2758.0048828125
-77265 2752.260986328125
-77255 2747.56689453125
-77245 2743.162109375
-77235 2740.552978515625
-77225 2738.366943359375
-77215 2737.384033203125
-77205 2739.3330078125
-77195 2746.364013671875
-77185 2745.2119140625
-77175 2744.076904296875
-77165 2743.39892578125
-77155 2740.5390625
-77145 2737.77392578125
-77135 2736.6220703125
-77125 2732.047119140625
-77115 2731.25
-77105 2729.962890625
-77095 2729.23388671875
-77085 2731.590087890625
-77075 2728.09912109375
-77065 2726.06591796875
-77055 2724.134033203125
-77045 2719.238037109375
-77035 2715.221923828125
-77025 2711.968994140625
-77015 2709.73193359375
-77005 2707.614013671875
-76995 2702.2939453125
-76985 2698.14306640625
-76975 2696.95703125
-76965 2693.364990234375
-76955 2690.196044921875
-76945 2683.571044921875
-76935 2679.69091796875
-76925 2672.845947265625
-76915 2669.01708984375
-76905 2666.6279296875
-76895 2664.662109375
-76885 2660.884033203125
-76875 2658.342041015625
-76865 2654.666015625
-76855 2649.76904296875
-76845 2644.4150390625
-76835 2639.68798828125
-76825 2631.825927734375
-76815 2627.097900390625
-76805 2622.743896484375
-76795 2623.556884765625
-76785 2621.134033203125
-76775 2618.423095703125
-76765 2616.762939453125
-76755 2611.1708984375
-76745 2610.001953125
-76735 2607.35888671875
-76725 2603.427978515625
-76715 2598.93798828125
-76705 2591.635009765625
-76695 2586.569091796875
-76685 2581.1640625
-76675 2577.945068359375
-76665 2573.742919921875
-76655 2570.35400390625
-76645 2562.27197265625
-76635 2556.81591796875
-76625 2550.9541015625
-76615 2546.464111328125
-76605 2547.31103515625
-76595 2547.971923828125
-76585 2548.1240234375
-76575 2546.464111328125
-76565 2543.972900390625
-76555 2541.177001953125
-76545 2538.873046875
-76535 2536.7890625
-76525 2533.721923828125
-76515 2530.7060546875
-76505 2530.993896484375
-76495 2530.300048828125
-76485 2527.77490234375
-76475 2524.8779296875
-76465 2523.79296875
-76455 2522.827880859375
-76445 2518.134033203125
-76435 2515.339111328125
-76425 2511.696044921875
-76415 2507.239990234375
-76405 2502.9189453125
-76395 2499.512939453125
-76385 2495.633056640625
-76375 2491.68505859375
-76365 2488.280029296875
-76355 2485.77197265625
-76345 2482.926025390625
-76335 2478.842041015625
-76325 2472.81005859375
-76315 2469.133056640625
-76305 2464.321044921875
-76295 2459.491943359375
-76285 2457.5439453125
-76275 2454.968994140625
-76265 2450.325927734375
-76255 2443.02294921875
-76245 2433.569091796875
-76235 2421.26806640625
-76225 2412.846923828125
-76215 2401.8330078125
-76205 2388.550048828125
-76195 2377.89208984375
-76185 2364.283935546875
-76175 2343.428955078125
-76165 2318.60400390625
-76155 2310.89697265625
-76145 2305.305908203125
-76135 2300.9150390625
-76125 2294.47900390625
-76115 2287.785888671875
-76105 2282.784912109375
-76095 2279.06005859375
-76085 2274.31591796875
-76075 2269.114990234375
-76065 2264.031005859375
-76055 2260.843017578125
-76045 2256.9970703125
-76035 2252.6279296875
-76025 2250.135009765625
-76015 2245.238037109375
-76005 2241.9169921875
-75995 2239.781982421875
-75985 2238.548095703125
-75975 2236.867919921875
-75965 2233.783935546875
-75955 2232.465087890625
-75945 2229.073974609375
-75935 2228.280029296875
-75925 2223.330078125
-75915 2222.85498046875
-75905 2223.346923828125
-75895 2218.552001953125
-75885 2215.179931640625
-75875 2212.97998046875
-75865 2204.386962890625
-75855 2193.0859375
-75845 2188.222900390625
-75835 2184.93603515625
-75825 2183.5458984375
-75815 2183.410888671875
-75805 2184.952880859375
-75795 2184.2919921875
-75785 2183.089111328125
-75775 2182.987060546875
-75765 2183.123046875
-75755 2183.02099609375
-75745 2182.530029296875
-75735 2180.784912109375
-75725 2180.446044921875
-75715 2180.8349609375
-75705 2181.783935546875
-75695 2181.85205078125
-75685 2180.1240234375
-75675 2179.343994140625
-75665 2179.513916015625
-75655 2171.177978515625
-75645 2176.48095703125
-75635 2179.242919921875
-75625 2180.5
-75615 2181.597900390625
-75605 2182.75
-75595 2185.867919921875
-75585 2184.833984375
-75575 2184.9189453125
-75565 2185.885009765625
-75555 2187.409912109375
-75545 2187.6298828125
-75535 2189.865966796875
-75525 2192.052001953125
-75515 2191.93603515625
-75505 2191.136962890625
-75495 2191.322998046875
-75485 2191.205078125
-75475 2191.969970703125
-75465 2192.967041015625
-75455 2193.8310546875
-75445 2195.9150390625
-75435 2199.7109375
-75425 2204.18408203125
-75415 2204.013916015625
-75405 2205.742919921875
-75395 2211.944091796875
-75385 2215.450927734375
-75375 2219.300048828125
-75365 2223.552978515625
-75355 2230.1240234375
-75345 2233.547119140625
-75335 2238.30810546875
-75325 2242.341064453125
-75315 2248.52490234375
-75305 2253.593994140625
-75295 2257.013916015625
-75285 2260.541015625
-75275 2267.89501953125
-75265 2272.568115234375
-75255 2277.66796875
-75245 2281.428955078125
-75235 2285.22509765625
-75225 2289.20703125
-75215 2293.341064453125
-75205 2298.613037109375
-75195 2302.3720703125
-75185 2306.47509765625
-75175 2311.368896484375
-75165 2314.1669921875
-75155 2318.403076171875
-75145 2322.77197265625
-75135 2322.72412109375
-75125 2321.31494140625
-75115 2319.552001953125
-75105 2316.404052734375
-75095 2313.134033203125
-75085 2312.676025390625
-75075 2309.572998046875
-75065 2305.81396484375
-75055 2305.916015625
-75045 2306.10205078125
-75035 2306.864990234375
-75025 2307.98291015625
-75015 2308.575927734375
-75005 2309.344970703125
-74995 2311.18603515625
-74985 2314.513916015625
-74975 2316.98095703125
-74965 2320.22607421875
-74955 2322.64306640625
-74945 2324.8779296875
-74935 2327.4609375
-74925 2330.556884765625
-74915 2334.33203125
-74905 2337.013916015625
-74895 2340.324951171875
-74885 2344.8779296875
-74875 2348.950927734375
-74865 2353.322021484375
-74855 2356.6669921875
-74845 2360.955078125
-74835 2364.761962890625
-74825 2368.751953125
-74815 2375.39208984375
-74805 2382.1298828125
-74795 2386.616943359375
-74785 2392.990966796875
-74775 2395.905029296875
-74765 2398.2060546875
-74755 2400.2919921875
-74745 2405.490966796875
-74735 2408.4541015625
-74725 2410.22607421875
-74715 2413.702880859375
-74705 2418.405029296875
-74695 2424.10009765625
-74685 2430.60693359375
-74675 2435.85498046875
-74665 2440.47412109375
-74655 2442.510009765625
-74645 2444.547119140625
-74635 2448.007080078125
-74625 2449.712890625
-74615 2450.35791015625
-74605 2451.964111328125
-74595 2454.39794921875
-74585 2459.264892578125
-74575 2463.387939453125
-74565 2466.881103515625
-74555 2470.208984375
-74545 2473.60302734375
-74535 2476.716064453125
-74525 2481.135986328125
-74515 2485.2919921875
-74505 2489.97705078125
-74495 2493.8349609375
-74485 2499.166015625
-74475 2503.35498046875
-74465 2506.83203125
-74455 2509.89501953125
-74445 2514.281982421875
-74435 2518.2548828125
-74425 2522.344970703125
-74415 2525.407958984375
-74405 2529.166015625
-74395 2532.444091796875
-74385 2535.324951171875
-74375 2539.31494140625
-74365 2542.47705078125
-74355 2546.385009765625
-74345 2549.794921875
-74335 2553.2880859375
-74325 2557.327880859375
-74315 2561.302001953125
-74305 2565.208984375
-74295 2568.072998046875
-74285 2571.48388671875
-74275 2574.794921875
-74265 2578.4541015625
-74255 2582.593017578125
-74245 2586.052978515625
-74235 2589.7119140625
-74225 2593.93408203125
-74215 2597.095947265625
-74205 2600.39111328125
-74195 2604.381103515625
-74185 2608.552978515625
-74175 2614.032958984375
-74165 2618.68603515625
-74155 2623.35400390625
-74145 2626.8310546875
-74135 2631.302001953125
-74125 2634.530029296875
-74115 2638.9169921875
-74105 2642.162109375
-74095 2645.43994140625
-74085 2649
-74075 2652.492919921875
-74065 2656.251953125
-74055 2661.0859375
-74045 2663.18896484375
-74035 2664.64599609375
-74025 2666.218994140625
-74015 2669.512939453125
-74005 2672.823974609375
-73995 2675.075927734375
-73985 2675.721923828125
-73975 2678.6689453125
-73965 2683.072998046875
-73955 2684.39697265625
-73945 2688.35400390625
-73935 2690.30810546875
-73925 2693.751953125
-73915 2695.804931640625
-73905 2699.464111328125
-73895 2702.343994140625
-73885 2704.72900390625
-73875 2707.492919921875
-73865 2709.97705078125
-73855 2712.77490234375
-73845 2715.60595703125
-73835 2717.113037109375
-73825 2719.613037109375
-73815 2723.18896484375
-73805 2725.87109375
-73795 2728.635986328125
-73785 2730.22509765625
-73775 2732.89111328125
-73765 2735.1259765625
-73755 2737.47705078125
-73745 2740.904052734375
-73735 2746.715087890625
-73725 2750.22509765625
-73715 2751.715087890625
-73705 2752.77099609375
-73695 2756.6650390625
-73685 2761.73193359375
-73675 2765.7548828125
-73665 2766.6650390625
-73655 2767.758056640625
-73645 2769.4970703125
-73635 2771.26806640625
-73625 2773.0400390625
-73615 2776.798095703125
-73605 2781.333984375
-73595 2786.64599609375
-73585 2792.343994140625
-73575 2798.652099609375
-73565 2805.45703125
-73555 2818.60205078125
-73545 2827.195068359375
-73535 2840.803955078125
-73525 2851.052001953125
-73515 2866.7451171875
-73505 2879.012939453125
-73495 2890.489990234375
-73485 2905.652099609375
-73475 2915.7880859375
-73465 2923.632080078125
-73455 2929.14501953125
-73445 2933.76806640625
-73435 2943.23388671875
-73425 2957.6708984375
-73415 2969.22802734375
-73405 2980.833984375
-73395 2989.277099609375
-73385 2998.16796875
-73375 3009.0458984375
-73365 3040.155029296875
-73355 3046.049072265625
-73345 3054.243896484375
-73335 3057.074951171875
-73325 3060.072021484375
-73315 3056.49609375
-73305 3049.3759765625
-73295 3046.031982421875
-73285 3043.56494140625
-73275 3039.22802734375
-73265 3031.594970703125
-73255 3008.200927734375
-73245 2997.389892578125
-73235 2991.01611328125
-73225 2982.5390625
-73215 2973.18505859375
-73205 2969.69091796875
-73195 2966.4130859375
-73185 2961.215087890625
-73175 2957.8369140625
-73165 2950.35400390625
-73155 2941.512939453125
-73145 2933.97900390625
-73135 2926.49609375
-73125 2916.97900390625
-73115 2902.806884765625
-73105 2881.512939453125
-73095 2873.200927734375
-73085 2868.552001953125
-73075 2865.7548828125
-73065 2862.625
-73055 2858.97998046875
-73045 2853.452880859375
-73035 2848.93310546875
-73025 2843.569091796875
-73015 2837.989990234375
-73005 2831.333984375
-72995 2826.197998046875
-72985 2820.705078125
-72975 2813.569091796875
-72965 2807.803955078125
-72955 2802.841064453125
-72945 2798.60205078125
-72935 2793.205078125
-72925 2788.718017578125
-72915 2785.35693359375
-72905 2781.35107421875
-72895 2777.14599609375
-72885 2772.195068359375
-72875 2767.906982421875
-72865 2763.055908203125
-72855 2758.18798828125
-72845 2753.718017578125
-72835 2749.115966796875
-72825 2746.0859375
-72815 2743.884033203125
-72805 2741.947021484375
-72795 2739.56298828125
-72785 2737.72509765625
-72775 2739.530029296875
-72765 2731.4169921875
-72755 2732.195068359375
-72745 2729.7451171875
-72735 2728.055908203125
-72725 2725.22509765625
-72715 2723.337890625
-72705 2721.962890625
-72695 2721.1689453125
-72685 2719.197998046875
-72675 2714.7451171875
-72665 2708.98291015625
-72655 2703.2880859375
-72645 2700.5400390625
-72635 2698.35400390625
-72625 2698.833984375
-72615 2697.22900390625
-72605 2694.347900390625
-72595 2691.284912109375
-72585 2689.4140625
-72575 2686.89697265625
-72565 2683.60302734375
-72555 2683.535888671875
-72545 2683.93408203125
-72535 2685.987060546875
-72525 2686.81396484375
-72515 2688.205078125
-72505 2689.72900390625
-72495 2690.631103515625
-72485 2691.1669921875
-72475 2691.842041015625
-72465 2693.173095703125
-72455 2700.631103515625
-72445 2701.7109375
-72435 2708.0859375
-72425 2714.968017578125
-72415 2717.2119140625
-72405 2716.794921875
-72395 2716.863037109375
-72385 2715.39306640625
-72375 2714.301025390625
-72365 2712.4150390625
-72355 2709.488037109375
-72345 2706.81494140625
-72335 2704.444091796875
-72325 2703.39111328125
-72315 2701.43310546875
-72305 2698.705078125
-72295 2696.698974609375
-72285 2693.827880859375
-72275 2691.6240234375
-72265 2689.551025390625
-72255 2686.1630859375
-72245 2683.044921875
-72235 2678.97509765625
-72225 2675.431884765625
-72215 2670.824951171875
-72205 2666.26611328125
-72195 2663.60498046875
-72185 2661.361083984375
-72175 2660.677978515625
-72165 2660.387939453125
-72155 2661.419921875
-72145 2664.72900390625
-72135 2663.287109375
-72125 2663.009033203125
-72115 2663.06103515625
-72105 2663.616943359375
-72095 2663.0009765625
-72085 2662.98095703125
-72075 2662.889892578125
-72065 2662.889892578125
-72055 2662.989013671875
-72045 2663.10107421875
-72035 2663.0009765625
-72025 2662.98095703125
-72015 2663.009033203125
-72005 2663.009033203125
-71995 2663.0009765625
-71985 2663.06103515625
-71975 2663.10107421875
-71965 2663.041015625
-71955 2663.069091796875
-71945 2663.089111328125
-71935 2663.10107421875
-71925 2663.06103515625
-71915 2663.10107421875
-71905 2663.1279296875
-71895 2663.1201171875
-71885 2663.179931640625
-71875 2663.756103515625
-71865 2665.76904296875
-71855 2669.14501953125
-71845 2674.090087890625
-71835 2680.35693359375
-71825 2686.123046875
-71815 2692.489990234375
-71805 2699.220947265625
-71795 2705.822021484375
-71785 2712.427001953125
-71775 2721.10400390625
-71765 2732.193115234375
-71755 2747.634033203125
-71745 2756.179931640625
-71735 2765.782958984375
-71725 2774.97802734375
-71715 2785.282958984375
-71705 2792.034912109375
-71695 2797.574951171875
-71685 2800.712890625
-71675 2801.4560546875
-71665 2804.4580078125
-71655 2805.884033203125
-71645 2808.575927734375
-71635 2810.06591796875
-71625 2809.41796875
-71615 2809.589111328125
-71605 2808.3779296875
-71595 2809.966064453125
-71585 2812.925048828125
-71575 2813.587890625
-71565 2813.791015625
-71555 2812.614990234375
-71545 2808.862060546875
-71535 2798.239013671875
-71525 2796.384033203125
-71515 2795.052978515625
-71505 2796.450927734375
-71495 2793.781982421875
-71485 2788.528076171875
-71475 2784.926025390625
-71465 2781.9560546875
-71455 2779.14794921875
-71445 2776.717041015625
-71435 2775.572998046875
-71425 2775.513916015625
-71415 2775.262939453125
-71405 2774.77099609375
-71395 2774.985107421875
-71385 2775.243896484375
-71375 2775.48193359375
-71365 2775.493896484375
-71355 2775.513916015625
-71345 2775.363037109375
-71335 2776.05810546875
-71325 2777.26904296875
-71315 2776.764892578125
-71305 2774.799072265625
-71295 2773.93701171875
-71285 2773.031005859375
-71275 2773.02001953125
-71265 2773.258056640625
-71255 2774.15087890625
-71245 2774.8779296875
-71235 2776.14892578125
-71225 2776.85205078125
-71215 2777.876953125
-71205 2778.9970703125
-71195 2780.68505859375
-71185 2782.35302734375
-71175 2784.549072265625
-71165 2786.79296875
-71155 2788.965087890625
-71145 2791.784912109375
-71135 2794.89501953125
-71125 2796.887939453125
-71115 2799.302978515625
-71105 2803.075927734375
-71095 2805.89599609375
-71085 2808.68408203125
-71075 2810.85205078125
-71065 2812.972900390625
-71055 2814.10498046875
-71045 2816.34912109375
-71035 2819.803955078125
-71025 2823.529052734375
-71015 2827.568115234375
-71005 2831.373046875
-70995 2834.458984375
-70985 2838.242919921875
-70975 2842.01611328125
-70965 2844.340087890625
-70955 2847.8349609375
-70945 2851.281982421875
-70935 2855.0830078125
-70925 2859.14208984375
-70915 2863.886962890625
-70905 2867.89111328125
-70895 2871.485107421875
-70885 2874.35205078125
-70875 2876.7470703125
-70865 2878.614013671875
-70855 2881.22705078125
-70845 2884.97607421875
-70835 2889.424072265625
-70825 2893.705078125
-70815 2900.5048828125
-70805 2906.01708984375
-70795 2914.75390625
-70785 2923.591064453125
-70775 2932.79296875
-70765 2940.23095703125
-70755 2948.322021484375
-70745 2958.580078125
-70735 2971.277099609375
-70725 2972.70703125
-70715 2971.6259765625
-70705 2971.387939453125
-70695 2970.27587890625
-70685 2967.9599609375
-70675 2963.511962890625
-70665 2959.43408203125
-70655 2955.906982421875
-70645 2952.194091796875
-70635 2948.59912109375
-70625 2947.18896484375
-70615 2947.051025390625
-70605 2947.010986328125
-70595 2947.804931640625
-70585 2948.9970703125
-70575 2950.26806640625
-70565 2951.8359375
-70555 2953.445068359375
-70545 2955.469970703125
-70535 2957.488037109375
-70525 2959.73095703125
-70515 2962.034912109375
-70505 2964.4580078125
-70495 2966.867919921875
-70485 2969.27099609375
-70475 2971.764892578125
-70465 2974.506103515625
-70455 2977.126953125
-70445 2979.966064453125
-70435 2982.655029296875
-70425 2985.693115234375
-70415 2988.81494140625
-70405 2991.873046875
-70395 2995.404052734375
-70385 2999.216064453125
-70375 3002.9609375
-70365 3007.946044921875
-70355 3014.2080078125
-70345 3020.047119140625
-70335 3024.010009765625
-70325 3028.530029296875
-70315 3034.77294921875
-70305 3039.347900390625
-70295 3047.176025390625
-70285 3053.053955078125
-70275 3059.48388671875
-70265 3066.1279296875
-70255 3071.986083984375
-70245 3079.302001953125
-70235 3084.118896484375
-70225 3090.43408203125
-70215 3096.660888671875
-70205 3096.636962890625
-70195 3096.219970703125
-70185 3088.0029296875
-70175 3078.070068359375
-70165 3072.263916015625
-70155 3067.530029296875
-70145 3064.43994140625
-70135 3060.011962890625
-70125 3053.427001953125
-70115 3047.27099609375
-70105 3040.988037109375
-70095 3034.117919921875
-70085 3027.81494140625
-70075 3018.409912109375
-70065 3014.200927734375
-70055 3009.77197265625
-70045 3006.39697265625
-70035 3003.635986328125
-70025 3000.387939453125
-70015 2996.925048828125
-70005 2990.85302734375
-69995 2985.632080078125
-69985 2973.903076171875
-69975 2969.196044921875
-69965 2964.37890625
-69955 2957.408935546875
-69945 2951.662109375
-69935 2948.5869140625
-69925 2943.612060546875
-69915 2938.909912109375
-69905 2937.193115234375
-69895 2935.702880859375
-69885 2932.666015625
-69875 2923.867919921875
-69865 2910.842041015625
-69855 2902.279052734375
-69845 2895.02001953125
-69835 2889.611083984375
-69825 2880.68994140625
-69815 2873.962890625
-69805 2870.571044921875
-69795 2870.260009765625
-69785 2869.659912109375
-69775 2865.81689453125
-69765 2861.698974609375
-69755 2856.85009765625
-69745 2851.740966796875
-69735 2846.866943359375
-69725 2840.487060546875
-69715 2834.9990234375
-69705 2828.803955078125
-69695 2822.3310546875
-69685 2814.970947265625
-69675 2810.9208984375
-69665 2805.677001953125
-69655 2801.5009765625
-69645 2799.113037109375
-69635 2799.448974609375
-69625 2800.9609375
-69615 2803.9189453125
-69605 2802.18896484375
-69595 2800.14697265625
-69585 2797.450927734375
-69575 2798.297119140625
-69565 2798.008056640625
-69555 2798.052001953125
-69545 2800.1689453125
-69535 2803.18798828125
-69525 2805.323974609375
-69515 2806.091064453125
-69505 2807.367919921875
-69495 2810.9130859375
-69485 2815.680908203125
-69475 2818.90087890625
-69465 2822.028076171875
-69455 2826.77099609375
-69445 2831.80908203125
-69435 2838.7509765625
-69425 2843.39599609375
-69415 2844.762939453125
-69405 2845.469970703125
-69395 2847.333984375
-69385 2847.863037109375
-69375 2847.81689453125
-69365 2848.198974609375
-69355 2849.052978515625
-69345 2851.321044921875
-69335 2852.18896484375
-69325 2854.361083984375
-69315 2856.202880859375
-69305 2858.029052734375
-69295 2859.376953125
-69285 2860.77099609375
-69275 2864.0869140625
-69265 2866.8759765625
-69255 2869.51806640625
-69245 2870.912109375
-69235 2874.89111328125
-69225 2878.447021484375
-69215 2885.10009765625
-69205 2887.8779296875
-69195 2891.60302734375
-69185 2894.97900390625
-69175 2901.02099609375
-69165 2906.291015625
-69155 2909.197021484375
-69145 2910.326904296875
-69135 2910.888916015625
-69125 2913.8359375
-69115 2917.260986328125
-69105 2920.510986328125
-69095 2925.458984375
-69085 2928.47998046875
-69075 2934.510009765625
-69065 2942.0400390625
-69055 2953.85107421875
-69045 2968.510986328125
-69035 2978.39794921875
-69025 2988.781005859375
-69015 3010.111083984375
-69005 3022.7509765625
-68995 3034.131103515625
-68985 3047.531005859375
-68975 3059.090087890625
-68965 3068.89794921875
-68955 3076.840087890625
-68945 3083.241943359375
-68935 3089.81298828125
-68925 3094.6708984375
-68915 3098.780029296875
-68905 3100.06298828125
-68895 3093.08203125
-68885 3078.133056640625
-68875 3063.139892578125
-68865 3051.531005859375
-68855 3038.262939453125
-68845 3028.531005859375
-68835 2998.4580078125
-68825 2980.583984375
-68815 2975.322021484375
-68805 2951.591064453125
-68795 2942.39990234375
-68785 2931.2470703125
-68775 2924.44091796875
-68765 2917.861083984375
-68755 2914.071044921875
-68745 2914.2919921875
-68735 2912.47998046875
-68725 2903.72802734375
-68715 2895.653076171875
-68705 2889.1279296875
-68695 2884.84912109375
-68685 2873.330078125
-68675 2866.97998046875
-68665 2863.58203125
-68655 2857.239990234375
-68645 2832.73095703125
-68635 2819.037109375
-68625 2816.968994140625
-68615 2815.7900390625
-68605 2817.208984375
-68595 2817.950927734375
-68585 2816.75
-68575 2814.049072265625
-68565 2811.571044921875
-68555 2809.90087890625
-68545 2806.93701171875
-68535 2804.011962890625
-68525 2798.840087890625
-68515 2794.25
-68505 2790.639892578125
-68495 2786.927978515625
-68485 2783.096923828125
-68475 2779.587890625
-68465 2773.3759765625
-68455 2768.2919921875
-68445 2763.31689453125
-68435 2758.0400390625
-68425 2752.701904296875
-68415 2747.43994140625
-68405 2741.7919921875
-68395 2736.180908203125
-68385 2730.75
-68375 2724.299072265625
-68365 2717.62890625
-68355 2710.572021484375
-68345 2703.66796875
-68335 2697.177978515625
-68325 2690.91796875
-68315 2684.657958984375
-68305 2678.16796875
-68295 2672.076904296875
-68285 2665.9208984375
-68275 2660.0810546875
-68265 2655
-68255 2649.52001953125
-68245 2644.488037109375
-68235 2640.218994140625
-68225 2636.781005859375
-68215 2631.491943359375
-68205 2628.2890625
-68195 2624.550048828125
-68185 2620.94189453125
-68175 2617.410888671875
-68165 2613.64990234375
-68155 2609.44189453125
-68145 2605.970947265625
-68135 2603.39990234375
-68125 2600.31103515625
-68115 2595.85693359375
-68105 2592.1630859375
-68095 2588.919921875
-68085 2586.02197265625
-68075 2583.76806640625
-68065 2580.18798828125
-68055 2578.468994140625
-68045 2576.80908203125
-68035 2575.35791015625
-68025 2571.181884765625
-68015 2567.3291015625
-68005 2564.27197265625
-67995 2558.3291015625
-67985 2551.347900390625
-67975 2544.01806640625
-67965 2540.68896484375
-67955 2537.8291015625
-67945 2535.302001953125
-67935 2532.382080078125
-67925 2529.89892578125
-67915 2526.60205078125
-67905 2522.989013671875
-67895 2519.260986328125
-67885 2517.159912109375
-67875 2513.458984375
-67865 2511.712890625
-67855 2509.408935546875
-67845 2507.700927734375
-67835 2504.0830078125
-67825 2500.5791015625
-67815 2496.25
-67805 2494.35107421875
-67795 2494.492919921875
-67785 2495.68310546875
-67775 2491.1689453125
-67765 2482.430908203125
-67755 2474.779052734375
-67745 2468.781005859375
-67735 2467.291015625
-67725 2465.069091796875
-67715 2464.2119140625
-67705 2462.27001953125
-67695 2457.55908203125
-67685 2454.9609375
-67675 2454.2080078125
-67665 2452.5380859375
-67655 2451.407958984375
-67645 2450.7529296875
-67635 2450.08203125
-67625 2449.3291015625
-67615 2444.01806640625
-67605 2435.159912109375
-67595 2427.927978515625
-67585 2422.842041015625
-67575 2418.2900390625
-67565 2415.18896484375
-67555 2411.778076171875
-67545 2408.9619140625
-67535 2402.761962890625
-67525 2393.69091796875
-67515 2391.44189453125
-67505 2385.0400390625
-67495 2374.047119140625
-67485 2361.537109375
-67475 2354.23291015625
-67465 2348.0009765625
-67455 2342.76708984375
-67445 2334.236083984375
-67435 2325.447998046875
-67425 2316.70703125
-67415 2308.5458984375
-67405 2300.81298828125
-67395 2291.902099609375
-67385 2285.946044921875
-67375 2281.322021484375
-67365 2276.48291015625
-67355 2268.215087890625
-67345 2263.6669921875
-67335 2262.22802734375
-67325 2255.843017578125
-67315 2243.3330078125
-67305 2233.51904296875
-67295 2226.10791015625
-67285 2219.492919921875
-67275 2212.617919921875
-67265 2202.159912109375
-67255 2191.427001953125
-67245 2183.7099609375
-67235 2171.705078125
-67225 2157.236083984375
-67215 2139.3369140625
-67205 2126.153076171875
-67195 2105.02294921875
-67185 2089.866943359375
-67175 2082.700927734375
-67165 2076.592041015625
-67155 2065.52099609375
-67145 2055.291015625
-67135 2046.7030029296875
-67125 2040.1650390625
-67115 2035.6639404296875
-67105 2028.2989501953125
-67095 2022.373046875
-67085 2017.4730224609375
-67075 2009.864013671875
-67065 2004.366943359375
-67055 1998.2569580078125
-67045 1990.35595703125
-67035 1987.7530517578125
-67025 1983.2669677734375
-67015 1978.1839599609375
-67005 1972.885986328125
-66995 1968.751953125
-66985 1964.0970458984375
-66975 1959.824951171875
-66965 1956.04296875
-66955 1952.7509765625
-66945 1949.91796875
-66935 1947.5140380859375
-66925 1944.2530517578125
-66915 1941.0989990234375
-66905 1940.425048828125
-66895 1938.572021484375
-66885 1938.14404296875
-66875 1937.2249755859375
-66865 1936.198974609375
-66855 1935.3570556640625
-66845 1935.0050048828125
-66835 1934.2239990234375
-66825 1932.906982421875
-66815 1930.6719970703125
-66805 1928.083984375
-66795 1926.7060546875
-66785 1926.737060546875
-66775 1926.4630126953125
-66765 1926.6600341796875
-66755 1926.4759521484375
-66745 1928.0689697265625
-66735 1928.31396484375
-66725 1927.196044921875
-66715 1925.3280029296875
-66705 1927.97705078125
-66695 1929.52294921875
-66685 1931.56005859375
-66675 1934.9439697265625
-66665 1937.593017578125
-66655 1940.68505859375
-66645 1942.9520263671875
-66635 1946.4580078125
-66625 1949.5970458984375
-66615 1952.5830078125
-66605 1955.4610595703125
-66595 1959.2130126953125
-66585 1961.615966796875
-66575 1965.4139404296875
-66565 1967.2049560546875
-66555 1971.844970703125
-66545 1976.85205078125
-66535 1983.0369873046875
-66525 1988.3509521484375
-66515 1992.2550048828125
-66505 1991.8570556640625
-66495 1998.7469482421875
-66485 2003.4329833984375
-66475 2007.383056640625
-66465 2010.0469970703125
-66455 2014.197021484375
-66445 2018.697998046875
-66435 2023.154052734375
-66425 2029.06396484375
-66415 2034.6839599609375
-66405 2041.2679443359375
-66395 2047.8189697265625
-66385 2053.56298828125
-66375 2059.197998046875
-66365 2064.81689453125
-66355 2070.572021484375
-66345 2077.799072265625
-66335 2084.998046875
-66325 2091.7939453125
-66315 2097.278076171875
-66305 2102.345947265625
-66295 2110.4150390625
-66285 2119.112060546875
-66275 2127.424072265625
-66265 2134.375
-66255 2143.60888671875
-66245 2152.534912109375
-66235 2159.946044921875
-66225 2169.5
-66215 2181.10693359375
-66205 2190.553955078125
-66195 2200.552001953125
-66185 2207.902099609375
-66175 2214.7919921875
-66165 2224.77587890625
-66155 2236.2900390625
-66145 2244.987060546875
-66135 2247.5439453125
-66125 2253.208984375
-66115 2260.160888671875
-66105 2266.346923828125
-66095 2272.44091796875
-66085 2277.169921875
-66075 2279.406982421875
-66065 2281.718994140625
-66055 2285.837890625
-66045 2291.427001953125
-66035 2295.5458984375
-66025 2300.030029296875
-66015 2306.35595703125
-66005 2311.347900390625
-65995 2317.68701171875
-65985 2325.113037109375
-65975 2332.35302734375
-65965 2341.5859375
-65955 2345.965087890625
-65945 2350.958984375
-65935 2355.27490234375
-65925 2359.945068359375
-65915 2368.4580078125
-65905 2378.79296875
-65895 2387.674072265625
-65885 2392.77294921875
-65875 2400.444091796875
-65865 2412.156982421875
-65855 2423.73291015625
-65845 2436.364990234375
-65835 2442.10693359375
-65825 2442.93408203125
-65815 2445.719970703125
-65805 2445.27587890625
-65795 2445.537109375
-65785 2446.6240234375
-65775 2446.425048828125
-65765 2446.9150390625
-65755 2447.419921875
-65745 2447.696044921875
-65735 2448.47705078125
-65725 2449.56396484375
-65715 2450.451904296875
-65705 2449.947021484375
-65695 2450.20703125
-65685 2449.97705078125
-65675 2451.7529296875
-65665 2455.595947265625
-65655 2459.134033203125
-65645 2458.965087890625
-65635 2459.486083984375
-65625 2456.39306640625
-65615 2453.68310546875
-65605 2453.591064453125
-65595 2450.680908203125
-65585 2449.97705078125
-65575 2451.094970703125
-65565 2451.906005859375
-65555 2452.56494140625
-65545 2453.820068359375
-65535 2456.362060546875
-65525 2460.037109375
-65515 2460.3740234375
-65505 2458.873046875
-65495 2460.757080078125
-65485 2466.053955078125
-65475 2472.346923828125
-65465 2478.97705078125
-65455 2486.035888671875
-65445 2492.48193359375
-65435 2496.23388671875
-65425 2494.656005859375
-65415 2489.89501953125
-65405 2484.91796875
-65395 2479.31396484375
-65385 2473.205078125
-65375 2465.471923828125
-65365 2456.944091796875
-65355 2449.532958984375
-65345 2445.93505859375
-65335 2442.764892578125
-65325 2438.4169921875
-65315 2434.405029296875
-65305 2430.256103515625
-65295 2424.635986328125
-65285 2418.802001953125
-65275 2413.3359375
-65265 2409.81494140625
-65255 2408.406005859375
-65245 2406.01708984375
-65235 2401.60791015625
-65225 2394.197021484375
-65215 2386.218994140625
-65205 2378.80908203125
-65195 2371.58203125
-65185 2365.012939453125
-65175 2357.801025390625
-65165 2351.47705078125
-65155 2347.43505859375
-65145 2343.44091796875
-65135 2342.798095703125
-65125 2340.912109375
-65115 2329.75
-65105 2322.52294921875
-65095 2316.06396484375
-65085 2310.965087890625
-65075 2302.77099609375
-65065 2293.64501953125
-65055 2285.884033203125
-65045 2279.544921875
-65035 2270.466064453125
-65025 2260.697021484375
-65015 2254.2958984375
-65005 2243.73095703125
-64995 2234.091064453125
-64985 2226.802001953125
-64975 2219.693115234375
-64965 2211.0009765625
-64955 2204.14208984375
-64945 2197.215087890625
-64935 2188.657958984375
-64925 2181.866943359375
-64915 2173.31005859375
-64905 2166.10888671875
-64895 2161.3349609375
-64885 2157.781005859375
-64875 2154.407958984375
-64865 2151.1259765625
-64855 2149.8330078125
-64845 2146.6640625
-64835 2143.81396484375
-64825 2141.346923828125
-64815 2139.06103515625
-64805 2137.091064453125
-64795 2134.781982421875
-64785 2133.556884765625
-64775 2131.633056640625
-64765 2129.68603515625
-64755 2127.741943359375
-64745 2127.2900390625
-64735 2126.972900390625
-64725 2125.885986328125
-64715 2124.52392578125
-64705 2121.833984375
-64695 2118.910888671875
-64685 2115.740966796875
-64675 2113.14111328125
-64665 2111.41796875
-64655 2109.700927734375
-64645 2108.700927734375
-64635 2107.550048828125
-64625 2106.257080078125
-64615 2100.10302734375
-64605 2103.362060546875
-64595 2106.237060546875
-64585 2107.345947265625
-64575 2105.64892578125
-64565 2106.43798828125
-64555 2104.719970703125
-64545 2104.426025390625
-64535 2101.820068359375
-64525 2099.5791015625
-64515 2098.968017578125
-64505 2097.948974609375
-64495 2092.85498046875
-64485 2094.846923828125
-64475 2098.402099609375
-64465 2105.10498046875
-64455 2110.5830078125
-64445 2115.383056640625
-64435 2118.2119140625
-64425 2121.718017578125
-64415 2123.87109375
-64405 2125.681884765625
-64395 2127.31201171875
-64385 2130.798095703125
-64375 2133.012939453125
-64365 2136.18310546875
-64355 2136.998046875
-64345 2135.64306640625
-64335 2135.529052734375
-64325 2135.801025390625
-64315 2137.56298828125
-64305 2140.10205078125
-64295 2142.54296875
-64285 2143.426025390625
-64275 2143.471923828125
-64265 2143.177001953125
-64255 2142.860107421875
-64245 2141.074951171875
-64235 2140.193115234375
-64225 2138.427001953125
-64215 2134.39697265625
-64205 2130.137939453125
-64195 2122.943115234375
-64185 2126.972900390625
-64175 2131.06689453125
-64165 2131.840087890625
-64155 2131.342041015625
-64145 2131.114990234375
-64135 2131.81396484375
-64125 2132.8779296875
-64115 2129.68603515625
-64105 2127.990966796875
-64095 2124.072021484375
-64085 2122.531982421875
-64075 2118.93701171875
-64065 2116.152099609375
-64055 2113.297119140625
-64045 2109.8359375
-64035 2105.966064453125
-64025 2102.950927734375
-64015 2100.43896484375
-64005 2098.447021484375
-63995 2096.864990234375
-63985 2095.302978515625
-63975 2092.677001953125
-63965 2089.346923828125
-63955 2088.10205078125
-63945 2091.137939453125
-63935 2094.05810546875
-63925 2092.154052734375
-63915 2087.31298828125
-63905 2084.615966796875
-63895 2081.222900390625
-63885 2077.85009765625
-63875 2077.62109375
-63865 2078.779052734375
-63855 2081.291015625
-63845 2081.51806640625
-63835 2082.218994140625
-63825 2082.15087890625
-63815 2081.291015625
-63805 2079.299072265625
-63795 2077.19091796875
-63785 2075.60888671875
-63775 2075.85791015625
-63765 2076.922119140625
-63755 2077.68896484375
-63745 2078.051025390625
-63735 2078.572021484375
-63725 2079.72900390625
-63715 2081.404052734375
-63705 2083.9169921875
-63695 2086.02197265625
-63685 2087.423095703125
-63675 2088.445068359375
-63665 2090.39111328125
-63655 2092.154052734375
-63645 2094.330078125
-63635 2096.342041015625
-63625 2100.66796875
-63615 2105.260009765625
-63605 2110.968017578125
-63595 2116.3330078125
-63585 2120.3369140625
-63575 2124.93505859375
-63565 2130.52294921875
-63555 2136.909912109375
-63545 2144.946044921875
-63535 2148.929931640625
-63525 2152.639892578125
-63515 2156.174072265625
-63505 2160.2939453125
-63495 2165.27392578125
-63485 2169.64306640625
-63475 2174.239013671875
-63465 2179.510009765625
-63455 2187.549072265625
-63445 2196.694091796875
-63435 2204.639892578125
-63425 2211.9970703125
-63415 2217.47509765625
-63405 2223.02099609375
-63395 2228.81591796875
-63385 2235.221923828125
-63375 2240.74609375
-63365 2247.60498046875
-63355 2254.9619140625
-63345 2258.787109375
-63335 2261.48095703125
-63325 2263.7900390625
-63315 2267.864990234375
-63305 2271.4189453125
-63295 2275.8330078125
-63285 2277.303955078125
-63275 2280.178955078125
-63265 2285.72509765625
-63255 2290.093994140625
-63245 2296.093017578125
-63235 2306.7099609375
-63225 2315.06298828125
-63215 2322.193115234375
-63205 2330.75
-63195 2334.68896484375
-63185 2342.951904296875
-63175 2351.508056640625
-63165 2355.197998046875
-63155 2359.159912109375
-63145 2362.577880859375
-63135 2365.701904296875
-63125 2369.052001953125
-63115 2372.35693359375
-63105 2376.159912109375
-63095 2379.781982421875
-63085 2384.6708984375
-63075 2388.882080078125
-63065 2393.77099609375
-63055 2398.797119140625
-63045 2404.681884765625
-63035 2410.568115234375
-63025 2416.52099609375
-63015 2422.044921875
-63005 2427.048095703125
-62995 2435.40087890625
-62985 2441.218994140625
-62975 2445.089111328125
-62965 2448.10009765625
-62955 2451.134033203125
-62945 2450.862060546875
-62935 2443.6630859375
-62925 2434.427001953125
-62915 2421.410888671875
-62905 2406.56103515625
-62895 2389.26708984375
-62885 2368.802978515625
-62875 2359.81591796875
-62865 2348.090087890625
-62855 2336.862060546875
-62845 2329.4150390625
-62835 2309.01904296875
-62825 2291.77001953125
-62815 2278.096923828125
-62805 2271.10205078125
-62795 2261.7080078125
-62785 2247.8759765625
-62775 2242.012939453125
-62765 2239.681884765625
-62755 2218.652099609375
-62745 2206.450927734375
-62735 2200.362060546875
-62725 2195.87890625
-62715 2190.05810546875
-62705 2186.281005859375
-62695 2168.94091796875
-62685 2147.14208984375
-62675 2143.0419921875
-62665 2141.116943359375
-62655 2135.93408203125
-62645 2124.799072265625
-62635 2113.97900390625
-62625 2104.041015625
-62615 2094.89599609375
-62605 2086.52001953125
-62595 2077.802001953125
-62585 2068.701904296875
-62575 2060.93798828125
-62565 2052.8330078125
-62555 2043.93994140625
-62545 2034.9530029296875
-62535 2025.9410400390625
-62525 2016.5689697265625
-62515 2007.740966796875
-62505 2002.0799560546875
-62495 1998.1500244140625
-62485 1991.4410400390625
-62475 1985.0050048828125
-62465 1978.7440185546875
-62455 1972.52099609375
-62445 1966.3380126953125
-62435 1960.8740234375
-62425 1955.8380126953125
-62415 1951.345947265625
-62405 1946.873046875
-62395 1941.7979736328125
-62385 1937.208984375
-62375 1931.822998046875
-62365 1926.4169921875
-62355 1922.06396484375
-62345 1918.1920166015625
-62335 1913.0780029296875
-62325 1909.5999755859375
-62315 1905.9610595703125
-62305 1902.3079833984375
-62295 1898.2440185546875
-62285 1895.1710205078125
-62275 1890.54296875
-62265 1885.196044921875
-62255 1879.2850341796875
-62245 1876.54296875
-62235 1872.4010009765625
-62225 1866.529052734375
-62215 1857.8370361328125
-62205 1851.77001953125
-62195 1847.239990234375
-62185 1840.958984375
-62175 1837.3809814453125
-62165 1830.302978515625
-62155 1823.2449951171875
-62145 1816.1280517578125
-62135 1807.885009765625
-62125 1802.5360107421875
-62115 1797.052001953125
-62105 1792.3070068359375
-62095 1788.4189453125
-62085 1784.0240478515625
-62075 1778.154052734375
-62065 1773.27099609375
-62055 1769.5400390625
-62045 1765.612060546875
-62035 1761.5870361328125
-62025 1756.801025390625
-62015 1752.991943359375
-62005 1748.675048828125
-61995 1745.6219482421875
-61985 1742.9000244140625
-61975 1740.449951171875
-61965 1738.2139892578125
-61955 1735.97802734375
-61945 1733.4110107421875
-61935 1732.010986328125
-61925 1731.3499755859375
-61915 1730.43603515625
-61905 1728.68603515625
-61895 1725.76904296875
-61885 1722.7750244140625
-61875 1719.2740478515625
-61865 1716.0469970703125
-61855 1712.780029296875
-61845 1709.6689453125
-61835 1707.3740234375
-61825 1703.427001953125
-61815 1698.9739990234375
-61805 1692.2459716796875
-61795 1685.20703125
-61785 1677.0400390625
-61775 1669.4560546875
-61765 1663.9749755859375
-61755 1659.8509521484375
-61745 1654.25
-61735 1648.125
-61725 1641.2220458984375
-61715 1633.3690185546875
-61705 1624.47998046875
-61695 1616.740966796875
-61685 1611.4150390625
-61675 1606.2039794921875
-61665 1599.9620361328125
-61655 1593.6429443359375
-61645 1584.27001953125
-61635 1576.6280517578125
-61625 1569.2779541015625
-61615 1560.3719482421875
-61605 1552.302978515625
-61595 1542.8719482421875
-61585 1536.4940185546875
-61575 1530.5439453125
-61565 1519.5570068359375
-61555 1511.1180419921875
-61545 1502.176025390625
-61535 1491.9090576171875
-61525 1485.4329833984375
-61515 1476.89501953125
-61505 1464.782958984375
-61495 1458.8909912109375
-61485 1453.135009765625
-61475 1440.3990478515625
-61465 1428.343017578125
-61455 1414.20703125
-61445 1405.301025390625
-61435 1399.89501953125
-61425 1394.449951171875
-61415 1386.031005859375
-61405 1375.68603515625
-61395 1368.1219482421875
-61385 1351.906982421875
-61375 1340.1429443359375
-61365 1336.33203125
-61355 1331.31494140625
-61345 1322.447998046875
-61335 1316.866943359375
-61325 1307.7860107421875
-61315 1295.5169677734375
-61305 1289.1390380859375
-61295 1283.4610595703125
-61285 1278.9110107421875
-61275 1274.9630126953125
-61265 1272.4549560546875
-61255 1270.0439453125
-61245 1268.06005859375
-61235 1266.5830078125
-61225 1265.6300048828125
-61215 1263.95703125
-61205 1262.4019775390625
-61195 1259.0570068359375
-61185 1256.666015625
-61175 1255.654052734375
-61165 1255.2850341796875
-61155 1255.4599609375
-61145 1252.7960205078125
-61135 1252.678955078125
-61125 1254.3709716796875
-61115 1255.303955078125
-61105 1255.887939453125
-61095 1256.666015625
-61085 1257.52099609375
-61075 1260.18505859375
-61065 1261.5269775390625
-61055 1261.8570556640625
-61045 1262.8489990234375
-61035 1263.238037109375
-61025 1267.302001953125
-61015 1271.405029296875
-61005 1271.501953125
-60995 1271.677001953125
-60985 1272.0660400390625
-60975 1272.2989501953125
-60965 1274.030029296875
-60955 1280.387939453125
-60945 1287.7969970703125
-60935 1292.56103515625
-60925 1301.135986328125
-60915 1306.9110107421875
-60905 1311.7530517578125
-60895 1318.22802734375
-60885 1325.656005859375
-60875 1333.0450439453125
-60865 1341.31005859375
-60855 1351.5770263671875
-60845 1366.2550048828125
-60835 1383.406005859375
-60825 1392.719970703125
-60815 1401.1199951171875
-60805 1412.72900390625
-60795 1420.2340087890625
-60785 1427.9150390625
-60775 1435.4019775390625
-60765 1449.791015625
-60755 1459.3580322265625
-60745 1468.925048828125
-60735 1477.5579833984375
-60725 1485.822021484375
-60715 1496.18701171875
-60705 1504.8590087890625
-60695 1512.595947265625
-60685 1520.3929443359375
-60675 1526.51904296875
-60665 1532.31298828125
-60655 1539.2159423828125
-60645 1545.5360107421875
-60635 1551.3690185546875
-60625 1558.2139892578125
-60615 1564.98095703125
-60605 1572.2139892578125
-60595 1579.447998046875
-60585 1587.342041015625
-60575 1593.779052734375
-60565 1602.8790283203125
-60555 1610.18994140625
-60545 1617.053955078125
-60535 1622.4189453125
-60525 1631.907958984375
-60515 1637.2750244140625
-60505 1645.1109619140625
-60495 1651.5670166015625
-60485 1655.4560546875
-60475 1659.56103515625
-60465 1664.6920166015625
-60455 1670.5260009765625
-60445 1676.7679443359375
-60435 1681.1820068359375
-60425 1686.4510498046875
-60415 1691.488037109375
-60405 1695.512939453125
-60395 1700.1209716796875
-60385 1707.3160400390625
-60375 1712.31298828125
-60365 1716.7850341796875
-60355 1722.073974609375
-60345 1727.1689453125
-60335 1731.0579833984375
-60325 1738.3890380859375
-60315 1746.77001953125
-60305 1752.467041015625
-60295 1759.02001953125
-60285 1765.5899658203125
-60275 1769.43994140625
-60265 1773.6209716796875
-60255 1777.529052734375
-60245 1782.801025390625
-60235 1787.2130126953125
-60225 1791.821044921875
-60215 1796.5269775390625
-60205 1800.1629638671875
-60195 1803.5660400390625
-60185 1806.637939453125
-60175 1809.4189453125
-60165 1812.510986328125
-60155 1815.6219482421875
-60145 1818.947021484375
-60135 1820.85302734375
-60125 1822.0970458984375
-60115 1822.6219482421875
-60105 1821.4940185546875
-60095 1820.7359619140625
-60085 1826.0059814453125
-60075 1833.123046875
-60065 1835.748046875
-60055 1841.737060546875
-60045 1846.5780029296875
-60035 1850.428955078125
-60025 1852.801025390625
-60015 1854.958984375
-60005 1853.947998046875
-59995 1855.4620361328125
-59985 1856.0989990234375
-59975 1855.9599609375
-59965 1855.0040283203125
-59955 1851.1009521484375
-59945 1854.386962890625
-59935 1862.1729736328125
-59925 1866.6939697265625
-59915 1868.9449462890625
-59905 1871.2550048828125
-59895 1872.2900390625
-59885 1872.27001953125
-59875 1878.125
-59865 1877.8270263671875
-59855 1877.5279541015625
-59845 1880.7740478515625
-59835 1885.6729736328125
-59825 1885.2149658203125
-59815 1882.5069580078125
-59805 1884.737060546875
-59795 1890.751953125
-59785 1895.2130126953125
-59775 1897.7220458984375
-59765 1899.2359619140625
-59755 1901.22705078125
-59745 1903.656982421875
-59735 1908.4169921875
-59725 1910.7860107421875
-59715 1912.1409912109375
-59705 1910.427978515625
-59695 1907.4610595703125
-59685 1907.4410400390625
-59675 1911.10498046875
-59665 1913.5350341796875
-59655 1916.18603515625
-59645 1918.633056640625
-59635 1923.2340087890625
-59625 1925.386962890625
-59615 1926.718994140625
-59605 1928.093017578125
-59595 1929.7459716796875
-59585 1931.0830078125
-59575 1932.115966796875
-59565 1934.1669921875
-59555 1936.1810302734375
-59545 1938.22998046875
-59535 1940.301025390625
-59525 1942.7110595703125
-59515 1946.196044921875
-59505 1951.0379638671875
-59495 1954.93896484375
-59485 1957.5699462890625
-59475 1958.7850341796875
-59465 1960.239013671875
-59455 1962.529052734375
-59445 1965.615966796875
-59435 1967.70703125
-59425 1970.136962890625
-59415 1973.2640380859375
-59405 1976.550048828125
-59395 1979.875
-59385 1983.43994140625
-59375 1986.906005859375
-59365 1991.0279541015625
-59355 1994.155029296875
-59345 1998.3570556640625
-59335 2002.718017578125
-59325 2006.821044921875
-59315 2011.800048828125
-59305 2016.89794921875
-59295 2020.781005859375
-59285 2025.52099609375
-59275 2029.9620361328125
-59265 2033.865966796875
-59255 2036.2359619140625
-59245 2041.0150146484375
-59235 2043.5439453125
-59225 2046.1929931640625
-59215 2048.721923828125
-59205 2051.75
-59195 2055.035888671875
-59185 2058.4609375
-59175 2059.39697265625
-59165 2063.240966796875
-59155 2069.135009765625
-59145 2071.22705078125
-59135 2075.68798828125
-59125 2081.1640625
-59115 2086.281982421875
-59105 2089.31005859375
-59095 2093.053955078125
-59085 2097.01708984375
-59075 2103.2099609375
-59065 2107.373046875
-59055 2113.507080078125
-59045 2122.60791015625
-59035 2132.20703125
-59025 2146.927001953125
-59015 2160.7880859375
-59005 2170.166015625
-58995 2178.43310546875
-58985 2184.7041015625
-58975 2192.23193359375
-58965 2194.7041015625
-58955 2202.052978515625
-58945 2205.916015625
-58935 2204.083984375
-58925 2200.778076171875
-58915 2208.22705078125
-58905 2213.424072265625
-58895 2213.0458984375
-58885 2214.85791015625
-58875 2218.10400390625
-58865 2224.8359375
-58855 2226.408935546875
-58845 2230.889892578125
-58835 2236.864990234375
-58825 2243.31689453125
-58815 2250.2880859375
-58805 2256.800048828125
-58795 2262.237060546875
-58785 2267.614013671875
-58775 2272.83203125
-58765 2277.909912109375
-58755 2281.952880859375
-58745 2287.62890625
-58735 2292.845947265625
-58725 2298.22412109375
-58715 2302.385986328125
-58705 2307.64404296875
-58695 2310.631103515625
-58685 2315.1708984375
-58675 2319.31396484375
-58665 2324.451904296875
-58655 2328.972900390625
-58645 2329.708984375
-58635 2332.41796875
-58625 2335.26611328125
-58615 2342.85400390625
-58605 2348.131103515625
-58595 2352.531982421875
-58585 2358.56689453125
-58575 2366.8740234375
-58565 2376.510009765625
-58555 2376.291015625
-58545 2379.218994140625
-58535 2381.3701171875
-58525 2387.98095703125
-58515 2396.7470703125
-58505 2405.927978515625
-58495 2412.759033203125
-58485 2421.700927734375
-58475 2421.0830078125
-58465 2429.208984375
-58455 2438.19091796875
-58445 2449.1640625
-58435 2462.945068359375
-58425 2466.052001953125
-58415 2467.884033203125
-58405 2472.7041015625
-58395 2476.468017578125
-58385 2486.465087890625
-58375 2497.319091796875
-58365 2500.14697265625
-58355 2507.735107421875
-58345 2506.580078125
-58335 2492.678955078125
-58325 2485.529052734375
-58315 2478.180908203125
-58305 2480.093017578125
-58295 2481.26708984375
-58285 2484.89208984375
-58275 2494.571044921875
-58265 2506.658935546875
-58255 2517.69189453125
-58245 2527.27197265625
-58235 2540.635009765625
-58225 2551.6279296875
-58215 2564.43408203125
-58205 2577.10302734375
-58195 2581.760009765625
-58185 2590.10400390625
-58175 2598.388916015625
-58165 2607.031982421875
-58155 2613.843017578125
-58145 2616.39501953125
-58135 2620.47509765625
-58125 2625.794921875
-58115 2630.73388671875
-58105 2633.10400390625
-58095 2635.01611328125
-58085 2637.1669921875
-58075 2641.906982421875
-58065 2646.029052734375
-58055 2652.260009765625
-58045 2658.376953125
-58035 2657.281005859375
-58025 2660.327880859375
-58015 2664.888916015625
-58005 2669.468994140625
-57995 2673.81103515625
-57985 2680.14404296875
-57975 2691.076904296875
-57965 2687.77099609375
-57955 2684.705078125
-57945 2684.962890625
-57935 2689.166015625
-57925 2692.8701171875
-57915 2692.631103515625
-57905 2692.251953125
-57895 2692.31201171875
-57885 2688.22900390625
-57875 2681.737060546875
-57865 2678.669921875
-57855 2676.8779296875
-57845 2678.450927734375
-57835 2676.0419921875
-57825 2679.087890625
-57815 2684.743896484375
-57805 2690.10205078125
-57795 2695.10009765625
-57785 2700.596923828125
-57775 2705.695068359375
-57765 2708.94091796875
-57755 2712.60595703125
-57745 2716.76806640625
-57735 2720.511962890625
-57725 2725.113037109375
-57715 2729.4541015625
-57705 2733.39697265625
-57695 2736.2451171875
-57685 2739.431884765625
-57675 2741.802001953125
-57665 2743.513916015625
-57655 2745.087890625
-57645 2749.72802734375
-57635 2758.2919921875
-57625 2767.4130859375
-57615 2775.239013671875
-57605 2782.787109375
-57595 2788.881103515625
-57585 2795.751953125
-57575 2800.471923828125
-57565 2804.873046875
-57555 2811.923095703125
-57545 2818.694091796875
-57535 2824.073974609375
-57525 2828.27392578125
-57515 2831.9580078125
-57505 2837.027099609375
-57495 2842.195068359375
-57485 2847.052001953125
-57475 2853.337890625
-57465 2859.758056640625
-57455 2870.513916015625
-57445 2878.464111328125
-57435 2883.321044921875
-57425 2883.034912109375
-57415 2882.464111328125
-57405 2884.4970703125
-57395 2887.321044921875
-57385 2890.261962890625
-57375 2893.10205078125
-57365 2896.04296875
-57355 2899.27001953125
-57345 2902.64794921875
-57335 2906.010009765625
-57325 2909.5048828125
-57315 2913.152099609375
-57305 2916.81591796875
-57295 2920.512939453125
-57285 2924.56396484375
-57275 2928.596923828125
-57265 2932.9169921875
-57255 2937.35400390625
-57245 2941.6220703125
-57235 2946.446044921875
-57225 2951.89111328125
-57215 2957.201904296875
-57205 2963.033935546875
-57195 2969.89111328125
-57185 2977.083984375
-57175 2983.672119140625
-57165 2989.756103515625
-57155 2996.613037109375
-57145 3004.092041015625
-57135 3012.39501953125
-57125 3022.81396484375
-57115 3031.032958984375
-57105 3039.97412109375
-57095 3048.427978515625
-57085 3060.29296875
-57075 3069.888916015625
-57065 3079.804931640625
-57055 3086.125
-57045 3094.846923828125
-57035 3102.510986328125
-57025 3107.804931640625
-57015 3112.1240234375
-57005 3116.64501953125
-56995 3120.678955078125
-56985 3124.5439453125
-56975 3128.930908203125
-56965 3132.072998046875
-56955 3135.384033203125
-56945 3116.27490234375
-56935 3105.014892578125
-56925 3094.947998046875
-56915 3083.7548828125
-56905 3070.175048828125
-56895 3054.4951171875
-56885 3039.385986328125
-56875 3032.343994140625
-56865 3026.31005859375
-56855 3021.906982421875
-56845 3018.4951171875
-56835 3015.906982421875
-56825 3014.0419921875
-56815 3012.595947265625
-56805 3011.60400390625
-56795 3010.916015625
-56785 3010.39501953125
-56775 3009.822998046875
-56765 3008.81494140625
-56755 3007.452880859375
-56745 3005.721923828125
-56735 3004.092041015625
-56725 3002.242919921875
-56715 3000.242919921875
-56705 2998.39501953125
-56695 2996.529052734375
-56685 2994.748046875
-56675 2992.93310546875
-56665 2991.385986328125
-56655 2989.637939453125
-56645 2987.89111328125
-56635 2985.906982421875
-56625 2984.243896484375
-56615 2982.277099609375
-56605 2980.3779296875
-56595 2978.343994140625
-56585 2976.596923828125
-56575 2974.56298828125
-56565 2972.748046875
-56555 2970.73095703125
-56545 2968.83203125
-56535 2967.16796875
-56525 2965.50390625
-56515 2963.806884765625
-56505 2962.05908203125
-56495 2960.39501953125
-56485 2958.865966796875
-56475 2957.16796875
-56465 2955.656005859375
-56455 2954.02587890625
-56445 2952.614013671875
-56435 2951.26904296875
-56425 2950.009033203125
-56415 2948.865966796875
-56405 2947.77392578125
-56395 2946.764892578125
-56385 2946.49609375
-56375 2945.823974609375
-56365 2945.875
-56355 2946.98388671875
-56345 2948.631103515625
-56335 2949.7900390625
-56325 2949.97509765625
-56315 2950.764892578125
-56305 2953.201904296875
-56295 2956.446044921875
-56285 2963.43701171875
-56275 2969.907958984375
-56265 2977.302001953125
-56255 2986.074951171875
-56245 2995.032958984375
-56235 3006.697021484375
-56225 3016.10888671875
-56215 3020.89892578125
-56205 3022.798095703125
-56195 3031.302001953125
-56185 3037.4189453125
-56175 3010.193115234375
-56165 2995.26904296875
-56155 2972.949951171875
-56145 2960.697998046875
-56135 2952.243896484375
-56125 2943
-56115 2935.0009765625
-56105 2927.907958984375
-56095 2922.7490234375
-56085 2916.512939453125
-56075 2909.60595703125
-56065 2902.363037109375
-56055 2895.656982421875
-56045 2889.202880859375
-56035 2882.73193359375
-56025 2876.093994140625
-56015 2869.10302734375
-56005 2861.85888671875
-55995 2852.027099609375
-55985 2837.388916015625
-55975 2828.93505859375
-55965 2803.406005859375
-55955 2795.927001953125
-55945 2786.73388671875
-55935 2781.944091796875
-55925 2777.843017578125
-55915 2770.9189453125
-55905 2763.205078125
-55895 2754.465087890625
-55885 2755.2548828125
-55875 2748.3310546875
-55865 2734.56591796875
-55855 2730.819091796875
-55845 2724.364990234375
-55835 2723.79296875
-55825 2724.819091796875
-55815 2721.79296875
-55805 2719.742919921875
-55795 2718.969970703125
-55785 2715.777099609375
-55775 2709.305908203125
-55765 2707.52490234375
-55755 2705.10498046875
-55745 2703.137939453125
-55735 2698.51708984375
-55725 2697.72705078125
-55715 2696.0458984375
-55705 2697.239013671875
-55695 2692.85302734375
-55685 2692.8359375
-55675 2687.10498046875
-55665 2682.248046875
-55655 2676.785888671875
-55645 2674.751953125
-55635 2672.9541015625
-55625 2670.214111328125
-55615 2666.51708984375
-55605 2663.743896484375
-55595 2666.248046875
-55585 2664.785888671875
-55575 2663.912109375
-55565 2663.912109375
-55555 2661.239990234375
-55545 2654.68505859375
-55535 2653.610107421875
-55525 2655.491943359375
-55515 2651.222900390625
-55505 2647.02099609375
-55495 2646.3330078125
-55485 2647.509033203125
-55475 2645.054931640625
-55465 2641.89599609375
-55455 2634.8369140625
-55445 2627.458984375
-55435 2624.1650390625
-55425 2624.365966796875
-55415 2621.10595703125
-55405 2620.131103515625
-55395 2615.928955078125
-55385 2609.257080078125
-55375 2603.20703125
-55365 2594.366943359375
-55355 2585.8291015625
-55345 2577.9970703125
-55335 2572.31689453125
-55325 2567.426025390625
-55315 2564.013916015625
-55305 2560.31689453125
-55295 2556.534912109375
-55285 2551.7958984375
-55275 2544.803955078125
-55265 2536.821044921875
-55255 2528.9560546875
-55245 2521.39306640625
-55235 2516.166015625
-55225 2510.839111328125
-55215 2499.325927734375
-55205 2492.85595703125
-55195 2491.780029296875
-55185 2490.35205078125
-55175 2489.4609375
-55165 2488.133056640625
-55155 2487.947998046875
-55145 2487.259033203125
-55135 2472.705078125
-55125 2465.073974609375
-55115 2460.218017578125
-55105 2458.822998046875
-55095 2457.427001953125
-55085 2453.81396484375
-55075 2447.529052734375
-55065 2439.595947265625
-55055 2432.032958984375
-55045 2426.553955078125
-55035 2421.5791015625
-55025 2414.924072265625
-55015 2408.302001953125
-55005 2402.7939453125
-54995 2397.087890625
-54985 2391.65087890625
-54975 2386.212890625
-54965 2381.323974609375
-54955 2376.381103515625
-54945 2372.260986328125
-54935 2366.256103515625
-54925 2361.385986328125
-54915 2355.013916015625
-54905 2348.1298828125
-54895 2342.14306640625
-54885 2338.31591796875
-54875 2333.06201171875
-54865 2329.344970703125
-54855 2322.75390625
-54845 2313.8740234375
-54835 2309.260009765625
-54825 2304.48095703125
-54815 2299.52001953125
-54805 2291.97607421875
-54795 2278.3359375
-54785 2270.407958984375
-54775 2262.93798828125
-54765 2256.14599609375
-54755 2250.43310546875
-54745 2245.85595703125
-54735 2244.041015625
-54725 2240.802001953125
-54715 2236.427001953125
-54705 2230.037109375
-54695 2221.137939453125
-54685 2212.367919921875
-54675 2207.14794921875
-54665 2202.18896484375
-54655 2196.949951171875
-54645 2190.654052734375
-54635 2190.050048828125
-54625 2189.93994140625
-54615 2185.674072265625
-54605 2176.260986328125
-54595 2170.513916015625
-54585 2165.201904296875
-54575 2158.118896484375
-54565 2151.5458984375
-54555 2145.77587890625
-54545 2144.0390625
-54535 2144
-54525 2138.196044921875
-54515 2133.27099609375
-54505 2127.50390625
-54495 2119.593994140625
-54485 2111.35498046875
-54475 2103.02490234375
-54465 2088.614990234375
-54455 2081.43798828125
-54445 2076.47705078125
-54435 2071.001953125
-54425 2065.986083984375
-54415 2060.510986328125
-54405 2051.009033203125
-54395 2045.6259765625
-54385 2041.6710205078125
-54375 2038.06396484375
-54365 2032.1689453125
-54355 2025.779052734375
-54345 2016.2760009765625
-54335 2007.5250244140625
-54325 2000.5489501953125
-54315 1995.2760009765625
-54305 1989.947998046875
-54295 1983.81494140625
-54285 1972.2979736328125
-54275 1965.083984375
-54265 1959.4449462890625
-54255 1953.5679931640625
-54245 1946.0059814453125
-54235 1934.1419677734375
-54225 1926.4339599609375
-54215 1914.4969482421875
-54205 1905.616943359375
-54195 1889.907958984375
-54185 1865.758056640625
-54175 1860.7020263671875
-54165 1853.125
-54155 1838.5689697265625
-54145 1823.18701171875
-54135 1809.4739990234375
-54125 1807.47802734375
-54115 1794.6619873046875
-54105 1784.6829833984375
-54095 1778.5860595703125
-54085 1771.9219970703125
-54075 1763.93896484375
-54065 1756.2130126953125
-54055 1749.6400146484375
-54045 1743.1219482421875
-54035 1737.0980224609375
-54025 1730.85498046875
-54015 1726.2230224609375
-54005 1722.2130126953125
-53995 1715.8599853515625
-53985 1710.7330322265625
-53975 1707.5660400390625
-53965 1703.666015625
-53955 1701.85302734375
-53945 1701.2120361328125
-53935 1700.2239990234375
-53925 1698.2459716796875
-53915 1697.6419677734375
-53905 1698.2650146484375
-53895 1699.802978515625
-53885 1702.4759521484375
-53875 1704.177978515625
-53865 1704.947021484375
-53855 1705.2769775390625
-53845 1706.6319580078125
-53835 1707.491943359375
-53825 1708.5360107421875
-53815 1709.56103515625
-53805 1710.2020263671875
-53795 1712.56396484375
-53785 1713.5340576171875
-53775 1714.083984375
-53765 1715.126953125
-53755 1717.2879638671875
-53745 1716.573974609375
-53735 1717.8370361328125
-53725 1719.52099609375
-53715 1721.4990234375
-53705 1723.4949951171875
-53695 1724.9229736328125
-53685 1727.7239990234375
-53675 1731.5870361328125
-53665 1734.77294921875
-53655 1738.9659423828125
-53645 1742.35302734375
-53635 1748.137939453125
-53625 1752.862060546875
-53615 1755.9200439453125
-53605 1762.052978515625
-53595 1768.1319580078125
-53585 1773.258056640625
-53575 1779.0810546875
-53565 1782.779052734375
-53555 1791.1099853515625
-53545 1802.718017578125
-53535 1812.7509765625
-53525 1818.4840087890625
-53515 1829.7779541015625
-53505 1839.5369873046875
-53495 1851.1839599609375
-53485 1865.208984375
-53475 1875.074951171875
-53465 1881.68701171875
-53455 1886.135986328125
-53445 1893.2010498046875
-53435 1899.7939453125
-53425 1911.9520263671875
-53415 1919.43994140625
-53405 1931.0849609375
-53395 1940.073974609375
-53385 1947.8370361328125
-53375 1949.4119873046875
-53365 1955.1240234375
-53355 1964.0770263671875
-53345 1974.404052734375
-53335 1982.2220458984375
-53325 1986.176025390625
-53315 1982.8990478515625
-53305 1983.740966796875
-53295 1994.781982421875
-53285 1999.449951171875
-53275 2004.2469482421875
-53265 2010.9849853515625
-53255 2019.02294921875
-53245 2026.1629638671875
-53235 2032.883056640625
-53225 2039.14501953125
-53215 2046.10205078125
-53205 2052.198974609375
-53195 2058.2958984375
-53185 2063.513916015625
-53175 2069.666015625
-53165 2078.325927734375
-53155 2096.360107421875
-53145 2107.675048828125
-53135 2115.785888671875
-53125 2121.02197265625
-53115 2127.799072265625
-53105 2134.791015625
-53095 2141.238037109375
-53085 2147.0419921875
-53075 2153.81396484375
-53065 2160.625
-53055 2166.833984375
-53045 2172.708984375
-53035 2177.14208984375
-53025 2182.2109375
-53015 2187.9599609375
-53005 2192.97705078125
-52995 2198.322998046875
-52985 2204.072021484375
-52975 2209.787109375
-52965 2215.844970703125
-52955 2222.053955078125
-52945 2229.176025390625
-52935 2236.114990234375
-52925 2242.083984375
-52915 2247.632080078125
-52905 2252.97802734375
-52895 2259.697021484375
-52885 2265.318115234375
-52875 2270.865966796875
-52865 2276.669921875
-52855 2279.489990234375
-52845 2281.8701171875
-52835 2286.885986328125
-52825 2297.285888671875
-52815 2303.01708984375
-52805 2307.97802734375
-52795 2312.573974609375
-52785 2311.8779296875
-52775 2316.56494140625
-52765 2317.388916015625
-52755 2322.386962890625
-52745 2329.2529296875
-52735 2336.375
-52725 2345.053955078125
-52715 2353.092041015625
-52705 2361.422119140625
-52695 2370.0458984375
-52685 2377.533935546875
-52675 2384.30908203125
-52665 2387.14599609375
-52655 2386.23095703125
-52645 2384.968017578125
-52635 2387.93408203125
-52625 2389.782958984375
-52615 2392.987060546875
-52605 2398.736083984375
-52595 2397.2529296875
-52585 2400.714111328125
-52575 2406.169921875
-52565 2412.39501953125
-52555 2410.912109375
-52545 2419.4619140625
-52535 2428.43310546875
-52525 2435.48193359375
-52515 2438.7958984375
-52505 2441.205078125
-52495 2444.1201171875
-52485 2442.14208984375
-52475 2450.77587890625
-52465 2467.166015625
-52455 2474.303955078125
-52445 2474.802001953125
-52435 2483.402099609375
-52425 2484.31298828125
-52415 2485.68896484375
-52405 2478.277099609375
-52395 2477.1240234375
-52385 2471.39697265625
-52375 2481.166015625
-52365 2486.8759765625
-52355 2489.64501953125
-52345 2494.134033203125
-52335 2489.1630859375
-52325 2491.69189453125
-52315 2490.591064453125
-52305 2496.507080078125
-52295 2497.7109375
-52285 2501.305908203125
-52275 2508.09912109375
-52265 2516.905029296875
-52255 2510.179931640625
-52245 2513.10400390625
-52235 2517.72998046875
-52225 2520.551025390625
-52215 2522.632080078125
-52205 2527.37890625
-52195 2534.2919921875
-52185 2533.175048828125
-52175 2540.966064453125
-52165 2541.946044921875
-52155 2547.294921875
-52145 2556.4609375
-52135 2571.85400390625
-52125 2565.800048828125
-52115 2566.573974609375
-52105 2570.85693359375
-52095 2571.820068359375
-52085 2576.89404296875
-52075 2579.6279296875
-52065 2581.881103515625
-52055 2584.56396484375
-52045 2590.462890625
-52035 2594.074951171875
-52025 2594.865966796875
-52015 2597.514892578125
-52005 2599.5439453125
-51995 2602.639892578125
-51985 2606.510009765625
-51975 2608.64208984375
-51965 2609.931884765625
-51955 2609.054931640625
-51945 2614.0419921875
-51935 2617.825927734375
-51925 2618.97900390625
-51915 2617.51708984375
-51905 2619.56298828125
-51895 2621.093994140625
-51885 2622.43505859375
-51875 2626.133056640625
-51865 2629.384033203125
-51855 2629.8349609375
-51845 2627.323974609375
-51835 2627.819091796875
-51825 2636.81298828125
-51815 2642.885009765625
-51805 2644.987060546875
-51795 2646.552001953125
-51785 2649.197021484375
-51775 2649.162109375
-51765 2650.93408203125
-51755 2654.73388671875
-51745 2656.7119140625
-51735 2658.5009765625
-51725 2660.740966796875
-51715 2663.110107421875
-51705 2666.136962890625
-51695 2670.126953125
-51685 2676.782958984375
-51675 2680.7041015625
-51665 2683.3701171875
-51655 2687.8759765625
-51645 2693.5859375
-51635 2696.927001953125
-51625 2702.08203125
-51615 2707.33203125
-51605 2711.93701171875
-51595 2716.735107421875
-51585 2721.739990234375
-51575 2726.216064453125
-51565 2732.093994140625
-51555 2737.47705078125
-51545 2743.2041015625
-51535 2748.60400390625
-51525 2754.43896484375
-51515 2760.093017578125
-51505 2767.424072265625
-51495 2772.85888671875
-51485 2779.032958984375
-51475 2784.89794921875
-51465 2790.10888671875
-51455 2795.91796875
-51445 2801.575927734375
-51435 2807.905029296875
-51425 2814.716064453125
-51415 2820.739990234375
-51405 2826.7080078125
-51395 2832.693115234375
-51385 2838.9189453125
-51375 2845.162109375
-51365 2852.037109375
-51355 2858.679931640625
-51345 2865.697021484375
-51335 2873.299072265625
-51325 2879.955078125
-51315 2889.5859375
-51305 2895.571044921875
-51295 2901.740966796875
-51285 2908.156005859375
-51275 2914.489990234375
-51265 2921.14501953125
-51255 2927.8701171875
-51245 2935.31689453125
-51235 2940.493896484375
-51225 2943.5380859375
-51215 2936.9169921875
-51205 2932.531005859375
-51195 2927.6640625
-51185 2922.864990234375
-51175 2917.6201171875
-51165 2911.7890625
-51155 2905.301025390625
-51145 2899.388916015625
-51135 2891.97705078125
-51125 2887.177978515625
-51115 2883.56201171875
-51105 2878.64697265625
-51095 2876.717041015625
-51085 2872.743896484375
-51075 2868.466064453125
-51065 2864.76806640625
-51055 2860.876953125
-51045 2857.64794921875
-51035 2854.135009765625
-51025 2851.387939453125
-51015 2848.236083984375
-51005 2847.4150390625
-50995 2846.10791015625
-50985 2846.52099609375
-50975 2847.117919921875
-50965 2845.884033203125
-50955 2847.071044921875
-50945 2847.39794921875
-50935 2847.616943359375
-50925 2846.916015625
-50915 2844.7490234375
-50905 2843.385986328125
-50895 2841.493896484375
-50885 2840.174072265625
-50875 2842.926025390625
-50865 2843.85498046875
-50855 2845.573974609375
-50845 2847.2900390625
-50835 2847.531005859375
-50825 2848.464111328125
-50815 2848.18896484375
-50805 2846.4990234375
-50795 2848.3779296875
-50785 2851.387939453125
-50775 2852.333984375
-50765 2852.552978515625
-50755 2856.1689453125
-50745 2859.212890625
-50735 2865.782958984375
-50725 2874.778076171875
-50715 2889.615966796875
-50705 2887.05810546875
-50695 2882.655029296875
-50685 2879.2109375
-50675 2877.2890625
-50665 2876.739013671875
-50655 2872.833984375
-50645 2866.5400390625
-50635 2862.033935546875
-50625 2860.89404296875
-50615 2860.68798828125
-50605 2863.926025390625
-50595 2873.862060546875
-50585 2874.2451171875
-50575 2874.00390625
-50565 2896.327880859375
-50555 2923.844970703125
-50545 2930.135986328125
-50535 2922.864990234375
-50525 2920.3369140625
-50515 2923.242919921875
-50505 2922.487060546875
-50495 2923.135986328125
-50485 2924.529052734375
-50475 2925.944091796875
-50465 2928.952880859375
-50455 2929.968017578125
-50445 2930.135986328125
-50435 2931.60205078125
-50425 2931.77392578125
-50415 2931.68798828125
-50405 2932.926025390625
-50395 2934.284912109375
-50385 2935.60888671875
-50375 2937.22607421875
-50365 2940.287109375
-50355 2939.805908203125
-50345 2941.509033203125
-50335 2945.18896484375
-50325 2944.174072265625
-50315 2942.863037109375
-50305 2945.343994140625
-50295 2943.22802734375
-50285 2933.39111328125
-50275 2933.906982421875
-50265 2929.384033203125
-50255 2924.4130859375
-50245 2923.260986328125
-50235 2922.72802734375
-50225 2924.137939453125
-50215 2922.968017578125
-50205 2922.7451171875
-50195 2921.7470703125
-50185 2919.873046875
-50175 2921.2099609375
-50165 2917.739990234375
-50155 2917.98095703125
-50145 2920.93896484375
-50135 2928.501953125
-50125 2935.863037109375
-50115 2934.43994140625
-50105 2938.860107421875
-50095 2941.47412109375
-50085 2947.097900390625
-50075 2947.885009765625
-50065 2948.676025390625
-50055 2947.14990234375
-50045 2946.238037109375
-50035 2944.759033203125
-50025 2946.323974609375
-50015 2948.868896484375
-50005 2964.81103515625
-49995 2974.260986328125
-49985 2987.241943359375
-49975 2991.60009765625
-49965 2988.885009765625
-49955 2989.31005859375
-49945 3004.450927734375
-49935 3026.202880859375
-49925 3036.89404296875
-49915 3041.529052734375
-49905 3042.285888671875
-49895 3048.342041015625
-49885 3049.837890625
-49875 3051.3701171875
-49865 3053.659912109375
-49855 3055.782958984375
-49845 3057.22412109375
-49835 3059.844970703125
-49825 3060.989990234375
-49815 3061.69189453125
-49805 3061.322998046875
-49795 3062.19091796875
-49785 3064.406005859375
-49775 3067.416015625
-49765 3070.18603515625
-49755 3071.034912109375
-49745 3073.2509765625
-49735 3075.1708984375
-49725 3075.5810546875
-49715 3075.669921875
-49705 3078.032958984375
-49695 3080.76611328125
-49685 3081.5048828125
-49675 3081.7451171875
-49665 3083.221923828125
-49655 3084.8310546875
-49645 3086.471923828125
-49635 3087.912109375
-49625 3088.968017578125
-49615 3089.85107421875
-49605 3090.279052734375
-49595 3091.14599609375
-49585 3091.47607421875
-49575 3091.93701171875
-49565 3092.362060546875
-49555 3092.75
-49545 3093.136962890625
-49535 3093.43310546875
-49525 3093.821044921875
-49515 3094.281982421875
-49505 3094.8759765625
-49495 3095.464111328125
-49485 3096.220947265625
-49475 3096.923095703125
-49465 3097.717041015625
-49455 3098.56591796875
-49445 3099.43408203125
-49435 3100.489990234375
-49425 3101.282958984375
-49415 3102.2041015625
-49405 3103.259033203125
-49395 3104.344970703125
-49385 3105.492919921875
-49375 3106.489990234375
-49365 3107.614013671875
-49355 3108.873046875
-49345 3110.257080078125
-49335 3111.676025390625
-49325 3113.172119140625
-49315 3114.781005859375
-49305 3116.587890625
-49295 3118.363037109375
-49285 3120.19091796875
-49275 3122.1298828125
-49265 3124.069091796875
-49255 3126.0048828125
-49245 3127.85400390625
-49235 3130.010986328125
-49225 3132.429931640625
-49215 3135.092041015625
-49205 3137.950927734375
-49195 3141.406982421875
-49185 3145.5029296875
-49175 3149.735107421875
-49165 3154.259033203125
-49155 3159.81689453125
-49145 3166.721923828125
-49135 3172.741943359375
-49125 3178.3369140625
-49115 3183.156005859375
-49105 3188.4560546875
-49095 3185.574951171875
-49085 3178.485107421875
-49075 3172.114013671875
-49065 3164.06298828125
-49055 3153.18798828125
-49045 3143.419921875
-49035 3133.762939453125
-49025 3121.72412109375
-49015 3096.6669921875
-49005 3094.35595703125
-48995 3089.112060546875
-48985 3084.256103515625
-48975 3080.009033203125
-48965 3076.389892578125
-48955 3073.471923828125
-48945 3070.554931640625
-48935 3068.173095703125
-48925 3066.10498046875
-48915 3064.4990234375
-48905 3063.076904296875
-48895 3061.89501953125
-48885 3060.952880859375
-48875 3060.325927734375
-48865 3059.7900390625
-48855 3059.384033203125
-48845 3058.97802734375
-48835 3058.830078125
-48825 3058.922119140625
-48815 3058.922119140625
-48805 3059.218017578125
-48795 3059.3291015625
-48785 3059.4208984375
-48775 3059.678955078125
-48765 3059.826904296875
-48755 3059.9560546875
-48745 3060.196044921875
-48735 3060.43701171875
-48725 3060.805908203125
-48715 3061.137939453125
-48705 3061.655029296875
-48695 3062.080078125
-48685 3062.596923828125
-48675 3063.260986328125
-48665 3064.221923828125
-48655 3065.347900390625
-48645 3066.548095703125
-48635 3067.527099609375
-48625 3068.5048828125
-48615 3069.594970703125
-48605 3070.720947265625
-48595 3072.1650390625
-48585 3073.5830078125
-48575 3075.18994140625
-48565 3076.8330078125
-48555 3078.512939453125
-48545 3080.343994140625
-48535 3082.242919921875
-48525 3084.181884765625
-48515 3086.361083984375
-48505 3088.466064453125
-48495 3090.681884765625
-48485 3092.952880859375
-48475 3095.2060546875
-48465 3097.14697265625
-48455 3099.215087890625
-48445 3101.116943359375
-48435 3103.033935546875
-48425 3104.736083984375
-48415 3106.340087890625
-48405 3107.912109375
-48395 3109.1279296875
-48385 3110.01708984375
-48375 3110.699951171875
-48365 3110.81103515625
-48355 3110.699951171875
-48345 3110.550048828125
-48335 3110.64501953125
-48325 3111.364990234375
-48315 3112.4150390625
-48305 3113.7470703125
-48295 3115.298095703125
-48285 3116.864990234375
-48275 3118.677001953125
-48265 3120.68701171875
-48255 3123.126953125
-48245 3126.0419921875
-48235 3129.384033203125
-48225 3133.208984375
-48215 3136.993896484375
-48205 3141.31494140625
-48195 3146.18994140625
-48185 3151.470947265625
-48175 3156.862060546875
-48165 3162.844970703125
-48155 3169.10400390625
-48145 3187.993896484375
-48135 3196.283935546875
-48125 3188.049072265625
-48115 3179.205078125
-48105 3162.697021484375
-48095 3150.695068359375
-48085 3143.031982421875
-48075 3136.884033203125
-48065 3123.238037109375
-48055 3118.677001953125
-48045 3111.844970703125
-48035 3109.922119140625
-48025 3106.580078125
-48015 3103.330078125
-48005 3101.22509765625
-47995 3098.8798828125
-47985 3093.5810546875
-47975 3086.969970703125
-47965 3084.090087890625
-47955 3081.5419921875
-47945 3079.306884765625
-47935 3077.885009765625
-47925 3077.054931640625
-47915 3076.887939453125
-47905 3076.075927734375
-47895 3076.31591796875
-47885 3077.14697265625
-47875 3077.77490234375
-47865 3086.549072265625
-47855 3089.260009765625
-47845 3087.56103515625
-47835 3085.0869140625
-47825 3080.89501953125
-47815 3076.612060546875
-47805 3075.873046875
-47795 3076.135009765625
-47785 3077.201904296875
-47775 3079.861083984375
-47765 3083.924072265625
-47755 3094.337890625
-47745 3091.531005859375
-47735 3092.010986328125
-47725 3090.4970703125
-47715 3093.10107421875
-47705 3092.10595703125
-47695 3093.93505859375
-47685 3095.408935546875
-47675 3096.700927734375
-47665 3098.805908203125
-47655 3101.52294921875
-47645 3104.64111328125
-47635 3107.0439453125
-47625 3110.053955078125
-47615 3113.26708984375
-47605 3115.906982421875
-47595 3119.26806640625
-47585 3123.090087890625
-47575 3126.340087890625
-47565 3129.47900390625
-47555 3133.208984375
-47545 3137.2900390625
-47535 3141.758056640625
-47525 3146.35595703125
-47515 3150.971923828125
-47505 3155.97607421875
-47495 3161.73193359375
-47485 3168.333984375
-47475 3175.031005859375
-47465 3194.989990234375
-47455 3220.9169921875
-47445 3224.992919921875
-47435 3225.7451171875
-47425 3226.5439453125
-47415 3223.876953125
-47405 3220.387939453125
-47395 3217.7099609375
-47385 3214.99609375
-47375 3212.364990234375
-47365 3209.945068359375
-47355 3207.430908203125
-47345 3204.77587890625
-47335 3202.10888671875
-47325 3199.196044921875
