-83315 3264.5380859375
-83305 3269.330078125
-83295 3272.705078125
-83285 3275.81494140625
-83275 3280.5849609375
-83265 3283.135009765625
-83255 3278.2548828125
-83245 3274.68310546875
-83235 3269.35205078125
-83225 3261.43896484375
-83215 3253.426025390625
-83205 3244.3359375
-83195 3239.412109375
-83185 3229.10302734375
-83175 3214.93505859375
-83165 3199.700927734375
-83155 3193.29296875
-83145 3192.9970703125
-83135 3189.072998046875
-83125 3184.39111328125
-83115 3180.093017578125
-83105 3172.718017578125
-83095 3166.7060546875
-83085 3165.739013671875
-83075 3161.847900390625
-83065 3158.781005859375
-83055 3154.76904296875
-83045 3148.318115234375
-83035 3136.908935546875
-83025 3125.3349609375
-83015 3119.840087890625
-83005 3111.573974609375
-82995 3070.26904296875
-82985 3062.827880859375
-82975 3059.85009765625
-82965 3047.89111328125
-82955 3043
-82945 3038.680908203125
-82935 3035.955078125
-82925 3031.931884765625
-82915 3028.15087890625
-82905 3024.97509765625
-82895 3023.072998046875
-82885 3021.172119140625
-82875 3020.907958984375
-82865 3021.303955078125
-82855 3022.238037109375
-82845 3022.75390625
-82835 3023.281982421875
-82825 3024.205078125
-82815 3025.217041015625
-82805 3026.501953125
-82795 3027.73291015625
-82785 3028.282958984375
-82775 3029.22802734375
-82765 3031.8330078125
-82755 3034.052978515625
-82745 3036.251953125
-82735 3038.2080078125
-82725 3040.318115234375
-82715 3041.81298828125
-82705 3044.41796875
-82695 3047.264892578125
-82685 3050.451904296875
-82675 3055.5849609375
-82665 3063.455078125
-82655 3067.9609375
-82645 3071.137939453125
-82635 3070.576904296875
-82625 3071.302001953125
-82615 3076.611083984375
-82605 3081.117919921875
-82595 3083.030029296875
-82585 3081.656005859375
-82575 3083.52490234375
-82565 3084.800048828125
-82555 3085.987060546875
-82545 3088.0419921875
-82535 3084.756103515625
-82525 3080.31494140625
-82515 3084.9541015625
-82505 3091.052978515625
-82495 3098.572021484375
-82485 3094.010009765625
-82475 3095.02099609375
-82465 3097.30810546875
-82455 3103.2490234375
-82445 3108.302978515625
-82435 3109.419921875
-82425 3112.041015625
-82415 3111.867919921875
-82405 3111.385009765625
-82395 3113.1669921875
-82385 3116.875
-82375 3120.60205078125
-82365 3126.760986328125
-82355 3130.794921875
-82345 3131.116943359375
-82335 3137.034912109375
-82325 3133.093994140625
-82315 3133.10498046875
-82305 3131.9560546875
-82295 3138.426025390625
-82285 3151.81298828125
-82275 3161.800048828125
-82265 3167.660888671875
-82255 3176.876953125
-82245 3183.818115234375
-82235 3186.72607421875
-82225 3180.0029296875
-82215 3174.60205078125
-82205 3173.361083984375
-82195 3179.486083984375
-82185 3177.97998046875
-82175 3183.886962890625
-82165 3181.990966796875
-82155 3168.970947265625
-82145 3153.652099609375
-82135 3144.631103515625
-82125 3147.010009765625
-82115 3147.91796875
-82105 3135.507080078125
-82095 3127.4970703125
-82085 3127.094970703125
-82075 3126.75
-82065 3128.56591796875
-82055 3128.886962890625
-82045 3123.739013671875
-82035 3121.66796875
-82025 3124.486083984375
-82015 3126.37109375
-82005 3128.6689453125
-81995 3132.219970703125
-81985 3138.4140625
-81975 3145.285888671875
-81965 3150.113037109375
-81955 3155.112060546875
-81945 3162.31689453125
-81935 3168.4189453125
-81925 3184.7490234375
-81915 3201.97509765625
-81905 3212.318115234375
-81895 3225.131103515625
-81885 3233.7041015625
-81875 3248.2529296875
-81865 3257.8369140625
-81855 3267.075927734375
-81845 3266.134033203125
-81835 3266.052978515625
-81825 3270.01806640625
-81815 3277.0048828125
-81805 3280.625
-81795 3287.657958984375
-81785 3286.43994140625
-81775 3286.1640625
-81765 3282.41796875
-81755 3286.887939453125
-81745 3292.404052734375
-81735 3297.300048828125
-81725 3304.781005859375
-81715 3317.215087890625
-81705 3325.570068359375
-81695 3329.889892578125
-81685 3338.360107421875
-81675 3344.968017578125
-81665 3351.4150390625
-81655 3358.02197265625
-81645 3364.388916015625
-81635 3370.8359375
-81625 3376.638916015625
-81615 3382.763916015625
-81605 3389.00390625
-81595 3392.531982421875
-81585 3400.208984375
-81575 3400.9560546875
-81565 3406.114990234375
-81555 3412.22900390625
-81545 3415.722900390625
-81535 3420.594970703125
-81525 3425.6630859375
-81515 3427.81201171875
-81505 3427.156982421875
-81495 3425.3759765625
-81485 3424.135009765625
-81475 3423.985107421875
-81465 3424.19189453125
-81455 3424.823974609375
-81445 3426.364013671875
-81435 3428.375
-81425 3431.214111328125
-81415 3434.385009765625
-81405 3437.614990234375
-81395 3440.465087890625
-81385 3442.658935546875
-81375 3443.888916015625
-81365 3443.876953125
-81355 3442.41796875
-81345 3439.625
-81335 3435.327880859375
-81325 3429.111083984375
-81315 3421.135009765625
-81305 3412.654052734375
-81295 3406.39111328125
-81285 3387.93603515625
-81275 3374.375
-81265 3367.239013671875
-81255 3357.136962890625
-81245 3337.77392578125
-81235 3323.22509765625
-81225 3301.700927734375
-81215 3285.842041015625
-81205 3286.406005859375
-81195 3281.532958984375
-81185 3278.131103515625
-81175 3276.22412109375
-81165 3275.006103515625
-81155 3274.787109375
-81145 3274.77587890625
-81135 3274.87890625
-81125 3274.0400390625
-81115 3272.074951171875
-81105 3269.534912109375
-81095 3267.7080078125
-81085 3266.9609375
-81075 3266.60498046875
-81065 3265.202880859375
-81055 3263.3759765625
-81045 3261.6640625
-81035 3260.30810546875
-81025 3259.6298828125
-81015 3259.45703125
-81005 3259.216064453125
-80995 3258.364990234375
-80985 3256.125
-80975 3212.55908203125
-80965 3205.7451171875
-80955 3196.9189453125
-80945 3192.43701171875
-80935 3188.5869140625
-80925 3180.175048828125
-80915 3178.198974609375
-80905 3174.8779296875
-80895 3173.83203125
-80885 3172.532958984375
-80875 3170.7060546875
-80865 3169.06298828125
-80855 3168.5
-80845 3168.385009765625
-80835 3168.5458984375
-80825 3168.740966796875
-80815 3169.2470703125
-80805 3168.93603515625
-80795 3167.281005859375
-80785 3165.385009765625
-80775 3162.822998046875
-80765 3159.179931640625
-80755 3155.85888671875
-80745 3153.3310546875
-80735 3152.62890625
-80725 3153.06591796875
-80715 3156.985107421875
-80705 3169.166015625
-80695 3172.568115234375
-80685 3177.89990234375
-80675 3173.762939453125
-80665 3173.56689453125
-80655 3176.669921875
-80645 3182.3359375
-80635 3190.656005859375
-80625 3195.885009765625
-80615 3197.89599609375
-80605 3197.85009765625
-80595 3195.343994140625
-80585 3188.1279296875
-80575 3169.39599609375
-80565 3163.007080078125
-80555 3157.64794921875
-80545 3152.62890625
-80535 3147.262939453125
-80525 3142.1259765625
-80515 3137.863037109375
-80505 3134.26611328125
-80495 3130.72607421875
-80485 3126.819091796875
-80475 3122.716064453125
-80465 3118.659912109375
-80455 3114.23193359375
-80445 3109.5810546875
-80435 3104.881103515625
-80425 3100.14599609375
-80415 3095.135986328125
-80405 3089.94189453125
-80395 3084.529052734375
-80385 3078.841064453125
-80375 3073.013916015625
-80365 3067.23388671875
-80355 3061.373046875
-80345 3055.97998046875
-80335 3050.303955078125
-80325 3043.385009765625
-80315 3038.618896484375
-80305 3033.263916015625
-80295 3026.89501953125
-80285 3020.152099609375
-80275 3012.739990234375
-80265 3007.12890625
-80255 3005.324951171875
-80245 2992.14404296875
-80235 2961.083984375
-80225 2928.283935546875
-80215 2910.114990234375
-80205 2907.56396484375
-80195 2904.02392578125
-80185 2900.362060546875
-80175 2896.8310546875
-80165 2892.9580078125
-80155 2888.992919921875
-80145 2884.93701171875
-80135 2878.662109375
-80125 2872.62890625
-80115 2865.825927734375
-80105 2859.37890625
-80095 2853.39208984375
-80085 2847.56494140625
-80075 2842.31298828125
-80065 2837.797119140625
-80055 2834.10791015625
-80045 2831.132080078125
-80035 2828.569091796875
-80025 2826.27099609375
-80015 2823.98388671875
-80005 2818.68896484375
-79995 2819.093017578125
-79985 2815.470947265625
-79975 2810.037109375
-79965 2808.052001953125
-79955 2803.1240234375
-79945 2797.760009765625
-79935 2792.135009765625
-79925 2786.77099609375
-79915 2781.68603515625
-79905 2776.9140625
-79895 2772.264892578125
-79885 2768.014892578125
-79875 2763.85302734375
-79865 2759.742919921875
-79855 2756.069091796875
-79845 2752.4990234375
-79835 2749.155029296875
-79825 2746.2119140625
-79815 2744.0869140625
-79805 2743.112060546875
-79795 2741.26611328125
-79785 2738.56689453125
-79775 2735.031982421875
-79765 2730.990966796875
-79755 2726.568115234375
-79745 2721.84912109375
-79735 2716.85107421875
-79725 2711.886962890625
-79715 2707.428955078125
-79705 2702.4140625
-79695 2693.531982421875
-79685 2684.23291015625
-79675 2679.757080078125
-79665 2664.51904296875
-79655 2642.298095703125
-79645 2621.991943359375
-79635 2609.87109375
-79625 2602.22607421875
-79615 2592.840087890625
-79605 2583.887939453125
-79595 2580.073974609375
-79585 2575.284912109375
-79575 2569.712890625
-79565 2564.034912109375
-79555 2561.77099609375
-79545 2563.077880859375
-79535 2558.375
-79525 2554.700927734375
-79515 2559.177001953125
-79505 2553.51708984375
-79495 2547.072998046875
-79485 2533.785888671875
-79475 2518.7919921875
-79465 2502.386962890625
-79455 2488.471923828125
-79445 2476.31689453125
-79435 2465.572021484375
-79425 2456.568115234375
-79415 2446.154052734375
-79405 2435.2880859375
-79395 2426.98095703125
-79385 2421.9130859375
-79375 2406.51806640625
-79365 2391.5419921875
-79355 2386.333984375
-79345 2381.701904296875
-79335 2380.4130859375
-79325 2376.616943359375
-79315 2374.822998046875
-79305 2372.97705078125
-79295 2368.971923828125
-79285 2367.422119140625
-79275 2364.77490234375
-79265 2360.735107421875
-79255 2357.616943359375
-79245 2354.81298828125
-79235 2351.41796875
-79225 2348.00390625
-79215 2345.06103515625
-79205 2341.944091796875
-79195 2339.261962890625
-79185 2338.5830078125
-79175 2338.617919921875
-79165 2336.3359375
-79155 2335.6220703125
-79145 2335.51806640625
-79135 2337.625
-79125 2336.093017578125
-79115 2334.35107421875
-79105 2332.574951171875
-79095 2329.805908203125
-79085 2328.534912109375
-79075 2328.18603515625
-79065 2329.073974609375
-79055 2328.847900390625
-79045 2328.4130859375
-79035 2330.345947265625
-79025 2331.407958984375
-79015 2332.452880859375
-79005 2333.56689453125
-78995 2334.072998046875
-78985 2335.012939453125
-78975 2336.302001953125
-78965 2337.72900390625
-78955 2339.697998046875
-78945 2342.39697265625
-78935 2345.513916015625
-78925 2350.0419921875
-78915 2353.2109375
-78905 2355.75390625
-78895 2360.4560546875
-78885 2365.506103515625
-78875 2369.98193359375
-78865 2373.864990234375
-78855 2381.0048828125
-78845 2385.0458984375
-78835 2392.115966796875
-78825 2396.2958984375
-78815 2403.01806640625
-78805 2408.625
-78795 2414.98193359375
-78785 2420.52001953125
-78775 2426.701904296875
-78765 2435.5830078125
-78755 2441.52197265625
-78745 2447.2509765625
-78735 2452.89404296875
-78725 2458.51904296875
-78715 2463.60400390625
-78705 2468.618896484375
-78695 2474.22705078125
-78685 2479.922119140625
-78675 2485.8779296875
-78665 2492.721923828125
-78655 2499.39208984375
-78645 2505.85302734375
-78635 2513.200927734375
-78625 2520.237060546875
-78615 2522.30908203125
-78605 2534.72607421875
-78595 2552.262939453125
-78585 2562.2939453125
-78575 2571.802001953125
-78565 2580.7890625
-78555 2584.514892578125
-78545 2591.4990234375
-78535 2594.510986328125
-78525 2600.74609375
-78515 2606.544921875
-78505 2612.362060546875
-78495 2620.35498046875
-78485 2627.407958984375
-78475 2632.6669921875
-78465 2639.406982421875
-78455 2644.927001953125
-78445 2650.343017578125
-78435 2655.672119140625
-78425 2660.18310546875
-78415 2662.2548828125
-78405 2663.9970703125
-78395 2665.89501953125
-78385 2668.31494140625
-78375 2671.06689453125
-78365 2673.5048828125
-78355 2676.343994140625
-78345 2679.3740234375
-78335 2682.368896484375
-78325 2684.3720703125
-78315 2686.131103515625
-78305 2688.134033203125
-78295 2690.553955078125
-78285 2693.6708984375
-78275 2696.492919921875
-78265 2698.8779296875
-78255 2700.950927734375
-78245 2702.675048828125
-78235 2704.695068359375
-78225 2706.43701171875
-78215 2707.342041015625
-78205 2709.7451171875
-78195 2715.160888671875
-78185 2718.31298828125
-78175 2723.833984375
-78165 2726.028076171875
-78155 2727.404052734375
-78145 2732.4189453125
-78135 2734.64794921875
-78125 2736.180908203125
-78115 2739.02001953125
-78105 2741.3359375
-78095 2741.527099609375
-78085 2746.14208984375
-78075 2750.635009765625
-78065 2756.0859375
-78055 2761.694091796875
-78045 2765.785888671875
-78035 2769.04296875
-78025 2772.195068359375
-78015 2775.922119140625
-78005 2778.133056640625
-77995 2781.007080078125
-77985 2784.037109375
-77975 2788.373046875
-77965 2791.751953125
-77955 2792.37890625
-77945 2791.385986328125
-77935 2791.10693359375
-77925 2793.406005859375
-77915 2794.5380859375
-77905 2797.323974609375
-77895 2801.137939453125
-77885 2805.00390625
-77875 2806.222900390625
-77865 2808.208984375
-77855 2811.3779296875
-77845 2814.077880859375
-77835 2816.881103515625
-77825 2819.633056640625
-77815 2822.261962890625
-77805 2824.85693359375
-77795 2827.174072265625
-77785 2830.325927734375
-77775 2832.20703125
-77765 2835.532958984375
-77755 2839.450927734375
-77745 2842.464111328125
-77735 2846.10400390625
-77725 2849.202880859375
-77715 2855.455078125
-77705 2861.968994140625
-77695 2864.05810546875
-77685 2868.06298828125
-77675 2872.50390625
-77665 2875.360107421875
-77655 2877.72900390625
-77645 2879.22705078125
-77635 2881.717041015625
-77625 2883.806884765625
-77615 2886.6279296875
-77605 2889.39697265625
-77595 2892.131103515625
-77585 2895.14404296875
-77575 2898.39990234375
-77565 2901.552001953125
-77555 2904.966064453125
-77545 2908.10009765625
-77535 2911.826904296875
-77525 2915.971923828125
-77515 2922.06689453125
-77505 2927.18896484375
-77495 2932.12890625
-77485 2936.551025390625
-77475 2940.569091796875
-77465 2943.64501953125
-77455 2947.56689453125
-77445 2951.777099609375
-77435 2956.507080078125
-77425 2961.29296875
-77415 2966.5029296875
-77405 2971.81005859375
-77395 2977.30810546875
-77385 2982.864013671875
-77375 2988.303955078125
-77365 2993.70703125
-77355 2998.992919921875
-77345 3004.18408203125
-77335 3009.201904296875
-77325 3014.277099609375
-77315 3019.678955078125
-77305 3024.3701171875
-77295 3028.77294921875
-77285 3030.31103515625
-77275 3031.945068359375
-77265 3044.864013671875
-77255 3056.18701171875
-77245 3068.8759765625
-77235 3082.14111328125
-77225 3087.60107421875
-77215 3081.698974609375
-77205 3068.799072265625
-77195 3050.284912109375
-77185 3040.97998046875
-77175 3021.77490234375
-77165 2949.8349609375
-77155 2941.4541015625
-77145 2934.110107421875
-77135 2927.24609375
-77125 2920.748046875
-77115 2914.73095703125
-77105 2909.406005859375
-77095 2904.2919921875
-77085 2899.927978515625
-77075 2897.967041015625
-77065 2895.737060546875
-77055 2891.623046875
-77045 2888.1240234375
-77035 2885.298095703125
-77025 2883.701904296875
-77015 2883.529052734375
-77005 2883.35595703125
-76995 2885.1630859375
-76985 2890.162109375
-76975 2896.428955078125
-76965 2901.388916015625
-76955 2900.427978515625
-76945 2902.5810546875
-76935 2903.0419921875
-76925 2901.02392578125
-76915 2900.27392578125
-76905 2901.427001953125
-76895 2903.3310546875
-76885 2906.59912109375
-76875 2910.712890625
-76865 2915.595947265625
-76855 2914.23095703125
-76845 2907.214111328125
-76835 2902.5419921875
-76825 2904.77197265625
-76815 2898.486083984375
-76805 2893.410888671875
-76795 2887.028076171875
-76785 2880.549072265625
-76775 2880.721923828125
-76765 2880.6650390625
-76755 2880.760986328125
-76745 2880.4150390625
-76735 2883.18310546875
-76725 2887.10498046875
-76715 2893.757080078125
-76705 2899.177978515625
-76695 2906.580078125
-76685 2911.462890625
-76675 2910.905029296875
-76665 2910.52099609375
-76655 2908.214111328125
-76645 2904.946044921875
-76635 2901.657958984375
-76625 2900.388916015625
-76615 2900.235107421875
-76605 2901.177001953125
-76595 2901.77294921875
-76585 2904.7529296875
-76575 2909.444091796875
-76565 2911.693115234375
-76555 2916.884033203125
-76545 2918.075927734375
-76535 2918.69091796875
-76525 2924.9970703125
-76515 2926.97705078125
-76505 2927.362060546875
-76495 2927.74609375
-76485 2926.572998046875
-76475 2932.39892578125
-76465 2932.9951171875
-76455 2925.573974609375
-76445 2920.76806640625
-76435 2910.77099609375
-76425 2902.77294921875
-76415 2895.697998046875
-76405 2897.56298828125
-76395 2887.81591796875
-76385 2880.68408203125
-76375 2866.1689453125
-76365 2848.212890625
-76355 2828.968994140625
-76345 2812.97412109375
-76335 2795.883056640625
-76325 2779.656982421875
-76315 2768.333984375
-76305 2761.64404296875
-76295 2756.490966796875
-76285 2751.85791015625
-76275 2747.571044921875
-76265 2743.014892578125
-76255 2737.7470703125
-76245 2733.305908203125
-76235 2729.01904296875
-76225 2723.462890625
-76215 2717.156982421875
-76205 2709.8330078125
-76195 2702.912109375
-76185 2698.298095703125
-76175 2692.85693359375
-76165 2688.8779296875
-76155 2686.64697265625
-76145 2683.7451171875
-76135 2680.302978515625
-76125 2676.132080078125
-76115 2670.69091796875
-76105 2665.05810546875
-76095 2659.8291015625
-76085 2653.446044921875
-76075 2646.447998046875
-76065 2640.8349609375
-76055 2635.14404296875
-76045 2628.089111328125
-76035 2620.802001953125
-76025 2615.093017578125
-76015 2609.72900390625
-76005 2604.404052734375
-75995 2598.77099609375
-75985 2592.50390625
-75975 2588.10107421875
-75965 2583.178955078125
-75955 2577.06591796875
-75945 2571.529052734375
-75935 2565.666015625
-75925 2558.87890625
-75915 2550.419921875
-75905 2543.19189453125
-75895 2536.406005859375
-75885 2531.196044921875
-75875 2520.52587890625
-75865 2510.43310546875
-75855 2501.64697265625
-75845 2490.51611328125
-75835 2482.9990234375
-75825 2477.885009765625
-75815 2472.675048828125
-75805 2466.5419921875
-75795 2460.10205078125
-75785 2444.43408203125
-75775 2432.342041015625
-75765 2422.133056640625
-75755 2410.541015625
-75745 2401.29296875
-75735 2392.777099609375
-75725 2385.798095703125
-75715 2375.090087890625
-75705 2363.76708984375
-75695 2354.076904296875
-75685 2344.06103515625
-75675 2332.10302734375
-75665 2310.072021484375
-75655 2283.464111328125
-75645 2274.8330078125
-75635 2260.279052734375
-75625 2251.955078125
-75615 2242.784912109375
-75605 2235.555908203125
-75595 2228.424072265625
-75585 2221.291015625
-75575 2215.29296875
-75565 2212.10205078125
-75555 2210.659912109375
-75545 2208.333984375
-75535 2207.910888671875
-75525 2207.468994140625
-75515 2206.373046875
-75505 2205.680908203125
-75495 2205.738037109375
-75485 2205.162109375
-75475 2205.468994140625
-75465 2206.89208984375
-75455 2206.64208984375
-75445 2205.218994140625
-75435 2205.373046875
-75425 2205.10400390625
-75415 2204.81591796875
-75405 2204.5458984375
-75395 2204.758056640625
-75385 2205.0849609375
-75375 2204.162109375
-75365 2204.2958984375
-75355 2204.3349609375
-75345 2204.39306640625
-75335 2204.699951171875
-75325 2205.758056640625
-75315 2207.007080078125
-75305 2209.007080078125
-75295 2207.718994140625
-75285 2206.738037109375
-75275 2206.60400390625
-75265 2207.89208984375
-75255 2208.8720703125
-75245 2209.60302734375
-75235 2212.02490234375
-75225 2213.967041015625
-75215 2217.427001953125
-75205 2225.385986328125
-75195 2232.884033203125
-75185 2238.40087890625
-75175 2243.861083984375
-75165 2252.35888671875
-75155 2264.278076171875
-75145 2273.639892578125
-75135 2284.09912109375
-75125 2298.883056640625
-75115 2304.034912109375
-75105 2307.611083984375
-75095 2314.205078125
-75085 2322.720947265625
-75075 2332.238037109375
-75065 2336.756103515625
-75055 2343.406982421875
-75045 2352.115966796875
-75035 2362.132080078125
-75025 2370.2451171875
-75015 2377.1279296875
-75005 2385.366943359375
-74995 2393.6259765625
-74985 2399.403076171875
-74975 2406.116943359375
-74965 2412.0869140625
-74955 2419.14111328125
-74945 2426.778076171875
-74935 2434.64111328125
-74925 2441.031982421875
-74915 2450.56201171875
-74905 2455.948974609375
-74895 2462.4208984375
-74885 2473.260986328125
-74875 2480.205078125
-74865 2485.9619140625
-74855 2489.472900390625
-74845 2496.626953125
-74835 2500.591064453125
-74825 2504.779052734375
-74815 2507.35400390625
-74805 2510.81298828125
-74795 2513.906005859375
-74785 2517.867919921875
-74775 2523.7919921875
-74765 2529.196044921875
-74755 2534.9560546875
-74745 2544.35595703125
-74735 2552.672119140625
-74725 2557.89794921875
-74715 2562.52490234375
-74705 2568.47900390625
-74695 2574.20703125
-74685 2580.485107421875
-74675 2587.927001953125
-74665 2599.447021484375
-74655 2611.43603515625
-74645 2618.990966796875
-74635 2624.864990234375
-74625 2631.044921875
-74615 2636.72412109375
-74605 2640.962890625
-74595 2642.14404296875
-74585 2642.9208984375
-74575 2642.177001953125
-74565 2643.01806640625
-74555 2644.1669921875
-74545 2644.89501953125
-74535 2644.68408203125
-74525 2647.660888671875
-74515 2647.85498046875
-74505 2649.360107421875
-74495 2652.951904296875
-74485 2657.368896484375
-74475 2661.60791015625
-74465 2665.199951171875
-74455 2665.216064453125
-74445 2664.827880859375
-74435 2665.52294921875
-74425 2667.011962890625
-74415 2667.77197265625
-74405 2671.4609375
-74395 2677.10791015625
-74385 2676.444091796875
-74375 2675.52197265625
-74365 2675.845947265625
-74355 2676.702880859375
-74345 2674.843017578125
-74335 2672.431884765625
-74325 2670.2958984375
-74315 2667.447998046875
-74305 2664.8759765625
-74295 2664.972900390625
-74285 2664.2939453125
-74275 2663.85693359375
-74265 2662.98291015625
-74255 2661.527099609375
-74245 2661.39697265625
-74235 2662.3359375
-74225 2663.905029296875
-74215 2666.041015625
-74205 2666.493896484375
-74195 2666.5419921875
-74185 2669.050048828125
-74175 2674.778076171875
-74165 2679.323974609375
-74155 2684.64697265625
-74145 2687.18798828125
-74135 2688.48193359375
-74125 2688.385009765625
-74115 2690.375
-74105 2690.95703125
-74095 2692.072998046875
-74085 2689.7109375
-74075 2685.552978515625
-74065 2682.656982421875
-74055 2677.98095703125
-74045 2674.050048828125
-74035 2675.2958984375
-74025 2673.660888671875
-74015 2673.77490234375
-74005 2675.60302734375
-73995 2674.5029296875
-73985 2673.047119140625
-73975 2670.862060546875
-73965 2669.470947265625
-73955 2667.803955078125
-73945 2666.6240234375
-73935 2663.905029296875
-73925 2663.58203125
-73915 2661.47900390625
-73905 2660.427001953125
-73895 2658.77587890625
-73885 2657.222900390625
-73875 2656.721923828125
-73865 2654.81298828125
-73855 2654.68310546875
-73845 2652.41796875
-73835 2649.958984375
-73825 2648.85791015625
-73815 2648.679931640625
-73805 2649.425048828125
-73795 2651.205078125
-73785 2651.027099609375
-73775 2650.26611328125
-73765 2650.281982421875
-73755 2648.615966796875
-73745 2646.93310546875
-73735 2647.06298828125
-73725 2644.0048828125
-73715 2640.7529296875
-73705 2637.93798828125
-73695 2636.14208984375
-73685 2633.95703125
-73675 2631.48193359375
-73665 2627.5830078125
-73655 2623.763916015625
-73645 2620.074951171875
-73635 2617.324951171875
-73625 2614.784912109375
-73615 2612.95703125
-73605 2610.076904296875
-73595 2606.823974609375
-73585 2604.236083984375
-73575 2602.6669921875
-73565 2597.780029296875
-73555 2591.06591796875
-73545 2588.573974609375
-73535 2587.991943359375
-73525 2587.0048828125
-73515 2587.376953125
-73505 2588.008056640625
-73495 2587.635986328125
-73485 2588.02392578125
-73475 2586.131103515625
-73465 2589.77099609375
-73455 2595.2080078125
-73445 2595.4990234375
-73435 2601.614990234375
-73425 2593.541015625
-73415 2588.55810546875
-73405 2586.778076171875
-73395 2585.72705078125
-73385 2584.302978515625
-73375 2584.416015625
-73365 2583.784912109375
-73355 2584.384033203125
-73345 2584.8369140625
-73335 2585.06298828125
-73325 2585.56494140625
-73315 2586.277099609375
-73305 2587.635986328125
-73295 2589.77099609375
-73285 2591.195068359375
-73275 2593.655029296875
-73265 2596.43798828125
-73255 2599.31689453125
-73245 2602.52099609375
-73235 2605.498046875
-73225 2608.053955078125
-73215 2611.56494140625
-73205 2613.717041015625
-73195 2615.966064453125
-73185 2618.68408203125
-73175 2621.677001953125
-73165 2625.430908203125
-73155 2628.844970703125
-73145 2632.532958984375
-73135 2635.818115234375
-73125 2638.633056640625
-73115 2642.823974609375
-73105 2646.803955078125
-73095 2650.590087890625
-73085 2653.696044921875
-73075 2656.802001953125
-73065 2660.60498046875
-73055 2664.375
-73045 2667.431884765625
-73035 2670.60400390625
-73025 2674.487060546875
-73015 2677.8359375
-73005 2681.39501953125
-72995 2685.133056640625
-72985 2687.673095703125
-72975 2690.180908203125
-72965 2691.10302734375
-72955 2691.992919921875
-72945 2695.29296875
-72935 2696.991943359375
-72925 2699.094970703125
-72915 2701.4580078125
-72905 2703.074951171875
-72895 2703.383056640625
-72885 2704.14306640625
-72875 2704.64501953125
-72865 2705.114013671875
-72855 2705.632080078125
-72845 2707.556884765625
-72835 2709.85498046875
-72825 2712.135986328125
-72815 2712.701904296875
-72805 2713.4140625
-72795 2713.931884765625
-72785 2716.95703125
-72775 2720.112060546875
-72765 2722.507080078125
-72755 2725.240966796875
-72745 2729.593994140625
-72735 2737.617919921875
-72725 2746.22607421875
-72715 2754.52587890625
-72705 2758.262939453125
-72695 2762.424072265625
-72685 2763.844970703125
-72675 2767.340087890625
-72665 2773.0029296875
-72655 2777.697021484375
-72645 2785.201904296875
-72635 2795.02294921875
-72625 2804.426025390625
-72615 2807.337890625
-72605 2809.425048828125
-72595 2811.5419921875
-72585 2814.214111328125
-72575 2817.72509765625
-72565 2823.322998046875
-72555 2828.27392578125
-72545 2831.623046875
-72535 2835.408935546875
-72525 2840.635009765625
-72515 2842.948974609375
-72505 2847.044921875
-72495 2851.3720703125
-72485 2854.294921875
-72475 2857.680908203125
-72465 2860.79296875
-72455 2864.02099609375
-72445 2868.406005859375
-72435 2873.10595703125
-72425 2881.075927734375
-72415 2889.43505859375
-72405 2895.197021484375
-72395 2899.10888671875
-72385 2902.9150390625
-72375 2909.68701171875
-72365 2913.030029296875
-72355 2915.922119140625
-72345 2920.93701171875
-72335 2924.75390625
-72325 2928.6240234375
-72315 2935.416015625
-72305 2941.988037109375
-72295 2949.537109375
-72285 2957.054931640625
-72275 2960.156982421875
-72265 2964.510009765625
-72255 2968.154052734375
-72245 2969.993896484375
-72235 2976.592041015625
-72225 2985.924072265625
-72215 2995.7548828125
-72205 2997.43701171875
-72195 3004.093017578125
-72185 3014.1240234375
-72175 3018.72900390625
-72165 3022.282958984375
-72155 3028.85498046875
-72145 3030.389892578125
-72135 3029.43310546875
-72125 3029.285888671875
-72115 3026.300048828125
-72105 3020.4541015625
-72095 3020.39111328125
-72085 3016.56298828125
-72075 3014.470947265625
-72065 3012.3359375
-72055 3011.40087890625
-72045 3007.216064453125
-72035 3004.987060546875
-72025 3003.35693359375
-72015 3002.800048828125
-72005 3003
-71995 3001.654052734375
-71985 3002.304931640625
-71975 2999.24609375
-71965 3000.739013671875
-71955 3001.053955078125
-71945 3001.23291015625
-71935 3001.47509765625
-71925 3002.884033203125
-71915 3007.363037109375
-71905 3010.10693359375
-71895 3012.535888671875
-71885 3015.52197265625
-71875 3018.823974609375
-71865 3024.7119140625
-71855 3029.77001953125
-71845 3035.080078125
-71835 3039.31689453125
-71825 3046.824951171875
-71815 3054.217041015625
-71805 3065.425048828125
-71795 3073.7529296875
-71785 3082.64794921875
-71775 3090.177001953125
-71765 3095.58203125
-71755 3095.77099609375
-71745 3095.340087890625
-71735 3092.700927734375
-71725 3091.43896484375
-71715 3091.680908203125
-71705 3092.531982421875
-71695 3093.64697265625
-71685 3094.992919921875
-71675 3096.623046875
-71665 3098.2939453125
-71655 3099.840087890625
-71645 3101.39599609375
-71635 3102.951904296875
-71625 3104.718994140625
-71615 3106.23291015625
-71605 3107.81005859375
-71595 3109.323974609375
-71585 3110.7958984375
-71575 3112.447021484375
-71565 3114.055908203125
-71555 3115.623046875
-71545 3117.16796875
-71535 3118.660888671875
-71525 3120.31201171875
-71515 3121.825927734375
-71505 3123.24609375
-71495 3124.508056640625
-71485 3126.031982421875
-71475 3127.31494140625
-71465 3128.544921875
-71455 3129.89111328125
-71445 3130.805908203125
-71435 3131.962890625
-71425 3132.929931640625
-71415 3133.823974609375
-71405 3134.696044921875
-71395 3135.49609375
-71385 3136.094970703125
-71375 3136.85205078125
-71365 3137.618896484375
-71355 3138.302978515625
-71345 3138.9130859375
-71335 3139.4169921875
-71325 3139.9541015625
-71315 3140.56396484375
-71305 3140.962890625
-71295 3141.279052734375
-71285 3141.677978515625
-71275 3141.972900390625
-71265 3141.993896484375
-71255 3141.993896484375
-71245 3142.056884765625
-71235 3141.7939453125
-71225 3141.405029296875
-71215 3141.363037109375
-71205 3141.089111328125
-71195 3140.804931640625
-71185 3140.259033203125
-71175 3139.785888671875
-71165 3139.01806640625
-71155 3137.735107421875
-71145 3136.947021484375
-71135 3139.0390625
-71125 3144.906005859375
-71115 3147.31396484375
-71105 3150.510009765625
-71095 3148.197021484375
-71085 3144.570068359375
-71075 3150.8359375
-71065 3156.68310546875
-71055 3161.02490234375
-71045 3166.56689453125
-71035 3168.458984375
-71025 3171.06689453125
-71015 3173.263916015625
-71005 3174.610107421875
-70995 3176.31396484375
-70985 3177.90087890625
-70975 3177.659912109375
-70965 3176.64990234375
-70955 3176.544921875
-70945 3178.080078125
-70935 3180.572021484375
-70925 3185.97705078125
-70915 3189.510009765625
-70905 3193.5048828125
-70895 3199.14111328125
-70885 3206.912109375
-70875 3214.498046875
-70865 3221.60595703125
-70855 3229.56494140625
-70845 3240.280029296875
-70835 3251.236083984375
-70825 3216.51708984375
-70815 3201.591064453125
-70805 3184.736083984375
-70795 3183.368896484375
-70785 3168.01806640625
-70775 3147.345947265625
-70765 3135.347900390625
-70755 3137.576904296875
-70745 3141.677978515625
-70735 3142.572021484375
-70725 3115.075927734375
-70715 3092.5849609375
-70705 3077.243896484375
-70695 3069.178955078125
-70685 3063.2490234375
-70675 3051.93505859375
-70665 3036.39404296875
-70655 3026.66796875
-70645 3018.7080078125
-70635 3010.843994140625
-70625 3003.59912109375
-70615 2997.006103515625
-70605 2990.787109375
-70595 2984.662109375
-70585 2980.14599609375
-70575 2975.361083984375
-70565 2973.720947265625
-70555 2970.60400390625
-70545 2965.946044921875
-70535 2967.0439453125
-70525 2969.64111328125
-70515 2969.0419921875
-70505 2965.068115234375
-70495 2967.35400390625
-70485 2965.162109375
-70475 2976.64892578125
-70465 2964.863037109375
-70455 2957.465087890625
-70445 2953.490966796875
-70435 2953.112060546875
-70425 2959
-70415 2956.781982421875
-70405 2961.5029296875
-70395 2964.73095703125
-70385 2966.160888671875
-70375 2967.092041015625
-70365 2969.577880859375
-70355 2978.33203125
-70345 2967.717041015625
-70335 2965.72998046875
-70325 2974.694091796875
-70315 2974.782958984375
-70305 2955.93603515625
-70295 2944.7529296875
-70285 2936.950927734375
-70275 2930.905029296875
-70265 2928.91796875
-70255 2929.10693359375
-70245 2919.676025390625
-70235 2911.073974609375
-70225 2896.47998046875
-70215 2886.64892578125
-70205 2887.153076171875
-70195 2883.220947265625
-70185 2875.8291015625
-70175 2867.805908203125
-70165 2860.162109375
-70155 2852.30810546875
-70145 2847.344970703125
-70135 2841.10888671875
-70125 2829.458984375
-70115 2826.662109375
-70105 2822.56103515625
-70095 2818.48193359375
-70085 2812.7509765625
-70075 2806.64208984375
-70065 2800.8798828125
-70055 2797.010009765625
-70045 2793.4990234375
-70035 2791.64794921875
-70025 2789.10400390625
-70015 2785.592041015625
-70005 2782.76611328125
-69995 2777.79296875
-69985 2773.10400390625
-69975 2768.717041015625
-69965 2764.31298828125
-69955 2760.912109375
-69945 2757.955078125
-69935 2755.3798828125
-69925 2753.568115234375
-69915 2751.0400390625
-69905 2749.513916015625
-69895 2749.449951171875
-69885 2746.446044921875
-69875 2743.72802734375
-69865 2741.597900390625
-69855 2738.625
-69845 2736.2890625
-69835 2733.283935546875
-69825 2729.69189453125
-69815 2726.528076171875
-69805 2723.491943359375
-69795 2720.424072265625
-69785 2717.404052734375
-69775 2714.35205078125
-69765 2711.31591796875
-69755 2708.614013671875
-69745 2705.927001953125
-69735 2703.718017578125
-69725 2700.64990234375
-69715 2698.43994140625
-69705 2696.531982421875
-69695 2696.468994140625
-69685 2695.007080078125
-69675 2691.60498046875
-69665 2689.26806640625
-69655 2687.424072265625
-69645 2685.70703125
-69635 2685.43701171875
-69625 2685.15087890625
-69615 2684.89697265625
-69605 2682.8779296875
-69595 2681.447021484375
-69585 2679.60302734375
-69575 2677.552978515625
-69565 2676.343994140625
-69555 2675.533935546875
-69545 2676.677978515625
-69535 2677.742919921875
-69525 2676.217041015625
-69515 2674.452880859375
-69505 2672.60888671875
-69495 2670.68603515625
-69485 2668.284912109375
-69475 2665.5830078125
-69465 2664.326904296875
-69455 2662.721923828125
-69445 2661.35400390625
-69435 2660.925048828125
-69425 2659.988037109375
-69415 2657.60302734375
-69405 2655.552001953125
-69395 2653.135986328125
-69385 2649.702880859375
-69375 2645.887939453125
-69365 2642.660888671875
-69355 2638.89404296875
-69345 2636.748046875
-69335 2634.5380859375
-69325 2632.5029296875
-69315 2630.802001953125
-69305 2629.577880859375
-69295 2628.8310546875
-69285 2628.736083984375
-69275 2626.860107421875
-69265 2625.68408203125
-69255 2622.742919921875
-69245 2619.0869140625
-69235 2616.989013671875
-69225 2615.987060546875
-69215 2615.3349609375
-69205 2615.510009765625
-69195 2615.239990234375
-69185 2615.032958984375
-69175 2613.47607421875
-69165 2612.886962890625
-69155 2613.824951171875
-69145 2611.535888671875
-69135 2611.615966796875
-69125 2610.885009765625
-69115 2608.739013671875
-69105 2608.70703125
-69095 2608.818115234375
-69085 2610.2958984375
-69075 2611.93408203125
-69065 2613.39599609375
-69055 2613.427978515625
-69045 2612.697021484375
-69035 2612.39501953125
-69025 2611.72705078125
-69015 2609.56494140625
-69005 2607.243896484375
-68995 2604.81201171875
-68985 2601.9990234375
-68975 2600.6630859375
-68965 2597.9609375
-68955 2593.366943359375
-68945 2590.10791015625
-68935 2583.861083984375
-68925 2575.166015625
-68915 2571.47802734375
-68905 2568.886962890625
-68895 2565.23095703125
-68885 2560.256103515625
-68875 2556.26611328125
-68865 2552.196044921875
-68855 2552.784912109375
-68845 2549.955078125
-68835 2548.7470703125
-68825 2546.029052734375
-68815 2543.294921875
-68805 2540.22705078125
-68795 2537.37890625
-68785 2534.59912109375
-68775 2531.626953125
-68765 2528.39990234375
-68755 2525.5390625
-68745 2522.992919921875
-68735 2519.89599609375
-68725 2517.097900390625
-68715 2515.156005859375
-68705 2513.2509765625
-68695 2510.720947265625
-68685 2507.22412109375
-68675 2504.555908203125
-68665 2502.235107421875
-68655 2501.010986328125
-68645 2501.837890625
-68635 2503.52001953125
-68625 2504.428955078125
-68615 2505.287109375
-68605 2505.98388671875
-68595 2507.195068359375
-68585 2507.4169921875
-68575 2507.35400390625
-68565 2504.906005859375
-68555 2502.72802734375
-68545 2501.77392578125
-68535 2500.820068359375
-68525 2501.279052734375
-68515 2501.805908203125
-68505 2501.98095703125
-68495 2503.156982421875
-68485 2503.074951171875
-68475 2503.72705078125
-68465 2502.3779296875
-68455 2502.839111328125
-68445 2503.39306640625
-68435 2503.617919921875
-68425 2503.030029296875
-68415 2501.695068359375
-68405 2500.23193359375
-68395 2500.010009765625
-68385 2502.2509765625
-68375 2503.490966796875
-68365 2499.929931640625
-68355 2496.465087890625
-68345 2494.4140625
-68335 2490.4560546875
-68325 2487.1630859375
-68315 2481.201904296875
-68305 2478.324951171875
-68295 2479.087890625
-68285 2480.010009765625
-68275 2480.202880859375
-68265 2479.3291015625
-68255 2480.839111328125
-68245 2481.904052734375
-68235 2481.965087890625
-68225 2482.39697265625
-68215 2482.47607421875
-68205 2479.04296875
-68195 2475.510986328125
-68185 2474.62109375
-68175 2474.0830078125
-68165 2473.4951171875
-68155 2472.364013671875
-68145 2472.364013671875
-68135 2471.842041015625
-68125 2471.06298828125
-68115 2471.235107421875
-68105 2469.3779296875
-68095 2469.10498046875
-68085 2469.028076171875
-68075 2467.721923828125
-68065 2465.7060546875
-68055 2462.381103515625
-68045 2456.0859375
-68035 2453.89501953125
-68025 2451.590087890625
-68015 2448.074951171875
-68005 2446.0400390625
-67995 2442.3359375
-67985 2438.075927734375
-67975 2434.260986328125
-67965 2432.14697265625
-67955 2429.445068359375
-67945 2426.5830078125
-67935 2423.02197265625
-67925 2420.001953125
-67915 2416.138916015625
-67905 2412.97607421875
-67895 2409.590087890625
-67885 2404.822021484375
-67875 2400.43408203125
-67865 2395.52197265625
-67855 2390.531005859375
-67845 2385.5400390625
-67835 2381.533935546875
-67825 2380.56396484375
-67815 2377.194091796875
-67805 2373.427001953125
-67795 2368.260009765625
-67785 2363.237060546875
-67775 2358.008056640625
-67765 2352.4599609375
-67755 2346.593994140625
-67745 2340.77587890625
-67735 2335.403076171875
-67725 2329.80810546875
-67715 2324.9599609375
-67705 2320.25390625
-67695 2314.785888671875
-67685 2309.635986328125
-67675 2304.9150390625
-67665 2299.14501953125
-67655 2294.677978515625
-67645 2290.35400390625
-67635 2287.031982421875
-67625 2283.217041015625
-67615 2279.385986328125
-67605 2274.743896484375
-67595 2270.85009765625
-67585 2266.3349609375
-67575 2260.883056640625
-67565 2255.636962890625
-67555 2252.10791015625
-67545 2248.7060546875
-67535 2244.68505859375
-67525 2239.7890625
-67515 2234.861083984375
-67505 2230.2060546875
-67495 2227.656982421875
-67485 2225.136962890625
-67475 2223.902099609375
-67465 2223.26806640625
-67455 2223.02392578125
-67445 2220.615966796875
-67435 2216.360107421875
-67425 2211.256103515625
-67415 2207.3359375
-67405 2203.551025390625
-67395 2200.820068359375
-67385 2198.85302734375
-67375 2195.863037109375
-67365 2186.72705078125
-67355 2178.51904296875
-67345 2171.740966796875
-67335 2164.84912109375
-67325 2159.468017578125
-67315 2155.925048828125
-67305 2153.373046875
-67295 2151.01611328125
-67285 2148.98388671875
-67275 2147.405029296875
-67265 2145.39208984375
-67255 2142.580078125
-67245 2139.669921875
-67235 2137.655029296875
-67225 2135.2490234375
-67215 2133.412109375
-67205 2131.087890625
-67195 2128.373046875
-67185 2125.756103515625
-67175 2123.009033203125
-67165 2119.968994140625
-67155 2118.01904296875
-67145 2115.56201171875
-67135 2111.906982421875
-67125 2108.054931640625
-67115 2104.0048828125
-67105 2099.31005859375
-67095 2094.756103515625
-67085 2090.35107421875
-67075 2086.514892578125
-67065 2082.89306640625
-67055 2077.77001953125
-67045 2078.455078125
-67035 2080.971923828125
-67025 2086.72900390625
-67015 2091.81396484375
-67005 2094.514892578125
-66995 2098.64111328125
-66985 2099.7490234375
-66975 2099.908935546875
-66965 2100.236083984375
-66955 2099.81396484375
-66945 2099.0009765625
-66935 2099.196044921875
-66925 2099.22900390625
-66915 2097.781982421875
-66905 2096.238037109375
-66895 2095.408935546875
-66885 2095.97802734375
-66875 2097.2919921875
-66865 2101.30908203125
-66855 2101.797119140625
-66845 2104.868896484375
-66835 2109.48291015625
-66825 2114.362060546875
-66815 2117.219970703125
-66805 2118.73388671875
-66795 2119.593017578125
-66785 2120.666015625
-66775 2125.965087890625
-66765 2132.826904296875
-66755 2139.89794921875
-66745 2146.431884765625
-66735 2152.4140625
-66725 2159.2900390625
-66715 2165.888916015625
-66705 2173.041015625
-66695 2179.85205078125
-66685 2186.676025390625
-66675 2193.033935546875
-66665 2199.2919921875
-66655 2205.59912109375
-66645 2210.927978515625
-66635 2213.548095703125
-66625 2218.050048828125
-66615 2221.155029296875
-66605 2223.16796875
-66595 2226.194091796875
-66585 2229.720947265625
-66575 2233.97998046875
-66565 2238.64501953125
-66555 2244.2041015625
-66545 2251.306884765625
-66535 2258.39404296875
-66525 2266.35888671875
-66515 2275.02294921875
-66505 2284.922119140625
-66495 2295.616943359375
-66485 2298.885009765625
-66475 2301.013916015625
-66465 2311.173095703125
-66455 2319.625
-66445 2331.735107421875
-66435 2338.886962890625
-66425 2345.12890625
-66415 2349.81005859375
-66405 2353.678955078125
-66395 2357.06005859375
-66385 2359.40087890625
-66375 2360.033935546875
-66365 2360.3759765625
-66355 2362.43994140625
-66345 2364.845947265625
-66335 2364.06591796875
-66325 2366.488037109375
-66315 2370.60009765625
-66305 2374.43603515625
-66295 2379.035888671875
-66285 2382.85595703125
-66275 2379.60498046875
-66265 2385.927978515625
-66255 2392.39697265625
-66245 2395.74609375
-66235 2399.27294921875
-66225 2404.782958984375
-66215 2410.131103515625
-66205 2415.77197265625
-66195 2421.623046875
-66185 2428.823974609375
-66175 2436.430908203125
-66165 2443.972900390625
-66155 2451.531982421875
-66145 2458.798095703125
-66135 2464.388916015625
-66125 2471.0380859375
-66115 2478.693115234375
-66105 2486.02392578125
-66095 2493.56591796875
-66085 2501.62890625
-66075 2510.927001953125
-66065 2520.304931640625
-66055 2529.944091796875
-66045 2544.572998046875
-66035 2554.97705078125
-66025 2561.087890625
-66015 2572.823974609375
-66005 2580.284912109375
-65995 2594.248046875
-65985 2618.467041015625
-65975 2613.492919921875
-65965 2598.133056640625
-65955 2589.7939453125
-65945 2581.8291015625
-65935 2576.285888671875
-65925 2572.125
-65915 2567.135009765625
-65905 2564.404052734375
-65895 2562.9580078125
-65885 2564.778076171875
-65875 2566.468994140625
-65865 2567.492919921875
-65855 2569.216064453125
-65845 2567.655029296875
-65835 2571.2958984375
-65825 2571.864990234375
-65815 2571.166015625
-65805 2574.6279296875
-65795 2577.09912109375
-65785 2577.01806640625
-65775 2579.114990234375
-65765 2582.528076171875
-65755 2582.85302734375
-65745 2584.02392578125
-65735 2585.048095703125
-65725 2585.27490234375
-65715 2584.656982421875
-65705 2585.794921875
-65695 2584.072021484375
-65685 2583.7470703125
-65675 2584.4140625
-65665 2587.095947265625
-65655 2593.743896484375
-65645 2601.757080078125
-65635 2610.259033203125
-65625 2620.987060546875
-65615 2628.85400390625
-65605 2632.34912109375
-65595 2639.257080078125
-65585 2644.2958984375
-65575 2647.677001953125
-65565 2654.27587890625
-65555 2659.705078125
-65545 2666.56494140625
-65535 2673.652099609375
-65525 2681.7470703125
-65515 2690.427001953125
-65505 2696.5869140625
-65495 2703.089111328125
-65485 2698.68408203125
-65475 2679.7470703125
-65465 2671.326904296875
-65455 2665.052978515625
-65445 2658.306884765625
-65435 2651.073974609375
-65425 2643.028076171875
-65415 2636.200927734375
-65405 2630.593017578125
-65395 2626.073974609375
-65385 2622.48193359375
-65375 2620.239013671875
-65365 2620.125
-65355 2613.0869140625
-65345 2608.990966796875
-65335 2606.27587890625
-65325 2597.010986328125
-65315 2585.843994140625
-65305 2569.0849609375
-65295 2539.697021484375
-65285 2521.0859375
-65275 2512.7470703125
-65265 2505.25390625
-65255 2498.362060546875
-65245 2490.446044921875
-65235 2483.114990234375
-65225 2475.929931640625
-65215 2468.339111328125
-65205 2462.844970703125
-65195 2458.343017578125
-65185 2453.77490234375
-65175 2448.89892578125
-65165 2445.7939453125
-65155 2443.761962890625
-65145 2441.697998046875
-65135 2440.089111328125
-65125 2438.739990234375
-65115 2436.968017578125
-65105 2435.489013671875
-65095 2433.375
-65085 2431.97802734375
-65075 2429.946044921875
-65065 2425.751953125
-65055 2421.7529296875
-65045 2422.989013671875
-65035 2427.166015625
-65025 2428.2880859375
-65015 2430.238037109375
-65005 2434.235107421875
-64995 2438.281005859375
-64985 2441.160888671875
-64975 2441.443115234375
-64965 2444.764892578125
-64955 2447.945068359375
-64945 2453.12109375
-64935 2457.837890625
-64925 2461.672119140625
-64915 2463.633056640625
-64905 2463.89794921875
-64895 2463.65087890625
-64885 2464.48095703125
-64875 2464.97607421875
-64865 2465.68310546875
-64855 2466.282958984375
-64845 2470.27587890625
-64835 2475.222900390625
-64825 2494.444091796875
-64815 2500.027099609375
-64805 2502.8359375
-64795 2503.631103515625
-64785 2502.553955078125
-64775 2503.87890625
-64765 2505.363037109375
-64755 2506.5458984375
-64745 2507.6240234375
-64735 2511.81103515625
-64725 2514.054931640625
-64715 2517.587890625
-64705 2525.485107421875
-64695 2531.6689453125
-64685 2537.056884765625
-64675 2543.27587890625
-64665 2548.947021484375
-64655 2553.681884765625
-64645 2556.68505859375
-64635 2560.27197265625
-64625 2564.653076171875
-64615 2570.14794921875
-64605 2574.952880859375
-64595 2575.925048828125
-64585 2575.925048828125
-64575 2575.0419921875
-64565 2574.864990234375
-64555 2576.260009765625
-64545 2576.738037109375
-64535 2577.9208984375
-64525 2580.888916015625
-64515 2578.64599609375
-64505 2577.1259765625
-64495 2574.263916015625
-64485 2571.6669921875
-64475 2572.638916015625
-64465 2571.6669921875
-64455 2571.595947265625
-64445 2570.625
-64435 2566.738037109375
-64425 2566.455078125
-64415 2565.306884765625
-64405 2564.300048828125
-64395 2563.717041015625
-64385 2560.324951171875
-64375 2560.64306640625
-64365 2562.427001953125
-64355 2563.55810546875
-64345 2567.02099609375
-64335 2570.39501953125
-64325 2572.091064453125
-64315 2576.54296875
-64305 2580.376953125
-64295 2583.7509765625
-64285 2585.7119140625
-64275 2590.447021484375
-64265 2599.721923828125
-64255 2607.72607421875
-64245 2616.047119140625
-64235 2622.248046875
-64225 2626.822998046875
-64215 2631.541015625
-64205 2635.95703125
-64195 2641.468994140625
-64185 2646.946044921875
-64175 2654.843994140625
-64165 2663.552978515625
-64155 2670.214111328125
-64145 2677.0859375
-64135 2682.3330078125
-64125 2687.156005859375
-64115 2693.657958984375
-64105 2699.27587890625
-64095 2704.681884765625
-64085 2707.89697265625
-64075 2709.06298828125
-64065 2716.166015625
-64055 2724.2041015625
-64045 2727.738037109375
-64035 2730.740966796875
-64025 2732.948974609375
-64015 2732.06591796875
-64005 2732.3310546875
-63995 2731.02392578125
-63985 2730.176025390625
-63975 2728.26806640625
-63965 2725.22900390625
-63955 2721.659912109375
-63945 2717.5439453125
-63935 2711.907958984375
-63925 2705.778076171875
-63915 2697.7041015625
-63905 2693.322021484375
-63895 2689.029052734375
-63885 2681.908935546875
-63875 2677.19189453125
-63865 2677.01611328125
-63855 2676.3798828125
-63845 2677.5810546875
-63835 2679.507080078125
-63825 2679.135986328125
-63815 2680.84912109375
-63805 2684.346923828125
-63795 2686.5380859375
-63785 2688.340087890625
-63775 2688.14599609375
-63765 2686.485107421875
-63755 2689.823974609375
-63745 2691.73193359375
-63735 2694.6298828125
-63725 2697.597900390625
-63715 2699.3291015625
-63705 2703.126953125
-63695 2710.654052734375
-63685 2715.281982421875
-63675 2718.126953125
-63665 2718.85107421875
-63655 2700.4951171875
-63645 2684.64794921875
-63635 2677.051025390625
-63625 2663.72998046875
-63615 2639.56201171875
-63605 2615.198974609375
-63595 2571.738037109375
-63585 2554.93603515625
-63575 2546.93310546875
-63565 2538.41796875
-63555 2532.8701171875
-63545 2531.43896484375
-63535 2524.159912109375
-63525 2520.662109375
-63515 2515.803955078125
-63505 2510.85693359375
-63495 2505.326904296875
-63485 2504.8330078125
-63475 2502.305908203125
-63465 2501.405029296875
-63455 2500.73388671875
-63445 2500.804931640625
-63435 2500.556884765625
-63425 2499.02001953125
-63415 2496.263916015625
-63405 2491.970947265625
-63395 2487.907958984375
-63385 2487.007080078125
-63375 2484.6220703125
-63365 2482.324951171875
-63355 2479.762939453125
-63345 2476.264892578125
-63335 2471.635986328125
-63325 2466.177001953125
-63315 2459.923095703125
-63305 2454.198974609375
-63295 2447.485107421875
-63285 2442.132080078125
-63275 2440.1708984375
-63265 2437.7509765625
-63255 2436.302001953125
-63245 2434.782958984375
-63235 2433.01611328125
-63225 2430.365966796875
-63215 2426.9560546875
-63205 2422.89306640625
-63195 2418.31689453125
-63185 2412.804931640625
-63175 2407.205078125
-63165 2402.382080078125
-63155 2396.799072265625
-63145 2391.992919921875
-63135 2387.52294921875
-63125 2384.095947265625
-63115 2380.174072265625
-63105 2378.742919921875
-63095 2378.531005859375
-63085 2378.212890625
-63075 2377.6298828125
-63065 2377.77099609375
-63055 2378.01904296875
-63045 2376.587890625
-63035 2374.02587890625
-63025 2371.60498046875
-63015 2367.75390625
-63005 2367.5419921875
-62995 2364.927001953125
-62985 2362.10107421875
-62975 2359.50390625
-62965 2356.94189453125
-62955 2353.178955078125
-62945 2348.14404296875
-62935 2345.31689453125
-62925 2341.4130859375
-62915 2339.43408203125
-62905 2337.06591796875
-62895 2336.323974609375
-62885 2335.087890625
-62875 2334.257080078125
-62865 2332.136962890625
-62855 2329.804931640625
-62845 2328.2509765625
-62835 2325
-62825 2323.35693359375
-62815 2321.76708984375
-62805 2320.44189453125
-62795 2318.74609375
-62785 2315.264892578125
-62775 2313.6220703125
-62765 2312.43896484375
-62755 2312.527099609375
-62745 2312.3330078125
-62735 2313.02197265625
-62725 2314.258056640625
-62715 2314.27587890625
-62705 2313.4990234375
-62695 2311.873046875
-62685 2310.212890625
-62675 2308.464111328125
-62665 2306.343994140625
-62655 2302.22705078125
-62645 2300.885009765625
-62635 2303.8349609375
-62625 2300.4599609375
-62615 2294.1708984375
-62605 2288.7470703125
-62595 2285.283935546875
-62585 2280.885009765625
-62575 2276.363037109375
-62565 2272.882080078125
-62555 2270.178955078125
-62545 2268.677001953125
-62535 2267.60009765625
-62525 2264.931884765625
-62515 2260.427001953125
-62505 2255.4169921875
-62495 2250.62109375
-62485 2246.469970703125
-62475 2244.160888671875
-62465 2238.87109375
-62455 2232.152099609375
-62445 2226.9169921875
-62435 2221.238037109375
-62425 2215.0029296875
-62415 2209.219970703125
-62405 2203.759033203125
-62395 2194.383056640625
-62385 2187.14111328125
-62375 2182.242919921875
-62365 2177.321044921875
-62355 2172.951904296875
-62345 2166.743896484375
-62335 2158.347900390625
-62325 2151.626953125
-62315 2145.0029296875
-62305 2134.6689453125
-62295 2121.133056640625
-62285 2107.657958984375
-62275 2092.402099609375
-62265 2078.4208984375
-62255 2069.85205078125
-62245 2061.89990234375
-62235 2054.587890625
-62225 2046.487060546875
-62215 2039.7320556640625
-62205 2033.27099609375
-62195 2027.2120361328125
-62185 2020.70703125
-62175 2013.553955078125
-62165 2007.7950439453125
-62155 2003.64697265625
-62145 1999.322998046875
-62135 1996.8809814453125
-62125 1994.8590087890625
-62115 1992.427978515625
-62105 1991.0040283203125
-62095 1989.6240234375
-62085 1987.33203125
-62075 1985.27197265625
-62065 1981.8680419921875
-62055 1973.8719482421875
-62045 1965.5279541015625
-62035 1958.85205078125
-62025 1951.4110107421875
-62015 1945.2979736328125
-62005 1939.218994140625
-61995 1932.3690185546875
-61985 1920.7769775390625
-61975 1907.873046875
-61965 1897.16796875
-61955 1886.06298828125
-61945 1875.3909912109375
-61935 1866.2139892578125
-61925 1857.157958984375
-61915 1850.447021484375
-61905 1845.85205078125
-61895 1835.4510498046875
-61885 1828.2860107421875
-61875 1821.0810546875
-61865 1814.282958984375
-61855 1808.291015625
-61845 1801.1009521484375
-61835 1792.6090087890625
-61825 1783.447998046875
-61815 1774.802001953125
-61805 1765.39599609375
-61795 1756.375
-61785 1749.8480224609375
-61775 1742.2330322265625
-61765 1734.748046875
-61755 1726.8360595703125
-61745 1720.3160400390625
-61735 1712.864990234375
-61725 1707.8909912109375
-61715 1700.7550048828125
-61705 1693.876953125
-61695 1687.989990234375
-61685 1682.240966796875
-61675 1676.1209716796875
-61665 1667.3599853515625
-61655 1657.1929931640625
-61645 1652.0870361328125
-61635 1646.208984375
-61625 1640.10302734375
-61615 1632.2030029296875
-61605 1618.0589599609375
-61595 1607.3609619140625
-61585 1598.072021484375
-61575 1590.81201171875
-61565 1582.8399658203125
-61555 1577.083984375
-61545 1570.321044921875
-61535 1563.7559814453125
-61525 1557.427001953125
-61515 1551.573974609375
-61505 1545.33203125
-61495 1539.27099609375
-61485 1530.2220458984375
-61475 1523.258056640625
-61465 1516.47705078125
-61455 1508.89697265625
-61445 1509.4110107421875
-61435 1505.677001953125
-61425 1498.2259521484375
-61415 1491.863037109375
-61405 1475.14794921875
-61395 1464.258056640625
-61385 1453.239990234375
-61375 1443.75
-61365 1420.9420166015625
-61355 1411.7989501953125
-61345 1404.7550048828125
-61335 1395.7509765625
-61325 1386.2889404296875
-61315 1373.1419677734375
-61305 1361.281982421875
-61295 1345.0880126953125
-61285 1330.012939453125
-61275 1320.6700439453125
-61265 1312.81201171875
-61255 1305.6319580078125
-61245 1301.91796875
-61235 1298.9560546875
-61225 1296.2640380859375
-61215 1292.7900390625
-61205 1289.6910400390625
-61195 1283.1710205078125
-61185 1278.968017578125
-61175 1277.7869873046875
-61165 1279.9930419921875
-61155 1282.031982421875
-61145 1283.386962890625
-61135 1284.70703125
-61125 1285.4959716796875
-61115 1286.791015625
-61105 1288.041015625
-61095 1289.0830078125
-61085 1289.8399658203125
-61075 1292.2960205078125
-61065 1295.552001953125
-61055 1298.47900390625
-61045 1301.0469970703125
-61035 1302.8709716796875
-61025 1304.6689453125
-61015 1306.987060546875
-61005 1309.323974609375
-60995 1311.3360595703125
-60985 1313.3609619140625
-60975 1318.083984375
-60965 1318.6820068359375
-60955 1321.3499755859375
-60945 1323.8409423828125
-60935 1326.0460205078125
-60925 1329.35400390625
-60915 1333.800048828125
-60905 1337.949951171875
-60895 1341.5350341796875
-60885 1345.0260009765625
-60875 1348.5
-60865 1351.7030029296875
-60855 1355.06494140625
-60845 1358.3299560546875
-60835 1364.1729736328125
-60825 1366.2049560546875
-60815 1370.240966796875
-60805 1372.3699951171875
-60795 1375.7889404296875
-60785 1379.4110107421875
-60775 1383.18701171875
-60765 1385.4100341796875
-60755 1389.6209716796875
-60745 1394.0250244140625
-60735 1398.1209716796875
-60725 1403.9219970703125
-60715 1409.9830322265625
-60705 1415.2550048828125
-60695 1420.4449462890625
-60685 1424.56201171875
-60675 1426.012939453125
-60665 1428.7120361328125
-60655 1430.3349609375
-60645 1436.0389404296875
-60635 1441.363037109375
-60625 1447.050048828125
-60615 1452.6669921875
-60605 1457.095947265625
-60595 1462.5489501953125
-60585 1468.1490478515625
-60575 1473.636962890625
-60565 1478.9510498046875
-60555 1483.4320068359375
-60545 1487.3919677734375
-60535 1492.261962890625
-60525 1495.39599609375
-60515 1500.405029296875
-60505 1504.885986328125
-60495 1509.384033203125
-60485 1514.7679443359375
-60475 1520.1510009765625
-60465 1525.1510009765625
-60455 1529.572021484375
-60445 1534.7900390625
-60435 1540.4759521484375
-60425 1546.0439453125
-60415 1552.1199951171875
-60405 1557.1910400390625
-60395 1562.626953125
-60385 1567.489990234375
-60375 1572.4300537109375
-60365 1578.342041015625
-60355 1584.3509521484375
-60345 1590.97802734375
-60335 1596.18603515625
-60325 1602.0980224609375
-60315 1608.0479736328125
-60305 1613.2130126953125
-60295 1618.7020263671875
-60285 1624.2320556640625
-60275 1629.448974609375
-60265 1636.3890380859375
-60255 1641.39794921875
-60245 1645.9310302734375
-60235 1652.9449462890625
-60225 1658.217041015625
-60215 1663.5570068359375
-60205 1669.6429443359375
-60195 1674.5570068359375
-60185 1680.5909423828125
-60175 1687.3050537109375
-60165 1693.5469970703125
-60155 1700.511962890625
-60145 1704.6009521484375
-60135 1710.114013671875
-60125 1717.363037109375
-60115 1721.2010498046875
-60105 1727.739013671875
-60095 1735.3380126953125
-60085 1740.6700439453125
-60075 1745.157958984375
-60065 1752.946044921875
-60055 1763.1240234375
-60045 1769.31396484375
-60035 1775.2779541015625
-60025 1783.3890380859375
-60015 1791.9510498046875
-60005 1799.3179931640625
-59995 1806.1009521484375
-59985 1812.9859619140625
-59975 1818.7159423828125
-59965 1826.7750244140625
-59955 1833.3349609375
-59945 1841.4339599609375
-59935 1850.6070556640625
-59925 1859.43505859375
-59915 1867.4940185546875
-59905 1877.5770263671875
-59895 1888.0660400390625
-59885 1897.60302734375
-59875 1911.22998046875
-59865 1922.1839599609375
-59855 1930.1820068359375
-59845 1938.1400146484375
-59835 1948.06103515625
-59825 1955.532958984375
-59815 1963.6729736328125
-59805 1972.2779541015625
-59795 1983.1309814453125
-59785 1996.4749755859375
-59775 2007.77294921875
-59765 2019.8609619140625
-59755 2028.2440185546875
-59745 2036.0999755859375
-59735 2044.0579833984375
-59725 2051.26611328125
-59715 2059.0419921875
-59705 2068.39599609375
-59695 2076.697998046875
-59685 2088.6650390625
-59675 2099.113037109375
-59665 2105.592041015625
-59655 2110.047119140625
-59645 2115.291015625
-59635 2124.968994140625
-59625 2134.77001953125
-59615 2144.427978515625
-59605 2154.06591796875
-59595 2163.7451171875
-59585 2171.297119140625
-59575 2179.5380859375
-59565 2190.572998046875
-59555 2200.677001953125
-59545 2209.02001953125
-59535 2217.301025390625
-59525 2225.218017578125
-59515 2232.365966796875
-59505 2238.926025390625
-59495 2244.27197265625
-59485 2247.490966796875
-59475 2251.337890625
-59465 2258.52587890625
-59455 2264.62109375
-59445 2270.85693359375
-59435 2277.155029296875
-59425 2283.9169921875
-59415 2290.55908203125
-59405 2297.01806640625
-59395 2303.903076171875
-59385 2307.14208984375
-59375 2308.660888671875
-59365 2311.636962890625
-59355 2312.549072265625
-59345 2312.993896484375
-59335 2314.22900390625
-59325 2315.180908203125
-59315 2314.9580078125
-59305 2315.05908203125
-59295 2315.220947265625
-59285 2314.18896484375
-59275 2313.35791015625
-59265 2312.97412109375
-59255 2314.9169921875
-59245 2314.31005859375
-59235 2312.669921875
-59225 2310.5029296875
-59215 2309.409912109375
-59205 2310.867919921875
-59195 2314.81591796875
-59185 2318.136962890625
-59175 2320.323974609375
-59165 2322.93603515625
-59155 2324.31298828125
-59145 2324.2109375
-59135 2323.239990234375
-59125 2323.381103515625
-59115 2324.1298828125
-59105 2324.919921875
-59095 2328.220947265625
-59085 2332.593994140625
-59075 2333.01904296875
-59065 2331.967041015625
-59055 2330.81201171875
-59045 2329.617919921875
-59035 2328.867919921875
-59025 2328.888916015625
-59015 2330.346923828125
-59005 2331.35888671875
-58995 2331.906005859375
-58985 2331.885009765625
-58975 2331.115966796875
-58965 2329.2939453125
-58955 2326.56005859375
-58945 2326.782958984375
-58935 2326.35791015625
-58925 2327.35009765625
-58915 2327.389892578125
-58905 2326.43896484375
-58895 2325.06201171875
-58885 2322.652099609375
-58875 2324.534912109375
-58865 2327.30908203125
-58855 2329.2529296875
-58845 2332.087890625
-58835 2333.970947265625
-58825 2336.6240234375
-58815 2338.951904296875
-58805 2339.60009765625
-58795 2337.677001953125
-58785 2332.81689453125
-58775 2330.610107421875
-58765 2332.431884765625
-58755 2333.06005859375
-58745 2334.27490234375
-58735 2335.347900390625
-58725 2331.864990234375
-58715 2328.342041015625
-58705 2325.14306640625
-58695 2323.927978515625
-58685 2323.117919921875
-58675 2323.52294921875
-58665 2323.846923828125
-58655 2326.135009765625
-58645 2325.912109375
-58635 2326.965087890625
-58625 2329.43603515625
-58615 2329.657958984375
-58605 2334.174072265625
-58595 2340.30908203125
-58585 2345.97802734375
-58575 2349.845947265625
-58565 2352.35595703125
-58555 2351.66796875
-58545 2349.6630859375
-58535 2351.282958984375
-58525 2350.93896484375
-58515 2352.3359375
-58505 2354.705078125
-58495 2356.1630859375
-58485 2359.05908203125
-58475 2362.034912109375
-58465 2365.902099609375
-58455 2368.837890625
-58445 2371.0859375
-58435 2372.948974609375
-58425 2374.8720703125
-58415 2377.139892578125
-58405 2378.193115234375
-58395 2380.136962890625
-58385 2382.506103515625
-58375 2384.347900390625
-58365 2385.947998046875
-58355 2387.18310546875
-58345 2387.507080078125
-58335 2387.75
-58325 2390.5849609375
-58315 2394.675048828125
-58305 2397.955078125
-58295 2400.77001953125
-58285 2404.15087890625
-58275 2408.64599609375
-58265 2413.221923828125
-58255 2416.157958984375
-58245 2418.791015625
-58235 2422.677978515625
-58225 2425.593994140625
-58215 2429.927001953125
-58205 2433.26806640625
-58195 2436.81201171875
-58185 2440.597900390625
-58175 2442.906005859375
-58165 2445.4169921875
-58155 2447.947998046875
-58145 2450.64111328125
-58135 2452.847900390625
-58125 2456.412109375
-58115 2459.79296875
-58105 2465.68505859375
-58095 2479.029052734375
-58085 2485.406982421875
-58075 2491.64404296875
-58065 2498.427001953125
-58055 2505.22998046875
-58045 2512.27587890625
-58035 2520.760009765625
-58025 2529.427001953125
-58015 2534.1240234375
-58005 2543.032958984375
-57995 2548.823974609375
-57985 2552.530029296875
-57975 2556.27587890625
-57965 2565.0029296875
-57955 2569.011962890625
-57945 2572.27197265625
-57935 2576.342041015625
-57925 2580.14794921875
-57915 2585.574951171875
-57905 2589.301025390625
-57895 2593.470947265625
-57885 2594.908935546875
-57875 2595.010009765625
-57865 2596.366943359375
-57855 2601.652099609375
-57845 2604.527099609375
-57835 2606.14697265625
-57825 2608.43505859375
-57815 2613.173095703125
-57805 2619.20703125
-57795 2628.135986328125
-57785 2635.1630859375
-57775 2639.27294921875
-57765 2645.287109375
-57755 2652.029052734375
-57745 2662.113037109375
-57735 2665.1298828125
-57725 2666.486083984375
-57715 2668.3701171875
-57705 2672.56103515625
-57695 2675.98291015625
-57685 2679.72900390625
-57675 2685.945068359375
-57665 2691.716064453125
-57655 2697.385009765625
-57645 2704.22900390625
-57635 2714.1298828125
-57625 2718.01806640625
-57615 2719.23291015625
-57605 2721.4599609375
-57595 2726.177978515625
-57585 2729.904052734375
-57575 2730.470947265625
-57565 2731.198974609375
-57555 2734.885009765625
-57545 2738.8330078125
-57535 2741.8701171875
-57525 2745.87890625
-57515 2748.998046875
-57505 2752.572998046875
-57495 2754.52099609375
-57485 2757.427001953125
-57475 2760.4619140625
-57465 2763.04296875
-57455 2765.8349609375
-57445 2767.635986328125
-57435 2771.51611328125
-57425 2774.761962890625
-57415 2778.385009765625
-57405 2781.405029296875
-57395 2782.407958984375
-57385 2786.10888671875
-57375 2788.364990234375
-57365 2791.404052734375
-57355 2794.7119140625
-57345 2797.50390625
-57335 2799.14599609375
-57325 2800.68798828125
-57315 2801.873046875
-57305 2803.967041015625
-57295 2814.222900390625
-57285 2820.698974609375
-57275 2826.837890625
-57265 2827.777099609375
-57255 2830.94189453125
-57245 2831.916015625
-57235 2837.341064453125
-57225 2841.885009765625
-57215 2849.885009765625
-57205 2863.73095703125
-57195 2870.972900390625
-57185 2875.095947265625
-57175 2875.905029296875
-57165 2880.843017578125
-57155 2884.656982421875
-57145 2889.0400390625
-57135 2892.237060546875
-57125 2896.39306640625
-57115 2898.195068359375
-57105 2899.52197265625
-57095 2902.47998046875
-57085 2904.0830078125
-57075 2910.35302734375
-57065 2913.989013671875
-57055 2916.97509765625
-57045 2919.3291015625
-57035 2922.136962890625
-57025 2924.554931640625
-57015 2926.9580078125
-57005 2930.073974609375
-56995 2933.385986328125
-56985 2941.989013671875
-56975 2945.4140625
-56965 2949.29296875
-56955 2952.52294921875
-56945 2957.10107421875
-56935 2961.614013671875
-56925 2965.655029296875
-56915 2970.0048828125
-56905 2974.6640625
-56895 2980.409912109375
-56885 2987.06494140625
-56875 2994.531982421875
-56865 3002.907958984375
-56855 3008.68701171875
-56845 3010.68310546875
-56835 3017.889892578125
-56825 3018.83203125
-56815 3027.5810546875
-56805 3034.283935546875
-56795 3037.125
-56785 3042.904052734375
-56775 3052.93505859375
-56765 3061.699951171875
-56755 3070.27099609375
-56745 3076.488037109375
-56735 3081.94189453125
-56725 3086.827880859375
-56715 3091.633056640625
-56705 3095.155029296875
-56695 3098.72607421875
-56685 3103.4169921875
-56675 3109.29296875
-56665 3119.7470703125
-56655 3125.60595703125
-56645 3133.674072265625
-56635 3141.04296875
-56625 3148.916015625
-56615 3155.87890625
-56605 3162.031005859375
-56595 3169.125
-56585 3177.27294921875
-56575 3176.60791015625
-56565 3166.446044921875
-56555 3152.35693359375
-56545 3146.593994140625
-56535 3137.033935546875
-56525 3130.10302734375
-56515 3117.44189453125
-56505 3106.013916015625
-56495 3099.9599609375
-56485 3096.615966796875
-56475 3087.623046875
-56465 3077.592041015625
-56455 3067.10595703125
-56445 3062.528076171875
-56435 3059.217041015625
-56425 3053.2109375
-56415 3042.010986328125
-56405 3023.8310546875
-56395 3010.89404296875
-56385 2997.714111328125
-56375 2984.923095703125
-56365 2978.10498046875
-56355 2970.31396484375
-56345 2964.259033203125
-56335 2951.93896484375
-56325 2937.52490234375
-56315 2919.876953125
-56305 2903.469970703125
-56295 2891.327880859375
-56285 2875.81103515625
-56275 2862.85693359375
-56265 2852.48193359375
-56255 2833.916015625
-56245 2815.0830078125
-56235 2807.94091796875
-56225 2797.5390625
-56215 2786.27099609375
-56205 2778.69091796875
-56195 2772.656005859375
-56185 2766.176025390625
-56175 2759.634033203125
-56165 2754.47607421875
-56155 2750.365966796875
-56145 2746.323974609375
-56135 2742.31396484375
-56125 2738.049072265625
-56115 2736.1298828125
-56105 2734.52294921875
-56095 2730.5791015625
-56085 2728.176025390625
-56075 2723.22607421875
-56065 2718.93994140625
-56055 2715.595947265625
-56045 2713.89208984375
-56035 2710.256103515625
-56025 2703.032958984375
-56015 2695.419921875
-56005 2687.72607421875
-55995 2683.180908203125
-55985 2678.52197265625
-55975 2672.77587890625
-55965 2669.173095703125
-55955 2661.948974609375
-55945 2656.041015625
-55935 2651.3330078125
-55925 2647.048095703125
-55915 2644.239990234375
-55905 2640.81494140625
-55895 2636.092041015625
-55885 2632.569091796875
-55875 2629.160888671875
-55865 2625.89794921875
-55855 2622.60302734375
-55845 2621.06103515625
-55835 2618.56103515625
-55825 2615.0869140625
-55815 2613.885986328125
-55805 2611.22412109375
-55795 2609.9580078125
-55785 2607.68603515625
-55775 2606.111083984375
-55765 2602.89697265625
-55755 2600.7060546875
-55745 2598.320068359375
-55735 2595.202880859375
-55725 2591.632080078125
-55715 2588.20703125
-55705 2584.97705078125
-55695 2581.4541015625
-55685 2577.25
-55675 2572.493896484375
-55665 2566.844970703125
-55655 2561.81298828125
-55645 2557.382080078125
-55635 2552.464111328125
-55625 2547.675048828125
-55615 2543.423095703125
-55605 2539.18603515625
-55595 2534.802978515625
-55585 2530.632080078125
-55575 2526.719970703125
-55565 2522.823974609375
-55555 2518.506103515625
-55545 2514.074951171875
-55535 2509.384033203125
-55525 2504.677001953125
-55515 2500.35888671875
-55505 2496.251953125
-55495 2492.632080078125
-55485 2489.43505859375
-55475 2486.9189453125
-55465 2484.742919921875
-55455 2483.299072265625
-55445 2481.172119140625
-55435 2479.176025390625
-55425 2478.54296875
-55415 2478.282958984375
-55405 2478.23388671875
-55395 2478.364013671875
-55385 2479.760009765625
-55375 2482.22802734375
-55365 2482.989990234375
-55355 2483.1201171875
-55345 2483.1689453125
-55335 2485.3759765625
-55325 2487.35693359375
-55315 2488.363037109375
-55305 2486.950927734375
-55295 2479.842041015625
-55285 2472.22900390625
-55275 2466.0439453125
-55265 2464.72900390625
-55255 2462.424072265625
-55245 2460.006103515625
-55235 2460.76904296875
-55225 2462.343017578125
-55215 2459.860107421875
-55205 2455.3798828125
-55195 2447.68603515625
-55185 2441.22509765625
-55175 2437.199951171875
-55165 2432.330078125
-55155 2422.346923828125
-55145 2416.89306640625
-55135 2412.7060546875
-55125 2410.985107421875
-55115 2404.070068359375
-55105 2395.759033203125
-55095 2389.218017578125
-55085 2384.802001953125
-55075 2380.760986328125
-55065 2375.06298828125
-55055 2370.778076171875
-55045 2367.64501953125
-55035 2363.133056640625
-55025 2357.922119140625
-55015 2353.00390625
-55005 2347.97607421875
-54995 2342.52392578125
-54985 2333.970947265625
-54975 2324.60107421875
-54965 2313.305908203125
-54955 2299.944091796875
-54945 2273.821044921875
-54935 2267.527099609375
-54925 2258.77197265625
-54915 2243.676025390625
-54905 2236.118896484375
-54895 2228.35498046875
-54885 2220.343994140625
-54875 2213.416015625
-54865 2206.837890625
-54855 2201.364013671875
-54845 2195.889892578125
-54835 2193.666015625
-54825 2192.1669921875
-54815 2180.462890625
-54805 2157.3369140625
-54795 2140.26806640625
-54785 2134.652099609375
-54775 2128.955078125
-54765 2126.27294921875
-54755 2124.4150390625
-54745 2123.27587890625
-54735 2121.35400390625
-54725 2119.14306640625
-54715 2117.676025390625
-54705 2116.070068359375
-54695 2113.844970703125
-54685 2113.385009765625
-54675 2111.22412109375
-54665 2108.73095703125
-54655 2107.028076171875
-54645 2105.81298828125
-54635 2103.9990234375
-54625 2104.282958984375
-54615 2102.04296875
-54605 2099.1240234375
-54595 2098.950927734375
-54585 2096.962890625
-54575 2093.06689453125
-54565 2088.52392578125
-54555 2087.656005859375
-54545 2085.5419921875
-54535 2085.416015625
-54525 2087.135009765625
-54515 2088.80810546875
-54505 2089.138916015625
-54495 2088.428955078125
-54485 2088.114013671875
-54475 2088.760009765625
-54465 2089.4541015625
-54455 2089.327880859375
-54445 2089.69091796875
-54435 2088.08203125
-54425 2087.041015625
-54415 2085.9208984375
-54405 2085.7470703125
-54395 2084.910888671875
-54385 2083.318115234375
-54375 2081.31396484375
-54365 2078.822021484375
-54355 2076.013916015625
-54345 2072.27490234375
-54335 2065.256103515625
-54325 2058.693115234375
-54315 2052.367919921875
-54305 2045.947021484375
-54295 2038.738037109375
-54285 2032.85400390625
-54275 2027.5059814453125
-54265 2021.968994140625
-54255 2015.8929443359375
-54245 2010.1669921875
-54235 2004.677001953125
-54225 1997.1839599609375
-54215 1991.4739990234375
-54205 1986.1259765625
-54195 1981.219970703125
-54185 1975.761962890625
-54175 1969.89404296875
-54165 1963.1419677734375
-54155 1958.1729736328125
-54145 1952.1939697265625
-54135 1947.0830078125
-54125 1941.2779541015625
-54115 1934.81005859375
-54105 1928.657958984375
-54095 1920.7860107421875
-54085 1913.43505859375
-54075 1905.75
-54065 1897.3580322265625
-54055 1890.4959716796875
-54045 1882.4659423828125
-54035 1876.376953125
-54025 1868.97900390625
-54015 1863.0469970703125
-54005 1856.531982421875
-53995 1849.7330322265625
-53985 1843.5340576171875
-53975 1837.666015625
-53965 1830.1729736328125
-53955 1823.199951171875
-53945 1816.5269775390625
-53935 1810.4510498046875
-53925 1804.2039794921875
-53915 1799.8189697265625
-53905 1794.5340576171875
-53895 1791.5369873046875
-53885 1788.9019775390625
-53875 1784.7540283203125
-53865 1780.9830322265625
-53855 1776.7080078125
-53845 1772.875
-53835 1769.072998046875
-53825 1766.1390380859375
-53815 1764.0889892578125
-53805 1761.5799560546875
-53795 1759.260986328125
-53785 1757.6209716796875
-53775 1759.7030029296875
-53765 1760.2869873046875
-53755 1760.697021484375
-53745 1760.113037109375
-53735 1761.281005859375
-53725 1761.5169677734375
-53715 1761.5799560546875
-53705 1761.89599609375
-53695 1762.385009765625
-53685 1762.8580322265625
-53675 1763.4580078125
-53665 1763.9150390625
-53655 1764.2939453125
-53645 1765.051025390625
-53635 1765.365966796875
-53625 1765.8079833984375
-53615 1766.218017578125
-53605 1766.7550048828125
-53595 1767.511962890625
-53585 1768.0159912109375
-53575 1768.7889404296875
-53565 1769.373046875
-53555 1769.6259765625
-53545 1770.446044921875
-53535 1771.1240234375
-53525 1771.7239990234375
-53515 1771.991943359375
-53505 1772.6700439453125
-53495 1772.81201171875
-53485 1772.781005859375
-53475 1774.0899658203125
-53465 1774.136962890625
-53455 1774.7049560546875
-53445 1774.8470458984375
-53435 1775.9830322265625
-53425 1776.18798828125
-53415 1776.9139404296875
-53405 1783.52294921875
-53395 1789.4229736328125
-53385 1795.511962890625
-53375 1801.7750244140625
-53365 1807.595947265625
-53355 1813.8609619140625
-53345 1819.583984375
-53335 1825.2030029296875
-53325 1830.9139404296875
-53315 1836.35595703125
-53305 1842.39794921875
-53295 1851.18505859375
-53285 1865.571044921875
-53275 1883.2550048828125
-53265 1893.93505859375
-53255 1901.3330078125
-53245 1906.9959716796875
-53235 1913.4169921875
-53225 1927.77197265625
-53215 1933.0439453125
-53205 1940.06298828125
-53195 1945.7259521484375
-53185 1955.3809814453125
-53175 1960.7130126953125
-53165 1965.72900390625
-53155 1978.2230224609375
-53145 1983.7120361328125
-53135 1989.343994140625
-53125 2005.22900390625
-53115 2014.85205078125
-53105 2021.6510009765625
-53095 2028.0899658203125
-53085 2033.8800048828125
-53075 2039.2750244140625
-53065 2045.0169677734375
-53055 2050.506103515625
-53045 2055.77490234375
-53035 2061.89599609375
-53025 2070.2880859375
-53015 2074.51611328125
-53005 2079.216064453125
-52995 2080.1630859375
-52985 2081.173095703125
-52975 2077.797119140625
-52965 2066.532958984375
-52955 2053.865966796875
-52945 2052.52490234375
-52935 2059.1669921875
-52925 2068.363037109375
-52915 2072.4169921875
-52905 2071.470947265625
-52895 2079.926025390625
-52885 2087.450927734375
-52875 2091.694091796875
-52865 2095.574951171875
-52855 2096.080078125
-52845 2098.714111328125
-52835 2101.868896484375
-52825 2104.125
-52815 2107.406005859375
-52805 2113.14794921875
-52795 2116.823974609375
-52785 2123.719970703125
-52775 2133.512939453125
-52765 2136.68701171875
-52755 2143.613037109375
-52745 2152.572998046875
-52735 2157.367919921875
-52725 2159.1669921875
-52715 2160.491943359375
-52705 2160.4130859375
-52695 2166.77001953125
-52685 2177.30810546875
-52675 2187.214111328125
-52665 2196.741943359375
-52655 2202.48388671875
-52645 2202.926025390625
-52635 2203.1630859375
-52625 2201.632080078125
-52615 2199.69189453125
-52605 2197.845947265625
-52595 2195.68505859375
-52585 2196.489990234375
-52575 2197.325927734375
-52565 2200.7490234375
-52555 2202.56298828125
-52545 2204.756103515625
-52535 2209.39404296875
-52525 2211.902099609375
-52515 2215.48291015625
-52505 2219.072998046875
-52495 2224.72802734375
-52485 2228.93994140625
-52475 2233.281005859375
-52465 2238.544921875
-52455 2243.948974609375
-52445 2245.174072265625
-52435 2247.15087890625
-52425 2249.22509765625
-52415 2253.114990234375
-52405 2259.044921875
-52395 2266.6201171875
-52385 2279.051025390625
-52375 2281.887939453125
-52365 2290.214111328125
-52355 2306.39501953125
-52345 2317.537109375
-52335 2323.950927734375
-52325 2329.075927734375
-52315 2332.02099609375
-52305 2336.52197265625
-52295 2342.73193359375
-52285 2346.998046875
-52275 2345.364990234375
-52265 2344.4189453125
-52255 2344.591064453125
-52245 2345.72998046875
-52235 2349.362060546875
-52225 2354.7880859375
-52215 2359.612060546875
-52205 2364.220947265625
-52195 2368.830078125
-52185 2378.9619140625
-52175 2395.2080078125
-52165 2395.1650390625
-52155 2399.407958984375
-52145 2400.988037109375
-52135 2405.510986328125
-52125 2407.81103515625
-52115 2411.58203125
-52105 2416.158935546875
-52095 2422.239990234375
-52085 2427.623046875
-52075 2435.304931640625
-52065 2444.867919921875
-52055 2463.02490234375
-52045 2488.0810546875
-52035 2494.97900390625
-52025 2499.320068359375
-52015 2507.614013671875
-52005 2512.4599609375
-51995 2515.9951171875
-51985 2515.468017578125
-51975 2523.903076171875
-51965 2528.6298828125
-51955 2535.49609375
-51945 2543.241943359375
-51935 2545.875
-51925 2550.172119140625
-51915 2553.965087890625
-51905 2559.1220703125
-51895 2562.614013671875
-51885 2566.590087890625
-51875 2569.5009765625
-51865 2570.54296875
-51855 2568.866943359375
-51845 2567.675048828125
-51835 2566.1708984375
-51825 2563.4951171875
-51815 2563.173095703125
-51805 2563.56005859375
-51795 2562.66796875
-51785 2562.8720703125
-51775 2562.9150390625
-51765 2562.861083984375
-51755 2563.4951171875
-51745 2564.2041015625
-51735 2564.55908203125
-51725 2565.7080078125
-51715 2567.342041015625
-51705 2568.99609375
-51695 2571.156005859375
-51685 2572.595947265625
-51675 2573.39111328125
-51665 2574.389892578125
-51655 2575.657958984375
-51645 2577.27001953125
-51635 2578.97802734375
-51625 2582.373046875
-51615 2585.993896484375
-51605 2589.68994140625
-51595 2593.492919921875
-51585 2597.156982421875
-51575 2600.218994140625
-51565 2601.85205078125
-51555 2603.797119140625
-51545 2607.923095703125
-51535 2611.737060546875
-51525 2614.9169921875
-51515 2618.408935546875
-51505 2634.48291015625
-51495 2640.6279296875
-51485 2650.674072265625
-51475 2657.572021484375
-51465 2662.987060546875
-51455 2668.85400390625
-51445 2679.985107421875
-51435 2689.612060546875
-51425 2697.777099609375
-51415 2713.44189453125
-51405 2715.751953125
-51395 2724.701904296875
-51385 2737.304931640625
-51375 2749.89794921875
-51365 2759.654052734375
-51355 2766.948974609375
-51345 2773.39599609375
-51335 2780.958984375
-51325 2787.965087890625
-51315 2793.756103515625
-51305 2798.97802734375
-51295 2800.654052734375
-51285 2803.72705078125
-51275 2807.64794921875
-51265 2811.0859375
-51255 2811.81689453125
-51245 2815.9208984375
-51235 2820.488037109375
-51225 2824.549072265625
-51215 2827.52490234375
-51205 2832.72607421875
-51195 2834.756103515625
-51185 2835.154052734375
-51175 2836.281982421875
-51165 2840.81591796875
-51155 2845.65087890625
-51145 2850.09912109375
-51135 2852.291015625
-51125 2858.636962890625
-51115 2863.239013671875
-51105 2868.39599609375
-51095 2872.705078125
-51085 2879.322998046875
-51075 2883.85791015625
-51065 2886.947998046875
-51055 2885.952880859375
-51045 2888.091064453125
-51035 2891.001953125
-51025 2894.783935546875
-51015 2899.833984375
-51005 2904.197021484375
-50995 2908.81591796875
-50985 2915.294921875
-50975 2923.654052734375
-50965 2933.8291015625
-50955 2945.06396484375
-50945 2954.5830078125
-50935 2964.10693359375
-50925 2980.363037109375
-50915 2994.85693359375
-50905 3000.7880859375
-50895 3015.718994140625
-50885 3022.89599609375
-50875 3027.946044921875
-50865 3035.320068359375
-50855 3037.153076171875
-50845 3041.541015625
-50835 3045.365966796875
-50825 3049.2939453125
-50815 3051.76611328125
-50805 3054.0859375
-50795 3056.137939453125
-50785 3058.157958984375
-50775 3060.263916015625
-50765 3062.427001953125
-50755 3064.530029296875
-50745 3066.464111328125
-50735 3068.301025390625
-50725 3070.0849609375
-50715 3071.60009765625
-50705 3072.952880859375
-50695 3074.285888671875
-50685 3075.39208984375
-50675 3076.595947265625
-50665 3077.72412109375
-50655 3079.012939453125
-50645 3080.260009765625
-50635 3081.64599609375
-50625 3082.93505859375
-50615 3084.299072265625
-50605 3085.8359375
-50595 3087.30810546875
-50585 3088.77197265625
-50575 3090.197998046875
-50565 3091.60498046875
-50555 3092.958984375
-50545 3094.323974609375
-50535 3095.64501953125
-50525 3096.9990234375
-50515 3098.364013671875
-50505 3099.781982421875
-50495 3101.221923828125
-50485 3102.760986328125
-50475 3104.283935546875
-50465 3105.9599609375
-50455 3107.614990234375
-50445 3109.258056640625
-50435 3110.9990234375
-50425 3112.781982421875
-50415 3114.554931640625
-50405 3116.425048828125
-50395 3118.412109375
-50385 3120.64697265625
-50375 3122.56005859375
-50365 3123.842041015625
-50355 3126.93310546875
-50345 3129.2958984375
-50335 3131.552978515625
-50325 3133.60498046875
-50315 3135.75390625
-50305 3137.84912109375
-50295 3139.868896484375
-50285 3142.383056640625
-50275 3144.89697265625
-50265 3147.39990234375
-50255 3150.15087890625
-50245 3153.470947265625
-50235 3156.77001953125
-50225 3159.583984375
-50215 3162.80810546875
-50205 3166.257080078125
-50195 3170.242919921875
-50185 3173.992919921875
-50175 3178.139892578125
-50165 3183.662109375
-50155 3194.031005859375
-50145 3197.56494140625
-50135 3199.048095703125
-50125 3202.873046875
-50115 3206.591064453125
-50105 3209.3740234375
-50095 3213.6279296875
-50085 3218.35595703125
-50075 3224.093017578125
-50065 3230.819091796875
-50055 3238.114990234375
-50045 3241.240966796875
-50035 3240.56396484375
-50025 3238.77001953125
-50015 3234.43994140625
-50005 3228.116943359375
-49995 3226.867919921875
-49985 3227.322021484375
-49975 3228.368896484375
-49965 3229.681884765625
-49955 3231.10791015625
-49945 3232.9189453125
-49935 3234.818115234375
-49925 3236.597900390625
-49915 3238.490966796875
-49905 3240.239013671875
-49895 3242.011962890625
-49885 3243.449951171875
-49875 3245.06005859375
-49865 3246.322021484375
-49855 3247.52099609375
-49845 3248.97802734375
-49835 3250.568115234375
-49825 3252.550048828125
-49815 3254.637939453125
-49805 3255.81201171875
-49795 3257.489990234375
-49785 3259.320068359375
-49775 3260.551025390625
-49765 3261.8701171875
-49755 3263.10009765625
-49745 3263.970947265625
-49735 3264.992919921875
-49725 3266.06005859375
-49715 3266.299072265625
-49705 3265.7880859375
-49695 3267.259033203125
-49685 3267.498046875
-49675 3267.7509765625
-49665 3267.958984375
-49655 3268.047119140625
-49645 3268.198974609375
-49635 3268.7099609375
-49625 3269.08203125
-49615 3269.530029296875
-49605 3269.971923828125
-49595 3270.552001953125
-49585 3271.051025390625
-49575 3271.37890625
-49565 3271.64990234375
-49555 3271.971923828125
-49545 3272.26904296875
-49535 3272.281005859375
-49525 3272.218017578125
-49515 3272.198974609375
-49505 3271.990966796875
-49495 3271.85205078125
-49485 3271.60009765625
-49475 3271.2529296875
-49465 3270.843017578125
-49455 3270.1669921875
-49445 3269.37890625
-49435 3268.40087890625
-49425 3267.1201171875
-49415 3265.781982421875
-49405 3264.77197265625
-49395 3264.3310546875
-49385 3264.658935546875
-49375 3265.4599609375
-49365 3266.387939453125
-49355 3267.801025390625
-49345 3269.549072265625
-49335 3271.01904296875
-49325 3273.02001953125
-49315 3274.678955078125
-49305 3277.208984375
-49295 3279.751953125
-49285 3282.919921875
-49275 3288.0380859375
-49265 3327.0400390625
-49255 3329.5009765625
-49245 3331.0029296875
-49235 3330.593017578125
-49225 3327.299072265625
-49215 3326.35205078125
-49205 3326.3779296875
-49195 3326.90087890625
-49185 3327.551025390625
-49175 3328.44091796875
-49165 3329.677978515625
-49155 3332.259033203125
-49145 3333.4580078125
-49135 3334.85791015625
-49125 3337.407958984375
-49115 3341.85009765625
-49105 3346.60205078125
-49095 3350.3369140625
-49085 3352.822998046875
-49075 3354.84912109375
-49065 3356.748046875
-49055 3358.470947265625
-49045 3359.448974609375
-49035 3360.218994140625
-49025 3361.531005859375
-49015 3363.701904296875
-49005 3370.118896484375
-48995 3383.62890625
-48985 3393.7880859375
-48975 3389.427978515625
-48965 3387.427978515625
-48955 3388.860107421875
-48945 3391.738037109375
-48935 3394.7919921875
-48925 3398.52099609375
-48915 3402.886962890625
-48905 3408.199951171875
-48895 3413.26806640625
-48885 3420.510986328125
-48875 3427.863037109375
-48865 3435.15087890625
-48855 3444.799072265625
-48845 3457.2109375
-48835 3467.931884765625
-48825 3485.177001953125
-48815 3496.471923828125
-48805 3507.26904296875
-48795 3515.819091796875
-48785 3532.47802734375
-48775 3543.571044921875
-48765 3552.126953125
-48755 3553.660888671875
-48745 3571.18994140625
-48735 3583.721923828125
-48725 3600.430908203125
-48715 3619.1279296875
-48705 3634.637939453125
-48695 3631.527099609375
-48685 3635.0419921875
-48675 3638.126953125
-48665 3635.16796875
-48655 3637.8369140625
-48645 3653.739013671875
-48635 3660.4208984375
-48625 3671.450927734375
-48615 3673.52099609375
-48605 3666.3779296875
-48595 3645.93896484375
-48585 3632.10791015625
-48575 3632.821044921875
-48565 3632.37890625
-48555 3626.56103515625
-48545 3622.7880859375
-48535 3622.800048828125
-48525 3611.77001953125
-48515 3605.050048828125
-48505 3601.403076171875
-48495 3602.626953125
-48485 3602.488037109375
-48475 3607.201904296875
-48465 3611.700927734375
-48455 3617.443115234375
-48445 3620.257080078125
-48435 3624.951904296875
-48425 3632.239990234375
-48415 3620.112060546875
-48405 3606.626953125
-48395 3597.049072265625
-48385 3582.718994140625
-48375 3573.158935546875
-48365 3563.498046875
-48355 3553.660888671875
-48345 3546.9208984375
-48335 3538.408935546875
-48325 3508.56298828125
-48315 3495.330078125
-48305 3479.510986328125
-48295 3469.72998046875
-48285 3463.40087890625
-48275 3457.0029296875
-48265 3451.008056640625
-48255 3445.31005859375
-48245 3440.450927734375
-48235 3436.948974609375
-48225 3434.12890625
-48215 3431.37109375
-48205 3429.1630859375
-48195 3427.868896484375
-48185 3428.05810546875
-48175 3428.7900390625
-48165 3432.0400390625
-48155 3433.888916015625
-48145 3439.278076171875
-48135 3442.72900390625
-48125 3444.4580078125
-48115 3447.89111328125
-48105 3432.330078125
-48095 3420.410888671875
-48085 3420.60009765625
-48075 3423.048095703125
-48065 3420.826904296875
-48055 3418.908935546875
-48045 3417.431884765625
-48035 3416.712890625
-48025 3416.0380859375
-48015 3415.0791015625
-48005 3413.14111328125
-47995 3410.781005859375
-47985 3410.47900390625
-47975 3411.5009765625
-47965 3415.160888671875
-47955 3407.361083984375
-47945 3399.39794921875
-47935 3392.62109375
-47925 3386.652099609375
-47915 3383.14892578125
-47905 3378.958984375
-47895 3374
-47885 3369.367919921875
-47875 3364.800048828125
-47865 3359.569091796875
-47855 3352.72900390625
-47845 3345.37109375
-47835 3338.051025390625
-47825 3332.908935546875
-47815 3327.8291015625
-47805 3324.068115234375
-47795 3316.610107421875
-47785 3305.56689453125
-47775 3292.7890625
-47765 3287.866943359375
-47755 3294.719970703125
-47745 3296.587890625
-47735 3293.198974609375
-47725 3287.677978515625
-47715 3279.802978515625
-47705 3274.43896484375
-47695 3230.179931640625
-47685 3222.299072265625
-47675 3214.0390625
-47665 3205.721923828125
