-81895 2973.055908203125
-81885 2973.7939453125
-81875 2973.73388671875
-81865 2976.27587890625
-81855 2982.6630859375
-81845 2986.4208984375
-81835 2990.419921875
-81825 2995.031005859375
-81815 2994.22705078125
-81805 2991.157958984375
-81795 2992.29296875
-81785 2994.763916015625
-81775 3000.340087890625
-81765 3009.636962890625
-81755 3009.24609375
-81745 3013.027099609375
-81735 3018.48291015625
-81725 3020.64599609375
-81715 3021.794921875
-81705 3023.884033203125
-81695 3029.10400390625
-81685 3034.218017578125
-81675 3037.68603515625
-81665 3041.297119140625
-81655 3046.8359375
-81645 3050.01904296875
-81635 3052.214111328125
-81625 3052.214111328125
-81615 3058.947998046875
-81605 3063.762939453125
-81595 3069.02392578125
-81585 3073.715087890625
-81575 3078.251953125
-81565 3081.530029296875
-81555 3081.955078125
-81545 3084.48291015625
-81535 3092.114013671875
-81525 3099.779052734375
-81515 3105.614013671875
-81505 3109.547119140625
-81495 3111.93701171875
-81485 3112.70703125
-81475 3116.533935546875
-81465 3119.694091796875
-81455 3123.014892578125
-81445 3125.968994140625
-81435 3126.968017578125
-81425 3130.208984375
-81415 3132.805908203125
-81405 3135.56396484375
-81395 3136.35693359375
-81385 3141.7470703125
-81375 3150.113037109375
-81365 3165.35107421875
-81355 3174.865966796875
-81345 3181.06005859375
-81335 3184.242919921875
-81325 3182.75
-81315 3184.1630859375
-81305 3182.75
-81295 3178.531982421875
-81285 3177.176025390625
-81275 3175.383056640625
-81265 3170.35009765625
-81255 3156.409912109375
-81245 3153.652099609375
-81235 3153.089111328125
-81225 3152.675048828125
-81215 3151.169921875
-81205 3152.376953125
-81195 3155.60595703125
-81185 3159.719970703125
-81175 3162.85693359375
-81165 3166.200927734375
-81155 3170.636962890625
-81145 3174.5791015625
-81135 3178.094970703125
-81125 3182.508056640625
-81115 3187.748046875
-81105 3192.114990234375
-81095 3197.97607421875
-81085 3203.550048828125
-81075 3207.97412109375
-81065 3213.111083984375
-81055 3215.697021484375
-81045 3226.280029296875
-81035 3230.383056640625
-81025 3234.10595703125
-81015 3238.64599609375
-81005 3244.931884765625
-80995 3256.055908203125
-80985 3264.52490234375
-80975 3277.636962890625
-80965 3285.498046875
-80955 3291.2548828125
-80945 3301.299072265625
-80935 3312.261962890625
-80925 3322.512939453125
-80915 3329.29296875
-80905 3339.324951171875
-80895 3349.7939453125
-80885 3357.85009765625
-80875 3364.618896484375
-80865 3375.927001953125
-80855 3385.429931640625
-80845 3375.68505859375
-80835 3356.885009765625
-80825 3340.462890625
-80815 3329.763916015625
-80805 3316.19189453125
-80795 3304.493896484375
-80785 3296.093017578125
-80775 3287.990966796875
-80765 3280.821044921875
-80755 3274.39599609375
-80745 3268.547119140625
-80735 3263.089111328125
-80725 3257.14697265625
-80715 3250.94189453125
-80705 3244.241943359375
-80695 3236.909912109375
-80685 3228.2919921875
-80675 3218.947998046875
-80665 3208.85888671875
-80655 3196.666015625
-80645 3190.6669921875
-80635 3186.26611328125
-80625 3183.0830078125
-80615 3180.23291015625
-80605 3177.027099609375
-80595 3173.24609375
-80585 3167.326904296875
-80575 3153.3310546875
-80565 3153.93896484375
-80555 3156.422119140625
-80545 3151.410888671875
-80535 3146.3779296875
-80525 3141.195068359375
-80515 3135.85107421875
-80505 3130.1630859375
-80495 3124.23291015625
-80485 3118.177001953125
-80475 3112.052001953125
-80465 3106.455078125
-80455 3101.89306640625
-80445 3096.906005859375
-80435 3091.861083984375
-80425 3086.47998046875
-80415 3080.468994140625
-80405 3074.806884765625
-80395 3069.406005859375
-80385 3062.89892578125
-80375 3056.489013671875
-80365 3048.9619140625
-80355 3042.39990234375
-80345 3037.285888671875
-80335 3033.1259765625
-80325 3029.126953125
-80315 3024.97607421875
-80305 3020.3330078125
-80295 3015.509033203125
-80285 3011.02490234375
-80275 3007.06298828125
-80265 3004.12109375
-80255 3002.06396484375
-80245 3000.570068359375
-80235 2999.638916015625
-80225 2999.075927734375
-80215 2998.822998046875
-80205 2998.777099609375
-80195 2998.762939453125
-80185 2998.625
-80175 2998.075927734375
-80165 2997.444091796875
-80155 2995.99609375
-80145 2991.1669921875
-80135 2992.22705078125
-80125 2989.64990234375
-80115 2987.02099609375
-80105 2984.179931640625
-80095 2981.053955078125
-80085 2978.009033203125
-80075 2974.412109375
-80065 2971.239990234375
-80055 2964.804931640625
-80045 2962.554931640625
-80035 2960.115966796875
-80025 2955.568115234375
-80015 2951.72705078125
-80005 2947.366943359375
-79995 2942.68603515625
-79985 2938.385009765625
-79975 2934.326904296875
-79965 2930.531005859375
-79955 2926.97802734375
-79945 2923.35595703125
-79935 2919.64599609375
-79925 2912.679931640625
-79915 2910.2080078125
-79905 2905.01806640625
-79895 2897.77294921875
-79885 2888.404052734375
-79875 2879.574951171875
-79865 2872.01708984375
-79855 2864.284912109375
-79845 2856.952880859375
-79835 2848.24609375
-79825 2839.468994140625
-79815 2831.632080078125
-79805 2824.736083984375
-79795 2818.39599609375
-79785 2811.291015625
-79775 2803.089111328125
-79765 2788.80908203125
-79755 2777.0009765625
-79745 2768.799072265625
-79735 2762.4951171875
-79725 2758.193115234375
-79715 2753.89208984375
-79705 2749.781982421875
-79695 2745.096923828125
-79685 2734.00390625
-79675 2725.52294921875
-79665 2715.02197265625
-79655 2711.991943359375
-79645 2705.02587890625
-79635 2700.93310546875
-79625 2695.5
-79615 2686.77490234375
-79605 2679.531005859375
-79595 2672.216064453125
-79585 2667.2529296875
-79575 2657.989013671875
-79565 2646.58203125
-79555 2632.214111328125
-79545 2616.0009765625
-79535 2602.19091796875
-79525 2591.464111328125
-79515 2581.327880859375
-79505 2561.47509765625
-79495 2550.294921875
-79485 2538.819091796875
-79475 2507.053955078125
-79465 2492.635009765625
-79455 2488.716064453125
-79445 2484.467041015625
-79435 2483.822998046875
-79425 2479.712890625
-79415 2478.702880859375
-79405 2472.155029296875
-79395 2453.2939453125
-79385 2448.260986328125
-79375 2440.547119140625
-79365 2436.298095703125
-79355 2433.093017578125
-79345 2432.362060546875
-79335 2431.195068359375
-79325 2428.861083984375
-79315 2427.7119140625
-79305 2427.3291015625
-79295 2427.868896484375
-79285 2428.181884765625
-79275 2429.365966796875
-79265 2431.99609375
-79255 2431.68310546875
-79245 2426.77197265625
-79235 2420.572021484375
-79225 2413.72802734375
-79215 2407.283935546875
-79205 2404.132080078125
-79195 2402.112060546875
-79185 2398.97802734375
-79175 2396.451904296875
-79165 2392.376953125
-79155 2387.93701171875
-79145 2384.175048828125
-79135 2381.179931640625
-79125 2379.0029296875
-79115 2376.407958984375
-79105 2373.951904296875
-79095 2371.06201171875
-79085 2367.77001953125
-79075 2365.384033203125
-79065 2364.843994140625
-79055 2362.946044921875
-79045 2362.510986328125
-79035 2361.51806640625
-79025 2360.159912109375
-79015 2359.306884765625
-79005 2359.18505859375
-78995 2359.51611328125
-78985 2360.10791015625
-78975 2360.4560546875
-78965 2361.552978515625
-78955 2364.18310546875
-78945 2366.2548828125
-78935 2368.258056640625
-78925 2370.052001953125
-78915 2374.7880859375
-78905 2378.237060546875
-78895 2384.4541015625
-78885 2391.176025390625
-78875 2398.001953125
-78865 2405.14208984375
-78855 2412.10791015625
-78845 2419.7529296875
-78835 2427.763916015625
-78825 2434.39892578125
-78815 2443.97802734375
-78805 2452.4580078125
-78795 2461.89697265625
-78785 2469.76904296875
-78775 2476.68310546875
-78765 2483.3701171875
-78755 2490.75390625
-78745 2498.051025390625
-78735 2505.10400390625
-78725 2513.322998046875
-78715 2522.2919921875
-78705 2530.02392578125
-78695 2535.596923828125
-78685 2542.8759765625
-78675 2551.862060546875
-78665 2559.125
-78655 2565.93408203125
-78645 2573.35205078125
-78635 2576.818115234375
-78625 2584.3759765625
-78615 2591.882080078125
-78605 2594.1279296875
-78595 2598.987060546875
-78585 2603.968017578125
-78575 2611.072998046875
-78565 2621.556884765625
-78555 2628.138916015625
-78545 2643.48193359375
-78535 2644.718017578125
-78525 2644.9619140625
-78515 2646.89501953125
-78505 2650.988037109375
-78495 2657.797119140625
-78485 2659.22509765625
-78475 2661.035888671875
-78465 2665.3720703125
-78455 2669.447998046875
-78445 2671.3798828125
-78435 2673.819091796875
-78425 2680.0009765625
-78415 2684.597900390625
-78405 2684.006103515625
-78395 2687.071044921875
-78385 2690.762939453125
-78375 2695.030029296875
-78365 2697.172119140625
-78355 2699.175048828125
-78345 2702.447998046875
-78335 2705.826904296875
-78325 2709.798095703125
-78315 2713.785888671875
-78305 2719.114990234375
-78295 2725.55810546875
-78285 2730.22509765625
-78275 2734.196044921875
-78265 2739.698974609375
-78255 2743.181884765625
-78245 2749.31201171875
-78235 2754.623046875
-78225 2758.85498046875
-78215 2762.616943359375
-78205 2765.89111328125
-78195 2768.345947265625
-78185 2772.090087890625
-78175 2775.382080078125
-78165 2779.718017578125
-78155 2782.487060546875
-78145 2785.5
-78135 2785.952880859375
-78125 2786.4580078125
-78115 2789.626953125
-78105 2791.943115234375
-78095 2794.381103515625
-78085 2797.532958984375
-78075 2800.59912109375
-78065 2803.75
-78055 2806.903076171875
-78045 2810.612060546875
-78035 2815.593017578125
-78025 2822.4189453125
-78015 2827.73095703125
-78005 2828.827880859375
-77995 2834.034912109375
-77985 2836.281005859375
-77975 2838.02294921875
-77965 2842.028076171875
-77955 2845.197998046875
-77945 2849.029052734375
-77935 2857.962890625
-77925 2860.470947265625
-77915 2863.81396484375
-77905 2864.493896484375
-77895 2869.491943359375
-77885 2869.1259765625
-77875 2872.383056640625
-77865 2871.35498046875
-77855 2873.4619140625
-77845 2876.927978515625
-77835 2879.93994140625
-77825 2881.681884765625
-77815 2884.241943359375
-77805 2886.593017578125
-77795 2888.99609375
-77785 2891.64306640625
-77775 2894.62109375
-77765 2897.615966796875
-77755 2900.681884765625
-77745 2904.198974609375
-77735 2907.926025390625
-77725 2912.157958984375
-77715 2916.615966796875
-77705 2921.02197265625
-77695 2925.498046875
-77685 2929.9208984375
-77675 2934.222900390625
-77665 2938.31494140625
-77655 2942.547119140625
-77645 2946.447998046875
-77635 2950.43603515625
-77625 2954.3369140625
-77615 2958.06298828125
-77605 2961.98193359375
-77595 2965.778076171875
-77585 2969.52197265625
-77575 2973.178955078125
-77565 2976.783935546875
-77555 2980.3369140625
-77545 2984.115966796875
-77535 2987.65087890625
-77525 2991.27294921875
-77515 2994.89599609375
-77505 2998.424072265625
-77495 3002.10791015625
-77485 3005.721923828125
-77475 3009.35595703125
-77465 3012.969970703125
-77455 3016.583984375
-77445 3020.159912109375
-77435 3023.7548828125
-77425 3027.3310546875
-77415 3030.926025390625
-77405 3034.501953125
-77395 3038.05810546875
-77385 3041.673095703125
-77375 3045.152099609375
-77365 3048.843994140625
-77355 3052.381103515625
-77345 3056.032958984375
-77335 3059.821044921875
-77325 3063.742919921875
-77315 3067.452880859375
-77305 3071.298095703125
-77295 3075.430908203125
-77285 3079.77587890625
-77275 3084.35205078125
-77265 3082.928955078125
-77255 3071.279052734375
-77245 3067.241943359375
-77235 3067.39599609375
-77225 3073.9130859375
-77215 3089.637939453125
-77205 3120.7060546875
-77195 3139.777099609375
-77185 3145.717041015625
-77175 3157.31005859375
-77165 3170.093994140625
-77155 3167.364990234375
-77145 3157.3291015625
-77135 3148.5048828125
-77125 3140.429931640625
-77115 3133.68310546875
-77105 3122.89697265625
-77095 3112.93896484375
-77085 3102.614990234375
-77075 3094.195068359375
-77065 3087.56201171875
-77055 3080.56396484375
-77045 3074.950927734375
-77035 3069.202880859375
-77025 3066.241943359375
-77015 3066.64599609375
-77005 3064.972900390625
-76995 3064.011962890625
-76985 3063.626953125
-76975 3061.3779296875
-76965 3061.281982421875
-76955 3061.6669921875
-76945 3061.492919921875
-76935 3061.340087890625
-76925 3060.64697265625
-76915 3060.781982421875
-76905 3059.68603515625
-76895 3058.782958984375
-76885 3057.552001953125
-76875 3056.591064453125
-76865 3054.91796875
-76855 3052.822998046875
-76845 3049.9580078125
-76835 3046.287109375
-76825 3042.2490234375
-76815 3039.326904296875
-76805 3035.097900390625
-76795 3030.945068359375
-76785 3026.7919921875
-76775 3022.389892578125
-76765 3015.410888671875
-76755 3012.10498046875
-76745 3008.9130859375
-76735 3007.279052734375
-76725 3005.60693359375
-76715 3002.741943359375
-76705 3001.820068359375
-76695 2998.955078125
-76685 2994.47607421875
-76675 2990.47705078125
-76665 2987.573974609375
-76655 2981.76806640625
-76645 2955.64111328125
-76635 2946.239990234375
-76625 2935.455078125
-76615 2928.283935546875
-76605 2921.68994140625
-76595 2914.7890625
-76585 2907.27197265625
-76575 2900.54296875
-76565 2892.488037109375
-76555 2885.375
-76545 2879.10693359375
-76535 2871.93701171875
-76525 2865.862060546875
-76515 2859.824951171875
-76505 2853.614990234375
-76495 2845.98291015625
-76485 2837.486083984375
-76475 2832.1220703125
-76465 2827.5849609375
-76455 2823.5859375
-76445 2817.991943359375
-76435 2813.801025390625
-76425 2809.321044921875
-76415 2804.99609375
-76405 2801.65087890625
-76395 2798.804931640625
-76385 2794.47998046875
-76375 2790.25
-76365 2779.830078125
-76355 2770.794921875
-76345 2764.680908203125
-76335 2757.39501953125
-76325 2752.10791015625
-76315 2746.14794921875
-76305 2739.862060546875
-76295 2732.94091796875
-76285 2728.4619140625
-76275 2725.2509765625
-76265 2720.445068359375
-76255 2715.2919921875
-76245 2710.217041015625
-76235 2703.81494140625
-76225 2700.219970703125
-76215 2695.299072265625
-76205 2687.205078125
-76195 2684.263916015625
-76185 2681.072021484375
-76175 2676.93896484375
-76165 2671.633056640625
-76155 2666.635009765625
-76145 2660.52099609375
-76135 2655.2919921875
-76125 2641.81494140625
-76115 2633.701904296875
-76105 2627.39697265625
-76095 2618.64892578125
-76085 2610.902099609375
-76075 2605.0380859375
-76065 2601.174072265625
-76055 2590.716064453125
-76045 2583.987060546875
-76035 2576.6240234375
-76025 2571.375
-76015 2566.031005859375
-76005 2557.033935546875
-75995 2549.26708984375
-75985 2534.09912109375
-75975 2522.756103515625
-75965 2508.64501953125
-75955 2498.282958984375
-75945 2486.363037109375
-75935 2477.2890625
-75925 2468.677001953125
-75915 2461.2939453125
-75905 2452.8740234375
-75895 2443.10693359375
-75885 2435.14794921875
-75875 2427.97802734375
-75865 2414.2890625
-75855 2402.716064453125
-75845 2386.43310546875
-75835 2372.2451171875
-75825 2362.47900390625
-75815 2353.135009765625
-75805 2343.637939453125
-75795 2333.160888671875
-75785 2325.681884765625
-75775 2318.702880859375
-75765 2311.840087890625
-75755 2305.783935546875
-75745 2300.22900390625
-75735 2294.7109375
-75725 2291.25
-75715 2286.866943359375
-75705 2281.330078125
-75695 2275.81298828125
-75685 2270.468017578125
-75675 2265.047119140625
-75665 2261.56689453125
-75655 2254.819091796875
-75645 2248.43701171875
-75635 2244.93798828125
-75625 2241.43896484375
-75615 2238.304931640625
-75605 2236.555908203125
-75595 2235.2490234375
-75585 2235.287109375
-75575 2233.7490234375
-75565 2232.7109375
-75555 2232.26904296875
-75545 2231.345947265625
-75535 2232.114990234375
-75525 2231.614990234375
-75515 2232.864990234375
-75505 2232.134033203125
-75495 2233.134033203125
-75485 2232.51904296875
-75475 2233.69091796875
-75465 2235.037109375
-75455 2236.324951171875
-75445 2235.555908203125
-75435 2235.422119140625
-75425 2236.43994140625
-75415 2237.01708984375
-75405 2237.1708984375
-75395 2239.2470703125
-75385 2240.112060546875
-75375 2239.843017578125
-75365 2240.881103515625
-75355 2241.572998046875
-75345 2241.47705078125
-75335 2241.593017578125
-75325 2240.073974609375
-75315 2239.43896484375
-75305 2239.2470703125
-75295 2240.7470703125
-75285 2241.881103515625
-75275 2244.45703125
-75265 2248.1669921875
-75255 2249.60888671875
-75245 2252.551025390625
-75235 2256.18408203125
-75225 2261.06689453125
-75215 2265.758056640625
-75205 2269.718994140625
-75195 2272.8720703125
-75185 2279.7919921875
-75175 2285.77099609375
-75165 2292.404052734375
-75155 2299.22900390625
-75145 2305.303955078125
-75135 2310.9560546875
-75125 2316.472900390625
-75115 2323.779052734375
-75105 2334.794921875
-75095 2341.657958984375
-75085 2348.694091796875
-75075 2353.943115234375
-75065 2359.4599609375
-75055 2367.322998046875
-75045 2375.090087890625
-75035 2383.60595703125
-75025 2399.658935546875
-75015 2410.714111328125
-75005 2421.134033203125
-74995 2431.323974609375
-74985 2439.931884765625
-74975 2449.18701171875
-74965 2459.153076171875
-74955 2469.68603515625
-74945 2476.011962890625
-74935 2485.56005859375
-74925 2493.10009765625
-74915 2496.028076171875
-74905 2499.263916015625
-74895 2500.672119140625
-74885 2504.845947265625
-74875 2511.787109375
-74865 2516.864990234375
-74855 2520.68603515625
-74845 2528.112060546875
-74835 2531.376953125
-74825 2534.60009765625
-74815 2538.35400390625
-74805 2542.9970703125
-74795 2546.718017578125
-74785 2554.048095703125
-74775 2559.56494140625
-74765 2563.544921875
-74755 2567.346923828125
-74745 2571.65087890625
-74735 2574.531005859375
-74725 2578.26806640625
-74715 2580.386962890625
-74705 2584.011962890625
-74695 2587.73291015625
-74685 2593.492919921875
-74675 2598.68603515625
-74665 2602.68310546875
-74655 2608.0859375
-74645 2615.77197265625
-74635 2622.7451171875
-74625 2627.93896484375
-74615 2635.05810546875
-74605 2641.739990234375
-74595 2646.511962890625
-74585 2650.864990234375
-74575 2656.156005859375
-74565 2662.222900390625
-74555 2666.719970703125
-74545 2672.64208984375
-74535 2679.097900390625
-74525 2685.214111328125
-74515 2691.458984375
-74505 2696.68505859375
-74495 2700.712890625
-74485 2705.30810546875
-74475 2710.323974609375
-74465 2715.72802734375
-74455 2722.635986328125
-74445 2728.751953125
-74435 2736.340087890625
-74425 2747.535888671875
-74415 2755.512939453125
-74405 2755.98193359375
-74395 2762.032958984375
-74385 2766.51708984375
-74375 2774.0869140625
-74365 2780.285888671875
-74355 2786.14306640625
-74345 2790.947998046875
-74335 2786.285888671875
-74325 2783.843017578125
-74315 2782.5
-74305 2782.01708984375
-74295 2780.674072265625
-74285 2778.3740234375
-74275 2776.3359375
-74265 2774.68798828125
-74255 2775.69091796875
-74245 2776.5810546875
-74235 2778.134033203125
-74225 2779.751953125
-74215 2782.22509765625
-74205 2783.797119140625
-74195 2783.114990234375
-74185 2784.489990234375
-74175 2786.158935546875
-74165 2785.573974609375
-74155 2786.25390625
-74145 2787.72607421875
-74135 2788.748046875
-74125 2789.572998046875
-74115 2789.166015625
-74105 2789.718994140625
-74095 2792.01611328125
-74085 2794.214111328125
-74075 2797.64404296875
-74065 2798.1640625
-74055 2797.093994140625
-74045 2795.510986328125
-74035 2796.85400390625
-74025 2801.416015625
-74015 2800.737060546875
-74005 2797.110107421875
-73995 2793.486083984375
-73985 2791.466064453125
-73975 2789.44091796875
-73965 2788.6669921875
-73955 2788.4541015625
-73945 2787.049072265625
-73935 2785.948974609375
-73925 2785.05908203125
-73915 2785.2529296875
-73905 2785.02392578125
-73895 2784.444091796875
-73885 2783.389892578125
-73875 2779.52294921875
-73865 2778.198974609375
-73855 2776.885986328125
-73845 2773.569091796875
-73835 2771.676025390625
-73825 2768.89306640625
-73815 2766.903076171875
-73805 2765.5439453125
-73795 2761.987060546875
-73785 2758.68408203125
-73775 2756.5
-73765 2754.77099609375
-73755 2753.60595703125
-73745 2749.97900390625
-73735 2747.0830078125
-73725 2744.964111328125
-73715 2742.925048828125
-73705 2740.385009765625
-73695 2736.323974609375
-73685 2732.553955078125
-73675 2730.14599609375
-73665 2724.966064453125
-73655 2721.39111328125
-73645 2719.658935546875
-73635 2718.381103515625
-73625 2714.64404296875
-73615 2708.18798828125
-73605 2704.0458984375
-73595 2698.25390625
-73585 2695.001953125
-73575 2694.51708984375
-73565 2694.258056640625
-73555 2695.3740234375
-73545 2695.35791015625
-73535 2695.697998046875
-73525 2694.905029296875
-73515 2695.583984375
-73505 2696.361083984375
-73495 2696.830078125
-73485 2697.364013671875
-73475 2697.02392578125
-73465 2697.947021484375
-73455 2700.406005859375
-73445 2703.4150390625
-73435 2705.1630859375
-73425 2706.6669921875
-73415 2708.75390625
-73405 2710.452880859375
-73395 2712.200927734375
-73385 2714.804931640625
-73375 2724.125
-73365 2728.445068359375
-73355 2729.56103515625
-73345 2728.528076171875
-73335 2728.18603515625
-73325 2728.783935546875
-73315 2730.27294921875
-73305 2732.0849609375
-73295 2733.007080078125
-73285 2732.68408203125
-73275 2732.39501953125
-73265 2731.30908203125
-73255 2731.680908203125
-73245 2729.98193359375
-73235 2728.573974609375
-73225 2725.27392578125
-73215 2721.64892578125
-73205 2718.009033203125
-73195 2714.950927734375
-73185 2709.822021484375
-73175 2704.806884765625
-73165 2704.613037109375
-73155 2708.75390625
-73145 2708.625
-73135 2711.94189453125
-73125 2712.654052734375
-73115 2715.241943359375
-73105 2716.132080078125
-73095 2718.964111328125
-73085 2717.587890625
-73075 2720.468017578125
-73065 2724.85302734375
-73055 2733.3310546875
-73045 2736.825927734375
-73035 2740.43603515625
-73025 2743.02197265625
-73015 2747.843994140625
-73005 2751.51904296875
-72995 2753.66796875
-72985 2759.447021484375
-72975 2760.220947265625
-72965 2756.337890625
-72955 2755.0439453125
-72945 2753.87890625
-72935 2753.47412109375
-72925 2754.1240234375
-72915 2755.030029296875
-72905 2757.570068359375
-72895 2759.31494140625
-72885 2759.881103515625
-72875 2761.2890625
-72865 2765.757080078125
-72855 2769.782958984375
-72845 2774.281005859375
-72835 2780.010986328125
-72825 2791.029052734375
-72815 2799.47509765625
-72805 2797.678955078125
-72795 2793.7470703125
-72785 2790.738037109375
-72775 2789.781005859375
-72765 2789.508056640625
-72755 2788.197998046875
-72745 2789.797119140625
-72735 2790.8349609375
-72725 2790.702880859375
-72715 2789.135986328125
-72705 2788.906982421875
-72695 2793.1650390625
-72685 2789.410888671875
-72675 2795.6240234375
-72665 2799.60400390625
-72655 2802.48388671875
-72645 2805.02392578125
-72635 2806.4619140625
-72625 2807.822998046875
-72615 2808.7939453125
-72605 2809.262939453125
-72595 2809.5869140625
-72585 2809.699951171875
-72575 2809.552001953125
-72565 2809.60302734375
-72555 2809.506103515625
-72545 2809.215087890625
-72535 2808.823974609375
-72525 2808.875
-72515 2808.534912109375
-72505 2808.18310546875
-72495 2807.9140625
-72485 2807.820068359375
-72475 2807.6201171875
-72465 2807.282958984375
-72455 2807.072998046875
-72445 2806.779052734375
-72435 2806.72607421875
-72425 2807.535888671875
-72415 2809.008056640625
-72405 2810.700927734375
-72395 2812.68798828125
-72385 2814.717041015625
-72375 2816.873046875
-72365 2819.1650390625
-72355 2821.373046875
-72345 2823.91796875
-72335 2826.388916015625
-72325 2828.912109375
-72315 2831.236083984375
-72305 2833.927978515625
-72295 2836.513916015625
-72285 2838.743896484375
-72275 2841.341064453125
-72265 2843.906005859375
-72255 2846.135009765625
-72245 2848.217041015625
-72235 2850.31005859375
-72225 2851.68701171875
-72215 2853.675048828125
-72205 2855.2099609375
-72195 2856.62890625
-72185 2857.764892578125
-72175 2858.427001953125
-72165 2859.069091796875
-72155 2859.677978515625
-72145 2861.277099609375
-72135 2864.157958984375
-72125 2867.985107421875
-72115 2872.5380859375
-72105 2877.68994140625
-72095 2884.114990234375
-72085 2891.001953125
-72075 2898.85595703125
-72065 2904.722900390625
-72055 2909.906982421875
-72045 2914.743896484375
-72035 2918.739990234375
-72025 2922.5458984375
-72015 2926.824951171875
-72005 2930.221923828125
-71995 2933.322998046875
-71985 2936.468017578125
-71975 2939.074951171875
-71965 2941.80908203125
-71955 2944.47998046875
-71945 2947.256103515625
-71935 2950.031005859375
-71925 2953.10205078125
-71915 2955.97802734375
-71905 2959.5048828125
-71895 2962.912109375
-71885 2966.26611328125
-71875 2969.862060546875
-71865 2973.846923828125
-71855 2977.3798828125
-71845 2981.2080078125
-71835 2984.593017578125
-71825 2988.132080078125
-71815 2991.528076171875
-71805 2995.596923828125
-71795 2999.72900390625
-71785 3002.737060546875
-71775 3007.01611328125
-71765 3012.1259765625
-71755 3018.5400390625
-71745 3024.596923828125
-71735 3030.72705078125
-71725 3039.780029296875
-71715 3046.541015625
-71705 3053.3330078125
-71695 3066.666015625
-71685 3075.341064453125
-71675 3082.260009765625
-71665 3089.493896484375
-71655 3096.968994140625
-71645 3099.7880859375
-71635 3108.5458984375
-71625 3115.486083984375
-71615 3122.677978515625
-71605 3135.506103515625
-71595 3145.242919921875
-71585 3156.9140625
-71575 3170.79296875
-71565 3179.237060546875
-71555 3189.782958984375
-71545 3198.951904296875
-71535 3206.77001953125
-71525 3210.927978515625
-71515 3217.363037109375
-71505 3225.092041015625
-71495 3233.43505859375
-71485 3252.30908203125
-71475 3259.784912109375
-71465 3250.720947265625
-71455 3236.2529296875
-71445 3227.157958984375
-71435 3216.8798828125
-71425 3211.485107421875
-71415 3203.06298828125
-71405 3195.9970703125
-71395 3191.117919921875
-71385 3186.281982421875
-71375 3172.402099609375
-71365 3164.073974609375
-71355 3155.346923828125
-71345 3144.2958984375
-71335 3136.27392578125
-71325 3130.85888671875
-71315 3124.634033203125
-71305 3119.333984375
-71295 3114.055908203125
-71285 3107.85205078125
-71275 3102.195068359375
-71265 3096.360107421875
-71255 3092.291015625
-71245 3089.0830078125
-71235 3085.551025390625
-71225 3081.134033203125
-71215 3075.7509765625
-71205 3071.27099609375
-71195 3066.85498046875
-71185 3062.501953125
-71175 3058.053955078125
-71165 3053.48095703125
-71155 3049.716064453125
-71145 3045.300048828125
-71135 3040.905029296875
-71125 3037.02490234375
-71115 3033.135009765625
-71105 3029.23388671875
-71095 3025.280029296875
-71085 3021.27392578125
-71075 3017.552001953125
-71065 3013.798095703125
-71055 3010.180908203125
-71045 3006.510986328125
-71035 3002.779052734375
-71025 2999.10888671875
-71015 2995.177001953125
-71005 2991.47998046875
-70995 2987.784912109375
-70985 2984.23095703125
-70975 2980.91796875
-70965 2977.675048828125
-70955 2974.468017578125
-70945 2971.218994140625
-70935 2968.280029296875
-70925 2965.0458984375
-70915 2961.77587890625
-70905 2958.23291015625
-70895 2954.56298828125
-70885 2950.736083984375
-70875 2946.509033203125
-70865 2942.43994140625
-70855 2938.528076171875
-70845 2934.952880859375
-70835 2931.514892578125
-70825 2928.424072265625
-70815 2925.4169921875
-70805 2922.56689453125
-70795 2919.8330078125
-70785 2916.98388671875
-70775 2914.406982421875
-70765 2911.800048828125
-70755 2909.37109375
-70745 2906.89990234375
-70735 2904.491943359375
-70725 2902.1259765625
-70715 2899.9599609375
-70705 2897.783935546875
-70695 2895.69091796875
-70685 2893.35693359375
-70675 2890.22412109375
-70665 2887.573974609375
-70655 2885.22900390625
-70645 2882.47412109375
-70635 2879.152099609375
-70625 2876.239013671875
-70615 2873.93603515625
-70605 2871.2548828125
-70595 2868.39501953125
-70585 2864.72509765625
-70575 2861.91796875
-70565 2858.868896484375
-70555 2854.589111328125
-70545 2852.318115234375
-70535 2849.132080078125
-70525 2845.883056640625
-70515 2842.550048828125
-70505 2838.77490234375
-70495 2833.906982421875
-70485 2830.258056640625
-70475 2826.757080078125
-70465 2822.551025390625
-70455 2818.1240234375
-70445 2811.132080078125
-70435 2809.43896484375
-70425 2804.47607421875
-70415 2800.985107421875
-70405 2795.318115234375
-70395 2791.39599609375
-70385 2785.81298828125
-70375 2781.218017578125
-70365 2777.326904296875
-70355 2772.7529296875
-70345 2768.304931640625
-70335 2763.9208984375
-70325 2759.925048828125
-70315 2756.135009765625
-70305 2752.553955078125
-70295 2749.6630859375
-70285 2746.739990234375
-70275 2743.77392578125
-70265 2741.382080078125
-70255 2738.696044921875
-70245 2736.446044921875
-70235 2734.294921875
-70225 2732.02392578125
-70215 2730.06298828125
-70205 2727.87109375
-70195 2725.89404296875
-70185 2723.927978515625
-70175 2722.239990234375
-70165 2720.47900390625
-70155 2718.839111328125
-70145 2717.0830078125
-70135 2715.548095703125
-70125 2714.092041015625
-70115 2712.6669921875
-70105 2711.384033203125
-70095 2709.7958984375
-70085 2708.533935546875
-70075 2707.3779296875
-70065 2705.83203125
-70055 2704.7490234375
-70045 2703.487060546875
-70035 2702.089111328125
-70025 2700.97412109375
-70015 2699.48095703125
-70005 2698.093017578125
-69995 2696.659912109375
-69985 2695.212890625
-69975 2693.909912109375
-69965 2692.367919921875
-69955 2690.93701171875
-69945 2689.52197265625
-69935 2688.075927734375
-69925 2686.596923828125
-69915 2685.02392578125
-69905 2683.783935546875
-69895 2682.49609375
-69885 2681.177001953125
-69875 2680.14404296875
-69865 2678.840087890625
-69855 2677.472900390625
-69845 2676.39208984375
-69835 2675.248046875
-69825 2674.135009765625
-69815 2672.76806640625
-69805 2671.60693359375
-69795 2670.050048828125
-69785 2668.52392578125
-69775 2666.885986328125
-69765 2665.1220703125
-69755 2664.199951171875
-69745 2663.35693359375
-69735 2662.277099609375
-69725 2660.655029296875
-69715 2659.68603515625
-69705 2658.14404296875
-69695 2656.443115234375
-69685 2654.64599609375
-69675 2652.675048828125
-69665 2650.783935546875
-69655 2648.9560546875
-69645 2647.031982421875
-69635 2645.172119140625
-69625 2643.534912109375
-69615 2641.833984375
-69605 2640.0859375
-69595 2638.385009765625
-69585 2636.333984375
-69575 2634.10888671875
-69565 2631.7080078125
-69555 2629.657958984375
-69545 2627.798095703125
-69535 2625.969970703125
-69525 2623.697021484375
-69515 2622.5048828125
-69505 2621.407958984375
-69495 2620.660888671875
-69485 2620.072998046875
-69475 2619.373046875
-69465 2618.720947265625
-69455 2617.89501953125
-69445 2615.590087890625
-69435 2613.412109375
-69425 2610.23291015625
-69415 2606.0048828125
-69405 2602.093994140625
-69395 2597.70703125
-69385 2593.032958984375
-69375 2588.23291015625
-69365 2586.29296875
-69355 2585.052978515625
-69345 2581.652099609375
-69335 2576.215087890625
-69325 2571.700927734375
-69315 2568.60107421875
-69305 2563.513916015625
-69295 2554.532958984375
-69285 2547.80908203125
-69275 2541.48193359375
-69265 2536.300048828125
-69255 2531.214111328125
-69245 2527.01708984375
-69235 2523.218017578125
-69225 2520.35693359375
-69215 2517.47705078125
-69205 2514.583984375
-69195 2512.169921875
-69185 2509.945068359375
-69175 2507.68505859375
-69165 2505.748046875
-69155 2503.697998046875
-69145 2501.739990234375
-69135 2499.864013671875
-69125 2498.8310546875
-69115 2498.594970703125
-69105 2499.22802734375
-69095 2498.007080078125
-69085 2495.68603515625
-69075 2493.950927734375
-69065 2494.697998046875
-69055 2493.77587890625
-69045 2493.44189453125
-69035 2493.81005859375
-69025 2493.715087890625
-69015 2493.968994140625
-69005 2493.968994140625
-68995 2494.14404296875
-68985 2494.490966796875
-68975 2495.177001953125
-68965 2495.701904296875
-68955 2496.493896484375
-68945 2496.76708984375
-68935 2496.653076171875
-68925 2496.448974609375
-68915 2495.971923828125
-68905 2495.445068359375
-68895 2494.697998046875
-68885 2493.77587890625
-68875 2492.822021484375
-68865 2491.72802734375
-68855 2490.361083984375
-68845 2489.23193359375
-68835 2487.5791015625
-68825 2485.718994140625
-68815 2483.634033203125
-68805 2481.23388671875
-68795 2479.154052734375
-68785 2476.738037109375
-68775 2474.09912109375
-68765 2471.1240234375
-68755 2467.9609375
-68745 2464.625
-68735 2461.666015625
-68725 2458.362060546875
-68715 2455.43701171875
-68705 2452.528076171875
-68695 2450.443115234375
-68685 2448.281005859375
-68675 2446.819091796875
-68665 2445.81689453125
-68655 2444.83203125
-68645 2443.989013671875
-68635 2443.81396484375
-68625 2443.178955078125
-68615 2442.43408203125
-68605 2441.589111328125
-68595 2442.001953125
-68585 2442.160888671875
-68575 2441.830078125
-68565 2441.319091796875
-68555 2441.01708984375
-68545 2440.842041015625
-68535 2440.302001953125
-68525 2440.047119140625
-68515 2439.85595703125
-68505 2439.60205078125
-68495 2439.31591796875
-68485 2439.06201171875
-68475 2438.949951171875
-68465 2438.74609375
-68455 2438.696044921875
-68445 2438.39404296875
-68435 2437.840087890625
-68425 2438.822998046875
-68415 2439.904052734375
-68405 2437.77392578125
-68395 2437.344970703125
-68385 2436.677001953125
-68375 2436.010009765625
-68365 2435.342041015625
-68355 2434.43603515625
-68345 2433.70703125
-68335 2432.801025390625
-68325 2431.8759765625
-68315 2430.382080078125
-68305 2428.7451171875
-68295 2426.7900390625
-68285 2425.930908203125
-68275 2423.7060546875
-68265 2422.115966796875
-68255 2420.06591796875
-68245 2418.301025390625
-68235 2417.31591796875
-68225 2415.868896484375
-68215 2414.31201171875
-68205 2411.322998046875
-68195 2409.14501953125
-68185 2407.68310546875
-68175 2406.47509765625
-68165 2404.614990234375
-68155 2400.943115234375
-68145 2394.632080078125
-68135 2387.4150390625
-68125 2383.5048828125
-68115 2380.833984375
-68105 2377.845947265625
-68095 2376.81298828125
-68085 2375.492919921875
-68075 2371.424072265625
-68065 2365.4150390625
-68055 2361.362060546875
-68045 2358.70703125
-68035 2354.22412109375
-68025 2349.947998046875
-68015 2346.053955078125
-68005 2341.93701171875
-67995 2337.7080078125
-67985 2334.76806640625
-67975 2331.969970703125
-67965 2329.39501953125
-67955 2325.626953125
-67945 2319.841064453125
-67935 2314.0869140625
-67925 2307.076904296875
-67915 2301.97412109375
-67905 2297.284912109375
-67895 2293.613037109375
-67885 2288.430908203125
-67875 2286.301025390625
-67865 2284.26611328125
-67855 2281.85009765625
-67845 2280.006103515625
-67835 2277.01708984375
-67825 2274.31494140625
-67815 2272.455078125
-67805 2270.89697265625
-67795 2268.639892578125
-67785 2265.985107421875
-67775 2263.679931640625
-67765 2260.89892578125
-67755 2259.324951171875
-67745 2256.35205078125
-67735 2253.85693359375
-67725 2251.471923828125
-67715 2249.56494140625
-67705 2248.02294921875
-67695 2245.781005859375
-67685 2243.06298828125
-67675 2239.597900390625
-67665 2236.48193359375
-67655 2233.14404296875
-67645 2230.10791015625
-67635 2226.3720703125
-67625 2221.825927734375
-67615 2218.64697265625
-67605 2214.27587890625
-67595 2211.1279296875
-67585 2209.0458984375
-67575 2205.722900390625
-67565 2202.06689453125
-67555 2200.0009765625
-67545 2197.345947265625
-67535 2193.117919921875
-67525 2187.680908203125
-67515 2183.1669921875
-67505 2179.7509765625
-67495 2175.7529296875
-67485 2172.89501953125
-67475 2171.153076171875
-67465 2171.282958984375
-67455 2171.10693359375
-67445 2168.01806640625
-67435 2164.10107421875
-67425 2161.614013671875
-67415 2158.39599609375
-67405 2153.552001953125
-67395 2148.93505859375
-67385 2145.06689453125
-67375 2139.669921875
-67365 2135.10302734375
-67355 2131.054931640625
-67345 2127.02392578125
-67335 2122.472900390625
-67325 2117.4169921875
-67315 2113.06103515625
-67305 2109.303955078125
-67295 2106.347900390625
-67285 2102.16796875
-67275 2100.577880859375
-67265 2097.35693359375
-67255 2096.93701171875
-67245 2095.22998046875
-67235 2095.3759765625
-67225 2095.051025390625
-67215 2094.8720703125
-67205 2095.01904296875
-67195 2094.251953125
-67185 2094.385009765625
-67175 2094.301025390625
-67165 2093.2470703125
-67155 2093.2470703125
-67145 2093.068115234375
-67135 2093.327880859375
-67125 2092.886962890625
-67115 2092.64306640625
-67105 2096.154052734375
-67095 2097.5869140625
-67085 2099.534912109375
-67075 2101.89404296875
-67065 2103.37109375
-67055 2104.674072265625
-67045 2105.532958984375
-67035 2107.3720703125
-67025 2110.9970703125
-67015 2115.77587890625
-67005 2116.946044921875
-66995 2118.97802734375
-66985 2119.950927734375
-66975 2121.708984375
-66965 2124.6669921875
-66955 2128.60107421875
-66945 2130.534912109375
-66935 2133.555908203125
-66925 2137.572998046875
-66915 2139.60498046875
-66905 2142.544921875
-66895 2147.469970703125
-66885 2151.1298828125
-66875 2157.0791015625
-66865 2164.490966796875
-66855 2169.25390625
-66845 2175.18701171875
-66835 2180.7919921875
-66825 2186.256103515625
-66815 2192.594970703125
-66805 2198.60693359375
-66795 2203.74609375
-66785 2216.470947265625
-66775 2225.85205078125
-66765 2232.19189453125
-66755 2246.576904296875
-66745 2253.742919921875
-66735 2259.20703125
-66725 2266.699951171875
-66715 2274.2099609375
-66705 2280.614013671875
-66695 2285.5400390625
-66685 2291.716064453125
-66675 2298.787109375
-66665 2304.7041015625
-66655 2313.139892578125
-66645 2320.926025390625
-66635 2325.656005859375
-66625 2326.468994140625
-66615 2328.923095703125
-66605 2332.093017578125
-66595 2338.2529296875
-66585 2346.26708984375
-66575 2349.81005859375
-66565 2352.655029296875
-66555 2357.027099609375
-66545 2362.5859375
-66535 2368.096923828125
-66525 2373.574951171875
-66515 2381.89697265625
-66505 2393.633056640625
-66495 2398.68798828125
-66485 2410.407958984375
-66475 2416.341064453125
-66465 2422.030029296875
-66455 2434.366943359375
-66445 2458.927978515625
-66435 2466.306884765625
-66425 2472.842041015625
-66415 2475.962890625
-66405 2477.555908203125
-66395 2480.1240234375
-66385 2485.22802734375
-66375 2491.534912109375
-66365 2495.305908203125
-66355 2497.79296875
-66345 2497.011962890625
-66335 2496.784912109375
-66325 2499.694091796875
-66315 2503.741943359375
-66305 2503.4169921875
-66295 2503.010009765625
-66285 2503.6279296875
-66275 2506.325927734375
-66265 2512.406005859375
-66255 2515.282958984375
-66245 2516.094970703125
-66235 2516.89208984375
-66225 2516.8759765625
-66215 2520.79296875
-66205 2525.279052734375
-66195 2530.676025390625
-66185 2539.080078125
-66175 2544.68701171875
-66165 2549.221923828125
-66155 2547.450927734375
-66145 2545.22412109375
-66135 2545.8740234375
-66125 2548.166015625
-66115 2547.20703125
-66105 2544.736083984375
-66095 2542.363037109375
-66085 2540.135986328125
-66075 2537.876953125
-66065 2535.30810546875
-66055 2533.06494140625
-66045 2530.431884765625
-66035 2528.85498046875
-66025 2529.912109375
-66015 2534.8369140625
-66005 2535.27587890625
-65995 2537.681884765625
-65985 2538.201904296875
-65975 2540.135986328125
-65965 2543.451904296875
-65955 2546.783935546875
-65945 2550.279052734375
-65935 2554.424072265625
-65925 2557.7890625
-65915 2561.4130859375
-65905 2564.95703125
-65895 2569.9150390625
-65885 2575.652099609375
-65875 2581.763916015625
-65865 2588.1201171875
-65855 2595.157958984375
-65845 2602.489013671875
-65835 2610.291015625
-65825 2616.257080078125
-65815 2623.214111328125
-65805 2629.763916015625
-65795 2637.06298828125
-65785 2644.89697265625
-65775 2652.537109375
-65765 2660.35498046875
-65755 2668.239013671875
-65745 2675.65087890625
-65735 2684.281982421875
-65725 2690.929931640625
-65715 2723.375
-65705 2742.81494140625
-65695 2749.98388671875
-65685 2759.68798828125
-65675 2772.47998046875
-65665 2778.26708984375
-65655 2776.0400390625
-65645 2782.18408203125
-65635 2793.39990234375
-65625 2801.625
-65615 2807.0048828125
-65605 2814.156982421875
-65595 2819.29296875
-65585 2817.781982421875
-65575 2814.125
-65565 2810.51611328125
-65555 2805.4609375
-65545 2800.06396484375
-65535 2781.56591796875
-65525 2771.050048828125
-65515 2759.719970703125
-65505 2751.85302734375
-65495 2742.115966796875
-65485 2734.7041015625
-65475 2727.323974609375
-65465 2719.945068359375
-65455 2709.298095703125
-65445 2703.055908203125
-65435 2695.531005859375
-65425 2688.590087890625
-65415 2686.346923828125
-65405 2679.455078125
-65395 2674.757080078125
-65385 2666.955078125
-65375 2654.324951171875
-65365 2648.39208984375
-65355 2640.590087890625
-65345 2633.487060546875
-65335 2625.652099609375
-65325 2618.011962890625
-65315 2611.574951171875
-65305 2606.666015625
-65295 2600.912109375
-65285 2594.81689453125
-65275 2589.533935546875
-65265 2582.4140625
-65255 2575.81494140625
-65245 2569.572998046875
-65235 2563.445068359375
-65225 2559.93408203125
-65215 2555.69189453125
-65205 2551.205078125
-65195 2546.99609375
-65185 2543.176025390625
-65175 2540.3798828125
-65165 2537.323974609375
-65155 2534.056884765625
-65145 2530.87109375
-65135 2527.864013671875
-65125 2524.987060546875
-65115 2524.157958984375
-65105 2520.7119140625
-65095 2518.6640625
-65085 2517.26611328125
-65075 2516.7939453125
-65065 2516.907958984375
-65055 2517.006103515625
-65045 2517.18505859375
-65035 2517.135986328125
-65025 2517.053955078125
-65015 2517.053955078125
-65005 2517.089111328125
-64995 2517.14599609375
-64985 2517.6240234375
-64975 2518.52490234375
-64965 2519.637939453125
-64955 2521.10400390625
-64945 2521.951904296875
-64935 2523.700927734375
-64925 2525.238037109375
-64915 2527.0400390625
-64905 2528.576904296875
-64895 2530.256103515625
-64885 2532.427978515625
-64875 2534.7958984375
-64865 2537.23388671875
-64855 2540.27294921875
-64845 2543.240966796875
-64835 2546.47412109375
-64825 2549.971923828125
-64815 2554.10595703125
-64805 2558.64599609375
-64795 2563.381103515625
-64785 2568.52197265625
-64775 2573.556884765625
-64765 2578.98095703125
-64755 2584.669921875
-64745 2590.35888671875
-64735 2596.489013671875
-64725 2602.3720703125
-64715 2608.468017578125
-64705 2614.844970703125
-64695 2621.506103515625
-64685 2628.572998046875
-64675 2635.93994140625
-64665 2643.27099609375
-64655 2650.8330078125
-64645 2658.658935546875
-64635 2666.50390625
-64625 2674.383056640625
-64615 2681.908935546875
-64605 2688.906005859375
-64595 2695.8310546875
-64585 2702.22607421875
-64575 2708.285888671875
-64565 2714.735107421875
-64555 2722.87890625
-64545 2731.64208984375
-64535 2739.556884765625
-64525 2746.465087890625
-64515 2752.347900390625
-64505 2759.573974609375
-64495 2767.18798828125
-64485 2774.60791015625
-64475 2783.10595703125
-64465 2788.264892578125
-64455 2774.2548828125
-64445 2763.4599609375
-64435 2755.634033203125
-64425 2745.951904296875
-64415 2734.2041015625
-64405 2727.118896484375
-64395 2718.427001953125
-64385 2709.364013671875
-64375 2700.9541015625
-64365 2692.968994140625
-64355 2685.989990234375
-64345 2679.75390625
-64335 2674.117919921875
-64325 2668.658935546875
-64315 2663.112060546875
-64305 2658.075927734375
-64295 2653.2529296875
-64285 2649.083984375
-64275 2644.632080078125
-64265 2640.922119140625
-64255 2637.22900390625
-64245 2633.802001953125
-64235 2630.2509765625
-64225 2626.928955078125
-64215 2623.697021484375
-64205 2620.197998046875
-64195 2616.965087890625
-64185 2614.138916015625
-64175 2610.05810546875
-64165 2602.885009765625
-64155 2598.06201171875
-64145 2593.362060546875
-64135 2589.10400390625
-64125 2585.006103515625
-64115 2580.748046875
-64105 2577.091064453125
-64095 2574.883056640625
-64085 2573.50390625
-64075 2572.284912109375
-64065 2570.925048828125
-64055 2569.35302734375
-64045 2568.2041015625
-64035 2567.532958984375
-64025 2566.385009765625
-64015 2565.8720703125
-64005 2566.949951171875
-63995 2567.798095703125
-63985 2566.825927734375
-63975 2564.794921875
-63965 2562.427001953125
-63955 2561.366943359375
-63945 2562.97509765625
-63935 2565.342041015625
-63925 2569.281982421875
-63915 2569.123046875
-63905 2567.4619140625
-63895 2564.883056640625
-63885 2562.904052734375
-63875 2561.366943359375
-63865 2560.27197265625
-63855 2558.541015625
-63845 2556.739013671875
-63835 2552.656982421875
-63825 2545.430908203125
-63815 2544.14208984375
-63805 2544.10595703125
-63795 2541.863037109375
-63785 2538.805908203125
-63775 2533.55908203125
-63765 2526.175048828125
-63755 2523.68310546875
-63745 2505.822021484375
-63735 2494.39111328125
-63725 2485.0810546875
-63715 2477.926025390625
-63705 2471.68896484375
-63695 2465.541015625
-63685 2459.623046875
-63675 2454.23388671875
-63665 2447.626953125
-63655 2441.549072265625
-63645 2435.384033203125
-63635 2428.175048828125
-63625 2422.822021484375
-63615 2417.50390625
-63605 2412.221923828125
-63595 2407.09912109375
-63585 2402.822998046875
-63575 2398.68896484375
-63565 2393.672119140625
-63555 2388.884033203125
-63545 2384.64404296875
-63535 2381.74609375
-63525 2379.18505859375
-63515 2376.94091796875
-63505 2373.531005859375
-63495 2368.60205078125
-63485 2363.9560546875
-63475 2351.51806640625
-63465 2344.716064453125
-63455 2339.52197265625
-63445 2337.472900390625
-63435 2335.157958984375
-63425 2331.076904296875
-63415 2325.5830078125
-63405 2322.5439453125
-63395 2319.27587890625
-63385 2315.794921875
-63375 2311.64404296875
-63365 2308.375
-63355 2306.04296875
-63345 2302.138916015625
-63335 2298.587890625
-63325 2295.196044921875
-63315 2291.785888671875
-63305 2289.135986328125
-63295 2286.30908203125
-63285 2284.1708984375
-63275 2282.705078125
-63265 2280.990966796875
-63255 2279.54296875
-63245 2277.93505859375
-63235 2277.193115234375
-63225 2276.027099609375
-63215 2275.60302734375
-63205 2275.407958984375
-63195 2275.4619140625
-63185 2275.426025390625
-63175 2275.69091796875
-63165 2277.669921875
-63155 2278.27099609375
-63145 2278.51806640625
-63135 2279.0830078125
-63125 2279.0830078125
-63115 2277.01611328125
-63105 2276.114990234375
-63095 2276.133056640625
-63085 2275.178955078125
-63075 2274.861083984375
-63065 2273.906982421875
-63055 2275.656005859375
-63045 2277.739990234375
-63035 2277.56396484375
-63025 2278.589111328125
-63015 2278.8359375
-63005 2280.054931640625
-62995 2280.5849609375
-62985 2280.72607421875
-62975 2281.6630859375
-62965 2280.6201171875
-62955 2279.10107421875
-62945 2278.94189453125
-62935 2279.595947265625
-62925 2279.4189453125
-62915 2279.68408203125
-62905 2281.7509765625
-62895 2284.594970703125
-62885 2286.89208984375
-62875 2288.87109375
-62865 2290.037109375
-62855 2290.972900390625
-62845 2293.447021484375
-62835 2293.464111328125
-62825 2294.1708984375
-62815 2295.0009765625
-62805 2295.159912109375
-62795 2294.77197265625
-62785 2293.87109375
-62775 2293.251953125
-62765 2293.7119140625
-62755 2293.8349609375
-62745 2291.343994140625
-62735 2290.779052734375
-62725 2290.743896484375
-62715 2285.903076171875
-62705 2280.5849609375
-62695 2274.294921875
-62685 2270.091064453125
-62675 2267.44091796875
-62665 2262.952880859375
-62655 2257.300048828125
-62645 2250.922119140625
-62635 2243.820068359375
-62625 2236.85888671875
-62615 2230.5869140625
-62605 2225.217041015625
-62595 2220.446044921875
-62585 2215.570068359375
-62575 2210.64111328125
-62565 2206.0830078125
-62555 2201.118896484375
-62545 2196.2958984375
-62535 2191.43701171875
-62525 2186.791015625
-62515 2181.366943359375
-62505 2175.72802734375
-62495 2170.512939453125
-62485 2166.284912109375
-62475 2162.39501953125
-62465 2158.14697265625
-62455 2155.2470703125
-62445 2151.2548828125
-62435 2146.68701171875
-62425 2143.282958984375
-62415 2140.5390625
-62405 2137.1279296875
-62395 2132.740966796875
-62385 2128.330078125
-62375 2124.623046875
-62365 2120.205078125
-62355 2115.532958984375
-62345 2110.697021484375
-62335 2107.3349609375
-62325 2103.5419921875
-62315 2098.89501953125
-62305 2095.320068359375
-62295 2093.4609375
-62285 2090.47412109375
-62275 2088.823974609375
-62265 2084.64892578125
-62255 2082.720947265625
-62245 2079.889892578125
-62235 2077.031982421875
-62225 2076.01708984375
-62215 2075.85302734375
-62205 2071.97998046875
-62195 2067.9580078125
-62185 2063.087890625
-62175 2057.9130859375
-62165 2052.989990234375
-62155 2048.135009765625
-62145 2044.56005859375
-62135 2041.0589599609375
-62125 2036.97998046875
-62115 2032.5689697265625
-62105 2031.5439453125
-62095 2029.58203125
-62085 2027.9320068359375
-62075 2026.5870361328125
-62065 2023.4329833984375
-62055 2019.258056640625
-62045 2017.5909423828125
-62035 2012.93603515625
-62025 2007.666015625
-62015 2005.0789794921875
-62005 2003.342041015625
-61995 1995.9010009765625
-61985 1990.1009521484375
-61975 1986.219970703125
-61965 1982.3299560546875
-61955 1978.5260009765625
-61945 1972.093017578125
-61935 1968.759033203125
-61925 1963.68701171875
-61915 1957.531982421875
-61905 1951.696044921875
-61895 1945.218017578125
-61885 1937.3260498046875
-61875 1928.260009765625
-61865 1920.8890380859375
-61855 1915.592041015625
-61845 1907.2659912109375
-61835 1900.5469970703125
-61825 1895.2850341796875
-61815 1888.833984375
-61805 1881.383056640625
-61795 1872.5780029296875
-61785 1867.3499755859375
-61775 1864.0159912109375
-61765 1852.7120361328125
-61755 1842.6490478515625
-61745 1836.2850341796875
-61735 1827.8270263671875
-61725 1821.3070068359375
-61715 1814.385009765625
-61705 1808.3509521484375
-61695 1800.7960205078125
-61685 1795.8310546875
-61675 1790.9610595703125
-61665 1785.532958984375
-61655 1777.91796875
-61645 1770.58203125
-61635 1764.8060302734375
-61625 1761.4219970703125
-61615 1753.866943359375
-61605 1744.08203125
-61595 1729.3709716796875
-61585 1717.970947265625
-61575 1695.968994140625
-61565 1676.39794921875
-61555 1655.133056640625
-61545 1644.4969482421875
-61535 1638.740966796875
-61525 1624.5970458984375
-61515 1618.9620361328125
-61505 1611.0770263671875
-61495 1603.133056640625
-61485 1597.134033203125
-61475 1587.35595703125
-61465 1578.552978515625
-61455 1573.6109619140625
-61445 1560.31005859375
-61435 1551.7900390625
-61425 1543.5780029296875
-61415 1528.155029296875
-61405 1514.3509521484375
-61395 1508.33203125
-61385 1501.741943359375
-61375 1490.0040283203125
-61365 1475.345947265625
-61355 1458.4599609375
-61345 1436.7259521484375
-61335 1411.052001953125
-61325 1400.447998046875
-61315 1389.9530029296875
-61305 1385.0799560546875
-61295 1377.6820068359375
-61285 1369.26904296875
-61275 1361.64697265625
-61265 1352.66796875
-61255 1344.1929931640625
-61245 1336.509033203125
-61235 1328.1820068359375
-61225 1321.0269775390625
-61215 1313.9759521484375
-61205 1307.343994140625
-61195 1301.092041015625
-61185 1295.14501953125
-61175 1290.4210205078125
-61165 1288.5699462890625
-61155 1287.8330078125
-61145 1286.2449951171875
-61135 1287.9620361328125
-61125 1288.1280517578125
-61115 1288.0240478515625
-61105 1288.1109619140625
-61095 1288.4580078125
-61085 1288.31201171875
-61075 1291.2540283203125
-61065 1295.6209716796875
-61055 1302.3599853515625
-61045 1307.97705078125
-61035 1314.89599609375
-61025 1322.3919677734375
-61015 1328.3809814453125
-61005 1335.405029296875
-60995 1341.8929443359375
-60985 1347.989013671875
-60975 1352.66796875
-60965 1356.385009765625
-60955 1358.989990234375
-60945 1362.530029296875
-60935 1365.20703125
-60925 1366.2049560546875
-60915 1373.3330078125
-60905 1375.3990478515625
-60895 1375.260009765625
-60885 1384.9940185546875
-60875 1391.6180419921875
-60865 1398.1409912109375
-60855 1406.553955078125
-60845 1412.4239501953125
-60835 1416.8780517578125
-60825 1421.7650146484375
-60815 1427.2359619140625
-60805 1432.3489990234375
-60795 1436.85498046875
-60785 1441.666015625
-60775 1445.7989501953125
-60765 1451.2950439453125
-60755 1456.800048828125
-60745 1462.9930419921875
-60735 1469.31201171875
-60725 1474.27197265625
-60715 1480.10498046875
-60705 1485.5760498046875
-60695 1491.801025390625
-60685 1497.43798828125
-60675 1502.6199951171875
-60665 1507.362060546875
-60655 1511.824951171875
-60645 1514.8270263671875
-60635 1519.509033203125
-60625 1522.7120361328125
-60615 1527.8699951171875
-60605 1532.6810302734375
-60595 1537.1619873046875
-60585 1543.0050048828125
-60575 1546.762939453125
-60565 1547.510009765625
-60555 1545.678955078125
-60545 1547.9720458984375
-60535 1552.56396484375
-60525 1557.7220458984375
-60515 1562.1309814453125
-60505 1566.4310302734375
-60495 1571.6829833984375
-60485 1578.011962890625
-60475 1582.572021484375
-60465 1586.237060546875
-60455 1590.43701171875
-60445 1595.5880126953125
-60435 1602.60205078125
-60425 1610.677978515625
-60415 1616.095947265625
-60405 1620.8280029296875
-60395 1626.22900390625
-60385 1632.0889892578125
-60375 1638.323974609375
-60365 1644.4969482421875
-60355 1650.7490234375
-60345 1656.488037109375
-60335 1664.60595703125
-60325 1671.883056640625
-60315 1678.6739501953125
-60305 1684.281005859375
-60295 1689.925048828125
-60285 1695.7530517578125
-60275 1701.1099853515625
-60265 1706.7889404296875
-60255 1712.7359619140625
-60245 1718.761962890625
-60235 1726.6619873046875
-60225 1733.323974609375
-60215 1738.0799560546875
-60205 1744.2110595703125
-60195 1750.654052734375
-60185 1752.8599853515625
-60175 1757.9830322265625
-60165 1764.0789794921875
-60155 1768.886962890625
-60145 1773.552001953125
-60135 1777.9010009765625
-60125 1785.68896484375
-60115 1792.1669921875
-60105 1797.6280517578125
-60095 1807.822021484375
-60085 1813.43896484375
-60075 1817.4169921875
-60065 1823.5030517578125
-60055 1829.0780029296875
-60045 1836.865966796875
-60035 1843.5689697265625
-60025 1849.0400390625
-60015 1855.428955078125
-60005 1860.10595703125
-59995 1865.06396484375
-59985 1868.0810546875
-59975 1872.9410400390625
-59965 1877.5169677734375
-59955 1882.9229736328125
-59945 1886.77001953125
-59935 1891.14404296875
-59925 1894.949951171875
-59915 1900.6810302734375
-59905 1904.5069580078125
-59895 1909.9739990234375
-59885 1914.10498046875
-59875 1918.884033203125
-59865 1925.01904296875
-59855 1931.43798828125
-59845 1938.969970703125
-59835 1946.218994140625
-59825 1953.81201171875
-59815 1961.5670166015625
-59805 1970.1519775390625
-59795 1977.7860107421875
-59785 1984.508056640625
-59775 1992.7080078125
-59765 2000.4840087890625
-59755 2008.0570068359375
-59745 2016.946044921875
-59735 2027.009033203125
-59725 2035.22998046875
-59715 2039.3599853515625
-59705 2043.20703125
-59695 2045.4949951171875
-59685 2049.989990234375
-59675 2054.02001953125
-59665 2056.469970703125
-59655 2061.430908203125
-59645 2067.72802734375
-59635 2075.281005859375
-59625 2082.14501953125
-59615 2089.009033203125
-59605 2095.427001953125
-59595 2102.069091796875
-59585 2108.68994140625
-59575 2115.007080078125
-59565 2120.919921875
-59555 2126.569091796875
-59545 2132.035888671875
-59535 2137.6650390625
-59525 2142.929931640625
-59515 2149.489990234375
-59505 2155.72705078125
-59495 2162.1650390625
-59485 2168.158935546875
-59475 2173.84912109375
-59465 2179.498046875
-59455 2184.35693359375
-59445 2189.946044921875
-59435 2196.87109375
-59425 2204.949951171875
-59415 2210.923095703125
-59405 2220.5
-59395 2231.799072265625
-59385 2239.472900390625
-59375 2244.39306640625
-59365 2251.37890625
-59355 2258.5869140625
-59345 2265.35009765625
-59335 2272.882080078125
-59325 2280.779052734375
-59315 2288.696044921875
-59305 2296.3701171875
-59295 2304.0439453125
-59285 2315.70703125
-59275 2327.006103515625
-59265 2336.157958984375
-59255 2349.764892578125
-59245 2361.89306640625
-59235 2379.6708984375
-59225 2399.23095703125
-59215 2410.489013671875
-59205 2417.049072265625
-59195 2423.73095703125
-59185 2432.195068359375
-59175 2440.556884765625
-59165 2449.75
-59155 2457.322998046875
-59145 2464.044921875
-59135 2476.235107421875
-59125 2486.339111328125
-59115 2495.044921875
-59105 2502.94189453125
-59095 2512.62109375
-59085 2517.60205078125
-59075 2523.43310546875
-59065 2531.410888671875
-59055 2537.364013671875
-59045 2540.44189453125
-59035 2536.472900390625
-59025 2535.52099609375
-59015 2526.712890625
-59005 2513.531982421875
-58995 2496.260009765625
-58985 2489.133056640625
-58975 2482.73388671875
-58965 2477.7939453125
-58955 2473.136962890625
-58945 2469.572998046875
-58935 2466.111083984375
-58925 2462.181884765625
-58915 2458.294921875
-58905 2455.864990234375
-58895 2455.074951171875
-58885 2454.6298828125
-58875 2454.549072265625
-58865 2453.556884765625
-58855 2453.2529296875
-58845 2452.76708984375
-58835 2451.35009765625
-58825 2451.998046875
-58815 2453.860107421875
-58805 2459.65087890625
-58795 2464.875
-58785 2467.9130859375
-58775 2470.888916015625
-58765 2473.115966796875
-58755 2475.343994140625
-58745 2477.388916015625
-58735 2482.73388671875
-58725 2489.638916015625
-58715 2493.0810546875
-58705 2496.5029296875
-58695 2499.52001953125
-58685 2501.1201171875
-58675 2503.6708984375
-58665 2505.757080078125
-58655 2508.448974609375
-58645 2511.303955078125
-58635 2513.490966796875
-58625 2518.208984375
-58615 2524.303955078125
-58605 2530.013916015625
-58595 2535.926025390625
-58585 2540.48193359375
-58575 2546.152099609375
-58565 2554.696044921875
-58555 2560.93310546875
-58545 2564.597900390625
-58535 2566.37890625
-58525 2568.506103515625
-58515 2568.970947265625
-58505 2569.3759765625
-58495 2570.672119140625
-58485 2573.446044921875
-58475 2575.126953125
-58465 2575.95703125
-58455 2580.31005859375
-58445 2583.14501953125
-58435 2582.719970703125
-58425 2584.64306640625
-58415 2589.097900390625
-58405 2589.968994140625
-58395 2587.3359375
-58385 2584.156982421875
-58375 2580.451904296875
-58365 2574.51904296875
-58355 2566.197021484375
-58345 2558.218994140625
-58335 2554.452880859375
-58325 2548.905029296875
-58315 2544.3701171875
-58305 2540.259033203125
-58295 2538.031982421875
-58285 2537.160888671875
-58275 2538.659912109375
-58265 2539.347900390625
-58255 2539.22705078125
-58245 2542.85107421875
-58235 2544.2890625
-58225 2546.657958984375
-58215 2547.205078125
-58205 2547.0419921875
-58195 2546.881103515625
-58185 2550.01904296875
-58175 2551.577880859375
-58165 2552.510009765625
-58155 2552.955078125
-58145 2555.222900390625
-58135 2556.2958984375
-58125 2556.376953125
-58115 2556.51904296875
-58105 2559.819091796875
-58095 2564.152099609375
-58085 2569.3759765625
-58075 2572.27197265625
-58065 2574.945068359375
-58055 2577.030029296875
-58045 2579.926025390625
-58035 2582.43603515625
-58025 2585.22998046875
-58015 2587.883056640625
-58005 2590.2119140625
-57995 2592.782958984375
-57985 2592.47900390625
-57975 2595.617919921875
-57965 2597.48095703125
-57955 2597.926025390625
-57945 2601.327880859375
-57935 2603.717041015625
-57925 2605.27587890625
-57915 2606.93701171875
-57905 2607.321044921875
-57895 2609.77099609375
-57885 2614.287109375
-57875 2616.533935546875
-57865 2624.694091796875
-57855 2630.364013671875
-57845 2635.242919921875
-57835 2638.05810546875
-57825 2640.549072265625
-57815 2642.695068359375
-57805 2646.218017578125
-57795 2649.093017578125
-57785 2655.35009765625
-57775 2661.889892578125
-57765 2668.3701171875
-57755 2675.3349609375
-57745 2681.388916015625
-57735 2687.80810546875
-57725 2693.214111328125
-57715 2698.195068359375
-57705 2702.7099609375
-57695 2706.760009765625
-57685 2711.4580078125
-57675 2716.884033203125
-57665 2722.10791015625
-57655 2727.27099609375
-57645 2734.3779296875
-57635 2740.656005859375
-57625 2749.179931640625
-57615 2754.889892578125
-57605 2760.235107421875
-57595 2764.85205078125
-57585 2771.10888671875
-57575 2777.324951171875
-57565 2783.6220703125
-57555 2789.93896484375
-57545 2799.821044921875
-57535 2808.972900390625
-57525 2817.5380859375
-57515 2828.7548828125
-57505 2838.133056640625
-57495 2845.45703125
-57485 2852.988037109375
-57475 2864.1240234375
-57465 2872.4990234375
-57455 2879.541015625
-57445 2892.577880859375
-57435 2901.343994140625
-57425 2912.948974609375
-57415 2924.116943359375
-57405 2928.93798828125
-57395 2937.053955078125
-57385 2944.325927734375
-57375 2949.06591796875
-57365 2957.779052734375
-57355 2966.64501953125
-57345 2964.95703125
-57335 2965.492919921875
-57325 2963.8369140625
-57315 2964.43798828125
-57305 2968.284912109375
-57295 2960.916015625
-57285 2952.069091796875
-57275 2947.443115234375
-57265 2945.31591796875
-57255 2941.778076171875
-57245 2942.427001953125
-57235 2942.800048828125
-57225 2940.572998046875
-57215 2945.052978515625
-57205 2951.451904296875
-57195 2952.069091796875
-57185 2957.6689453125
-57175 2959.568115234375
-57165 2959.794921875
-57155 2957.928955078125
-57145 2950.998046875
-57135 2954.277099609375
-57125 2957.89599609375
-57115 2957.166015625
-57105 2959.27587890625
-57095 2963.4150390625
-57085 2967.180908203125
-57075 2968.47900390625
-57065 2972.8779296875
-57055 2974.906982421875
-57045 2976.93701171875
-57035 2981.4169921875
-57025 2981.075927734375
-57015 2983.948974609375
-57005 2983.201904296875
-56995 2977.39111328125
-56985 2979.906982421875
-56975 2986.18896484375
-56965 2993.638916015625
-56955 3001.93408203125
-56945 3007.778076171875
-56935 3010.8291015625
-56925 3011.381103515625
-56915 3012.419921875
-56905 3014.10791015625
-56895 3016.055908203125
-56885 3017.6298828125
-56875 3020.341064453125
-56865 3024.237060546875
-56855 3031.37890625
-56845 3011.75390625
-56835 2991.885986328125
-56825 2981.594970703125
-56815 2961.742919921875
-56805 2953.010009765625
-56795 2935.60595703125
-56785 2920.822021484375
-56775 2895.72705078125
-56765 2884.718994140625
-56755 2875.56689453125
-56745 2869.009033203125
-56735 2862.64599609375
-56725 2857.156005859375
-56715 2852.031005859375
-56705 2846.9990234375
-56695 2841.674072265625
-56685 2836.64306640625
-56675 2831.77001953125
-56665 2827.159912109375
-56655 2822.844970703125
-56645 2818.84912109375
-56635 2814.93701171875
-56625 2811.10888671875
-56615 2807.39208984375
-56605 2803.756103515625
-56595 2800.2470703125
-56585 2796.676025390625
-56575 2793.300048828125
-56565 2789.990966796875
-56555 2786.612060546875
-56545 2783.251953125
-56535 2779.875
-56525 2776.402099609375
-56515 2772.912109375
-56505 2769.425048828125
-56495 2765.866943359375
-56485 2762.344970703125
-56475 2758.886962890625
-56465 2755.4951171875
-56455 2751.93994140625
-56445 2748.56396484375
-56435 2744.992919921875
-56425 2741.66796875
-56415 2738.321044921875
-56405 2735.093994140625
-56395 2731.94189453125
-56385 2728.906982421875
-56375 2725.85498046875
-56365 2722.949951171875
-56355 2720.093017578125
-56345 2717.18701171875
-56335 2714.31396484375
-56325 2711.635986328125
-56315 2709.071044921875
-56305 2706.635986328125
-56295 2704.52587890625
-56285 2702.593994140625
-56275 2700.56494140625
-56265 2699.299072265625
-56255 2698.406982421875
-56245 2697.39990234375
-56235 2696.847900390625
-56225 2697.302978515625
-56215 2697.822021484375
-56205 2697.85498046875
-56195 2698.39404296875
-56185 2698.9580078125
-56175 2698.666015625
-56165 2696.572998046875
-56155 2694.802978515625
-56145 2694.93310546875
-56135 2695.842041015625
-56125 2695.27392578125
-56115 2694.9169921875
-56105 2694.592041015625
-56095 2694.7060546875
-56085 2693.260986328125
-56075 2691.6220703125
-56065 2689.85595703125
-56055 2689.593017578125
-56045 2686.718994140625
-56035 2684.382080078125
-56025 2681.573974609375
-56015 2680.551025390625
-56005 2678.944091796875
-55995 2677.175048828125
-55985 2676.364013671875
-55975 2674.237060546875
-55965 2672.5810546875
-55955 2670.60107421875
-55945 2670.7958984375
-55935 2668.81494140625
-55925 2666.787109375
-55915 2666.8349609375
-55905 2665.537109375
-55895 2663.508056640625
-55885 2662.5009765625
-55875 2662.322998046875
-55865 2661.625
-55855 2661.8359375
-55845 2661.8359375
-55835 2660.781005859375
-55825 2660.6669921875
-55815 2659.385009765625
-55805 2658.18408203125
-55795 2655.97607421875
-55785 2654.93701171875
-55775 2653.865966796875
-55765 2653.0380859375
-55755 2649.368896484375
-55745 2647.8759765625
-55735 2646.4150390625
-55725 2646.756103515625
-55715 2642.697998046875
-55705 2639.322021484375
-55695 2636.35107421875
-55685 2633.656982421875
-55675 2631.693115234375
-55665 2629.3720703125
-55655 2627.797119140625
-55645 2627.781005859375
-55635 2629.258056640625
-55625 2624.924072265625
-55615 2622.991943359375
-55605 2620.31396484375
-55595 2618.333984375
-55585 2615.412109375
-55575 2609.30908203125
-55565 2604.196044921875
-55555 2602.701904296875
-55545 2599.39111328125
-55535 2597.02099609375
-55525 2595.447021484375
-55515 2593.093017578125
-55505 2590.090087890625
-55495 2590.301025390625
-55485 2590.1220703125
-55475 2589.132080078125
-55465 2588.1259765625
-55455 2587.02197265625
-55445 2588.239990234375
-55435 2590.073974609375
-55425 2590.820068359375
-55415 2589.570068359375
-55405 2587.053955078125
-55395 2582.656005859375
-55385 2577.591064453125
-55375 2572.428955078125
-55365 2566.31005859375
-55355 2559.68701171875
-55345 2552.98291015625
-55335 2547.658935546875
-55325 2541.782958984375
-55315 2535.9560546875
-55305 2530.35595703125
-55295 2524.6259765625
-55285 2518.39306640625
-55275 2512.2890625
-55265 2506.31591796875
-55255 2500.635009765625
-55245 2493.638916015625
-55235 2491.123046875
-55225 2487.697998046875
-55215 2484.85693359375
-55205 2479.240966796875
-55195 2474.0791015625
-55185 2472.4560546875
-55175 2468.7548828125
-55165 2464.014892578125
-55155 2459.89208984375
-55145 2455.9970703125
-55135 2452.5390625
-55125 2450.883056640625
-55115 2446.386962890625
-55105 2440.93310546875
-55095 2434.991943359375
-55085 2428.840087890625
-55075 2422.7041015625
-55065 2416.681884765625
-55055 2411.89404296875
-55045 2404.9140625
-55035 2398.242919921875
-55025 2388.714111328125
-55015 2384.007080078125
-55005 2381.48095703125
-54995 2380.589111328125
-54985 2377.764892578125
-54975 2373.60009765625
-54965 2367.763916015625
-54955 2364.02490234375
-54945 2333.907958984375
-54935 2295.179931640625
-54925 2284.89501953125
-54915 2275.114990234375
-54905 2266.912109375
-54895 2256.87890625
-54885 2248.7080078125
-54875 2241.876953125
-54865 2235.18603515625
-54855 2228.638916015625
-54845 2223.93798828125
-54835 2219.509033203125
-54825 2215.29296875
-54815 2211.7919921875
-54805 2208.195068359375
-54795 2205.27587890625
-54785 2202.989013671875
-54775 2201.27001953125
-54765 2199.787109375
-54755 2196.537109375
-54745 2199.787109375
-54735 2201.47509765625
-54725 2203.8720703125
-54715 2206.39599609375
-54705 2205.75
-54695 2203.572998046875
-54685 2205.2451171875
-54675 2205.81298828125
-54665 2205.43408203125
-54655 2203.93603515625
-54645 2201.20703125
-54635 2198.257080078125
-54625 2200.14990234375
-54615 2201.364013671875
-54605 2203.72998046875
-54595 2206.85400390625
-54585 2209.8349609375
-54575 2212.97509765625
-54565 2216.445068359375
-54555 2219.02001953125
-54545 2221.00390625
-54535 2221.906005859375
-54525 2222.202880859375
-54515 2222.613037109375
-54505 2222.69189453125
-54495 2222.69189453125
-54485 2221.968994140625
-54475 2221.618896484375
-54465 2221.0830078125
-54455 2220.56201171875
-54445 2219.44189453125
-54435 2217.89599609375
-54425 2215.513916015625
-54415 2211.91796875
-54405 2209.946044921875
-54395 2208.762939453125
-54385 2207.927001953125
-54375 2208.430908203125
-54365 2209.39404296875
-54355 2209.110107421875
-54345 2208.493896484375
-54335 2207.87890625
-54325 2207.864013671875
-54315 2207.7529296875
-54305 2208.2099609375
-54295 2208.825927734375
-54285 2207.800048828125
-54275 2207.468994140625
-54265 2207.263916015625
-54255 2202.12109375
-54245 2193.4140625
-54235 2184.801025390625
-54225 2184.864013671875
-54215 2186.093994140625
-54205 2186.3310546875
-54195 2183.77490234375
-54185 2181.802978515625
-54175 2181.865966796875
-54165 2183.444091796875
-54155 2183.5859375
-54145 2181.077880859375
-54135 2174.972900390625
-54125 2170.60302734375
-54115 2157.73095703125
-54105 2134.333984375
-54095 2112.486083984375
-54085 2105.75
-54075 2096.867919921875
-54065 2067.654052734375
-54055 2053.2041015625
-54045 2048.156005859375
-54035 2042.508056640625
-54025 2033.8480224609375
-54015 2023.95703125
-54005 2019.4110107421875
-53995 2015.198974609375
-53985 2010.2139892578125
-53975 2001.39599609375
-53965 1996.758056640625
-53955 1990.02197265625
-53945 1983.9649658203125
-53935 1978.6490478515625
-53925 1974.95703125
-53915 1971.18701171875
-53905 1968.6949462890625
-53895 1965.3499755859375
-53885 1964.3719482421875
-53875 1961.7850341796875
-53865 1956.6739501953125
-53855 1951.751953125
-53845 1945.1109619140625
-53835 1936.6400146484375
-53825 1922.7239990234375
-53815 1907.9429931640625
-53805 1902.2159423828125
-53795 1896.52197265625
-53785 1891.237060546875
-53775 1887.8609619140625
-53765 1881.031005859375
-53755 1874.43701171875
-53745 1869.1519775390625
-53735 1861.3590087890625
-53725 1855.7120361328125
-53715 1850.5379638671875
-53705 1846.010009765625
-53695 1841.4990234375
-53685 1836.93994140625
-53675 1832.885986328125
-53665 1828.1529541015625
-53655 1823.56298828125
-53645 1818.93798828125
-53635 1814.3310546875
-53625 1809.85498046875
-53615 1805.7340087890625
-53605 1800.9539794921875
-53595 1796.8370361328125
-53585 1792.5150146484375
-53575 1787.876953125
-53565 1783.14501953125
-53555 1783.14501953125
-53545 1785.3060302734375
-53535 1784.154052734375
-53525 1784.4849853515625
-53515 1784.612060546875
-53505 1785.22705078125
-53495 1786.426025390625
-53485 1787.7669677734375
-53475 1788.5550537109375
-53465 1790.116943359375
-53455 1792.593994140625
-53445 1794.4239501953125
-53435 1797.0899658203125
-53425 1802.68994140625
-53415 1807.595947265625
-53405 1815.739013671875
-53395 1824.93505859375
-53385 1829.3680419921875
-53375 1835.85205078125
-53365 1846.43603515625
-53355 1851.8160400390625
-53345 1851.8470458984375
-53335 1855.9959716796875
-53325 1860.39697265625
-53315 1867.291015625
-53305 1875.5250244140625
-53295 1882.135009765625
-53285 1891.363037109375
-53275 1898.27294921875
-53265 1900.2919921875
-53255 1902.68994140625
-53245 1906.97998046875
-53235 1910.9239501953125
-53225 1923.8590087890625
-53215 1935.31494140625
-53205 1934.5889892578125
-53195 1934.7130126953125
-53185 1935.5989990234375
-53175 1940.489013671875
-53165 1944.748046875
-53155 1949.781005859375
-53145 1954.166015625
-53135 1959.4659423828125
-53125 1967.0860595703125
-53115 1973.175048828125
-53105 1978.302001953125
-53095 1987.35595703125
-53085 1991.614990234375
-53075 1994.7860107421875
-53065 1998.1939697265625
-53055 2003.541015625
-53045 2007.280029296875
-53035 2010.781982421875
-53025 2013.6529541015625
-53015 2015.1829833984375
-53005 2018.3070068359375
-52995 2022.4580078125
-52985 2026.906982421875
-52975 2029.032958984375
-52965 2030.1409912109375
-52955 2033.7850341796875
-52945 2040.39501953125
-52935 2044.4639892578125
-52925 2049.02294921875
-52915 2051.294921875
-52905 2051.9580078125
-52895 2053.597900390625
-52885 2055.444091796875
-52875 2055.77490234375
-52865 2056.263916015625
-52855 2059.718994140625
-52845 2061.375
-52835 2061.675048828125
-52825 2064.35595703125
-52815 2065.365966796875
-52805 2064.89306640625
-52795 2067.73193359375
-52785 2068.126953125
-52775 2069.056884765625
-52765 2070.22509765625
-52755 2072.9541015625
-52745 2078.3330078125
-52735 2082.6708984375
-52725 2089.469970703125
-52715 2096.410888671875
-52705 2104.945068359375
-52695 2117.694091796875
-52685 2129.635986328125
-52675 2136.277099609375
-52665 2146.95703125
-52655 2163.677978515625
-52645 2189.864013671875
-52635 2218.291015625
-52625 2244.14892578125
-52615 2260.839111328125
-52605 2268.6630859375
-52595 2279.10595703125
-52585 2285.462890625
-52575 2295.763916015625
-52565 2299.7548828125
-52555 2304.156005859375
-52545 2309.408935546875
-52535 2311.7119140625
-52525 2317.343994140625
-52515 2321.618896484375
-52505 2336.3720703125
-52495 2350.780029296875
-52485 2356.58203125
-52475 2363.39404296875
-52465 2369.787109375
-52455 2373.193115234375
-52445 2378.574951171875
-52435 2382.260986328125
-52425 2386.5048828125
-52415 2393.4560546875
-52405 2400.407958984375
-52395 2405.23193359375
-52385 2409.239990234375
-52375 2416.5458984375
-52365 2422.18701171875
-52355 2427.77294921875
-52345 2431.60888671875
-52335 2433.780029296875
-52325 2434.800048828125
-52315 2438.39990234375
-52305 2442.33203125
-52295 2440.784912109375
-52285 2438.152099609375
-52275 2436.701904296875
-52265 2433.284912109375
-52255 2432.06103515625
-52245 2431.06103515625
-52235 2430.81396484375
-52225 2430.802978515625
-52215 2429.922119140625
-52205 2428.68701171875
-52195 2424.044921875
-52185 2422.412109375
-52175 2422.10107421875
-52165 2427.81591796875
-52155 2438.97998046875
-52145 2446.705078125
-52135 2450.5830078125
-52125 2454.160888671875
-52115 2456.944091796875
-52105 2456.0419921875
-52095 2460.802001953125
-52085 2469.449951171875
-52075 2473.489990234375
-52065 2478.465087890625
-52055 2482.9560546875
-52045 2488.8759765625
-52035 2493.02294921875
-52025 2497.0419921875
-52015 2494.44189453125
-52005 2492.012939453125
-51995 2504.927978515625
-51985 2511.35302734375
-51975 2517.875
-51965 2520.001953125
-51955 2519.722900390625
-51945 2521.73193359375
-51935 2521.054931640625
-51925 2520.884033203125
-51915 2532.73388671875
-51905 2536.216064453125
-51895 2540.534912109375
-51885 2544.424072265625
-51875 2553.470947265625
-51865 2560.701904296875
-51855 2565
-51845 2573.261962890625
-51835 2577.549072265625
-51825 2582.114990234375
-51815 2586.14404296875
-51805 2587.7451171875
-51795 2589.635986328125
-51785 2589.260009765625
-51775 2588.110107421875
-51765 2589.044921875
-51755 2589.700927734375
-51745 2589.35693359375
-51735 2588.35693359375
-51725 2598.10302734375
-51715 2607.428955078125
-51705 2608.75
-51695 2613.326904296875
-51685 2616.5400390625
-51675 2619.64501953125
-51665 2623.298095703125
-51655 2623.89990234375
-51645 2632.48388671875
-51635 2637.200927734375
-51625 2643.3359375
-51615 2649.299072265625
-51605 2652.318115234375
-51595 2652.532958984375
-51585 2651.468994140625
-51575 2650.1259765625
-51565 2648.181884765625
-51555 2648.50390625
-51545 2655.047119140625
-51535 2660.44091796875
-51525 2666.27490234375
-51515 2673.741943359375
-51505 2677.824951171875
-51495 2678.717041015625
-51485 2678.802978515625
-51475 2684.8740234375
-51465 2686.947021484375
-51455 2688.39697265625
-51445 2695.305908203125
-51435 2698.089111328125
-51425 2702.634033203125
-51415 2711.51904296875
-51405 2718.79296875
-51395 2724.498046875
-51385 2730.697998046875
-51375 2733.952880859375
-51365 2737.39208984375
-51355 2741.85009765625
-51345 2745.944091796875
-51335 2749.864990234375
-51325 2753.777099609375
-51315 2758.24609375
-51305 2762.306884765625
-51295 2765.659912109375
-51285 2767.27099609375
-51275 2767.055908203125
-51265 2769.216064453125
-51255 2771.68701171875
-51245 2774.341064453125
-51235 2777.85400390625
-51225 2779.347900390625
-51215 2784.407958984375
-51205 2820.64892578125
-51195 2830.5009765625
-51185 2837.742919921875
-51175 2835.884033203125
-51165 2837.366943359375
-51155 2840.18896484375
-51145 2843.1259765625
-51135 2846.18798828125
-51125 2849.7548828125
-51115 2853.343994140625
-51105 2856.906982421875
-51095 2860.6708984375
-51085 2864.452880859375
-51075 2868.697021484375
-51065 2873.403076171875
-51055 2878.195068359375
-51045 2882.8330078125
-51035 2886.361083984375
-51025 2892.27001953125
-51015 2896.547119140625
-51005 2900.575927734375
-50995 2904.863037109375
-50985 2908.68798828125
-50975 2912.30810546875
-50965 2915.950927734375
-50955 2920.656982421875
-50945 2919.443115234375
-50935 2930.864013671875
-50925 2935
-50915 2938.97607421875
-50905 2942.8291015625
-50895 2946.3779296875
-50885 2949.511962890625
-50875 2953.659912109375
-50865 2961.507080078125
-50855 2968.72705078125
-50845 2976
-50835 2983.968994140625
-50825 2991.694091796875
-50815 2998.467041015625
-50805 3004.887939453125
-50795 3011.861083984375
-50785 3019.031005859375
-50775 3025.763916015625
-50765 3033.318115234375
-50755 3056.20703125
-50745 3069.1708984375
-50735 3087.89892578125
-50725 3088.5859375
-50715 3100.051025390625
-50705 3101.9990234375
-50695 3109.762939453125
-50685 3113.68505859375
-50675 3117.573974609375
-50665 3120.927001953125
-50655 3122.322998046875
-50645 3124.633056640625
-50635 3130.092041015625
-50625 3132.2939453125
-50615 3134.27099609375
-50605 3135.97900390625
-50595 3137.39697265625
-50585 3138.612060546875
-50575 3139.427978515625
-50565 3140.22705078125
-50555 3140.888916015625
-50545 3141.322998046875
-50535 3141.81298828125
-50525 3142.25390625
-50515 3142.865966796875
-50505 3143.45703125
-50495 3144.31689453125
-50485 3145.402099609375
-50475 3146.842041015625
-50465 3148.819091796875
-50455 3151.450927734375
-50445 3154.77099609375
-50435 3158.31689453125
-50425 3161.93798828125
-50415 3165.31494140625
-50405 3168.544921875
-50395 3171.5859375
-50385 3174.465087890625
-50375 3177.097900390625
-50365 3179.493896484375
-50355 3181.824951171875
-50345 3183.952880859375
-50335 3185.758056640625
-50325 3187.2939453125
-50315 3188.64794921875
-50305 3189.830078125
-50295 3190.89306640625
-50285 3191.85009765625
-50275 3192.634033203125
-50265 3193.1708984375
-50255 3193.50390625
-50245 3193.6220703125
-50235 3193.547119140625
-50225 3193.35400390625
-50215 3193.1279296875
-50205 3192.805908203125
-50195 3192.48291015625
-50185 3192.43994140625
-50175 3192.68798828125
-50165 3193.322021484375
-50155 3194.513916015625
-50145 3196.287109375
-50135 3198.8759765625
-50125 3202.551025390625
-50115 3207.22509765625
-50105 3212.843994140625
-50095 3218.451904296875
-50085 3223.674072265625
-50075 3228.906982421875
-50065 3233.81689453125
-50055 3238.18994140625
-50045 3238.695068359375
-50035 3247.10693359375
-50025 3250.910888671875
-50015 3254.552978515625
-50005 3258.5380859375
-49995 3262.39990234375
-49985 3266.2109375
-49975 3270.469970703125
-49965 3274.818115234375
-49955 3279.071044921875
-49945 3283.430908203125
-49935 3287.8291015625
-49925 3292.85791015625
-49915 3298.12109375
-49905 3304.248046875
-49895 3310.19189453125
-49885 3313.01904296875
-49875 3314.35107421875
-49865 3317.3291015625
-49855 3320.989013671875
-49845 3325.26708984375
-49835 3329.159912109375
-49825 3332.360107421875
-49815 3335.2880859375
-49805 3338.007080078125
-49795 3340.777099609375
-49785 3343.389892578125
-49775 3345.572998046875
-49765 3348.34912109375
-49755 3350.532958984375
-49745 3353.10107421875
-49735 3355.18896484375
-49725 3357.511962890625
-49715 3360.23095703125
-49705 3362.541015625
-49695 3364.781005859375
-49685 3367.34912109375
-49675 3370.181884765625
-49665 3372.699951171875
-49655 3375.419921875
-49645 3378.10791015625
-49635 3381.09912109375
-49625 3383.969970703125
-49615 3386.860107421875
-49605 3389.8701171875
-49595 3392.14111328125
-49585 3394.9619140625
-49575 3397.138916015625
-49565 3399.3291015625
-49555 3401.531005859375
-49545 3403.89111328125
-49535 3406.7490234375
-49525 3409.1220703125
-49515 3411.14111328125
-49505 3412.302001953125
-49495 3412.611083984375
-49485 3414.75
-49475 3416.302978515625
-49465 3417.52099609375
-49455 3419.930908203125
-49445 3425.01708984375
-49435 3446.218994140625
-49425 3469.509033203125
-49415 3477.200927734375
-49405 3478.091064453125
-49395 3478.98095703125
-49385 3480.4189453125
-49375 3482.571044921875
-49365 3485.64990234375
-49355 3489.158935546875
-49345 3493.909912109375
-49335 3498.169921875
-49325 3502.447998046875
-49315 3506.220947265625
-49305 3511.199951171875
-49295 3517.239013671875
-49285 3524.48291015625
-49275 3531.39208984375
-49265 3538.819091796875
-49255 3546.157958984375
-49245 3565.251953125
-49235 3580.219970703125
-49225 3582.8701171875
-49215 3587.532958984375
-49205 3592.138916015625
-49195 3603.888916015625
-49185 3615.777099609375
-49175 3621.720947265625
-49165 3625.009033203125
-49155 3628.970947265625
-49145 3633.0791015625
-49135 3638.6201171875
-49125 3644.008056640625
-49115 3651.97802734375
-49105 3657.4169921875
-49095 3665.5380859375
-49085 3676.18994140625
-49075 3690.552001953125
-49065 3701.126953125
-49055 3716.958984375
-49045 3691.97802734375
-49035 3681.180908203125
-49025 3667.5830078125
-49015 3656.35693359375
-49005 3642.10888671875
-48995 3630.1201171875
-48985 3616.407958984375
-48975 3605.612060546875
-48965 3592.569091796875
-48955 3581.31103515625
-48945 3568.072998046875
-48935 3557.75
-48925 3546.64990234375
-48915 3528.930908203125
-48905 3525.990966796875
-48895 3513.761962890625
-48885 3505.69091796875
-48875 3496.1689453125
-48865 3483.1201171875
-48855 3475.47900390625
-48845 3466.637939453125
-48835 3454.118896484375
-48825 3437.327880859375
-48815 3421.35107421875
-48805 3422.22802734375
-48795 3411.0400390625
-48785 3378.876953125
-48775 3351.18310546875
-48765 3334.491943359375
-48755 3323.77099609375
-48745 3315.971923828125
-48735 3300.02099609375
-48725 3289.368896484375
-48715 3283.89794921875
-48705 3277.221923828125
-48695 3268.287109375
-48685 3261.01806640625
-48675 3255.010009765625
-48665 3249.60888671875
-48655 3244.75
-48645 3240.239013671875
-48635 3236.218994140625
-48625 3232.33203125
-48615 3228.363037109375
-48605 3225.031005859375
-48595 3221.989990234375
-48585 3219.27001953125
-48575 3216.759033203125
-48565 3214.10205078125
-48555 3211.717041015625
-48545 3209.25
-48535 3206.757080078125
-48525 3204.10107421875
-48515 3200.839111328125
-48505 3198.47900390625
-48495 3197.330078125
-48485 3195.076904296875
-48475 3192.25
-48465 3189.31005859375
-48455 3186.179931640625
-48445 3183.157958984375
-48435 3179.951904296875
-48425 3176.381103515625
-48415 3172.3798828125
-48405 3168.550048828125
-48395 3165.697998046875
-48385 3163.281005859375
-48375 3160.73193359375
-48365 3158.200927734375
-48355 3155.657958984375
-48345 3153.298095703125
-48335 3150.7490234375
-48325 3148.111083984375
-48315 3145.7890625
-48305 3143.758056640625
