-81395 2986.615966796875
-81385 2989.594970703125
-81375 2994.35302734375
-81365 2999.375
-81355 3004.7529296875
-81345 3010.406982421875
-81335 3016.3798828125
-81325 3021.43896484375
-81315 3026.656005859375
-81305 3030.529052734375
-81295 3034.551025390625
-81285 3038.4580078125
-81275 3042.47802734375
-81265 3046.052001953125
-81255 3050.008056640625
-81245 3055.3740234375
-81235 3060.47705078125
-81225 3065.24609375
-81215 3070.176025390625
-81205 3074.427978515625
-81195 3064.93310546875
-81185 3079.5849609375
-81175 3083.196044921875
-81165 3087.97705078125
-81155 3094.595947265625
-81145 3104.326904296875
-81135 3107.340087890625
-81125 3105.409912109375
-81115 3121.5439453125
-81105 3129.416015625
-81095 3135.070068359375
-81085 3140.299072265625
-81075 3144.447021484375
-81065 3142.735107421875
-81055 3154.60595703125
-81045 3161.237060546875
-81035 3166.93701171875
-81025 3172.568115234375
-81015 3177.739013671875
-81005 3182.612060546875
-80995 3187.678955078125
-80985 3194.81591796875
-80975 3202.22802734375
-80965 3209.076904296875
-80955 3215.39794921875
-80945 3221.488037109375
-80935 3227.83203125
-80925 3234.049072265625
-80915 3240.138916015625
-80905 3246.137939453125
-80895 3252.366943359375
-80885 3258.113037109375
-80875 3262.3759765625
-80865 3266.6630859375
-80855 3270.466064453125
-80845 3273.799072265625
-80835 3276.77490234375
-80825 3279.24609375
-80815 3281.428955078125
-80805 3283.635986328125
-80795 3287.35888671875
-80785 3294.115966796875
-80775 3301.367919921875
-80765 3308.032958984375
-80755 3296.093017578125
-80745 3275.993896484375
-80735 3258.6640625
-80725 3242.530029296875
-80715 3227.6708984375
-80705 3220.339111328125
-80695 3214.2939453125
-80685 3209.537109375
-80675 3205.491943359375
-80665 3201.618896484375
-80655 3198.080078125
-80645 3193.35595703125
-80635 3188.18505859375
-80625 3185.381103515625
-80615 3182.26708984375
-80605 3178.64697265625
-80595 3174.93505859375
-80585 3171.0849609375
-80575 3166.718994140625
-80565 3162.110107421875
-80555 3157.7890625
-80545 3153.06591796875
-80535 3148.090087890625
-80525 3142.929931640625
-80515 3137.541015625
-80505 3132.278076171875
-80495 3126.220947265625
-80485 3119.487060546875
-80475 3112.740966796875
-80465 3106.455078125
-80455 3100.843994140625
-80445 3096.216064453125
-80435 3093.010009765625
-80425 3091.010009765625
-80415 3089.803955078125
-80405 3088.97607421875
-80395 3088.02001953125
-80385 3086.781005859375
-80375 3085.3310546875
-80365 3083.77099609375
-80355 3081.610107421875
-80345 3079.135986328125
-80335 3076.14892578125
-80325 3072.302001953125
-80315 3068.26806640625
-80305 3063.843994140625
-80295 3059.155029296875
-80285 3054.615966796875
-80275 3050.501953125
-80265 3046.799072265625
-80255 3043.2939453125
-80245 3039.91796875
-80235 3036.512939453125
-80225 3033.5029296875
-80215 3030.907958984375
-80205 3028.928955078125
-80195 3027.277099609375
-80185 3025.85205078125
-80175 3024.507080078125
-80165 3023.26611328125
-80155 3022.093994140625
-80145 3021.06005859375
-80135 3020.175048828125
-80125 3019.4140625
-80115 3018.77294921875
-80105 3017.864990234375
-80095 3016.887939453125
-80085 3015.633056640625
-80075 3014.23095703125
-80065 3012.64501953125
-80055 3010.93310546875
-80045 3009.24609375
-80035 3007.465087890625
-80025 3005.580078125
-80015 3003.592041015625
-80005 3001.4609375
-79995 2992.492919921875
-79985 2995.802001953125
-79975 2989.322998046875
-79965 2988.93994140625
-79955 2983.4189453125
-79945 2976.087890625
-79935 2970.654052734375
-79925 2960.902099609375
-79915 2953.761962890625
-79905 2946.48291015625
-79895 2938.593994140625
-79885 2930.826904296875
-79875 2921.85791015625
-79865 2913.39404296875
-79855 2905.01806640625
-79845 2891.886962890625
-79835 2879.260986328125
-79825 2867.85400390625
-79815 2860.802001953125
-79805 2853.991943359375
-79795 2848.402099609375
-79785 2844.93701171875
-79775 2836.6650390625
-79765 2832.10205078125
-79755 2823.533935546875
-79745 2821.722900390625
-79735 2818.153076171875
-79725 2815.8359375
-79715 2809.60205078125
-79705 2806.867919921875
-79695 2796.2451171875
-79685 2791.02001953125
-79675 2779.196044921875
-79665 2776.931884765625
-79655 2771.18505859375
-79645 2768.18896484375
-79635 2765.43798828125
-79625 2766.30908203125
-79615 2766.51806640625
-79605 2728.326904296875
-79595 2706.31494140625
-79585 2677.179931640625
-79575 2664.344970703125
-79565 2629.132080078125
-79555 2612.72705078125
-79545 2605.011962890625
-79535 2599.177978515625
-79525 2593.902099609375
-79515 2587.64990234375
-79505 2581.64208984375
-79495 2577.89794921875
-79485 2572.830078125
-79475 2565.427978515625
-79465 2564.43603515625
-79455 2562.068115234375
-79445 2562.032958984375
-79435 2559.177001953125
-79425 2556.739013671875
-79415 2556.076904296875
-79405 2556.007080078125
-79395 2555.762939453125
-79385 2549.458984375
-79375 2543.904052734375
-79365 2538.906005859375
-79355 2534.6220703125
-79345 2522.51806640625
-79335 2500.8369140625
-79325 2496.587890625
-79315 2490.178955078125
-79305 2488.14208984375
-79295 2483.97900390625
-79285 2479.6259765625
-79275 2478.615966796875
-79265 2477.10107421875
-79255 2470.08203125
-79245 2461.949951171875
-79235 2446.972900390625
-79225 2438.614013671875
-79215 2433.633056640625
-79205 2429.94091796875
-79195 2425.3779296875
-79185 2421.616943359375
-79175 2418.987060546875
-79165 2416.79296875
-79155 2412.072998046875
-79145 2406.84912109375
-79135 2403.279052734375
-79125 2401.345947265625
-79115 2399.90087890625
-79105 2399.760986328125
-79095 2399.447998046875
-79085 2398.419921875
-79075 2395.425048828125
-79065 2393.9970703125
-79055 2391.43701171875
-79045 2390.4619140625
-79035 2390.531005859375
-79025 2391.43701171875
-79015 2392.343017578125
-79005 2394.18798828125
-78995 2396.660888671875
-78985 2399.674072265625
-78975 2404.028076171875
-78965 2409.304931640625
-78955 2415.696044921875
-78945 2418.951904296875
-78935 2422.64404296875
-78925 2424.489990234375
-78915 2432.466064453125
-78905 2439.031982421875
-78895 2443.76904296875
-78885 2449.446044921875
-78875 2456.010986328125
-78865 2464.1259765625
-78855 2474.97607421875
-78845 2482.673095703125
-78835 2488.64599609375
-78825 2494.672119140625
-78815 2499.094970703125
-78805 2507.906982421875
-78795 2515.69189453125
-78785 2518.635009765625
-78775 2527.133056640625
-78765 2534.760986328125
-78755 2535.2490234375
-78745 2553.794921875
-78735 2558.25390625
-78725 2570.4609375
-78715 2576.677978515625
-78705 2578.43798828125
-78695 2580.43994140625
-78685 2584.2890625
-78675 2591.133056640625
-78665 2604.3330078125
-78655 2606.6669921875
-78645 2612.221923828125
-78635 2616.261962890625
-78625 2620.389892578125
-78615 2624.447998046875
-78605 2630.612060546875
-78595 2643.324951171875
-78585 2652.5029296875
-78575 2657.761962890625
-78565 2663.422119140625
-78555 2671.259033203125
-78545 2676.5869140625
-78535 2680.8720703125
-78525 2682.595947265625
-78515 2685.990966796875
-78505 2689.10888671875
-78495 2696.074951171875
-78485 2703.5458984375
-78475 2708.89208984375
-78465 2710.77294921875
-78455 2717.89599609375
-78445 2722.89404296875
-78435 2726.1669921875
-78425 2728.048095703125
-78415 2731.35693359375
-78405 2735.135986328125
-78395 2737.556884765625
-78385 2740.865966796875
-78375 2744.3310546875
-78365 2747.675048828125
-78355 2751.43701171875
-78345 2753.404052734375
-78335 2756.278076171875
-78325 2757.89697265625
-78315 2762.77294921875
-78305 2764.77587890625
-78295 2766.012939453125
-78285 2768.763916015625
-78275 2771.7939453125
-78265 2774.738037109375
-78255 2777.22802734375
-78245 2779.614013671875
-78235 2782.156005859375
-78225 2786.4580078125
-78215 2790.305908203125
-78205 2793.77197265625
-78195 2797.2548828125
-78185 2800.928955078125
-78175 2803.298095703125
-78165 2808.85302734375
-78155 2811.047119140625
-78145 2814.26904296875
-78135 2817.85693359375
-78125 2821.02587890625
-78115 2824.422119140625
-78105 2828.095947265625
-78095 2828.8798828125
-78085 2833.616943359375
-78075 2837.587890625
-78065 2840.87890625
-78055 2845.02392578125
-78045 2849.0810546875
-78035 2852.2509765625
-78025 2853.22607421875
-78015 2857.197021484375
-78005 2860.034912109375
-77995 2863.430908203125
-77985 2866.60107421875
-77975 2868.7080078125
-77965 2871.547119140625
-77955 2874.02001953125
-77945 2877.172119140625
-77935 2878.634033203125
-77925 2880.864013671875
-77915 2883.806884765625
-77905 2887.741943359375
-77895 2892.758056640625
-77885 2897.44189453125
-77875 2902.528076171875
-77865 2906.3759765625
-77855 2911.89697265625
-77845 2914.264892578125
-77835 2917.922119140625
-77825 2919.785888671875
-77815 2921.47509765625
-77805 2922.4150390625
-77795 2925.18408203125
-77785 2927.865966796875
-77775 2930.826904296875
-77765 2933.735107421875
-77755 2936.85205078125
-77745 2940.056884765625
-77735 2943.7490234375
-77725 2947.75390625
-77715 2951.68994140625
-77705 2956.077880859375
-77695 2960.344970703125
-77685 2965.7958984375
-77675 2970.8291015625
-77665 2976.22705078125
-77655 2981.2080078125
-77645 2987.007080078125
-77635 2992.805908203125
-77625 2998.535888671875
-77615 3003.60302734375
-77605 3007.905029296875
-77595 3011.7880859375
-77585 3015.70703125
-77575 3019.364013671875
-77565 3022.428955078125
-77555 3025.14599609375
-77545 3027.549072265625
-77535 3029.882080078125
-77525 3032.05908203125
-77515 3034.18408203125
-77505 3036.462890625
-77495 3038.77001953125
-77485 3041.0380859375
-77475 3043.2490234375
-77465 3045.51806640625
-77455 3047.843994140625
-77445 3050.073974609375
-77435 3052.284912109375
-77425 3054.533935546875
-77415 3056.7060546875
-77405 3058.9560546875
-77395 3061.14697265625
-77385 3063.339111328125
-77375 3065.587890625
-77365 3067.8759765625
-77355 3070.201904296875
-77345 3072.759033203125
-77335 3075.239013671875
-77325 3078.027099609375
-77315 3080.583984375
-77305 3083.506103515625
-77295 3086.658935546875
-77285 3089.85009765625
-77275 3093.117919921875
-77265 3096.616943359375
-77255 3100.5
-77245 3104.306884765625
-77235 3108.537109375
-77225 3112.93896484375
-77215 3117.611083984375
-77205 3122.262939453125
-77195 3127.1650390625
-77185 3132.9140625
-77175 3144.56396484375
-77165 3155.367919921875
-77155 3166.864990234375
-77145 3173.72802734375
-77135 3184.052001953125
-77125 3194.490966796875
-77115 3195.720947265625
-77105 3191.39599609375
-77095 3186.781005859375
-77085 3182.282958984375
-77075 3177.861083984375
-77065 3173.26708984375
-77055 3169.555908203125
-77045 3163.885009765625
-77035 3161.7509765625
-77025 3158.694091796875
-77015 3155.98291015625
-77005 3154.0419921875
-76995 3150.638916015625
-76985 3148.697021484375
-76975 3148.08203125
-76965 3147.2939453125
-76955 3145.87109375
-76945 3144.1220703125
-76935 3142.757080078125
-76925 3140.60400390625
-76915 3137.949951171875
-76905 3135.56689453125
-76895 3131.85595703125
-76885 3128.1650390625
-76875 3125.376953125
-76865 3121.531982421875
-76855 3110.708984375
-76845 3099.2890625
-76835 3089.368896484375
-76825 3079.257080078125
-76815 3067.60693359375
-76805 3059.012939453125
-76795 3049.65087890625
-76785 3043.287109375
-76775 3039.326904296875
-76765 3030.926025390625
-76755 3024.31298828125
-76745 3016.56494140625
-76735 3007.818115234375
-76725 3000.031005859375
-76715 2995.62890625
-76705 2990.822998046875
-76695 2976.48095703125
-76685 2965.196044921875
-76675 2953.277099609375
-76665 2935.60888671875
-76655 2927.43896484375
-76645 2915.01904296875
-76635 2905.2919921875
-76625 2896.256103515625
-76615 2891.60400390625
-76605 2885.35498046875
-76595 2874.60888671875
-76585 2868.841064453125
-76575 2863.054931640625
-76565 2861.093994140625
-76555 2858.037109375
-76545 2857.2099609375
-76535 2858.324951171875
-76525 2859.902099609375
-76515 2860.574951171875
-76505 2861.15087890625
-76495 2862.054931640625
-76485 2857.133056640625
-76475 2853.26904296875
-76465 2847.212890625
-76455 2836.889892578125
-76445 2834.85205078125
-76435 2826.0849609375
-76425 2810.821044921875
-76415 2802.803955078125
-76405 2797.1708984375
-76395 2791.556884765625
-76385 2786.444091796875
-76375 2780.7919921875
-76365 2773.2548828125
-76355 2767.277099609375
-76345 2758.8369140625
-76335 2752.10791015625
-76325 2746.62890625
-76315 2741.014892578125
-76305 2734.998046875
-76295 2729.326904296875
-76285 2723.616943359375
-76275 2718.77197265625
-76265 2714.3310546875
-76255 2708.756103515625
-76245 2702.508056640625
-76235 2698.201904296875
-76225 2693.260986328125
-76215 2688.801025390625
-76205 2682.072021484375
-76195 2674.054931640625
-76185 2667.345947265625
-76175 2660.56005859375
-76165 2655.5419921875
-76155 2650.236083984375
-76145 2645.409912109375
-76135 2642.2958984375
-76125 2637.9130859375
-76115 2631.1650390625
-76105 2621.110107421875
-76095 2614.7470703125
-76085 2607.134033203125
-76075 2600.98193359375
-76065 2592.7919921875
-76055 2585.62109375
-76045 2577.797119140625
-76035 2560.302001953125
-76025 2548.613037109375
-76015 2539.385009765625
-76005 2532.195068359375
-75995 2524.85107421875
-75985 2515.162109375
-75975 2503.60791015625
-75965 2490.22802734375
-75955 2477.443115234375
-75945 2465.00390625
-75935 2447.279052734375
-75925 2435.72509765625
-75915 2427.4580078125
-75905 2418.7109375
-75895 2409.02197265625
-75885 2398.506103515625
-75875 2385.029052734375
-75865 2371.091064453125
-75855 2357.634033203125
-75845 2351.596923828125
-75835 2343.965087890625
-75825 2338.06298828125
-75815 2335.14111328125
-75805 2329.949951171875
-75795 2323.6640625
-75785 2316.991943359375
-75775 2312.18603515625
-75765 2306.111083984375
-75755 2300.1708984375
-75745 2295.2109375
-75735 2289.73193359375
-75725 2285.886962890625
-75715 2281.2919921875
-75705 2276.52392578125
-75695 2270.988037109375
-75685 2265.297119140625
-75675 2258.760009765625
-75665 2252.916015625
-75655 2250.531982421875
-75645 2248.64794921875
-75635 2246.68701171875
-75625 2245.18798828125
-75615 2243.611083984375
-75605 2243.8798828125
-75595 2243.514892578125
-75585 2244.20703125
-75575 2244.6689453125
-75565 2245.033935546875
-75555 2245.092041015625
-75545 2245.3798828125
-75535 2246.16796875
-75525 2247.572021484375
-75515 2250.4169921875
-75505 2251.85888671875
-75495 2253.070068359375
-75485 2254.819091796875
-75475 2255.531005859375
-75465 2257.050048828125
-75455 2259.068115234375
-75445 2259.951904296875
-75435 2261.260009765625
-75425 2262.720947265625
-75415 2264.239990234375
-75405 2265.39306640625
-75395 2265.508056640625
-75385 2266.1240234375
-75375 2267.239013671875
-75365 2268.910888671875
-75355 2269.507080078125
-75345 2268.757080078125
-75335 2269.56494140625
-75325 2271.698974609375
-75315 2274.889892578125
-75305 2278.735107421875
-75295 2282.387939453125
-75285 2285.347900390625
-75275 2286.501953125
-75265 2285.406005859375
-75255 2284.214111328125
-75245 2282.7919921875
-75235 2283.926025390625
-75225 2286.194091796875
-75215 2287.0791015625
-75205 2288.596923828125
-75195 2288.827880859375
-75185 2290.443115234375
-75175 2296.2490234375
-75165 2301.382080078125
-75155 2303.534912109375
-75145 2307.41796875
-75135 2310.782958984375
-75125 2315.10791015625
-75115 2321.875
-75105 2326.739990234375
-75095 2334.987060546875
-75085 2339.5048828125
-75075 2343.196044921875
-75065 2346.291015625
-75055 2350.425048828125
-75045 2355.05810546875
-75035 2356.673095703125
-75025 2359.72900390625
-75015 2368.8798828125
-75005 2376.072021484375
-74995 2380.861083984375
-74985 2388.8369140625
-74975 2397.26708984375
-74965 2404.612060546875
-74955 2408.819091796875
-74945 2414.076904296875
-74935 2423.137939453125
-74925 2432.9580078125
-74915 2438.76708984375
-74905 2442.9580078125
-74895 2447.22900390625
-74885 2449.930908203125
-74875 2449.574951171875
-74865 2455.885009765625
-74855 2459.25
-74845 2465.967041015625
-74835 2478.97509765625
-74825 2486.27197265625
-74815 2490.9130859375
-74805 2495.9609375
-74795 2500.89599609375
-74785 2507.822998046875
-74775 2514.24609375
-74765 2519.032958984375
-74755 2525.118896484375
-74745 2530.991943359375
-74735 2534.81005859375
-74725 2539.260009765625
-74715 2544.30810546875
-74705 2548.659912109375
-74695 2550.537109375
-74685 2554.9541015625
-74675 2560.761962890625
-74665 2566.926025390625
-74655 2573.97998046875
-74645 2580.322998046875
-74635 2600.612060546875
-74625 2604.99609375
-74615 2609.381103515625
-74605 2616.19189453125
-74595 2620.205078125
-74585 2627.162109375
-74575 2631.385009765625
-74565 2634.555908203125
-74555 2638.277099609375
-74545 2645.655029296875
-74535 2649.990966796875
-74525 2653.825927734375
-74515 2656.866943359375
-74505 2656.964111328125
-74495 2660.10302734375
-74485 2666.5419921875
-74475 2674.35693359375
-74465 2682.5439453125
-74455 2690.4560546875
-74445 2699.662109375
-74435 2707.783935546875
-74425 2713.447021484375
-74415 2716.7958984375
-74405 2720.583984375
-74395 2724.2060546875
-74385 2727.927001953125
-74375 2731.534912109375
-74365 2734.98095703125
-74355 2737.489013671875
-74345 2742.1650390625
-74335 2745.902099609375
-74325 2749.18701171875
-74315 2752.781005859375
-74305 2754.9140625
-74295 2755.966064453125
-74285 2756.8720703125
-74275 2759.284912109375
-74265 2761.677001953125
-74255 2764.83203125
-74245 2768.989990234375
-74235 2771.950927734375
-74225 2775.446044921875
-74215 2777.324951171875
-74205 2779.18603515625
-74195 2782.51904296875
-74185 2784.52490234375
-74175 2786.968017578125
-74165 2789.928955078125
-74155 2794.489013671875
-74145 2801.06005859375
-74135 2807.047119140625
-74125 2812.48291015625
-74115 2817.903076171875
-74105 2828.9541015625
-74095 2838.48291015625
-74085 2851.18408203125
-74075 2859.112060546875
-74065 2868.8359375
-74055 2883.31591796875
-74045 2894.674072265625
-74035 2895.677001953125
-74025 2891.43798828125
-74015 2887.31298828125
-74005 2879.56298828125
-73995 2873.85107421875
-73985 2868.93310546875
-73975 2863.04296875
-73965 2858.902099609375
-73955 2855.29296875
-73945 2852.574951171875
-73935 2848.72509765625
-73925 2845.343017578125
-73915 2842.365966796875
-73905 2838.822998046875
-73895 2834.43798828125
-73885 2830.587890625
-73875 2826.235107421875
-73865 2822.822021484375
-73855 2819.825927734375
-73845 2816.593017578125
-73835 2812.27294921875
-73825 2809.781005859375
-73815 2805.68798828125
-73805 2802.14404296875
-73795 2797.85693359375
-73785 2795.68896484375
-73775 2793.032958984375
-73765 2793.424072265625
-73755 2793.115966796875
-73745 2781.806884765625
-73735 2776.14404296875
-73725 2772.404052734375
-73715 2768.052001953125
-73705 2761.126953125
-73695 2755.7880859375
-73685 2748.26708984375
-73675 2742.35888671875
-73665 2738.68603515625
-73655 2736.614990234375
-73645 2736.51806640625
-73635 2738.83203125
-73625 2740.3369140625
-73615 2743.054931640625
-73605 2744.10595703125
-73595 2747.423095703125
-73585 2749.574951171875
-73575 2750.968994140625
-73565 2753.2958984375
-73555 2758.069091796875
-73545 2763.553955078125
-73535 2767.4208984375
-73525 2772.35791015625
-73515 2769.833984375
-73505 2767.666015625
-73495 2765.98095703125
-73485 2768.281005859375
-73475 2770.739990234375
-73465 2776.48388671875
-73455 2781.93603515625
-73445 2782.825927734375
-73435 2782.097900390625
-73425 2784.007080078125
-73415 2792.968017578125
-73405 2798.533935546875
-73395 2805.10498046875
-73385 2806.125
-73375 2805.76904296875
-73365 2808.1630859375
-73355 2811.35009765625
-73345 2810.84912109375
-73335 2810.991943359375
-73325 2813.114013671875
-73315 2814.9580078125
-73305 2816.511962890625
-73295 2818.824951171875
-73285 2819.343017578125
-73275 2818.919921875
-73265 2818.987060546875
-73255 2820.990966796875
-73245 2823
-73235 2825.3291015625
-73225 2828.58203125
-73215 2828.549072265625
-73205 2830.2958984375
-73195 2832.238037109375
-73185 2829.50390625
-73175 2827.219970703125
-73165 2828.532958984375
-73155 2829.1640625
-73145 2830.927001953125
-73135 2831.218994140625
-73125 2831.347900390625
-73115 2833.887939453125
-73105 2836.26708984375
-73095 2832.447998046875
-73085 2831.364013671875
-73075 2827.448974609375
-73065 2825.2490234375
-73055 2822.320068359375
-73045 2819.537109375
-73035 2814.5029296875
-73025 2811.10791015625
-73015 2809.2470703125
-73005 2807.48095703125
-72995 2813.968994140625
-72985 2819.989990234375
-72975 2821.85107421875
-72965 2822.513916015625
-72955 2823.22607421875
-72945 2823.72802734375
-72935 2823.01611328125
-72925 2824.925048828125
-72915 2827.593994140625
-72905 2830.197021484375
-72895 2832.512939453125
-72885 2834.7939453125
-72875 2836.751953125
-72865 2839.22802734375
-72855 2841.76806640625
-72845 2843.9189453125
-72835 2847.705078125
-72825 2849.631103515625
-72815 2852.155029296875
-72805 2854.7109375
-72795 2857.4130859375
-72785 2863.464111328125
-72775 2869.402099609375
-72765 2870.842041015625
-72755 2871.97412109375
-72745 2876.68310546875
-72735 2878.575927734375
-72725 2879.804931640625
-72715 2881.4560546875
-72705 2879.950927734375
-72695 2880.51708984375
-72685 2880.93798828125
-72675 2881.535888671875
-72665 2882.781982421875
-72655 2884.174072265625
-72645 2885.888916015625
-72635 2885.80810546875
-72625 2888.26708984375
-72615 2885.72705078125
-72605 2887.89501953125
-72595 2890.43505859375
-72585 2890.385986328125
-72575 2891.4541015625
-72565 2894.333984375
-72555 2894.220947265625
-72545 2894.511962890625
-72535 2895.72607421875
-72525 2897.94189453125
-72515 2898.6220703125
-72505 2898.866943359375
-72495 2899.666015625
-72485 2898.541015625
-72475 2897.657958984375
-72465 2900.72802734375
-72455 2901.389892578125
-72445 2900.990966796875
-72435 2900.72802734375
-72425 2900.318115234375
-72415 2899.666015625
-72405 2899.0029296875
-72395 2894.966064453125
-72385 2897.2060546875
-72375 2896.091064453125
-72365 2894.924072265625
-72355 2893.156982421875
-72345 2892.4951171875
-72335 2890.77099609375
-72325 2889.277099609375
-72315 2887.510986328125
-72305 2885.89208984375
-72295 2884.303955078125
-72285 2882.72705078125
-72275 2881.360107421875
-72265 2880.202880859375
-72255 2878.68896484375
-72245 2877.049072265625
-72235 2875.819091796875
-72225 2874.988037109375
-72215 2874.736083984375
-72205 2874.4619140625
-72195 2874.3779296875
-72185 2874.23095703125
-72175 2873.72607421875
-72165 2873.93603515625
-72155 2874.946044921875
-72145 2875.955078125
-72135 2877.594970703125
-72125 2879.194091796875
-72115 2881.264892578125
-72105 2883.673095703125
-72095 2886.511962890625
-72085 2889.6240234375
-72075 2892.905029296875
-72065 2896.27001953125
-72055 2899.886962890625
-72045 2903.693115234375
-72035 2907.73095703125
-72025 2912.240966796875
-72015 2916.9208984375
-72005 2921.7470703125
-71995 2926.761962890625
-71985 2931.610107421875
-71975 2936.468017578125
-71965 2941.282958984375
-71955 2945.867919921875
-71945 2955.4150390625
-71935 2966.22900390625
-71925 2968.60595703125
-71915 2968.55810546875
-71905 2972.5009765625
-71895 2977.406005859375
-71885 2982.81103515625
-71875 2988.111083984375
-71865 2992.926025390625
-71855 2997.657958984375
-71845 3002.220947265625
-71835 3005.81689453125
-71825 3009.970947265625
-71815 3013.408935546875
-71805 3017.01611328125
-71795 3020.39111328125
-71785 3023.5869140625
-71775 3026.416015625
-71765 3029.843994140625
-71755 3032.924072265625
-71745 3035.81591796875
-71735 3038.885986328125
-71725 3041.862060546875
-71715 3044.910888671875
-71705 3047.833984375
-71695 3050.18896484375
-71685 3052.73388671875
-71675 3055.384033203125
-71665 3057.948974609375
-71655 3060.547119140625
-71645 3062.9970703125
-71635 3065.845947265625
-71625 3068.580078125
-71615 3071.62890625
-71605 3074.3310546875
-71595 3077.339111328125
-71585 3080.240966796875
-71575 3083.56298828125
-71565 3086.571044921875
-71555 3089.514892578125
-71545 3092.9951171875
-71535 3096.169921875
-71525 3099.324951171875
-71515 3102.35302734375
-71505 3105.402099609375
-71495 3109.955078125
-71485 3107.27392578125
-71475 3101.985107421875
-71465 3098.18896484375
-71455 3095.403076171875
-71445 3093.363037109375
-71435 3092.05908203125
-71425 3091.155029296875
-71415 3090.9970703125
-71405 3090.533935546875
-71395 3089.72509765625
-71385 3088.410888671875
-71375 3086.592041015625
-71365 3084.2890625
-71355 3081.7548828125
-71345 3078.758056640625
-71335 3075.43505859375
-71325 3072.008056640625
-71315 3068.326904296875
-71305 3064.81494140625
-71295 3061.125
-71285 3057.27587890625
-71275 3053.742919921875
-71265 3049.83203125
-71255 3045.47900390625
-71245 3041.367919921875
-71235 3037.10888671875
-71225 3033.156005859375
-71215 3029.297119140625
-71205 3025.552978515625
-71195 3022.031005859375
-71185 3018.865966796875
-71175 3016.048095703125
-71165 3013.50390625
-71155 3011.2958984375
-71145 3009.277099609375
-71135 3007.363037109375
-71125 3005.322998046875
-71115 3002.95703125
-71105 3000.423095703125
-71095 2998.325927734375
-71085 2995.89111328125
-71075 2993.23095703125
-71065 2990.48193359375
-71055 2987.784912109375
-71045 2985.093017578125
-71035 2982.1650390625
-71025 2979.09912109375
-71015 2976.10302734375
-71005 2972.81201171875
-70995 2969.35693359375
-70985 2966.22412109375
-70975 2962.9541015625
-70965 2959.73095703125
-70955 2956.833984375
-70945 2953.77001953125
-70935 2950.93603515625
-70925 2948.10693359375
-70915 2945.205078125
-70905 2942.56591796875
-70895 2939.675048828125
-70885 2936.866943359375
-70875 2934.2490234375
-70865 2931.3779296875
-70855 2928.508056640625
-70845 2925.280029296875
-70835 2922.010009765625
-70825 2918.802978515625
-70815 2914.986083984375
-70805 2911.326904296875
-70795 2907.468017578125
-70785 2903.830078125
-70775 2899.77099609375
-70765 2896.133056640625
-70755 2892.47412109375
-70745 2888.751953125
-70735 2885.14501953125
-70725 2881.486083984375
-70715 2875.3349609375
-70705 2873.779052734375
-70695 2869.552001953125
-70685 2865.31396484375
-70675 2861.076904296875
-70665 2857.2080078125
-70655 2853.27490234375
-70645 2849.26904296875
-70635 2845.2939453125
-70625 2841.697998046875
-70615 2837.987060546875
-70605 2834.4541015625
-70595 2830.8359375
-70585 2827.10400390625
-70575 2823.5390625
-70565 2820.10107421875
-70555 2816.68408203125
-70545 2813.466064453125
-70535 2810.070068359375
-70525 2806.705078125
-70515 2803.6240234375
-70505 2800.458984375
-70495 2797.199951171875
-70485 2793.908935546875
-70475 2790.52294921875
-70465 2787.0849609375
-70455 2783.64599609375
-70445 2779.966064453125
-70435 2776.612060546875
-70425 2773.321044921875
-70415 2770.125
-70405 2767.25390625
-70395 2764.3310546875
-70385 2761.860107421875
-70375 2759.283935546875
-70365 2757.011962890625
-70355 2755.093994140625
-70345 2753.280029296875
-70335 2751.639892578125
-70325 2750.282958984375
-70315 2748.85302734375
-70305 2748.02197265625
-70295 2746.823974609375
-70285 2746.02490234375
-70275 2745.177978515625
-70265 2744.2900390625
-70255 2743.468994140625
-70245 2742.818115234375
-70235 2742.01904296875
-70225 2741.387939453125
-70215 2740.468017578125
-70205 2739.7470703125
-70195 2738.93798828125
-70185 2738.032958984375
-70175 2737.034912109375
-70165 2736.214111328125
-70155 2735.195068359375
-70145 2734.280029296875
-70135 2733.06494140625
-70125 2731.9189453125
-70115 2730.804931640625
-70105 2729.801025390625
-70095 2728.302001953125
-70085 2726.593994140625
-70075 2724.83203125
-70065 2722.760986328125
-70055 2720.972900390625
-70045 2718.806884765625
-70035 2716.6201171875
-70025 2714.327880859375
-70015 2712.056884765625
-70005 2709.614990234375
-69995 2707.2939453125
-69985 2704.89404296875
-69975 2702.4140625
-69965 2700.14111328125
-69955 2697.677001953125
-69945 2695.404052734375
-69935 2693.06689453125
-69925 2690.952880859375
-69915 2688.85498046875
-69905 2686.56591796875
-69895 2684.56298828125
-69885 2682.35302734375
-69875 2680.39794921875
-69865 2678.2041015625
-69855 2675.9150390625
-69845 2673.89599609375
-69835 2671.845947265625
-69825 2669.748046875
-69815 2667.887939453125
-69805 2666.77490234375
-69795 2665.85302734375
-69785 2665.200927734375
-69775 2664.596923828125
-69765 2663.9609375
-69755 2663.43701171875
-69745 2662.64208984375
-69735 2661.89501953125
-69725 2661.037109375
-69715 2660.2099609375
-69705 2659.430908203125
-69695 2658.4609375
-69685 2657.31689453125
-69675 2656.5859375
-69665 2655.552001953125
-69655 2654.39208984375
-69645 2653.248046875
-69635 2651.864990234375
-69625 2650.544921875
-69615 2649.051025390625
-69605 2647.572998046875
-69595 2646.047119140625
-69585 2644.298095703125
-69575 2642.866943359375
-69565 2641.31005859375
-69555 2639.783935546875
-69545 2638.194091796875
-69535 2636.52490234375
-69525 2635.174072265625
-69515 2633.489013671875
-69505 2631.72412109375
-69495 2630.31005859375
-69485 2629.927978515625
-69475 2630.15087890625
-69465 2629.006103515625
-69455 2625.9541015625
-69445 2620.77197265625
-69435 2615.717041015625
-69425 2610.10595703125
-69415 2604.955078125
-69405 2600.615966796875
-69395 2599.31201171875
-69385 2598.77197265625
-69375 2598.43798828125
-69365 2597.35693359375
-69355 2596.5458984375
-69345 2595.97412109375
-69335 2594.2890625
-69325 2589.60009765625
-69315 2586.833984375
-69305 2584.639892578125
-69295 2583.06591796875
-69285 2582.68505859375
-69275 2581.60400390625
-69265 2580.490966796875
-69255 2579.743896484375
-69245 2578.742919921875
-69235 2576.89892578125
-69225 2575.75390625
-69215 2574.403076171875
-69205 2573.14697265625
-69195 2573.926025390625
-69185 2574.737060546875
-69175 2572.68701171875
-69165 2571.923095703125
-69155 2572.89306640625
-69145 2571.987060546875
-69135 2571.717041015625
-69125 2570.906005859375
-69115 2568.93505859375
-69105 2562.89501953125
-69095 2559.825927734375
-69085 2558.60302734375
-69075 2558.80908203125
-69065 2559.238037109375
-69055 2559.81103515625
-69045 2560.383056640625
-69035 2560.717041015625
-69025 2560.62109375
-69015 2558.873046875
-69005 2557.52099609375
-68995 2557.506103515625
-68985 2557.139892578125
-68975 2557.31494140625
-68965 2557.2490234375
-68955 2558.14208984375
-68945 2558.841064453125
-68935 2559.20703125
-68925 2559.14306640625
-68915 2559.20703125
-68905 2559.285888671875
-68895 2558.777099609375
-68885 2557.10595703125
-68875 2554.787109375
-68865 2551.94189453125
-68855 2551.14697265625
-68845 2550.14599609375
-68835 2549.096923828125
-68825 2548.492919921875
-68815 2548.20703125
-68805 2547.443115234375
-68795 2546.075927734375
-68785 2544.70703125
-68775 2543.087890625
-68765 2541.656982421875
-68755 2539.193115234375
-68745 2537.794921875
-68735 2535.80810546875
-68725 2533.916015625
-68715 2532.262939453125
-68705 2530.116943359375
-68695 2528.0029296875
-68685 2525.885986328125
-68675 2523.074951171875
-68665 2520.214111328125
-68655 2516.697998046875
-68645 2513.886962890625
-68635 2510.198974609375
-68625 2507.14697265625
-68615 2503.634033203125
-68605 2500.31201171875
-68595 2496.909912109375
-68585 2493.508056640625
-68575 2489.48388671875
-68565 2485.049072265625
-68555 2479.948974609375
-68545 2475.291015625
-68535 2470.570068359375
-68525 2466.322998046875
-68515 2461.4140625
-68505 2457.43798828125
-68495 2453.60888671875
-68485 2449.7119140625
-68475 2446.9619140625
-68465 2444.0048828125
-68455 2440.618896484375
-68445 2436.18408203125
-68435 2431.12890625
-68425 2427.537109375
-68415 2424.278076171875
-68405 2421.592041015625
-68395 2418.60302734375
-68385 2414.486083984375
-68375 2409.89208984375
-68365 2403.056884765625
-68355 2397.333984375
-68345 2391.531982421875
-68335 2387.764892578125
-68325 2385.60302734375
-68315 2383.472900390625
-68305 2380.612060546875
-68295 2378.89501953125
-68285 2376.60595703125
-68275 2371.424072265625
-68265 2367.385986328125
-68255 2363.9208984375
-68245 2361.123046875
-68235 2357.89599609375
-68225 2355.241943359375
-68215 2352.2529296875
-68205 2347.945068359375
-68195 2343.27197265625
-68185 2340.076904296875
-68175 2337.803955078125
-68165 2337.532958984375
-68155 2336.548095703125
-68145 2334.2109375
-68135 2331.19091796875
-68125 2326.69189453125
-68115 2323.02099609375
-68105 2319.507080078125
-68095 2316.614013671875
-68085 2313.467041015625
-68075 2310.320068359375
-68065 2309.302001953125
-68055 2307.77587890625
-68045 2306.552001953125
-68035 2305.073974609375
-68025 2303.675048828125
-68015 2301.4970703125
-68005 2298.8740234375
-67995 2296.172119140625
-67985 2293.35791015625
-67975 2289.701904296875
-67965 2287.4130859375
-67955 2284.9970703125
-67945 2283.1689453125
-67935 2282.5009765625
-67925 2281.24609375
-67915 2280.56201171875
-67905 2279.863037109375
-67895 2282.802978515625
-67885 2284.298095703125
-67875 2280.323974609375
-67865 2277.319091796875
-67855 2273.93310546875
-67845 2272.597900390625
-67835 2272.05810546875
-67825 2270.594970703125
-67815 2268.22705078125
-67805 2264.968017578125
-67795 2260.23095703125
-67785 2256.097900390625
-67775 2251.027099609375
-67765 2248.341064453125
-67755 2245.367919921875
-67745 2244.14404296875
-67735 2241.4580078125
-67725 2236.8798828125
-67715 2232.7470703125
-67705 2228.947998046875
-67695 2225.069091796875
-67685 2218.93310546875
-67675 2214.5458984375
-67665 2211.06396484375
-67655 2208.6640625
-67645 2205.7080078125
-67635 2202.81396484375
-67625 2200.510009765625
-67615 2196.90087890625
-67605 2193.404052734375
-67595 2189.14404296875
-67585 2186.470947265625
-67575 2182.97607421875
-67565 2181.1640625
-67555 2173.884033203125
-67545 2168.126953125
-67535 2163.407958984375
-67525 2159.35498046875
-67515 2155.825927734375
-67505 2152.37109375
-67495 2150.5419921875
-67485 2149.178955078125
-67475 2148.054931640625
-67465 2147.87890625
-67455 2147.06591796875
-67445 2145.863037109375
-67435 2144.708984375
-67425 2143.8310546875
-67415 2143.01904296875
-67405 2142.69091796875
-67395 2142.041015625
-67385 2139.783935546875
-67375 2136.173095703125
-67365 2132.43701171875
-67355 2129.072021484375
-67345 2123.802978515625
-67335 2119.238037109375
-67325 2116.47509765625
-67315 2114.215087890625
-67305 2111.58203125
-67295 2114.68701171875
-67285 2118.133056640625
-67275 2121.64404296875
-67265 2125.4150390625
-67255 2128.048095703125
-67245 2130.74609375
-67235 2133.866943359375
-67225 2135.964111328125
-67215 2136.72802734375
-67205 2136.988037109375
-67195 2136.906982421875
-67185 2135.444091796875
-67175 2134.35498046875
-67165 2134.679931640625
-67155 2135.083984375
-67145 2136.04296875
-67135 2138.3349609375
-67125 2138.824951171875
-67115 2144.448974609375
-67105 2145.2939453125
-67095 2150.31689453125
-67085 2152.70703125
-67075 2154.864990234375
-67065 2157.778076171875
-67055 2160.051025390625
-67045 2161.968994140625
-67035 2163.076904296875
-67025 2162.60302734375
-67015 2164.718994140625
-67005 2168.031982421875
-66995 2175.16796875
-66985 2183.31396484375
-66975 2191.52001953125
-66965 2200.37890625
-66955 2205.697021484375
-66945 2208.39501953125
-66935 2211.467041015625
-66925 2215.6279296875
-66915 2216.864013671875
-66905 2222.455078125
-66895 2226.93896484375
-66885 2232.302978515625
-66875 2239.343994140625
-66865 2247.2109375
-66855 2253.404052734375
-66845 2259.093017578125
-66835 2263.693115234375
-66825 2267.968017578125
-66815 2272.64697265625
-66805 2275.867919921875
-66795 2277.818115234375
-66785 2277.916015625
-66775 2281.037109375
-66765 2284.77294921875
-66755 2289.68408203125
-66745 2293.927001953125
-66735 2298.575927734375
-66725 2303.2080078125
-66715 2308.76708984375
-66705 2316.114990234375
-66695 2323.10400390625
-66685 2329.297119140625
-66675 2335.8310546875
-66665 2343.89404296875
-66655 2350.701904296875
-66645 2359.677001953125
-66635 2366.260009765625
-66625 2371.428955078125
-66615 2376.35400390625
-66605 2380.596923828125
-66595 2385.635009765625
-66585 2389.927001953125
-66575 2394.948974609375
-66565 2401.044921875
-66555 2407.074951171875
-66545 2416.14599609375
-66535 2425.60595703125
-66525 2433.326904296875
-66515 2440.7548828125
-66505 2448.23193359375
-66495 2457.3349609375
-66485 2467.965087890625
-66475 2478.221923828125
-66465 2479.52197265625
-66455 2489.2099609375
-66445 2497.2890625
-66435 2504.115966796875
-66425 2509.70703125
-66415 2514.14501953125
-66405 2520.14306640625
-66395 2525.181884765625
-66385 2529.033935546875
-66375 2531.2451171875
-66365 2532.2041015625
-66355 2532.47998046875
-66345 2535.762939453125
-66335 2539.306884765625
-66325 2539.95703125
-66315 2544.427001953125
-66305 2551.822998046875
-66295 2558.634033203125
-66285 2564.972900390625
-66275 2568.597900390625
-66265 2569.443115234375
-66255 2567.930908203125
-66245 2567.10302734375
-66235 2568.304931640625
-66225 2568.468017578125
-66215 2570.48291015625
-66205 2569.10205078125
-66195 2566.6640625
-66185 2565.31396484375
-66175 2565.10302734375
-66165 2564.680908203125
-66155 2566.386962890625
-66145 2569.263916015625
-66135 2569.85009765625
-66125 2568.80908203125
-66115 2566.176025390625
-66105 2564.778076171875
-66095 2565.39599609375
-66085 2566.777099609375
-66075 2567.68798828125
-66065 2569.60595703125
-66055 2571.62109375
-66045 2572.3359375
-66035 2574.531005859375
-66025 2578.2529296875
-66015 2580.236083984375
-66005 2580.837890625
-65995 2584.154052734375
-65985 2586.867919921875
-65975 2586.68896484375
-65965 2590.281982421875
-65955 2591.72802734375
-65945 2594.508056640625
-65935 2597.010986328125
-65925 2598.3759765625
-65915 2599.498046875
-65905 2601.139892578125
-65895 2605.85400390625
-65885 2610.51904296875
-65875 2611.998046875
-65865 2610.615966796875
-65855 2604.569091796875
-65845 2601.839111328125
-65835 2601.319091796875
-65825 2601.77392578125
-65815 2602.944091796875
-65805 2604.716064453125
-65795 2608.714111328125
-65785 2614.27294921875
-65775 2618.450927734375
-65765 2623.799072265625
-65755 2630.236083984375
-65745 2636.427978515625
-65735 2640.736083984375
-65725 2645.741943359375
-65715 2651.39892578125
-65705 2656.43798828125
-65695 2662.924072265625
-65685 2668.677978515625
-65675 2675.01708984375
-65665 2681.615966796875
-65655 2688.345947265625
-65645 2695.027099609375
-65635 2701.756103515625
-65625 2708.14404296875
-65615 2717.572021484375
-65605 2727.97509765625
-65595 2739.20703125
-65585 2747.302001953125
-65575 2754.014892578125
-65565 2761.052978515625
-65555 2768.139892578125
-65545 2774.39794921875
-65535 2781.013916015625
-65525 2788.262939453125
-65515 2794.424072265625
-65505 2800.568115234375
-65495 2815.489990234375
-65485 2822.218994140625
-65475 2817.764892578125
-65465 2803.884033203125
-65455 2786.3779296875
-65445 2774.26806640625
-65435 2761.216064453125
-65425 2753.673095703125
-65415 2746.5859375
-65405 2737.4189453125
-65395 2731.468994140625
-65385 2725.8779296875
-65375 2719.781982421875
-65365 2715.60498046875
-65355 2712.468017578125
-65345 2706.680908203125
-65335 2703.8369140625
-65325 2698.65087890625
-65315 2690.783935546875
-65305 2682.527099609375
-65295 2676.464111328125
-65285 2670.7099609375
-65275 2666.19091796875
-65265 2661.60693359375
-65255 2656.5029296875
-65245 2650.944091796875
-65235 2645.092041015625
-65225 2638.60693359375
-65215 2630.31689453125
-65205 2624.56298828125
-65195 2618.77587890625
-65185 2611.493896484375
-65175 2604.22802734375
-65165 2598.0029296875
-65155 2591.842041015625
-65145 2588.445068359375
-65135 2585.64892578125
-65125 2581.991943359375
-65115 2578.237060546875
-65105 2574.449951171875
-65095 2570.549072265625
-65085 2566.094970703125
-65075 2561.510986328125
-65065 2558.01611328125
-65055 2553.968994140625
-65045 2551.156982421875
-65035 2548.2958984375
-65025 2545.256103515625
-65015 2543.2080078125
-65005 2541.327880859375
-64995 2540.89111328125
-64985 2539.884033203125
-64975 2540.237060546875
-64965 2542.427978515625
-64955 2544.68896484375
-64945 2546.826904296875
-64935 2549.512939453125
-64925 2552.197998046875
-64915 2554.9541015625
-64905 2558.134033203125
-64895 2560.113037109375
-64885 2563.239990234375
-64875 2564.72412109375
-64865 2564.458984375
-64855 2564.2470703125
-64845 2563.345947265625
-64835 2565.8369140625
-64825 2567.72705078125
-64815 2572.62109375
-64805 2579.510986328125
-64795 2585.9599609375
-64785 2590.6240234375
-64775 2595.9951171875
-64765 2613.6259765625
-64755 2617.884033203125
-64745 2619.4560546875
-64735 2624.56201171875
-64725 2629.64990234375
-64715 2634.702880859375
-64705 2639.013916015625
-64695 2646.18701171875
-64685 2653.5009765625
-64675 2660.337890625
-64665 2664.80810546875
-64655 2672.01611328125
-64645 2691.6259765625
-64635 2697.597900390625
-64625 2704.135009765625
-64615 2715.635986328125
-64605 2727.472900390625
-64595 2733.302978515625
-64585 2737.294921875
-64575 2746.924072265625
-64565 2756.924072265625
-64555 2764.485107421875
-64545 2771.9580078125
-64535 2779.095947265625
-64525 2786.5859375
-64515 2794.200927734375
-64505 2803.616943359375
-64495 2813.882080078125
-64485 2819.6240234375
-64475 2826.001953125
-64465 2822.7509765625
-64455 2815.737060546875
-64445 2808.529052734375
-64435 2804.18310546875
-64425 2799.783935546875
-64415 2795.9150390625
-64405 2791.39208984375
-64395 2783.301025390625
-64385 2781.00390625
-64375 2777.010986328125
-64365 2772.52392578125
-64355 2771.322021484375
-64345 2768.035888671875
-64335 2768.531005859375
-64325 2765.950927734375
-64315 2760.827880859375
-64305 2755.069091796875
-64295 2747.40087890625
-64285 2746.3759765625
-64275 2736.02294921875
-64265 2729.115966796875
-64255 2725.510986328125
-64245 2722.385009765625
-64235 2722.22607421875
-64225 2722.985107421875
-64215 2722.843994140625
-64205 2722.10205078125
-64195 2724.2041015625
-64185 2724.85791015625
-64175 2726.535888671875
-64165 2725.3349609375
-64155 2725.087890625
-64145 2721.306884765625
-64135 2715.617919921875
-64125 2711.9609375
-64115 2714.451904296875
-64105 2711.27197265625
-64095 2713.69189453125
-64085 2715.406005859375
-64075 2702.31494140625
-64065 2697.720947265625
-64055 2692.614990234375
-64045 2685.583984375
-64035 2675.9560546875
-64025 2668.818115234375
-64015 2664.294921875
-64005 2661.2041015625
-63995 2659.012939453125
-63985 2656.803955078125
-63975 2656.044921875
-63965 2655.14404296875
-63955 2652.423095703125
-63945 2649.508056640625
-63935 2646.822998046875
-63925 2647.087890625
-63915 2647.052001953125
-63905 2643.99609375
-63895 2641.5048828125
-63885 2640.321044921875
-63875 2638.0419921875
-63865 2636.6640625
-63855 2627.406005859375
-63845 2612.93701171875
-63835 2605.304931640625
-63825 2597.743896484375
-63815 2589.175048828125
-63805 2579.193115234375
-63795 2571.89697265625
-63785 2563.574951171875
-63775 2555.926025390625
-63765 2548.258056640625
-63755 2541.93310546875
-63745 2538.612060546875
-63735 2534.866943359375
-63725 2530.572998046875
-63715 2526.81103515625
-63705 2522.093017578125
-63695 2517.571044921875
-63685 2514.177978515625
-63675 2509.302001953125
-63665 2503.985107421875
-63655 2498.155029296875
-63645 2492.802001953125
-63635 2488.968017578125
-63625 2485.928955078125
-63615 2482.113037109375
-63605 2475.116943359375
-63595 2469.74609375
-63585 2467.431884765625
-63575 2464.93994140625
-63565 2465.153076171875
-63555 2462.1669921875
-63545 2461.548095703125
-63535 2461.35400390625
-63525 2460.52392578125
-63515 2461.7958984375
-63505 2450.68310546875
-63495 2436.26708984375
-63485 2422.239013671875
-63475 2407.18701171875
-63465 2399.48388671875
-63455 2392.947021484375
-63445 2386.1279296875
-63435 2379.343994140625
-63425 2374.096923828125
-63415 2370.385986328125
-63405 2365.988037109375
-63395 2361.447021484375
-63385 2357.20703125
-63375 2353.903076171875
-63365 2350.882080078125
-63355 2348.4619140625
-63345 2345.81201171875
-63335 2343.444091796875
-63325 2342.118896484375
-63315 2340.7939453125
-63305 2339.89306640625
-63295 2339.2919921875
-63285 2338.5859375
-63275 2337.279052734375
-63265 2337.701904296875
-63255 2337.2958984375
-63245 2336.342041015625
-63235 2335.7939453125
-63225 2335.759033203125
-63215 2335.989013671875
-63205 2335.47705078125
-63195 2334.364013671875
-63185 2333.868896484375
-63175 2333.904052734375
-63165 2334.698974609375
-63155 2335.617919921875
-63145 2337.2958984375
-63135 2338.055908203125
-63125 2338.72705078125
-63115 2337.89697265625
-63105 2336.625
-63095 2336.696044921875
-63085 2336.572021484375
-63075 2336.590087890625
-63065 2336.535888671875
-63055 2335.740966796875
-63045 2336.906982421875
-63035 2337.2958984375
-63025 2338.302978515625
-63015 2339.15087890625
-63005 2339.574951171875
-62995 2339.27490234375
-62985 2338.97509765625
-62975 2338.02099609375
-62965 2336.925048828125
-62955 2337.2080078125
-62945 2334.947021484375
-62935 2332.791015625
-62925 2329.947021484375
-62915 2328.073974609375
-62905 2326.783935546875
-62895 2324.29296875
-62885 2323.14501953125
-62875 2323.375
-62865 2322.0849609375
-62855 2319.8759765625
-62845 2315.760009765625
-62835 2312.826904296875
-62825 2310.56591796875
-62815 2310.301025390625
-62805 2306.784912109375
-62795 2303.074951171875
-62785 2299.736083984375
-62775 2297.45703125
-62765 2295.072021484375
-62755 2291.89208984375
-62745 2289.737060546875
-62735 2286.256103515625
-62725 2283.305908203125
-62715 2280.02001953125
-62705 2277.052001953125
-62695 2272.5458984375
-62685 2269.22509765625
-62675 2264.632080078125
-62665 2259.6669921875
-62655 2255.427001953125
-62645 2257.10498046875
-62635 2256.7880859375
-62625 2258.553955078125
-62615 2258.39501953125
-62605 2257.740966796875
-62595 2256.64599609375
-62585 2257.194091796875
-62575 2257.547119140625
-62565 2257.653076171875
-62555 2257.9541015625
-62545 2257.14111328125
-62535 2255.991943359375
-62525 2253.677978515625
-62515 2249.791015625
-62505 2241.468994140625
-62495 2229.81494140625
-62485 2221.759033203125
-62475 2216.070068359375
-62465 2209.993896484375
-62455 2203.77587890625
-62445 2197.343017578125
-62435 2188.0791015625
-62425 2176.01611328125
-62415 2166.969970703125
-62405 2160.9189453125
-62395 2156.697998046875
-62385 2150.160888671875
-62375 2144.760009765625
-62365 2139.81005859375
-62355 2134.47802734375
-62345 2129.156005859375
-62335 2124.181884765625
-62325 2120.73291015625
-62315 2118.25
-62305 2116.157958984375
-62295 2113.785888671875
-62285 2110.010009765625
-62275 2106.1298828125
-62265 2103.68798828125
-62255 2099.574951171875
-62245 2095.0419921875
-62235 2093.659912109375
-62225 2091.262939453125
-62215 2089.3701171875
-62205 2086.455078125
-62195 2082.3740234375
-62185 2078.31005859375
-62175 2075.037109375
-62165 2071.389892578125
-62155 2067.281005859375
-62145 2062.323974609375
-62135 2059.424072265625
-62125 2057.2880859375
-62115 2053.382080078125
-62105 2048.64111328125
-62095 2043.9420166015625
-62085 2039.8179931640625
-62075 2037.1259765625
-62065 2032.8990478515625
-62055 2030.3699951171875
-62045 2028.592041015625
-62035 2027.2540283203125
-62025 2022.4189453125
-62015 2015.1590576171875
-62005 2009.22900390625
-61995 2004.001953125
-61985 1998.1419677734375
-61975 1993.31298828125
-61965 1990.2320556640625
-61955 1985.9320068359375
-61945 1979.2110595703125
-61935 1972.491943359375
-61925 1965.5899658203125
-61915 1958.904052734375
-61905 1951.3389892578125
-61895 1944.801025390625
-61885 1938.18701171875
-61875 1931.7779541015625
-61865 1923.0770263671875
-61855 1917.1820068359375
-61845 1909.574951171875
-61835 1902.1099853515625
-61825 1896.2469482421875
-61815 1888.52099609375
-61805 1881.156982421875
-61795 1873.594970703125
-61785 1868.08203125
-61775 1862.8270263671875
-61765 1855.2130126953125
-61755 1848.7099609375
-61745 1844.4730224609375
-61735 1838.342041015625
-61725 1831.0479736328125
-61715 1823.113037109375
-61705 1815.3330078125
-61695 1807.1180419921875
-61685 1798.6180419921875
-61675 1793.0179443359375
-61665 1786.990966796875
-61655 1781.095947265625
-61645 1774.5069580078125
-61635 1765.1629638671875
-61625 1755.8189697265625
-61615 1748.031005859375
-61605 1739.5830078125
-61595 1731.4310302734375
-61585 1724.2330322265625
-61575 1718.2490234375
-61565 1711.1829833984375
-61555 1702.6629638671875
-61545 1694.406005859375
-61535 1685.7320556640625
-61525 1675.6070556640625
-61515 1666.116943359375
-61505 1655.97705078125
-61495 1643.1619873046875
-61485 1631.2559814453125
-61475 1611.8409423828125
-61465 1594.2330322265625
-61455 1580.053955078125
-61445 1562.3489990234375
-61435 1548.875
-61425 1538.9930419921875
-61415 1528.4530029296875
-61405 1520.802001953125
-61395 1513.760009765625
-61385 1508.532958984375
-61375 1503.262939453125
-61365 1489.54296875
-61355 1486.0889892578125
-61345 1474.9840087890625
-61335 1461.0479736328125
-61325 1433.85302734375
-61315 1420.010986328125
-61305 1406.7969970703125
-61295 1386.9739990234375
-61285 1379.2969970703125
-61275 1371.4219970703125
-61265 1364.6070556640625
-61255 1357.2779541015625
-61245 1349.7950439453125
-61235 1342.0909423828125
-61225 1335.302978515625
-61215 1328.155029296875
-61205 1322.3570556640625
-61195 1316.2779541015625
-61185 1309.800048828125
-61175 1303.4189453125
-61165 1297.27099609375
-61155 1292.824951171875
-61145 1291.071044921875
-61135 1290.9940185546875
-61125 1292.592041015625
-61115 1294.2239990234375
-61105 1296.4969482421875
-61095 1297.9139404296875
-61085 1299.240966796875
-61075 1300.6650390625
-61065 1302.949951171875
-61055 1304.68701171875
-61045 1306.3790283203125
-61035 1309.3389892578125
-61025 1315.2259521484375
-61015 1321.9129638671875
-61005 1330.822021484375
-60995 1334.052978515625
-60985 1335.405029296875
-60975 1338.0369873046875
-60965 1344.001953125
-60955 1345.199951171875
-60945 1349.7950439453125
-60935 1351.9730224609375
-60925 1354.092041015625
-60915 1358.6400146484375
-60905 1363.81494140625
-60895 1371.571044921875
-60885 1380.843017578125
-60875 1384.2469482421875
-60865 1384.9339599609375
-60855 1388.198974609375
-60845 1394.3890380859375
-60835 1403.10498046875
-60825 1411.56298828125
-60815 1417.875
-60805 1427.7740478515625
-60795 1434.947021484375
-60785 1441.8919677734375
-60775 1448.8310546875
-60765 1456.3070068359375
-60755 1464.1810302734375
-60745 1471.2650146484375
-60735 1483.8909912109375
-60725 1488.7540283203125
-60715 1496.2120361328125
-60705 1503.89794921875
-60695 1509.123046875
-60685 1516.3480224609375
-60675 1522.5830078125
-60665 1526.177978515625
-60655 1529.7879638671875
-60645 1535.56396484375
-60635 1542.1190185546875
-60625 1546.81494140625
-60615 1549.948974609375
-60605 1552.946044921875
-60595 1555.81201171875
-60585 1559.5179443359375
-60575 1564.677001953125
-60565 1570.321044921875
-60555 1576.72705078125
-60545 1582.241943359375
-60535 1585.323974609375
-60525 1587.842041015625
-60515 1591.3580322265625
-60505 1595.5260009765625
-60495 1601.1529541015625
-60485 1606.1280517578125
-60475 1610.2010498046875
-60465 1611.3199462890625
-60455 1616.3399658203125
-60445 1621.3070068359375
-60435 1623.217041015625
-60425 1626.6209716796875
-60415 1627.677978515625
-60405 1633.468994140625
-60395 1639.748046875
-60385 1643.2740478515625
-60375 1646.156982421875
-60365 1649.7149658203125
-60355 1651.0369873046875
-60345 1655.385986328125
-60335 1659.0579833984375
-60325 1662.7650146484375
-60315 1666.0570068359375
-60305 1669.0870361328125
-60295 1673.5679931640625
-60285 1679.3509521484375
-60275 1684.5860595703125
-60265 1691.0469970703125
-60255 1697.4630126953125
-60245 1703.3499755859375
-60235 1710.626953125
-60225 1716.52197265625
-60215 1725.54296875
-60205 1735.008056640625
-60195 1749.4210205078125
-60185 1755.2139892578125
-60175 1757.739990234375
-60165 1761.907958984375
-60155 1767.6639404296875
-60145 1773.7950439453125
-60135 1781.0789794921875
-60125 1788.407958984375
-60115 1797.6099853515625
-60105 1808.6290283203125
-60095 1812.884033203125
-60085 1817.572998046875
-60075 1821.863037109375
-60065 1829.633056640625
-60055 1838.3690185546875
-60045 1844.5069580078125
-60035 1850.906005859375
-60025 1857.9990234375
-60015 1861.864990234375
-60005 1866.501953125
-59995 1871.907958984375
-59985 1876.60498046875
-59975 1882.822021484375
-59965 1891.5689697265625
-59955 1898.8179931640625
-59945 1906.7750244140625
-59935 1919.248046875
-59925 1928.197998046875
-59915 1934.7779541015625
-59905 1941.885986328125
-59895 1949.3170166015625
-59885 1955.532958984375
-59875 1961.4659423828125
-59865 1970.4959716796875
-59855 1979.64794921875
-59845 1986.1080322265625
-59835 1988.698974609375
-59825 1994.3690185546875
-59815 1997.1429443359375
-59805 2002.751953125
-59795 2013.3409423828125
-59785 2027.8189697265625
-59775 2035.7969970703125
-59765 2043.552001953125
-59755 2050.861083984375
-59745 2055.679931640625
-59735 2060.073974609375
-59725 2065.722900390625
-59715 2072.283935546875
-59705 2079.330078125
-59695 2086.802001953125
-59685 2094.333984375
-59675 2101.845947265625
-59665 2109.318115234375
-59655 2117.3759765625
-59645 2124.239990234375
-59635 2130.658935546875
-59625 2135.660888671875
-59615 2140.257080078125
-59605 2144.9140625
-59595 2149.99609375
-59585 2155.56396484375
-59575 2161.153076171875
-59565 2166.863037109375
-59555 2171.966064453125
-59545 2176.58203125
-59535 2181.259033203125
-59525 2185.409912109375
-59515 2190.27001953125
-59505 2195.12890625
-59495 2199.907958984375
-59485 2204.989990234375
-59475 2210.052001953125
-59465 2215.741943359375
-59455 2221.451904296875
-59445 2227.446044921875
-59435 2233.945068359375
-59425 2240.889892578125
-59415 2247.89599609375
-59405 2255.590087890625
-59395 2264.47900390625
-59385 2274.381103515625
-59375 2284.322998046875
-59365 2292.886962890625
-59355 2303.052001953125
-59345 2310.239990234375
-59335 2318.987060546875
-59325 2325.385986328125
-59315 2333.201904296875
-59305 2342.030029296875
-59295 2351.10107421875
-59285 2358.735107421875
-59275 2367.076904296875
-59265 2373.819091796875
-59255 2380.197998046875
-59245 2387.931884765625
-59235 2396.31494140625
-59225 2405.993896484375
-59215 2412.412109375
-59205 2418.527099609375
-59195 2425.451904296875
-59185 2433.1259765625
-59175 2439.50390625
-59165 2446.85400390625
-59155 2453.94091796875
-59145 2461.18994140625
-59135 2468.297119140625
-59125 2476.31591796875
-59115 2484.881103515625
-59105 2493.364990234375
-59095 2503.468994140625
-59085 2512.62109375
-59075 2520.052001953125
-59065 2530.156005859375
-59055 2538.98388671875
-59045 2544.593017578125
-59035 2551.47705078125
-59025 2560.62890625
-59015 2570.672119140625
-59005 2580.22900390625
-58995 2590.779052734375
-58985 2598.10791015625
-58975 2605.155029296875
-58965 2606.81494140625
-58955 2604.364990234375
-58945 2601.22705078125
-58935 2598.635009765625
-58925 2597.197021484375
-58915 2595.172119140625
-58905 2592.721923828125
-58895 2590.615966796875
-58885 2589.48291015625
-58875 2589.48291015625
-58865 2586.282958984375
-58855 2585.291015625
-58845 2583.14501953125
-58835 2582.153076171875
-58825 2582.112060546875
-58815 2582.47705078125
-58805 2581.241943359375
-58795 2581.485107421875
-58785 2581.363037109375
-58775 2582.94189453125
-58765 2584.60302734375
-58755 2585.818115234375
-58745 2585.533935546875
-58735 2584.218017578125
-58725 2583.79296875
-58715 2584.197998046875
-58705 2585.452880859375
-58695 2588.572021484375
-58685 2593.14697265625
-58675 2596.6708984375
-58665 2599.404052734375
-58655 2604.14208984375
-58645 2606.794921875
-58635 2598.9990234375
-58625 2585.798095703125
-58615 2565.22509765625
-58605 2554.31201171875
-58595 2547.10302734375
-58585 2539.510009765625
-58575 2534.97509765625
-58565 2527.787109375
-58555 2524.72900390625
-58545 2526.429931640625
-58535 2531.006103515625
-58525 2538.47802734375
-58515 2545.68603515625
-58505 2552.326904296875
-58495 2559.19091796875
-58485 2566.319091796875
-58475 2576.077880859375
-58465 2585.798095703125
-58455 2592.39794921875
-58445 2599.970947265625
-58435 2608.657958984375
-58425 2617.52587890625
-58415 2627.85302734375
-58405 2631.3359375
-58395 2631.214111328125
-58385 2635.344970703125
-58375 2643.909912109375
-58365 2652.799072265625
-58355 2662.658935546875
-58345 2672.176025390625
-58335 2680.842041015625
-58325 2677.623046875
-58315 2673.35107421875
-58305 2670.840087890625
-58295 2667.43798828125
-58285 2663.510009765625
-58275 2661.5458984375
-58265 2659.5009765625
-58255 2655.613037109375
-58245 2651.260009765625
-58235 2650.1259765625
-58225 2649.031982421875
-58215 2647.4130859375
-58205 2647.27099609375
-58195 2645.79296875
-58185 2644.23388671875
-58175 2642.552978515625
-58165 2641.946044921875
-58155 2640.68994140625
-58145 2640.264892578125
-58135 2640.7919921875
-58125 2642.77587890625
-58115 2644.133056640625
-58105 2645.8740234375
-58095 2647.068115234375
-58085 2647.14892578125
-58075 2646.824951171875
-58065 2646.01611328125
-58055 2647.43310546875
-58045 2648.425048828125
-58035 2650.368896484375
-58025 2653.85205078125
-58015 2657.152099609375
-58005 2660.27001953125
-57995 2663.347900390625
-57985 2664.501953125
-57975 2666.08203125
-57965 2669.887939453125
-57955 2676.81298828125
-57945 2681.89501953125
-57935 2686.735107421875
-57925 2692.14111328125
-57915 2696.97998046875
-57905 2701.3330078125
-57895 2706.173095703125
-57885 2710.85009765625
-57875 2713.947998046875
-57865 2716.60107421875
-57855 2718.72705078125
-57845 2721.926025390625
-57835 2723.889892578125
-57825 2724.031982421875
-57815 2724.31494140625
-57805 2724.31494140625
-57795 2722.85693359375
-57785 2722.756103515625
-57775 2723.465087890625
-57765 2726.805908203125
-57755 2730.97705078125
-57745 2739.5009765625
-57735 2748.531982421875
-57725 2754.68798828125
-57715 2750.820068359375
-57705 2742.964111328125
-57695 2737.841064453125
-57685 2730.510986328125
-57675 2724.093017578125
-57665 2726.035888671875
-57655 2723.364013671875
-57645 2728.60791015625
-57635 2733.0830078125
-57625 2738.468994140625
-57615 2743.0849609375
-57605 2745.758056640625
-57595 2743.81396484375
-57585 2734.176025390625
-57575 2725.2060546875
-57565 2713.947998046875
-57555 2703.156005859375
-57545 2702.468017578125
-57535 2698.904052734375
-57525 2698.985107421875
-57515 2697.0810546875
-57505 2698.946044921875
-57495 2696.2958984375
-57485 2692.77392578125
-57475 2689.18701171875
-57465 2684.31689453125
-57455 2684.009033203125
-57445 2683.45703125
-57435 2681.751953125
-57425 2680.113037109375
-57415 2683.635009765625
-57405 2684.8369140625
-57395 2685.6650390625
-57385 2687.905029296875
-57375 2691.297119140625
-57365 2690.825927734375
-57355 2693.06591796875
-57345 2694.10498046875
-57335 2696.97802734375
-57325 2700.64697265625
-57315 2704.4609375
-57305 2709.7529296875
-57295 2713.615966796875
-57285 2717.593017578125
-57275 2723.306884765625
-57265 2729.263916015625
-57255 2735.010009765625
-57245 2740.950927734375
-57235 2747.69091796875
-57225 2753.075927734375
-57215 2760.072998046875
-57205 2765.77001953125
-57195 2772.279052734375
-57185 2778.467041015625
-57175 2784.27392578125
-57165 2789.825927734375
-57155 2795.884033203125
-57145 2802.31201171875
-57135 2809.110107421875
-57125 2814.387939453125
-57115 2820.033935546875
-57105 2825.44189453125
-57095 2830.572021484375
-57085 2835.31201171875
-57075 2841.382080078125
-57065 2847.9560546875
-57055 2855.748046875
-57045 2854.676025390625
-57035 2851.7509765625
-57025 2844.028076171875
-57015 2835.2470703125
-57005 2829.43603515625
-56995 2829.72802734375
-56985 2825.89404296875
-56975 2828.262939453125
-56965 2832.450927734375
-56955 2829.2890625
-56945 2821.429931640625
-56935 2818.572998046875
-56925 2826.4619140625
-56915 2831.428955078125
-56905 2839.950927734375
-56895 2854.04296875
-56885 2866.97998046875
-56875 2884.656982421875
-56865 2895.1240234375
-56855 2905.41796875
-56845 2907.236083984375
-56835 2906.261962890625
-56825 2912.18701171875
-56815 2916.35791015625
-56805 2923.35400390625
-56795 2929.408935546875
-56785 2927.25
-56775 2927.510009765625
-56765 2920.611083984375
-56755 2910.693115234375
-56745 2899.3798828125
-56735 2884.77099609375
-56725 2879.2490234375
-56715 2874.447021484375
-56705 2870.12890625
-56695 2865.583984375
-56685 2860.7470703125
-56675 2855.30908203125
-56665 2851.446044921875
-56655 2846.7060546875
-56645 2843.410888671875
-56635 2839.157958984375
-56625 2835.89306640625
-56615 2833.181884765625
-56605 2830.843994140625
-56595 2829.77587890625
-56585 2829.030029296875
-56575 2827.827880859375
-56565 2826.54296875
-56555 2824.837890625
-56545 2823.493896484375
-56535 2822.50390625
-56525 2821.429931640625
-56515 2820.990966796875
-56505 2819.612060546875
-56495 2819.159912109375
-56485 2819.72900390625
-56475 2816.4990234375
-56465 2815.114990234375
-56455 2811.72607421875
-56445 2803.91796875
-56435 2796.384033203125
-56425 2788.4140625
-56415 2781.791015625
-56405 2779.5830078125
-56395 2776.905029296875
-56385 2775.25
-56375 2774.779052734375
-56365 2774.843994140625
-56355 2774
-56345 2772.052001953125
-56335 2769.02001953125
-56325 2766.955078125
-56315 2764.342041015625
-56305 2763.074951171875
-56295 2761.988037109375
-56285 2762.881103515625
-56275 2764.406005859375
-56265 2766.7109375
-56255 2769.049072265625
-56245 2771.22412109375
-56235 2772.0029296875
-56225 2772.052001953125
-56215 2773.56396484375
-56205 2774.177978515625
-56195 2774.45703125
-56185 2776.029052734375
-56175 2777.863037109375
-56165 2778.91796875
-56155 2775.054931640625
-56145 2772.76611328125
-56135 2770.4609375
-56125 2770.281982421875
-56115 2772.60400390625
-56105 2773.77197265625
-56095 2775.7880859375
-56085 2777.5869140625
-56075 2773.93505859375
-56065 2768.626953125
-56055 2763.72509765625
-56045 2757.81591796875
-56035 2751.27490234375
-56025 2747.89794921875
-56015 2746.35595703125
-56005 2746.242919921875
-55995 2746.717041015625
-55985 2748.06103515625
-55975 2749.1650390625
-55965 2749.60302734375
-55955 2750.155029296875
-55945 2750.3330078125
-55935 2748.303955078125
-55925 2746.489990234375
-55915 2745.69091796875
-55905 2745.675048828125
-55895 2744.8310546875
-55885 2743.697998046875
-55875 2743.9541015625
-55865 2742.623046875
-55855 2739.76611328125
-55845 2734.6689453125
-55835 2731.29296875
-55825 2728.114990234375
-55815 2724.39697265625
-55805 2721.2939453125
-55795 2719.783935546875
-55785 2717.31689453125
-55775 2715.10888671875
-55765 2713.12890625
-55755 2710.56396484375
-55745 2710.27197265625
-55735 2711.034912109375
-55725 2712.10595703125
-55715 2713.972900390625
-55705 2716.343017578125
-55695 2718.27490234375
-55685 2718.95703125
-55675 2717.803955078125
-55665 2716.001953125
-55655 2709.281982421875
-55645 2702.48095703125
-55635 2696.52392578125
-55625 2690.712890625
-55615 2684.56103515625
-55605 2678.214111328125
-55595 2674.72412109375
-55585 2670.861083984375
-55575 2668.782958984375
-55565 2668.73388671875
-55555 2668.864013671875
-55545 2669.05908203125
-55535 2669.139892578125
-55525 2669.886962890625
-55515 2670.01708984375
-55505 2668.6689453125
-55495 2666.60791015625
-55485 2663.248046875
-55475 2659.385009765625
-55465 2657.56689453125
-55455 2655.60302734375
-55445 2653.264892578125
-55435 2649.72705078125
-55425 2646.47998046875
-55415 2645.133056640625
-55405 2642.60107421875
-55395 2638.445068359375
-55385 2610.5419921875
-55375 2584.279052734375
-55365 2557.301025390625
-55355 2546.97705078125
-55345 2532.449951171875
-55335 2518.408935546875
-55325 2513.327880859375
-55315 2508.5400390625
-55305 2503.84912109375
-55295 2498.962890625
-55285 2494.64501953125
-55275 2489.85693359375
-55265 2484.662109375
-55255 2480.587890625
-55245 2475.555908203125
-55235 2470.345947265625
-55225 2464.907958984375
-55215 2460.118896484375
-55205 2455.510009765625
-55195 2450.883056640625
-55185 2446.305908203125
-55175 2442.572998046875
-55165 2439.406982421875
-55155 2435.008056640625
-55145 2430.236083984375
-55135 2425.756103515625
-55125 2421.681884765625
-55115 2416.681884765625
-55105 2410.904052734375
-55095 2405.2060546875
-55085 2400.157958984375
-55075 2394.1201171875
-55065 2387.804931640625
-55055 2382.074951171875
-55045 2375.85888671875
-55035 2367.548095703125
-55025 2361.883056640625
-55015 2356.445068359375
-55005 2352.303955078125
-54995 2346.60595703125
-54985 2340.281005859375
-54975 2337.239013671875
-54965 2330.343017578125
-54955 2317.201904296875
-54945 2307.800048828125
-54935 2294.944091796875
-54925 2277.465087890625
-54915 2271.7548828125
-54905 2266.912109375
-54895 2262.006103515625
-54885 2258.093994140625
-54875 2254.969970703125
-54865 2252.541015625
-54855 2249.7490234375
-54845 2247.00390625
-54835 2245.632080078125
-54825 2244.007080078125
-54815 2243.264892578125
-54805 2242.47705078125
-54795 2239.716064453125
-54785 2239.573974609375
-54775 2239.416015625
-54765 2239.02197265625
-54755 2237.77294921875
-54745 2238.091064453125
-54735 2235.4541015625
-54725 2237.08203125
-54715 2241.278076171875
-54705 2241.467041015625
-54695 2241.656005859375
-54685 2240.883056640625
-54675 2238.81689453125
-54665 2241.30908203125
-54655 2243.343994140625
-54645 2245.821044921875
-54635 2248.407958984375
-54625 2251.325927734375
-54615 2254.8759765625
-54605 2257.98291015625
-54595 2261.595947265625
-54585 2263.093994140625
-54575 2264.467041015625
-54565 2265.22412109375
-54555 2265.712890625
-54545 2266.675048828125
-54535 2268.804931640625
-54525 2270.256103515625
-54515 2272.591064453125
-54505 2275.052001953125
-54495 2276.361083984375
-54485 2278.032958984375
-54475 2279.43701171875
-54465 2280.635986328125
-54455 2281.156005859375
-54445 2281.172119140625
-54435 2280.841064453125
-54425 2281.488037109375
-54415 2281.235107421875
-54405 2279.48388671875
-54395 2278.97998046875
-54385 2279.294921875
-54375 2279.452880859375
-54365 2279.548095703125
-54355 2280.384033203125
-54345 2281.125
-54335 2282.6240234375
-54325 2282.955078125
-54315 2284.217041015625
-54305 2283.507080078125
-54295 2283.001953125
-54285 2282.14990234375
-54275 2281.172119140625
-54265 2276.77099609375
-54255 2274.799072265625
-54245 2270.302978515625
-54235 2267.653076171875
-54225 2263.552001953125
-54215 2258.614013671875
-54205 2253.0458984375
-54195 2249.02294921875
-54185 2246.43603515625
-54175 2243.75390625
-54165 2241.24609375
-54155 2238.580078125
-54145 2235.488037109375
-54135 2219.33203125
-54125 2212.201904296875
-54115 2205.2919921875
-54105 2199.64501953125
-54095 2195.6220703125
-54085 2190.1640625
-54075 2186.031005859375
-54065 2181.172119140625
-54055 2173.347900390625
-54045 2168.2529296875
-54035 2163.946044921875
-54025 2161.028076171875
-54015 2158.693115234375
-54005 2157.195068359375
-53995 2153.013916015625
-53985 2136.89208984375
-53975 2131.824951171875
-53965 2112.39111328125
-53955 2110.735107421875
-53945 2108.462890625
-53935 2105.35498046875
-53925 2102.89501953125
-53915 2099.97607421875
-53905 2097.325927734375
-53895 2093.998046875
-53885 2088.2080078125
-53875 2073.962890625
-53865 2067.654052734375
-53855 2063.9150390625
-53845 2062.416015625
-53835 2062.27392578125
-53825 2061.201904296875
-53815 2060.364990234375
-53805 2055.113037109375
-53795 2041.135986328125
-53785 2032.7120361328125
-53775 2023.56005859375
-53765 2020.4520263671875
-53755 2015.2149658203125
-53745 2004.5830078125
-53735 2001.2860107421875
-53725 1994.802001953125
-53715 1988.822998046875
-53705 1969.0260009765625
-53695 1954.2449951171875
-53685 1943.7550048828125
-53675 1922.0009765625
-53665 1913.29296875
-53655 1904.093994140625
-53645 1897.3890380859375
-53635 1892.625
-53625 1885.385009765625
-53615 1878.032958984375
-53605 1871.991943359375
-53595 1865.5560302734375
-53585 1857.93603515625
-53575 1853.362060546875
-53565 1847.998046875
-53555 1843.4549560546875
-53545 1838.7230224609375
-53535 1834.699951171875
-53525 1830.6929931640625
-53515 1826.48095703125
-53505 1822.6610107421875
-53495 1819.094970703125
-53485 1814.39501953125
-53475 1817.7259521484375
-53465 1821.1490478515625
-53455 1825.0140380859375
-53445 1825.2349853515625
-53435 1824.696044921875
-53425 1824.2889404296875
-53415 1826.0550537109375
-53405 1832.0340576171875
-53395 1838.8330078125
-53385 1845.916015625
-53375 1852.5570068359375
-53365 1858.5360107421875
-53355 1866.4859619140625
-53345 1874.468017578125
-53335 1881.488037109375
-53325 1888.428955078125
-53315 1897.926025390625
-53305 1904.614013671875
-53295 1913.781982421875
-53285 1923.0260009765625
-53275 1930.8819580078125
-53265 1938.8170166015625
-53255 1946.8470458984375
-53245 1956.4530029296875
-53235 1967.54296875
-53225 1974.2469482421875
-53215 1983.39697265625
-53205 1995.4959716796875
-53195 2001.364013671875
-53185 2008.873046875
-53175 2015.135986328125
-53165 2023.1180419921875
-53155 2030.56396484375
-53145 2044.4959716796875
-53135 2053.945068359375
-53125 2063.426025390625
-53115 2066.75390625
-53105 2068.283935546875
-53095 2069.18408203125
-53085 2069.76708984375
-53075 2069.135986328125
-53065 2074.136962890625
-53055 2076.833984375
-53045 2080.6201171875
-53035 2085.195068359375
-53025 2088.697021484375
-53015 2091.52099609375
-53005 2094.075927734375
-52995 2096.60009765625
-52985 2098.823974609375
-52975 2100.89111328125
-52965 2101.284912109375
-52955 2099.882080078125
-52945 2103.74609375
-52935 2107.04296875
-52925 2110.48193359375
-52915 2121.14599609375
-52905 2126.715087890625
-52895 2130.783935546875
-52885 2133.449951171875
-52875 2139.006103515625
-52865 2144.0859375
-52855 2146.68896484375
-52845 2146.514892578125
-52835 2146.325927734375
-52825 2148.676025390625
-52815 2153.787109375
-52805 2158.2041015625
-52795 2161.97412109375
-52785 2164.404052734375
-52775 2163.52001953125
-52765 2162.069091796875
-52755 2160.99609375
-52745 2158.219970703125
-52735 2155.5859375
-52725 2155.837890625
-52715 2153.156005859375
-52705 2162.195068359375
-52695 2170.034912109375
-52685 2176.013916015625
-52675 2188.554931640625
-52665 2199.945068359375
-52655 2205.166015625
-52645 2208.430908203125
-52635 2215.718994140625
-52625 2222.77099609375
-52615 2233.326904296875
-52605 2240.094970703125
-52595 2246.531005859375
-52585 2257.60498046875
-52575 2267.763916015625
-52565 2276.882080078125
-52555 2283.97998046875
-52545 2290.573974609375
-52535 2298.6669921875
-52525 2306.222900390625
-52515 2313.9208984375
-52505 2322.010009765625
-52495 2333.115966796875
-52485 2347.10498046875
-52475 2360.06298828125
-52465 2376.243896484375
-52455 2393.822021484375
-52445 2405.220947265625
-52435 2418.489990234375
-52425 2429.5029296875
-52415 2437.830078125
-52405 2446.705078125
-52395 2453.333984375
-52385 2462.112060546875
-52375 2470.0419921875
-52365 2481.0439453125
-52355 2483.364990234375
-52345 2486.94189453125
-52335 2489.8330078125
-52325 2490.5419921875
-52315 2491.3369140625
-52305 2491.64794921875
-52295 2493.431884765625
-52285 2496.826904296875
-52275 2499.75
-52265 2503.0048828125
-52255 2503.424072265625
-52245 2506.529052734375
-52235 2510.612060546875
-52225 2514.489990234375
-52215 2517.39208984375
-52205 2520.75390625
-52195 2521.366943359375
-52185 2521.926025390625
-52175 2525.364013671875
-52165 2532.31494140625
-52155 2539.052001953125
-52145 2545.91796875
-52135 2544.8330078125
-52125 2543.39306640625
-52115 2542.404052734375
-52105 2542.9951171875
-52095 2542.468994140625
-52085 2540.39501953125
-52075 2539.912109375
-52065 2539.4599609375
-52055 2541.802001953125
-52045 2541.544921875
-52035 2539.589111328125
-52025 2536.506103515625
-52015 2532.572998046875
-52005 2527.64208984375
-51995 2522.741943359375
-51985 2522.0439453125
-51975 2520.464111328125
-51965 2522.35498046875
-51955 2524.633056640625
-51945 2522.97900390625
-51935 2531.208984375
-51925 2530.048095703125
-51915 2541.652099609375
-51905 2547.18603515625
-51895 2550.4619140625
-51885 2561.18505859375
-51875 2563.592041015625
-51865 2570.071044921875
-51855 2576.430908203125
-51845 2577.60302734375
-51835 2589.39990234375
-51825 2591.15087890625
-51815 2598.177978515625
-51805 2599.800048828125
-51795 2610.10400390625
-51785 2619.053955078125
-51775 2624.4150390625
-51765 2626.14501953125
-51755 2629.1640625
-51745 2632.430908203125
-51735 2635.782958984375
-51725 2638.833984375
-51715 2650.64208984375
-51705 2657.572021484375
-51695 2659.64599609375
-51685 2659.195068359375
-51675 2656.530029296875
-51665 2658.06591796875
-51655 2671.09912109375
-51645 2671.410888671875
-51635 2680.715087890625
-51625 2685.883056640625
-51615 2693.908935546875
-51605 2701.9140625
-51595 2706.7490234375
-51585 2706.781005859375
-51575 2705.717041015625
-51565 2704.364013671875
-51555 2702.623046875
-51545 2709.76806640625
-51535 2712.636962890625
-51525 2714.818115234375
-51515 2714.47412109375
-51505 2716.514892578125
-51495 2717.944091796875
-51485 2724.56298828125
-51475 2732.491943359375
-51465 2742.216064453125
-51455 2748.23193359375
-51445 2750.928955078125
-51435 2753.572021484375
-51425 2753.410888671875
-51415 2756.216064453125
-51405 2760.986083984375
-51395 2761.125
-51385 2764.9609375
-51375 2767.47607421875
-51365 2771.81591796875
-51355 2776.791015625
-51345 2781.635986328125
-51335 2785.847900390625
-51325 2789.919921875
-51315 2793.40087890625
-51305 2796.625
-51295 2800.79296875
-51285 2804.89794921875
-51275 2809.51806640625
-51265 2813.60107421875
-51255 2818.006103515625
-51245 2822.14208984375
-51235 2825.805908203125
-51225 2828.72900390625
-51215 2830.844970703125
-51205 2831.468994140625
-51195 2831.553955078125
-51185 2832.2099609375
-51175 2833.069091796875
-51165 2833.906982421875
-51155 2834.583984375
-51145 2835.089111328125
-51135 2834.76708984375
-51125 2835.389892578125
-51115 2835.7548828125
-51105 2836.862060546875
-51095 2838.259033203125
-51085 2839.8701171875
-51075 2860.327880859375
-51065 2894.06494140625
-51055 2932.60400390625
-51045 2950.0849609375
-51035 2967.282958984375
-51025 2981.135986328125
-51015 2996.135009765625
-51005 3006.779052734375
-50995 3010.575927734375
-50985 3009.593994140625
-50975 3012.680908203125
-50965 3015.633056640625
-50955 3018.18994140625
-50945 3021.134033203125
-50935 3028.0849609375
-50925 3033.705078125
-50915 3042.841064453125
-50905 3056.6689453125
-50895 3063.2509765625
-50885 3069.407958984375
-50875 3075.62890625
-50865 3078.077880859375
-50855 3080.550048828125
-50845 3084.14892578125
-50835 3088.5
-50825 3094.7958984375
-50815 3099.469970703125
-50805 3103.7900390625
-50795 3108.968017578125
-50785 3114.802001953125
-50775 3121.076904296875
-50765 3127.964111328125
-50755 3133.969970703125
-50745 3139.202880859375
-50735 3143.7041015625
-50725 3147.175048828125
-50715 3148.001953125
-50705 3153.169921875
-50695 3156.18896484375
-50685 3158.702880859375
-50675 3161.239013671875
-50665 3163.387939453125
-50655 3165.493896484375
-50645 3167.169921875
-50635 3168.845947265625
-50625 3170.694091796875
-50615 3172.402099609375
-50605 3174.40087890625
-50595 3176.2490234375
-50585 3178.215087890625
-50575 3180.116943359375
-50565 3182.093994140625
-50555 3184.114013671875
-50545 3186.080078125
-50535 3187.701904296875
-50525 3190.011962890625
-50515 3192.301025390625
-50505 3193.923095703125
-50495 3195.4169921875
-50485 3197.10400390625
-50475 3198.510986328125
-50465 3199.39208984375
-50455 3200.047119140625
-50445 3200.64892578125
-50435 3201.455078125
-50425 3202.47607421875
-50415 3203.926025390625
-50405 3205.762939453125
-50395 3207.923095703125
-50385 3210.243896484375
-50375 3212.56396484375
-50365 3214.616943359375
-50355 3217.076904296875
-50345 3219.248046875
-50335 3221.375
-50325 3223.19091796875
-50315 3225.028076171875
-50305 3226.886962890625
-50295 3228.27294921875
-50285 3229.64794921875
-50275 3230.743896484375
-50265 3231.699951171875
-50255 3232.6240234375
-50245 3233.237060546875
-50235 3233.708984375
-50225 3234.10693359375
-50215 3234.375
-50205 3234.43994140625
-50195 3234.35400390625
-50185 3234.343017578125
-50175 3234.364990234375
-50165 3234.55810546875
-50155 3234.9130859375
-50145 3235.41796875
-50135 3235.944091796875
-50125 3236.513916015625
-50115 3237.06201171875
-50105 3237.469970703125
-50095 3237.77099609375
-50085 3238.18994140625
-50075 3239.2529296875
-50065 3241.402099609375
-50055 3244.625
-50045 3248.6650390625
-50035 3253.241943359375
-50025 3258.1201171875
-50015 3262.97705078125
-50005 3267.535888671875
-49995 3272.218017578125
-49985 3276.4580078125
-49975 3280.868896484375
-49965 3285.4130859375
-49955 3289.52099609375
-49945 3293.31298828125
-49935 3296.139892578125
-49925 3299.06103515625
-49915 3302.0400390625
-49905 3305.01806640625
-49895 3308.39990234375
-49885 3311.568115234375
-49875 3314.52099609375
-49865 3317.1708984375
-49855 3319.569091796875
-49845 3321.7080078125
-49835 3324.01806640625
-49825 3326.907958984375
-49815 3331.197998046875
-49805 3336.7509765625
-49795 3342.97900390625
-49785 3349.83203125
-49775 3355.958984375
-49765 3361.60107421875
-49755 3367.31103515625
-49745 3372.718994140625
-49735 3378.239990234375
-49725 3383.799072265625
-49715 3389.181884765625
-49705 3394.2490234375
-49695 3398.60888671875
-49685 3402.47705078125
-49675 3405.8779296875
-49665 3409.2099609375
-49655 3412.498046875
-49645 3415.52001953125
-49635 3418.612060546875
-49625 3421.659912109375
-49615 3424.68896484375
-49605 3427.610107421875
-49595 3430.43701171875
-49585 3433.3779296875
-49575 3436.047119140625
-49565 3438.5009765625
-49555 3440.862060546875
-49545 3443.0830078125
-49535 3445.089111328125
-49525 3447.12109375
-49515 3449.076904296875
-49505 3450.72998046875
-49495 3452.340087890625
-49485 3453.677001953125
-49475 3455.0400390625
-49465 3456.10009765625
-49455 3457.072021484375
-49445 3458.069091796875
-49435 3458.927001953125
-49425 3459.93701171875
-49415 3461.097900390625
-49405 3462.510986328125
-49395 3464.259033203125
-49385 3466.361083984375
-49375 3468.758056640625
-49365 3471.611083984375
-49355 3474.739990234375
-49345 3478.217041015625
-49335 3481.990966796875
-49325 3485.922119140625
-49315 3490.0419921875
-49305 3494.471923828125
-49295 3499.110107421875
-49285 3503.912109375
-49275 3508.7900390625
-49265 3513.931884765625
-49255 3519.888916015625
-49245 3527.6630859375
-49235 3539.091064453125
-49225 3548.85888671875
-49215 3558.9609375
-49205 3567.051025390625
-49195 3575.39892578125
-49185 3583.866943359375
-49175 3592.0009765625
-49165 3599.868896484375
-49155 3607.77001953125
-49145 3616.339111328125
-49135 3625.39990234375
-49125 3634.908935546875
-49115 3643.989990234375
-49105 3649.712890625
-49095 3628.251953125
-49085 3612.1298828125
-49075 3600.77197265625
-49065 3588.259033203125
-49055 3576.610107421875
-49045 3564.89306640625
-49035 3551.62890625
-49025 3540.050048828125
-49015 3529.758056640625
-49005 3515.660888671875
-48995 3502.011962890625
-48985 3491.39306640625
-48975 3480.81103515625
-48965 3470.27294921875
-48955 3459.930908203125
-48945 3450.112060546875
-48935 3440.048095703125
-48925 3429.471923828125
-48915 3419.097900390625
-48905 3408.541015625
-48895 3398.14208984375
-48885 3388.708984375
-48875 3379.080078125
-48865 3369.5390625
-48855 3360.180908203125
-48845 3350.9169921875
-48835 3336.410888671875
-48825 3330.510986328125
-48815 3323.657958984375
-48805 3317.126953125
-48795 3311.157958984375
-48785 3306.5009765625
-48775 3301.112060546875
-48765 3297.199951171875
-48755 3293.2880859375
-48745 3289.0029296875
-48735 3285.386962890625
-48725 3282.47802734375
-48715 3278.85009765625
-48705 3275.39794921875
-48695 3271.85791015625
-48685 3268.740966796875
-48675 3265.76904296875
-48665 3262.929931640625
-48655 3260.008056640625
-48645 3257.112060546875
-48635 3254.139892578125
-48625 3251.14306640625
