-80955 2918.40087890625
-80945 2924.779052734375
-80935 2930.202880859375
-80925 2934.962890625
-80915 2939.3759765625
-80905 2943.785888671875
-80895 2948.281982421875
-80885 2953.096923828125
-80875 2959.219970703125
-80865 2966.343994140625
-80855 2973.31201171875
-80845 2979.803955078125
-80835 2985.39794921875
-80825 2991.304931640625
-80815 2997.222900390625
-80805 3002.221923828125
-80795 3007.2119140625
-80785 3012.555908203125
-80775 3018.094970703125
-80765 3023.818115234375
-80755 3028.527099609375
-80745 3033.240966796875
-80735 3038.14794921875
-80725 3043.054931640625
-80715 3046.927978515625
-80705 3051.2490234375
-80695 3055.9580078125
-80685 3060.405029296875
-80675 3063.77490234375
-80665 3068.739013671875
-80655 3072.8759765625
-80645 3076.945068359375
-80635 3080.840087890625
-80625 3085.22998046875
-80615 3089.89599609375
-80605 3094.260009765625
-80595 3098.387939453125
-80585 3102.135009765625
-80575 3105.0419921875
-80565 3109.511962890625
-80555 3114.27001953125
-80545 3118.591064453125
-80535 3122.8310546875
-80525 3126.93408203125
-80515 3131.139892578125
-80505 3135.48388671875
-80495 3140.470947265625
-80485 3146.884033203125
-80475 3153.52587890625
-80465 3159.93798828125
-80455 3166.155029296875
-80445 3172.93603515625
-80435 3179.635009765625
-80425 3186.59912109375
-80415 3193.712890625
-80405 3201.0791015625
-80395 3208.60595703125
-80385 3215.89208984375
-80375 3226.83203125
-80365 3211.8349609375
-80355 3205.39990234375
-80345 3200.30908203125
-80335 3195.596923828125
-80325 3190.989013671875
-80315 3186.49609375
-80305 3182.152099609375
-80295 3177.864990234375
-80285 3173.820068359375
-80275 3170.821044921875
-80265 3168.052001953125
-80255 3165.156005859375
-80245 3161.800048828125
-80235 3158.719970703125
-80225 3155.490966796875
-80215 3152.47998046875
-80205 3149.7451171875
-80195 3147.135986328125
-80185 3144.81494140625
-80175 3142.803955078125
-80165 3141.033935546875
-80155 3139.35400390625
-80145 3137.748046875
-80135 3136.23095703125
-80125 3134.737060546875
-80115 3133.345947265625
-80105 3131.818115234375
-80095 3130.208984375
-80085 3128.589111328125
-80075 3126.3359375
-80065 3124.10693359375
-80055 3121.635986328125
-80045 3116.924072265625
-80035 3114.35009765625
-80025 3109.547119140625
-80015 3105.39794921875
-80005 3101.760009765625
-79995 3093.81201171875
-79985 3088.552978515625
-79975 3083.172119140625
-79965 3077.634033203125
-79955 3072.235107421875
-79945 3067.27197265625
-79935 3062.570068359375
-79925 3058.05908203125
-79915 3053.583984375
-79905 3049.404052734375
-79895 3045.18994140625
-79885 3040.906005859375
-79875 3036.743896484375
-79865 3032.68603515625
-79855 3029.7080078125
-79845 3026.64306640625
-79835 3010.951904296875
-79825 2989.0439453125
-79815 2979.81494140625
-79805 2973.998046875
-79795 2969.01708984375
-79785 2964.593994140625
-79775 2960.657958984375
-79765 2956.548095703125
-79755 2952.177001953125
-79745 2947.6669921875
-79735 2943.01708984375
-79725 2939.011962890625
-79715 2934.866943359375
-79705 2929.625
-79695 2923.947998046875
-79685 2912.297119140625
-79675 2906.237060546875
-79665 2902.68408203125
-79655 2900.419921875
-79645 2896.553955078125
-79635 2892.095947265625
-79625 2886.574951171875
-79615 2881.85595703125
-79605 2873.863037109375
-79595 2870.431884765625
-79585 2867.123046875
-79575 2863.7451171875
-79565 2857.528076171875
-79555 2854.550048828125
-79545 2851.60693359375
-79535 2849.029052734375
-79525 2846.60791015625
-79515 2845.5458984375
-79505 2844.9189453125
-79495 2841.366943359375
-79485 2836.2470703125
-79475 2832.7109375
-79465 2803.75
-79455 2793.633056640625
-79445 2788.008056640625
-79435 2783.06201171875
-79425 2778.760009765625
-79415 2775.051025390625
-79405 2772.10791015625
-79395 2769.322021484375
-79385 2766.743896484375
-79375 2764.200927734375
-79365 2761.955078125
-79355 2758.94189453125
-79345 2756.818115234375
-79335 2754.780029296875
-79325 2752.93408203125
-79315 2751.593017578125
-79305 2750.843994140625
-79295 2750.862060546875
-79285 2749.555908203125
-79275 2746.4208984375
-79265 2742.345947265625
-79255 2741.544921875
-79245 2737.5048828125
-79235 2734.7529296875
-79225 2733.06396484375
-79215 2727.52587890625
-79205 2725.715087890625
-79195 2722.126953125
-79185 2717.425048828125
-79175 2713.001953125
-79165 2709.762939453125
-79155 2707.219970703125
-79145 2701.9609375
-79135 2698.80908203125
-79125 2693.409912109375
-79115 2690.2060546875
-79105 2684.719970703125
-79095 2680.40087890625
-79085 2673.156982421875
-79075 2666.31298828125
-79065 2660.199951171875
-79055 2655.655029296875
-79045 2647.364990234375
-79035 2641.68798828125
-79025 2634.89599609375
-79015 2626.449951171875
-79005 2621.364990234375
-78995 2614.712890625
-78985 2609.279052734375
-78975 2597.697998046875
-78965 2584.201904296875
-78955 2577.8798828125
-78945 2575.284912109375
-78935 2572.4990234375
-78925 2572.2548828125
-78915 2568.633056640625
-78905 2564.31396484375
-78895 2560.72705078125
-78885 2559.472900390625
-78875 2558.514892578125
-78865 2558.636962890625
-78855 2559.02001953125
-78845 2559.612060546875
-78835 2559.6640625
-78825 2561.092041015625
-78815 2563.077880859375
-78805 2571.157958984375
-78795 2578.089111328125
-78785 2594.05908203125
-78775 2604.281005859375
-78765 2608.669921875
-78755 2618.1259765625
-78745 2627.14697265625
-78735 2631.152099609375
-78725 2637.43896484375
-78715 2646.180908203125
-78705 2654.923095703125
-78695 2661.071044921875
-78685 2667.027099609375
-78675 2672.80810546875
-78665 2677.98095703125
-78655 2688.412109375
-78645 2694.194091796875
-78635 2699.139892578125
-78625 2705.339111328125
-78615 2708.97900390625
-78605 2715.160888671875
-78595 2721.5869140625
-78585 2724.947998046875
-78575 2727.822021484375
-78565 2731.06103515625
-78555 2753.159912109375
-78545 2764.200927734375
-78535 2772.52587890625
-78525 2777.993896484375
-78515 2781.302978515625
-78505 2786.4580078125
-78495 2791.385986328125
-78485 2794.85205078125
-78475 2796.906005859375
-78465 2799.205078125
-78455 2801.93896484375
-78445 2806.31103515625
-78435 2810.785888671875
-78425 2814.98291015625
-78415 2817.751953125
-78405 2823.69091796875
-78395 2827.069091796875
-78385 2830.152099609375
-78375 2833.2509765625
-78365 2836.472900390625
-78355 2839.3291015625
-78345 2841.906005859375
-78335 2844.467041015625
-78325 2846.85205078125
-78315 2849.256103515625
-78305 2851.903076171875
-78295 2854.9150390625
-78285 2858.485107421875
-78275 2862.31689453125
-78265 2866.4609375
-78255 2870.60595703125
-78245 2874.9951171875
-78235 2879.5048828125
-78225 2884.10302734375
-78215 2890.597900390625
-78205 2900.072021484375
-78195 2903.781005859375
-78185 2908.06494140625
-78175 2913.89892578125
-78165 2920.2041015625
-78155 2928.492919921875
-78145 2940.00390625
-78135 2944.4619140625
-78125 2948.7119140625
-78115 2959.875
-78105 2964.97705078125
-78095 2968.80810546875
-78085 2972.048095703125
-78075 2974.7470703125
-78065 2979.81494140625
-78055 2985.02197265625
-78045 2989.132080078125
-78035 2994.076904296875
-78025 2999.998046875
-78015 3006.111083984375
-78005 3011.527099609375
-77995 3016.7509765625
-77985 3022.5849609375
-77975 3028.2099609375
-77965 3033.782958984375
-77955 3039.094970703125
-77945 3044.597900390625
-77935 3049.735107421875
-77925 3054.802978515625
-77915 3059.85302734375
-77905 3064.781005859375
-77895 3069.780029296875
-77885 3074.5859375
-77875 3079.236083984375
-77865 3083.449951171875
-77855 3087.839111328125
-77845 3092.384033203125
-77835 3096.510986328125
-77825 3100.62109375
-77815 3104.905029296875
-77805 3111.41796875
-77795 3115.806884765625
-77785 3121.222900390625
-77775 3127.2490234375
-77765 3130.906005859375
-77755 3135.172119140625
-77745 3139.908935546875
-77735 3145.047119140625
-77725 3150.06201171875
-77715 3155.23388671875
-77705 3160.492919921875
-77695 3165.7529296875
-77685 3171.011962890625
-77675 3176.514892578125
-77665 3182.19189453125
-77655 3188.2529296875
-77645 3194.451904296875
-77635 3200.757080078125
-77625 3206.625
-77615 3218.554931640625
-77605 3256.989013671875
-77595 3269.492919921875
-77585 3273.1669921875
-77575 3275.2919921875
-77565 3278.617919921875
-77555 3282.154052734375
-77545 3286.471923828125
-77535 3290.530029296875
-77525 3293.8740234375
-77515 3297.303955078125
-77505 3300.10107421875
-77495 3303.342041015625
-77485 3307.12890625
-77475 3309.762939453125
-77465 3313.242919921875
-77455 3317.60693359375
-77445 3319.568115234375
-77435 3321.720947265625
-77425 3305.64892578125
-77415 3295.01708984375
-77405 3283.2900390625
-77395 3266.507080078125
-77385 3256.85595703125
-77375 3248.031982421875
-77365 3233.883056640625
-77355 3220.136962890625
-77345 3208.02490234375
-77335 3196.4130859375
-77325 3185.68603515625
-77315 3174.9580078125
-77305 3160.48193359375
-77295 3151.138916015625
-77285 3139.5849609375
-77275 3128.819091796875
-77265 3114.803955078125
-77255 3104.22998046875
-77245 3086.927978515625
-77235 3051.93896484375
-77225 3033.866943359375
-77215 3021.697998046875
-77205 3010.1630859375
-77195 2992.95703125
-77185 2983.998046875
-77175 2977.44189453125
-77165 2972.135986328125
-77155 2967.7919921875
-77145 2964.10009765625
-77135 2960.81298828125
-77125 2957.06396484375
-77115 2951.449951171875
-77105 2951.527099609375
-77095 2951.1240234375
-77085 2948.778076171875
-77075 2945.970947265625
-77065 2943.14501953125
-77055 2939.916015625
-77045 2936.43603515625
-77035 2932.552001953125
-77025 2928.39990234375
-77015 2924.343994140625
-77005 2920.633056640625
-76995 2916.7880859375
-76985 2913.27001953125
-76975 2909.425048828125
-76965 2905.617919921875
-76955 2897.908935546875
-76945 2897.447998046875
-76935 2893.488037109375
-76925 2887.759033203125
-76915 2883.35595703125
-76905 2877.991943359375
-76895 2872.243896484375
-76885 2867.24609375
-76875 2862.68896484375
-76865 2858.133056640625
-76855 2853.385009765625
-76845 2847.366943359375
-76835 2842.715087890625
-76825 2838.1201171875
-76815 2833.159912109375
-76805 2828.027099609375
-76795 2824.4130859375
-76785 2820.549072265625
-76775 2817.14599609375
-76765 2813.492919921875
-76755 2810.052001953125
-76745 2806.513916015625
-76735 2802.843017578125
-76725 2798.458984375
-76715 2794.056884765625
-76705 2789.673095703125
-76695 2785.501953125
-76685 2781.906982421875
-76675 2778.485107421875
-76665 2775.08203125
-76655 2771.77490234375
-76645 2768.544921875
-76635 2765.468994140625
-76625 2762.739990234375
-76615 2759.64404296875
-76605 2754.4541015625
-76595 2752.166015625
-76585 2748.2060546875
-76575 2743.97607421875
-76565 2739.612060546875
-76555 2734.343994140625
-76545 2729.364990234375
-76535 2723.962890625
-76525 2719.09912109375
-76515 2714.56201171875
-76505 2709.756103515625
-76495 2705.2958984375
-76485 2701.700927734375
-76475 2695.68310546875
-76465 2688.68505859375
-76455 2682.052978515625
-76445 2675.97802734375
-76435 2672.093994140625
-76425 2666.4609375
-76415 2660.3291015625
-76405 2654.465087890625
-76395 2646.81396484375
-76385 2640.623046875
-76375 2633.549072265625
-76365 2627.242919921875
-76355 2621.18701171875
-76345 2614.862060546875
-76335 2607.922119140625
-76325 2600.635986328125
-76315 2595.8291015625
-76305 2588.216064453125
-76295 2581.083984375
-76285 2573.6630859375
-76275 2567.4541015625
-76265 2557.66796875
-76255 2548.824951171875
-76245 2539.674072265625
-76235 2534.041015625
-76225 2527.10107421875
-76215 2519.410888671875
-76205 2512.700927734375
-76195 2504.64599609375
-76185 2498.090087890625
-76175 2491.72705078125
-76165 2486.324951171875
-76155 2478.826904296875
-76145 2471.59912109375
-76135 2464.56201171875
-76125 2457.948974609375
-76115 2451.450927734375
-76105 2444.069091796875
-76095 2437.071044921875
-76085 2428.9189453125
-76075 2421.902099609375
-76065 2414.443115234375
-76055 2407.676025390625
-76045 2401.2548828125
-76035 2395.044921875
-76025 2388.5859375
-76015 2383.721923828125
-76005 2377.301025390625
-75995 2370.16796875
-75985 2364.304931640625
-75975 2360.383056640625
-75965 2359.055908203125
-75955 2353.77001953125
-75945 2345.636962890625
-75935 2340.81201171875
-75925 2339.907958984375
-75915 2336.389892578125
-75905 2334.3330078125
-75895 2331.083984375
-75885 2330.277099609375
-75875 2329.64208984375
-75865 2328.719970703125
-75855 2328.680908203125
-75845 2329.89208984375
-75835 2330.64208984375
-75825 2331.60302734375
-75815 2332.238037109375
-75805 2333.06396484375
-75795 2333.56396484375
-75785 2334.409912109375
-75775 2335.197998046875
-75765 2335.678955078125
-75755 2336.0830078125
-75745 2336.678955078125
-75735 2337.217041015625
-75725 2338.447998046875
-75715 2341.407958984375
-75705 2344.406982421875
-75695 2346.541015625
-75685 2348.962890625
-75675 2351.135986328125
-75665 2353.73095703125
-75655 2355.845947265625
-75645 2358.384033203125
-75635 2360.93994140625
-75625 2362.76708984375
-75615 2366.51611328125
-75605 2369.822021484375
-75595 2372.39794921875
-75585 2375.72412109375
-75575 2379.011962890625
-75565 2383.64501953125
-75555 2386.625
-75545 2390.047119140625
-75535 2394.238037109375
-75525 2397.56396484375
-75515 2400.177978515625
-75505 2403.946044921875
-75495 2405.06201171875
-75485 2406.387939453125
-75475 2407.02197265625
-75465 2407.137939453125
-75455 2407.215087890625
-75445 2407.0419921875
-75435 2408.695068359375
-75425 2413.943115234375
-75415 2419.4990234375
-75405 2425.073974609375
-75395 2429.4189453125
-75385 2433.802001953125
-75375 2438.205078125
-75365 2442.85693359375
-75355 2447.81689453125
-75345 2452.35400390625
-75335 2457.1220703125
-75325 2461.81298828125
-75315 2466.27294921875
-75305 2471.156005859375
-75295 2475.444091796875
-75285 2476.885009765625
-75275 2480.26904296875
-75265 2486.055908203125
-75255 2491.534912109375
-75245 2494.802978515625
-75235 2500.243896484375
-75225 2511.5859375
-75215 2521.987060546875
-75205 2528.618896484375
-75195 2536.212890625
-75185 2541.404052734375
-75175 2544.825927734375
-75165 2545.037109375
-75155 2543.51904296875
-75145 2545.9599609375
-75135 2544.672119140625
-75125 2537.0400390625
-75115 2532.7529296875
-75105 2542.634033203125
-75095 2559.2060546875
-75085 2561.64794921875
-75075 2561.18603515625
-75065 2561.705078125
-75055 2561.89794921875
-75045 2558.513916015625
-75035 2559.12890625
-75025 2565.666015625
-75015 2570.64501953125
-75005 2574.001953125
-74995 2576.7958984375
-74985 2581.7470703125
-74975 2585.193115234375
-74965 2589.04296875
-74955 2594.867919921875
-74945 2605.7080078125
-74935 2615.2060546875
-74925 2616.8720703125
-74915 2614.7041015625
-74905 2623.052001953125
-74895 2630.54296875
-74885 2649.116943359375
-74875 2654.14892578125
-74865 2654.876953125
-74855 2658.906005859375
-74845 2657.968017578125
-74835 2657.968017578125
-74825 2661.009033203125
-74815 2661.705078125
-74805 2670.798095703125
-74795 2676.492919921875
-74785 2677.674072265625
-74775 2679.825927734375
-74765 2686.0869140625
-74755 2688.044921875
-74745 2689.031982421875
-74735 2689.58203125
-74725 2686.701904296875
-74715 2683.20703125
-74705 2682.75390625
-74695 2681.346923828125
-74685 2686.443115234375
-74675 2695.93994140625
-74665 2700.583984375
-74655 2702.590087890625
-74645 2704.822998046875
-74635 2706.926025390625
-74625 2712.02294921875
-74615 2714.822021484375
-74605 2717.23193359375
-74595 2717.053955078125
-74585 2718.7529296875
-74575 2728.31494140625
-74565 2728.3798828125
-74555 2729.027099609375
-74545 2733.9130859375
-74535 2735.741943359375
-74525 2735.98388671875
-74515 2737.22998046875
-74505 2751.43798828125
-74495 2753.280029296875
-74485 2753.10205078125
-74475 2752.781005859375
-74465 2756.322021484375
-74455 2757.680908203125
-74445 2757.926025390625
-74435 2767.162109375
-74425 2775.073974609375
-74415 2781.48095703125
-74405 2784.117919921875
-74395 2786.2080078125
-74385 2790.010009765625
-74375 2792.22607421875
-74365 2798.8759765625
-74355 2802.662109375
-74345 2802.950927734375
-74335 2808.875
-74325 2809.117919921875
-74315 2810.02392578125
-74305 2812.156982421875
-74295 2814.45703125
-74285 2818.64697265625
-74275 2823.760009765625
-74265 2828.386962890625
-74255 2831.47802734375
-74245 2834.7939453125
-74235 2836.3310546875
-74225 2837.285888671875
-74215 2838.126953125
-74205 2839.373046875
-74195 2841.864990234375
-74185 2844.452880859375
-74175 2846.9130859375
-74165 2848.303955078125
-74155 2852.4140625
-74145 2854.905029296875
-74135 2856.73291015625
-74125 2858.06005859375
-74115 2859.258056640625
-74105 2860.01806640625
-74095 2860.615966796875
-74085 2861.248046875
-74075 2862.008056640625
-74065 2862.655029296875
-74055 2863.3349609375
-74045 2864.159912109375
-74035 2864.759033203125
-74025 2865.43798828125
-74015 2866.181884765625
-74005 2866.927001953125
-73995 2867.81591796875
-73985 2869.126953125
-73975 2870.405029296875
-73965 2871.570068359375
-73955 2872.735107421875
-73945 2874.093994140625
-73935 2875.452880859375
-73925 2877.006103515625
-73915 2878.4619140625
-73905 2880.12890625
-73895 2881.94091796875
-73885 2883.947021484375
-73875 2886.794921875
-73865 2889.47998046875
-73855 2900.385009765625
-73845 2913.118896484375
-73835 2913.344970703125
-73825 2912.423095703125
-73815 2914.218994140625
-73805 2917.712890625
-73795 2923.294921875
-73785 2927.452880859375
-73775 2931.77294921875
-73765 2936.885986328125
-73755 2942.80810546875
-73745 2948.534912109375
-73735 2954.5048828125
-73725 2960.81494140625
-73715 2976.47705078125
-73705 2991.97705078125
-73695 3000.324951171875
-73685 3007.655029296875
-73675 3010.842041015625
-73665 3007.718994140625
-73655 3005.971923828125
-73645 3004.596923828125
-73635 3003.93310546875
-73625 3003.027099609375
-73615 3000.5029296875
-73605 2999.759033203125
-73595 2998.77197265625
-73585 2997.85009765625
-73575 2998.0439453125
-73565 2998.64306640625
-73555 2999.791015625
-73545 3000.85888671875
-73535 3001.52197265625
-73525 3002.9619140625
-73515 3009.93603515625
-73505 3011.698974609375
-73495 3007.9619140625
-73485 3008.93310546875
-73475 3008.593017578125
-73465 3007.735107421875
-73455 3008.884033203125
-73445 3007.9130859375
-73435 3006.864990234375
-73425 3003.77099609375
-73415 2999.549072265625
-73405 2995.907958984375
-73395 2995.972900390625
-73385 2995.95703125
-73375 2996.846923828125
-73365 2999.257080078125
-73355 3000.470947265625
-73345 3003.56103515625
-73335 3006.764892578125
-73325 3009.27197265625
-73315 3010.7119140625
-73305 3011.24609375
-73295 3012.83203125
-73285 3013.8349609375
-73275 3014.1259765625
-73265 3014.044921875
-73255 3014.320068359375
-73245 3011.214111328125
-73235 3006.23095703125
-73225 3000.633056640625
-73215 3000.406005859375
-73205 2999.905029296875
-73195 2996.426025390625
-73185 2994.22607421875
-73175 2994.241943359375
-73165 2993.885986328125
-73155 2994.72705078125
-73145 2995.7470703125
-73135 2996.73291015625
-73125 2997.81689453125
-73115 2999.14404296875
-73105 3000.196044921875
-73095 3001.506103515625
-73085 3002.9140625
-73075 3004.0458984375
-73065 3005.388916015625
-73055 3006.68701171875
-73045 3007.864990234375
-73035 3009.175048828125
-73025 3010.4541015625
-73015 3011.458984375
-73005 3012.76708984375
-72995 3013.947998046875
-72985 3015.048095703125
-72975 3016.406982421875
-72965 3017.330078125
-72955 3018.251953125
-72945 3019.3359375
-72935 3020.37109375
-72925 3021.552001953125
-72915 3022.635986328125
-72905 3023.64208984375
-72895 3024.8369140625
-72885 3025.840087890625
-72875 3026.97509765625
-72865 3027.81396484375
-72855 3028.6708984375
-72845 3029.366943359375
-72835 3030.176025390625
-72825 3031.050048828125
-72815 3031.697021484375
-72805 3032.215087890625
-72795 3032.862060546875
-72785 3033.31494140625
-72775 3033.929931640625
-72765 3034.822021484375
-72755 3035.43701171875
-72745 3035.886962890625
-72735 3036.323974609375
-72725 3036.970947265625
-72715 3037.65087890625
-72705 3038.236083984375
-72695 3039.0419921875
-72685 3039.676025390625
-72675 3040.27197265625
-72665 3040.77392578125
-72655 3041.096923828125
-72645 3041.501953125
-72635 3041.906005859375
-72625 3042.216064453125
-72615 3042.68310546875
-72605 3043.02490234375
-72595 3043.737060546875
-72585 3044.705078125
-72575 3045.530029296875
-72565 3046.241943359375
-72555 3046.9541015625
-72545 3047.666015625
-72535 3048.216064453125
-72525 3048.490966796875
-72515 3048.89599609375
-72505 3048.8330078125
-72495 3049.179931640625
-72485 3049.158935546875
-72475 3049.06396484375
-72465 3048.85400390625
-72455 3048.51806640625
-72445 3048.180908203125
-72435 3048.465087890625
-72425 3048.718017578125
-72415 3048.8330078125
-72405 3049.126953125
-72395 3049.506103515625
-72385 3049.906005859375
-72375 3050.27392578125
-72365 3050.31591796875
-72355 3050.537109375
-72345 3050.60009765625
-72335 3050.631103515625
-72325 3050.884033203125
-72315 3051.31494140625
-72305 3052.281982421875
-72295 3053.89111328125
-72285 3056.22509765625
-72275 3058.864013671875
-72265 3061.576904296875
-72255 3064.47900390625
-72245 3067.423095703125
-72235 3070.282958984375
-72225 3073.385009765625
-72215 3076.14990234375
-72205 3079.199951171875
-72195 3081.944091796875
-72185 3084.541015625
-72175 3087.39111328125
-72165 3090.072021484375
-72155 3092.700927734375
-72145 3095.319091796875
-72135 3098.199951171875
-72125 3101.1650390625
-72115 3104.43505859375
-72105 3107.64208984375
-72095 3110.9541015625
-72085 3114.35009765625
-72075 3117.6630859375
-72065 3121.111083984375
-72055 3124.72900390625
-72045 3129.166015625
-72035 3133.5400390625
-72025 3137.366943359375
-72015 3139.302001953125
-72005 3144.096923828125
-71995 3149.805908203125
-71985 3151.68798828125
-71975 3154.527099609375
-71965 3156.556884765625
-71955 3158.48095703125
-71945 3160.237060546875
-71935 3161.8349609375
-71925 3163.738037109375
-71915 3165.346923828125
-71905 3167.071044921875
-71895 3168.7119140625
-71885 3170.373046875
-71875 3171.7919921875
-71865 3173.337890625
-71855 3174.800048828125
-71845 3176.1669921875
-71835 3177.69091796875
-71825 3179.10009765625
-71815 3180.488037109375
-71805 3181.864990234375
-71795 3183.126953125
-71785 3184.48388671875
-71775 3185.777099609375
-71765 3187.049072265625
-71755 3188.416015625
-71745 3189.782958984375
-71735 3191.096923828125
-71725 3192.548095703125
-71715 3194.0830078125
-71705 3195.85498046875
-71695 3198.416015625
-71685 3199.4150390625
-71675 3201.717041015625
-71665 3205.386962890625
-71655 3208.89404296875
-71645 3211.281005859375
-71635 3213.52490234375
-71625 3213.010009765625
-71615 3217.2900390625
-71605 3219.3291015625
-71595 3223.320068359375
-71585 3227.547119140625
-71575 3224.843994140625
-71565 3215.343994140625
-71555 3201.212890625
-71545 3188.343017578125
-71535 3176.987060546875
-71525 3170.72998046875
-71515 3165.419921875
-71505 3161.0458984375
-71495 3156.672119140625
-71485 3151.971923828125
-71475 3148.99609375
-71465 3145.632080078125
-71455 3143.02392578125
-71445 3140.952880859375
-71435 3139.364990234375
-71425 3138.5869140625
-71415 3137.89306640625
-71405 3137.2509765625
-71395 3136.39990234375
-71385 3135.410888671875
-71375 3134.02294921875
-71365 3132.173095703125
-71355 3130.47998046875
-71345 3128.756103515625
-71335 3126.947021484375
-71325 3125.201904296875
-71315 3123.277099609375
-71305 3121.60498046875
-71295 3120.007080078125
-71285 3118.35595703125
-71275 3116.116943359375
-71265 3114.802001953125
-71255 3113.383056640625
-71245 3111.626953125
-71235 3106.327880859375
-71225 3102.18505859375
-71215 3093.81494140625
-71205 3083.66796875
-71195 3076.802001953125
-71185 3068.158935546875
-71175 3063.091064453125
-71165 3058.169921875
-71155 3051.777099609375
-71145 3048.56005859375
-71135 3043.071044921875
-71125 3036.068115234375
-71115 3031.652099609375
-71105 3027.79296875
-71095 3023.041015625
-71085 3018.277099609375
-71075 3012.841064453125
-71065 3007.05810546875
-71055 3001.633056640625
-71045 2996.007080078125
-71035 2991.4169921875
-71025 2986.669921875
-71015 2982.22802734375
-71005 2977.406005859375
-70995 2973.158935546875
-70985 2969.300048828125
-70975 2965.22998046875
-70965 2960.714111328125
-70955 2956.572021484375
-70945 2952.77587890625
-70935 2949.431884765625
-70925 2946.30908203125
-70915 2943.39697265625
-70905 2940.7470703125
-70895 2936.9619140625
-70885 2934.553955078125
-70875 2930.716064453125
-70865 2926.39404296875
-70855 2921.89404296875
-70845 2917.035888671875
-70835 2912.493896484375
-70825 2907.64599609375
-70815 2902.905029296875
-70805 2898.2890625
-70795 2893.830078125
-70785 2889.7080078125
-70775 2886.52197265625
-70765 2883.694091796875
-70755 2880.907958984375
-70745 2878.3740234375
-70735 2876.2919921875
-70725 2873.89404296875
-70715 2871.802001953125
-70705 2869.79296875
-70695 2867.64794921875
-70685 2865.534912109375
-70675 2863.464111328125
-70665 2861.455078125
-70655 2859.5419921875
-70645 2857.616943359375
-70635 2855.4619140625
-70625 2853.443115234375
-70615 2851.551025390625
-70605 2849.385009765625
-70595 2847.491943359375
-70585 2845.419921875
-70575 2843.633056640625
-70565 2841.467041015625
-70555 2839.636962890625
-70545 2837.97607421875
-70535 2836.177978515625
-70525 2834.695068359375
-70515 2833.044921875
-70505 2831.341064453125
-70495 2829.943115234375
-70485 2828.5439453125
-70475 2827.030029296875
-70465 2825.569091796875
-70455 2824.074951171875
-70445 2822.509033203125
-70435 2821.0048828125
-70425 2819.52294921875
-70415 2818.166015625
-70405 2816.820068359375
-70395 2815.695068359375
-70385 2814.675048828125
-70375 2813.613037109375
-70365 2812.656005859375
-70355 2811.77294921875
-70345 2810.9951171875
-70335 2810.154052734375
-70325 2809.239013671875
-70315 2808.72412109375
-70305 2807.10498046875
-70295 2810.2490234375
-70285 2811.583984375
-70275 2810.889892578125
-70265 2810.2490234375
-70255 2809.680908203125
-70245 2807.9140625
-70235 2807.967041015625
-70225 2809.218017578125
-70215 2811.14208984375
-70205 2812.625
-70195 2814.507080078125
-70185 2815.97900390625
-70175 2817.80908203125
-70165 2821.237060546875
-70155 2825.221923828125
-70145 2827.48193359375
-70135 2825.51611328125
-70125 2827.14599609375
-70115 2828.176025390625
-70105 2827.041015625
-70095 2826.493896484375
-70085 2824.47509765625
-70075 2822.85595703125
-70065 2820.069091796875
-70055 2816.5048828125
-70045 2813.087890625
-70035 2809.669921875
-70025 2804.77099609375
-70015 2802.510009765625
-70005 2801.412109375
-69995 2801.955078125
-69985 2799.85693359375
-69975 2797.39306640625
-69965 2796.06005859375
-69955 2794.388916015625
-69945 2793.1669921875
-69935 2789.762939453125
-69925 2786.3291015625
-69915 2782.943115234375
-69905 2780.208984375
-69895 2777.968017578125
-69885 2776.7919921875
-69875 2776.552978515625
-69865 2777.125
-69855 2774.343994140625
-69845 2772.387939453125
-69835 2770.178955078125
-69825 2769.464111328125
-69815 2768.923095703125
-69805 2769.114013671875
-69795 2768.717041015625
-69785 2767.924072265625
-69775 2765.679931640625
-69765 2762.9140625
-69755 2760.0849609375
-69745 2757.493896484375
-69735 2755.18896484375
-69725 2753.23388671875
-69715 2751.51708984375
-69705 2750.675048828125
-69695 2750.594970703125
-69685 2752.153076171875
-69675 2754.092041015625
-69665 2755.173095703125
-69655 2755.904052734375
-69645 2756.6201171875
-69635 2756.6669921875
-69625 2756.7939453125
-69615 2757.763916015625
-69605 2760.35498046875
-69595 2756.842041015625
-69585 2753.885009765625
-69575 2752.327880859375
-69565 2751.85107421875
-69555 2751.64404296875
-69545 2749.449951171875
-69535 2748.35400390625
-69525 2746.493896484375
-69515 2744.220947265625
-69505 2740.69189453125
-69495 2736.257080078125
-69485 2732.93505859375
-69475 2731.4560546875
-69465 2728.56298828125
-69455 2725.844970703125
-69445 2724.2548828125
-69435 2721.345947265625
-69425 2718.055908203125
-69415 2715.592041015625
-69405 2712.3330078125
-69395 2708.85205078125
-69385 2707.072021484375
-69375 2705.132080078125
-69365 2702.095947265625
-69355 2696.9140625
-69345 2696.946044921875
-69335 2696.612060546875
-69325 2691.47802734375
-69315 2685.31005859375
-69305 2676.0419921875
-69295 2669.89111328125
-69285 2665.3759765625
-69275 2662.212890625
-69265 2658.39794921875
-69255 2652.89794921875
-69245 2648.3359375
-69235 2645.77587890625
-69225 2641.51611328125
-69215 2639.0048828125
-69205 2634.156005859375
-69195 2635.284912109375
-69185 2632.99609375
-69175 2629.450927734375
-69165 2625.922119140625
-69155 2624.571044921875
-69145 2621.1689453125
-69135 2620.962890625
-69125 2614.35009765625
-69115 2608.594970703125
-69105 2601.633056640625
-69095 2590.18798828125
-69085 2584.989990234375
-69075 2580.714111328125
-69065 2573.989990234375
-69055 2566.614013671875
-69045 2561.384033203125
-69035 2555.18505859375
-69025 2550.76611328125
-69015 2548.048095703125
-69005 2544.533935546875
-68995 2539.844970703125
-68985 2532.756103515625
-68975 2523.89892578125
-68965 2515.2060546875
-68955 2507.35400390625
-68945 2500.51806640625
-68935 2490.89892578125
-68925 2482.760009765625
-68915 2474.4619140625
-68905 2469.345947265625
-68895 2463.62109375
-68885 2459.4560546875
-68875 2454.7509765625
-68865 2451.126953125
-68855 2450.843017578125
-68845 2443.02001953125
-68835 2439.173095703125
-68825 2431.924072265625
-68815 2423.784912109375
-68805 2416.77490234375
-68795 2407.825927734375
-68785 2400.736083984375
-68775 2390.387939453125
-68765 2377.321044921875
-68755 2367.1640625
-68745 2362.39501953125
-68735 2355.655029296875
-68725 2347.56396484375
-68715 2341.412109375
-68705 2334.48095703125
-68695 2328.902099609375
-68685 2322.862060546875
-68675 2318.60107421875
-68665 2314.594970703125
-68655 2307.93505859375
-68645 2303.30908203125
-68635 2299.176025390625
-68625 2295.31396484375
-68615 2291.4189453125
-68605 2288.22412109375
-68595 2284.31298828125
-68585 2280.133056640625
-68575 2275.873046875
-68565 2272.614013671875
-68555 2268.68798828125
-68545 2266.366943359375
-68535 2265.221923828125
-68525 2263.2041015625
-68515 2261.884033203125
-68505 2260.3740234375
-68495 2259.626953125
-68485 2257.43310546875
-68475 2255.906982421875
-68465 2254.491943359375
-68455 2254.031005859375
-68445 2252.886962890625
-68435 2252.18798828125
-68425 2252.363037109375
-68415 2251.72705078125
-68405 2251.23388671875
-68395 2254.6201171875
-68385 2256.73388671875
-68375 2259.56298828125
-68365 2261.2958984375
-68355 2262.822021484375
-68345 2265.031982421875
-68335 2267.60693359375
-68325 2269.7529296875
-68315 2272.343994140625
-68305 2274.77587890625
-68295 2278.464111328125
-68285 2281.818115234375
-68275 2284.218017578125
-68265 2285.139892578125
-68255 2287.826904296875
-68245 2288.653076171875
-68235 2290.97412109375
-68225 2291.6259765625
-68215 2292.722900390625
-68205 2294.090087890625
-68195 2295.10693359375
-68185 2295.965087890625
-68175 2296.2041015625
-68165 2295.281982421875
-68155 2294.12109375
-68145 2293.69189453125
-68135 2291.656982421875
-68125 2290.799072265625
-68115 2289.464111328125
-68105 2287.39697265625
-68095 2287.364990234375
-68085 2287.048095703125
-68075 2285.77587890625
-68065 2285.363037109375
-68055 2284.805908203125
-68045 2285.72802734375
-68035 2285.64892578125
-68025 2285.076904296875
-68015 2284.93408203125
-68005 2284.31298828125
-67995 2284.45703125
-67985 2285.10791015625
-67975 2285.823974609375
-67965 2285.409912109375
-67955 2285.77587890625
-67945 2286.760986328125
-67935 2289.989013671875
-67925 2285.569091796875
-67915 2283.200927734375
-67905 2280.737060546875
-67895 2280.323974609375
-67885 2277.93896484375
-67875 2276.652099609375
-67865 2273.98095703125
-67855 2273.23388671875
-67845 2276.06298828125
-67835 2275.777099609375
-67825 2274.47412109375
-67815 2271.946044921875
-67805 2269.02099609375
-67795 2268.35400390625
-67785 2267.655029296875
-67775 2267.447998046875
-67765 2265.922119140625
-67755 2264.666015625
-67745 2261.867919921875
-67735 2261.455078125
-67725 2262.31298828125
-67715 2263.537109375
-67705 2261.964111328125
-67695 2258.783935546875
-67685 2265.19091796875
-67675 2268.97412109375
-67665 2271.485107421875
-67655 2273.18603515625
-67645 2273.535888671875
-67635 2275.571044921875
-67625 2277.55810546875
-67615 2276.7470703125
-67605 2279.782958984375
-67595 2280.720947265625
-67585 2279.6240234375
-67575 2279.512939453125
-67565 2280.006103515625
-67555 2280.4990234375
-67545 2279.48095703125
-67535 2279.2900390625
-67525 2277.906982421875
-67515 2278.177978515625
-67505 2278.698974609375
-67495 2280.27294921875
-67485 2281.81689453125
-67475 2280.93701171875
-67465 2278.51708984375
-67455 2280.971923828125
-67445 2282.175048828125
-67435 2279.964111328125
-67425 2283.654052734375
-67415 2283.114990234375
-67405 2284.873046875
-67395 2287.31103515625
-67385 2287.945068359375
-67375 2286.40087890625
-67365 2285.52294921875
-67355 2284.2880859375
-67345 2284.402099609375
-67335 2282.743896484375
-67325 2283.198974609375
-67315 2285.927001953125
-67305 2287.4580078125
-67295 2290.7080078125
-67285 2294.3330078125
-67275 2296.089111328125
-67265 2297.22705078125
-67255 2298.136962890625
-67245 2299.258056640625
-67235 2303.51708984375
-67225 2306.39404296875
-67215 2307.742919921875
-67205 2307.955078125
-67195 2307.35302734375
-67185 2308.2470703125
-67175 2311.986083984375
-67165 2314.635009765625
-67155 2317.284912109375
-67145 2319.137939453125
-67135 2322.014892578125
-67125 2326.126953125
-67115 2330.35400390625
-67105 2336.10791015625
-67095 2341.195068359375
-67085 2345.095947265625
-67075 2348.18505859375
-67065 2351.093994140625
-67055 2354.8330078125
-67045 2360.5380859375
-67035 2366.30908203125
-67025 2371.637939453125
-67015 2376.029052734375
-67005 2379.718994140625
-66995 2382.759033203125
-66985 2384.498046875
-66975 2389.032958984375
-66965 2393.794921875
-66955 2397.93798828125
-66945 2402.117919921875
-66935 2405.62890625
-66925 2409.822998046875
-66915 2416.762939453125
-66905 2424.8740234375
-66895 2427.7490234375
-66885 2427.248046875
-66875 2428.514892578125
-66865 2429.718017578125
-66855 2432.887939453125
-66845 2437.552978515625
-66835 2438.950927734375
-66825 2445.72900390625
-66815 2447.158935546875
-66805 2448.638916015625
-66795 2451.906005859375
-66785 2455.027099609375
-66775 2455.173095703125
-66765 2455.72607421875
-66755 2457.904052734375
-66745 2459.2041015625
-66735 2458.66796875
-66725 2457.3349609375
-66715 2456.66796875
-66705 2456.472900390625
-66695 2455.238037109375
-66685 2453.595947265625
-66675 2455.64404296875
-66665 2457.237060546875
-66655 2459.302001953125
-66645 2460.375
-66635 2462.569091796875
-66625 2461.9189453125
-66615 2463.7880859375
-66605 2465.68994140625
-66595 2466.177001953125
-66585 2468.1279296875
-66575 2472.8740234375
-66565 2475.198974609375
-66555 2476.80810546875
-66545 2476.80810546875
-66535 2475.3291015625
-66525 2473.541015625
-66515 2470.7451171875
-66505 2469.672119140625
-66495 2469.26611328125
-66485 2471.47607421875
-66475 2472.824951171875
-66465 2474.175048828125
-66455 2476.06005859375
-66445 2477.426025390625
-66435 2478.64501953125
-66425 2481.863037109375
-66415 2485.277099609375
-66405 2489.22705078125
-66395 2491.826904296875
-66385 2494.623046875
-66375 2499.7109375
-66365 2504.66796875
-66355 2510.406005859375
-66345 2516.972900390625
-66335 2524.80810546875
-66325 2532.77294921875
-66315 2543.0458984375
-66305 2549.287109375
-66295 2552.5380859375
-66285 2555.98388671875
-66275 2559.722900390625
-66265 2565.737060546875
-66255 2574.2060546875
-66245 2579.7490234375
-66235 2582.7880859375
-66225 2585.762939453125
-66215 2590.60693359375
-66205 2596.4580078125
-66195 2601.968994140625
-66185 2607.576904296875
-66175 2614.43603515625
-66165 2621.60400390625
-66155 2626.740966796875
-66145 2630.169921875
-66135 2636.135986328125
-66125 2643.906005859375
-66115 2656.9580078125
-66105 2660.7939453125
-66095 2672.498046875
-66085 2675.927001953125
-66075 2691.239013671875
-66065 2700.748046875
-66055 2701.529052734375
-66045 2710.906982421875
-66035 2726.6259765625
-66025 2736.572998046875
-66015 2753.153076171875
-66005 2762.889892578125
-65995 2763.962890625
-65985 2761.76806640625
-65975 2761.89794921875
-65965 2765.881103515625
-65955 2770.626953125
-65945 2774.593017578125
-65935 2775.43798828125
-65925 2777.714111328125
-65915 2779.241943359375
-65905 2780.217041015625
-65895 2783.2080078125
-65885 2786.81689453125
-65875 2792.06689453125
-65865 2795.544921875
-65855 2800.697998046875
-65845 2804.697021484375
-65835 2807.2490234375
-65825 2809.39404296875
-65815 2812.385009765625
-65805 2817.343017578125
-65795 2820.593994140625
-65785 2816.77392578125
-65775 2816.985107421875
-65765 2817.472900390625
-65755 2820.98388671875
-65745 2824.218994140625
-65735 2828.89990234375
-65725 2831.2080078125
-65715 2835.43408203125
-65705 2839.384033203125
-65695 2840.618896484375
-65685 2840.553955078125
-65675 2839.547119140625
-65665 2836.197998046875
-65655 2833.175048828125
-65645 2831.176025390625
-65635 2828.5419921875
-65625 2826.347900390625
-65615 2823.94189453125
-65605 2823.697998046875
-65595 2822.85302734375
-65585 2821.2109375
-65575 2822.02392578125
-65565 2823.30810546875
-65555 2823.94189453125
-65545 2824.98193359375
-65535 2826.47802734375
-65525 2828.346923828125
-65515 2831.403076171875
-65505 2834.263916015625
-65495 2837.93798828125
-65485 2845.593994140625
-65475 2857.263916015625
-65465 2883.3369140625
-65455 2900.094970703125
-65445 2899.802978515625
-65435 2904.678955078125
-65425 2907.669921875
-65415 2907.929931640625
-65405 2895.674072265625
-65395 2885.302978515625
-65385 2875.208984375
-65375 2862.448974609375
-65365 2845.85400390625
-65355 2835.56396484375
-65345 2826.884033203125
-65335 2820.903076171875
-65325 2814.4169921875
-65315 2805.98095703125
-65305 2798.535888671875
-65295 2788.97900390625
-65285 2775
-65275 2761.3779296875
-65265 2751.56005859375
-65255 2742.360107421875
-65245 2734.737060546875
-65235 2727.195068359375
-65225 2718.287109375
-65215 2711.89892578125
-65205 2706.080078125
-65195 2700.277099609375
-65185 2693.873046875
-65175 2686.818115234375
-65165 2681.633056640625
-65155 2678.803955078125
-65145 2674.886962890625
-65135 2671.76611328125
-65125 2667.68603515625
-65115 2665.556884765625
-65105 2663.865966796875
-65095 2661.363037109375
-65085 2656.30810546875
-65075 2651.172119140625
-65065 2647.027099609375
-65055 2642.134033203125
-65045 2638.281005859375
-65035 2634.201904296875
-65025 2630.447021484375
-65015 2627.944091796875
-65005 2626.7041015625
-64995 2625.462890625
-64985 2625.322021484375
-64975 2626.29296875
-64965 2630.675048828125
-64955 2633.200927734375
-64945 2637.830078125
-64935 2638.27197265625
-64925 2634.049072265625
-64915 2636.152099609375
-64905 2637.635986328125
-64895 2643.572021484375
-64885 2647.14111328125
-64875 2646.52197265625
-64865 2649.172119140625
-64855 2650.0380859375
-64845 2654.031005859375
-64835 2659.241943359375
-64825 2663.465087890625
-64815 2664.701904296875
-64805 2666.803955078125
-64795 2669.930908203125
-64785 2671.0439453125
-64775 2672.156982421875
-64765 2662.77587890625
-64755 2648.97802734375
-64745 2641.55810546875
-64735 2632.01806640625
-64725 2627.9541015625
-64715 2622.778076171875
-64705 2620.197998046875
-64695 2617.3720703125
-64685 2613.9970703125
-64675 2608.9619140625
-64665 2602.972900390625
-64655 2598.39697265625
-64645 2592.69091796875
-64635 2587.56689453125
-64625 2583.133056640625
-64615 2580.093994140625
-64605 2575.712890625
-64595 2571.595947265625
-64585 2559.35302734375
-64575 2544.282958984375
-64565 2539.93701171875
-64555 2535.39697265625
-64545 2531.31494140625
-64535 2527.304931640625
-64525 2523.75390625
-64515 2519.760986328125
-64505 2517.552978515625
-64495 2513.843017578125
-64485 2509.797119140625
-64475 2506.864013671875
-64465 2504.8330078125
-64455 2500.716064453125
-64445 2498.508056640625
-64435 2498.43701171875
-64425 2498.701904296875
-64415 2499.514892578125
-64405 2499.26806640625
-64395 2498.2080078125
-64385 2494.568115234375
-64375 2491.194091796875
-64365 2488.43798828125
-64355 2486
-64345 2484.569091796875
-64335 2483.6669921875
-64325 2484.532958984375
-64315 2485.451904296875
-64305 2487.3779296875
-64295 2489.321044921875
-64285 2488.279052734375
-64275 2487.8369140625
-64265 2487.553955078125
-64255 2475.841064453125
-64245 2474.905029296875
-64235 2477.200927734375
-64225 2477.48388671875
-64215 2475.85888671875
-64205 2473.739013671875
-64195 2471.672119140625
-64185 2469.60400390625
-64175 2467.554931640625
-64165 2465.947998046875
-64155 2463.739013671875
-64145 2461.583984375
-64135 2459.23388671875
-64125 2457.04296875
-64115 2454.7470703125
-64105 2452.431884765625
-64095 2449.97705078125
-64085 2448.298095703125
-64075 2445.8779296875
-64065 2443.89892578125
-64055 2441.283935546875
-64045 2439.02294921875
-64035 2437.679931640625
-64025 2436.550048828125
-64015 2436.513916015625
-64005 2430.89599609375
-63995 2425.3310546875
-63985 2415.385009765625
-63975 2409.27197265625
-63965 2403.318115234375
-63955 2397.593994140625
-63945 2393.778076171875
-63935 2391.303955078125
-63925 2369.945068359375
-63915 2357.666015625
-63905 2349.909912109375
-63895 2343.568115234375
-63885 2338.8330078125
-63875 2333.991943359375
-63865 2329.89404296875
-63855 2325.2470703125
-63845 2320.884033203125
-63835 2318.39208984375
-63825 2317.403076171875
-63815 2315.2119140625
-63805 2313.675048828125
-63795 2311.9619140625
-63785 2310.35400390625
-63775 2306.89111328125
-63765 2303.552001953125
-63755 2301.1669921875
-63745 2298.0048828125
-63735 2293.658935546875
-63725 2291.06201171875
-63715 2288.235107421875
-63705 2284.77197265625
-63695 2284.0830078125
-63685 2287.175048828125
-63675 2289.06494140625
-63665 2289.737060546875
-63655 2291.97998046875
-63645 2294.0830078125
-63635 2296.238037109375
-63625 2296.06103515625
-63615 2297.22705078125
-63605 2298.0048828125
-63595 2299.75390625
-63585 2301.572998046875
-63575 2304.222900390625
-63565 2305.84912109375
-63555 2310.531005859375
-63545 2322.949951171875
-63535 2322.614990234375
-63525 2324.717041015625
-63515 2330.5830078125
-63505 2340.3349609375
-63495 2355.43994140625
-63485 2357.930908203125
-63475 2358.867919921875
-63465 2357.737060546875
-63455 2354.679931640625
-63445 2352.861083984375
-63435 2355.616943359375
-63425 2356.782958984375
-63415 2352.77197265625
-63405 2356.695068359375
-63395 2360.051025390625
-63385 2359.5390625
-63375 2363.673095703125
-63365 2368.7958984375
-63355 2373.49609375
-63345 2377.576904296875
-63335 2381.60498046875
-63325 2385.81005859375
-63315 2388.212890625
-63305 2390.385009765625
-63295 2391.462890625
-63285 2393.035888671875
-63275 2397.735107421875
-63265 2401.60400390625
-63255 2405.083984375
-63245 2407.575927734375
-63235 2411.0029296875
-63225 2414.73095703125
-63215 2417.450927734375
-63205 2421.81494140625
-63195 2425.56103515625
-63185 2427.73388671875
-63175 2430.631103515625
-63165 2434.64208984375
-63155 2439.97705078125
-63145 2444.48193359375
-63135 2448.864013671875
-63125 2453.721923828125
-63115 2457.27294921875
-63105 2463.56298828125
-63095 2469.533935546875
-63085 2474.092041015625
-63075 2482.343017578125
-63065 2490.804931640625
-63055 2502.8359375
-63045 2517.48193359375
-63035 2523.277099609375
-63025 2531.6689453125
-63015 2544.5830078125
-63005 2557.60400390625
-62995 2568.6279296875
-62985 2577.674072265625
-62975 2581.595947265625
-62965 2576.54296875
-62955 2568.804931640625
-62945 2560.677978515625
-62935 2552.7099609375
-62925 2545.4140625
-62915 2537.781982421875
-62905 2530.5029296875
-62895 2522.800048828125
-62885 2516.405029296875
-62875 2508.948974609375
-62865 2502.64208984375
-62855 2496.653076171875
-62845 2490.487060546875
-62835 2478.137939453125
-62825 2464.763916015625
-62815 2453.544921875
-62805 2444.8349609375
-62795 2435.824951171875
-62785 2426.9560546875
-62775 2417.946044921875
-62765 2409.466064453125
-62755 2401.14501953125
-62745 2392.805908203125
-62735 2384.76806640625
-62725 2377.117919921875
-62715 2370.19189453125
-62705 2363.373046875
-62695 2357.52490234375
-62685 2352.701904296875
-62675 2347.471923828125
-62665 2341.466064453125
-62655 2332.68505859375
-62645 2326.360107421875
-62635 2321.537109375
-62625 2316.678955078125
-62615 2313.2509765625
-62605 2310.1240234375
-62595 2307.827880859375
-62585 2306.2548828125
-62575 2304.7529296875
-62565 2300.177978515625
-62555 2292.051025390625
-62545 2279.77197265625
-62535 2265.26806640625
-62525 2243.590087890625
-62515 2222.81396484375
-62505 2212.51708984375
-62495 2204.48095703125
-62485 2196.325927734375
-62475 2189.718994140625
-62465 2174.2890625
-62455 2153.26708984375
-62445 2144.27294921875
-62435 2137.596923828125
-62425 2132.89794921875
-62415 2127.906005859375
-62405 2123.60888671875
-62395 2118.39794921875
-62385 2112.737060546875
-62375 2105.468994140625
-62365 2095.35400390625
-62355 2087.4169921875
-62345 2080.76806640625
-62335 2076.137939453125
-62325 2068.22900390625
-62315 2058.19091796875
-62305 2050.305908203125
-62295 2041.3289794921875
-62285 2032.8709716796875
-62275 2023.0169677734375
-62265 2013.43994140625
-62255 2008.0830078125
-62245 2003.0810546875
-62235 1997.2110595703125
-62225 1994.5810546875
-62215 1988.9639892578125
-62205 1980.9649658203125
-62195 1973.8819580078125
-62185 1964.8330078125
-62175 1955.22900390625
-62165 1946.9129638671875
-62155 1940.52197265625
-62145 1932.844970703125
-62135 1925.0570068359375
-62125 1917.572021484375
-62115 1908.35205078125
-62105 1896.343994140625
-62095 1886.43701171875
-62085 1878.7259521484375
-62075 1873.02197265625
-62065 1868.375
-62055 1865.6929931640625
-62045 1863.35595703125
-62035 1862.93896484375
-62025 1864.98095703125
-62015 1874.488037109375
-62005 1880.7330322265625
-61995 1883.9610595703125
-61985 1894.927001953125
-61975 1902.75
-61965 1911.5830078125
-61955 1908.3079833984375
-61945 1905.1219482421875
-61935 1900.5789794921875
-61925 1896.343994140625
-61915 1891.134033203125
-61905 1887.27099609375
-61895 1881.3389892578125
-61885 1870.2080078125
-61875 1862.85498046875
-61865 1857.9990234375
-61855 1852.72900390625
-61845 1844.8719482421875
-61835 1835.6500244140625
-61825 1826.6910400390625
-61815 1816.9549560546875
-61805 1801.6820068359375
-61795 1785.626953125
-61785 1774.7850341796875
-61775 1765.9100341796875
-61765 1751.4429931640625
-61755 1740.208984375
-61745 1730.9000244140625
-61735 1717.988037109375
-61725 1708.073974609375
-61715 1699.113037109375
-61705 1688.258056640625
-61695 1678.447998046875
-61685 1670.8929443359375
-61675 1661.2889404296875
-61665 1652.9100341796875
-61655 1646.1400146484375
-61645 1639.7139892578125
-61635 1631.4119873046875
-61625 1622.251953125
-61615 1612.258056640625
-61605 1604.8599853515625
-61595 1598.010009765625
-61585 1591.6009521484375
-61575 1584.3509521484375
-61565 1576.8929443359375
-61555 1568.4530029296875
-61545 1560.623046875
-61535 1552.615966796875
-61525 1545.64404296875
-61515 1537.1419677734375
-61505 1526.967041015625
-61495 1517.6929931640625
-61485 1505.9620361328125
-61475 1493.780029296875
-61465 1478.64599609375
-61455 1462.75
-61445 1441.491943359375
-61435 1425.1099853515625
-61425 1414.7490234375
-61415 1409.8709716796875
-61405 1403.3060302734375
-61395 1392.2950439453125
-61385 1386.114990234375
-61375 1379.01904296875
-61365 1372.3179931640625
-61355 1365.2919921875
-61345 1358.3470458984375
-61335 1352.208984375
-61325 1346.0159912109375
-61315 1339.7120361328125
-61305 1334.5460205078125
-61295 1330.291015625
-61285 1326.7239990234375
-61275 1321.9300537109375
-61265 1314.9659423828125
-61255 1311.6929931640625
-61245 1310.9739990234375
-61235 1310.199951171875
-61225 1310.3809814453125
-61215 1309.626953125
-61205 1309.2969970703125
-61195 1309.0360107421875
-61185 1309.85205078125
-61175 1309.52197265625
-61165 1311.3709716796875
-61155 1315.947998046875
-61145 1317.529052734375
-61135 1314.3060302734375
-61125 1314.864013671875
-61115 1316
-61105 1317.0670166015625
-61095 1317.6400146484375
-61085 1317.2509765625
-61075 1317.1190185546875
-61065 1319.8389892578125
-61055 1326.8349609375
-61045 1335.18896484375
-61035 1346.10302734375
-61025 1351.279052734375
-61015 1357.3470458984375
-61005 1363.8499755859375
-60995 1371.553955078125
-60985 1375.9730224609375
-60975 1388.094970703125
-60965 1396.4730224609375
-60955 1405.0780029296875
-60945 1415.322021484375
-60935 1420.9420166015625
-60925 1427.6600341796875
-60915 1436.2220458984375
-60905 1444.4549560546875
-60895 1450.7320556640625
-60885 1458.199951171875
-60875 1466.759033203125
-60865 1479.5660400390625
-60855 1492.47802734375
-60845 1503.0369873046875
-60835 1510.488037109375
-60825 1518.501953125
-60815 1526.0469970703125
-60805 1532.6810302734375
-60795 1538.6800537109375
-60785 1545.0889892578125
-60775 1552.72802734375
-60765 1558.3299560546875
-60755 1566.041015625
-60745 1573.135009765625
-60735 1580.1309814453125
-60725 1588.259033203125
-60715 1596.717041015625
-60705 1604.071044921875
-60695 1611.97998046875
-60685 1621.5670166015625
-60675 1630.29296875
-60665 1637.4730224609375
-60655 1641.885009765625
-60645 1648.447021484375
-60635 1651.593017578125
-60625 1656.470947265625
-60615 1662.43505859375
-60605 1666.6829833984375
-60595 1668.010009765625
-60585 1671.6219482421875
-60575 1677.2840576171875
-60565 1682.373046875
-60555 1684.3079833984375
-60545 1688.258056640625
-60535 1691.70703125
-60525 1698.052978515625
-60515 1702.7349853515625
-60505 1710.0789794921875
-60495 1716.8270263671875
-60485 1723.5909423828125
-60475 1729.6490478515625
-60465 1733.2969970703125
-60455 1733.123046875
-60445 1732.02099609375
-60435 1731.2469482421875
-60425 1733.6190185546875
-60415 1737.2740478515625
-60405 1740.9630126953125
-60395 1744.9849853515625
-60385 1750.782958984375
-60375 1754.9859619140625
-60365 1763.2530517578125
-60355 1771.43994140625
-60345 1776.657958984375
-60335 1781.5030517578125
-60325 1783.302001953125
-60315 1785.0810546875
-60305 1788.407958984375
-60295 1793.529052734375
-60285 1795.3280029296875
-60275 1802.0040283203125
-60265 1807.5789794921875
-60255 1810.47998046875
-60245 1810.990966796875
-60235 1809.1419677734375
-60225 1808.5340576171875
-60215 1809.177001953125
-60205 1810.4100341796875
-60195 1812.10205078125
-60185 1814.6280517578125
-60175 1816.625
-60165 1817.1390380859375
-60155 1820.8380126953125
-60145 1820.428955078125
-60135 1820.0989990234375
-60125 1821.261962890625
-60115 1821.1510009765625
-60105 1820.3590087890625
-60095 1823.303955078125
-60085 1823.6590576171875
-60075 1827.4620361328125
-60065 1828.8070068359375
-60055 1829.14697265625
-60045 1828.72998046875
-60035 1826.3509521484375
-60025 1824.0340576171875
-60015 1822.071044921875
-60005 1819.8089599609375
-59995 1818.22998046875
-59985 1815.637939453125
-59975 1812.7430419921875
-59965 1815.31396484375
-59955 1813.2080078125
-59945 1809.7860107421875
-59935 1806.8709716796875
-59925 1805.4530029296875
-59915 1804.7850341796875
-59905 1804.7449951171875
-59895 1809.4019775390625
-59885 1812.3380126953125
-59875 1815.010986328125
-59865 1815.739990234375
-59855 1818.958984375
-59845 1824.7900390625
-59835 1818.7359619140625
-59825 1819.282958984375
-59815 1821.9150390625
-59805 1821.6719970703125
-59795 1820.9229736328125
-59785 1822.56298828125
-59775 1822.4820556640625
-59765 1823.8790283203125
-59755 1822.3609619140625
-59745 1813.613037109375
-59735 1807.032958984375
-59725 1806.2840576171875
-59715 1806.385009765625
-59705 1807.9639892578125
-59695 1809.625
-59685 1813.18798828125
-59675 1816.2659912109375
-59665 1817.0150146484375
-59655 1813.0870361328125
-59645 1816.407958984375
-59635 1817.2779541015625
-59625 1815.1929931640625
-59615 1817.258056640625
-59605 1825.904052734375
-59595 1832.68701171875
-59585 1832.5460205078125
-59575 1834.2060546875
-59565 1834.8740234375
-59555 1834.8330078125
-59545 1835.4210205078125
-59535 1830.4189453125
-59525 1829.85302734375
-59515 1831.8570556640625
-59505 1834.81298828125
-59495 1836.2509765625
-59485 1842.72998046875
-59475 1848.824951171875
-59465 1857.7340087890625
-59455 1861.0550537109375
-59445 1861.905029296875
-59435 1865.2459716796875
-59425 1870.85498046875
-59415 1874.6409912109375
-59405 1875.22900390625
-59395 1875.634033203125
-59385 1877.39501953125
-59375 1878.2249755859375
-59365 1880.3310546875
-59355 1879.52099609375
-59345 1880.696044921875
-59335 1882.9029541015625
-59325 1883.7939453125
-59315 1879.52099609375
-59305 1876.1199951171875
-59295 1867.696044921875
-59285 1867.35205078125
-59275 1871.4219970703125
-59265 1867.1090087890625
-59255 1871.4019775390625
-59245 1875.9169921875
-59235 1884.4010009765625
-59225 1885.27197265625
-59215 1893.18896484375
-59205 1901.89599609375
-59195 1908.5369873046875
-59185 1911.18896484375
-59175 1913.5379638671875
-59165 1913.740966796875
-59155 1908.678955078125
-59145 1906.7750244140625
-59135 1905.7220458984375
-59125 1909.3470458984375
-59115 1910.6629638671875
-59105 1919.0250244140625
-59095 1925.8900146484375
-59085 1930.262939453125
-59075 1930.8709716796875
-59065 1934.7989501953125
-59055 1938.0379638671875
-59045 1944.3360595703125
-59035 1950.18701171875
-59025 1955.4320068359375
-59015 1959.4000244140625
-59005 1963.7740478515625
-58995 1968.613037109375
-58985 1973.8370361328125
-58975 1980.6810302734375
-58965 1987.261962890625
-58955 1992.4859619140625
-58945 1995.64404296875
-58935 1997.85205078125
-58925 1998.782958984375
-58915 1998.3580322265625
-58905 1998.43896484375
-58895 1999.97802734375
-58885 1999.2889404296875
-58875 1995.8060302734375
-58865 1993.154052734375
-58855 1991.5140380859375
-58845 1992.8299560546875
-58835 2001.2330322265625
-58825 2009.2509765625
-58815 2014.9210205078125
-58805 2018.8890380859375
-58795 2025.7740478515625
-58785 2033.6500244140625
-58775 2034.2979736328125
-58765 2035.7559814453125
-58755 2040.7779541015625
-58745 2045.050048828125
-58735 2050.718994140625
-58725 2054.72900390625
-58715 2054.52587890625
-58705 2051.10400390625
-58695 2048.876953125
-58685 2049.76806640625
-58675 2046.3260498046875
-58665 2038.4090576171875
-58655 2043.22802734375
-58645 2051.0029296875
-58635 2058.919921875
-58625 2065.52099609375
-58615 2069.591064453125
-58605 2072.87109375
-58595 2076.29296875
-58585 2082.326904296875
-58575 2082.89404296875
-58565 2086.235107421875
-58555 2090.364990234375
-58545 2099.678955078125
-58535 2103.60791015625
-58525 2109.3779296875
-58515 2108.89208984375
-58505 2110.85595703125
-58495 2115.452880859375
-58485 2117.923095703125
-58475 2119.260009765625
-58465 2121.02099609375
-58455 2124.0380859375
-58445 2126.447998046875
-58435 2127.864990234375
-58425 2131.347900390625
-58415 2134.7900390625
-58405 2139.264892578125
-58395 2144.610107421875
-58385 2148.214111328125
-58375 2149.7939453125
-58365 2151.43408203125
-58355 2155.01806640625
-58345 2158.885009765625
-58335 2161.862060546875
-58325 2165.0810546875
-58315 2168.198974609375
-58305 2171.033935546875
-58295 2175.14501953125
-58285 2179.113037109375
-58275 2181.6640625
-58265 2182.635986328125
-58255 2183.89208984375
-58245 2187.172119140625
-58235 2190.85693359375
-58225 2194.218017578125
-58215 2196.5869140625
-58205 2198.77392578125
-58195 2201.427001953125
-58185 2204.80810546875
-58175 2207.238037109375
-58165 2209.485107421875
-58155 2211.428955078125
-58145 2213.4140625
-58135 2215.864013671875
-58125 2218.535888671875
-58115 2221.25
-58105 2224.570068359375
-58095 2227.1220703125
-58085 2230.56396484375
-58075 2233.297119140625
-58065 2235.1201171875
-58055 2237.751953125
-58045 2241.45703125
-58035 2244.737060546875
-58025 2248.179931640625
-58015 2251.237060546875
-58005 2253.485107421875
-57995 2256.360107421875
-57985 2259.376953125
-57975 2262.2919921875
-57965 2265.674072265625
-57955 2265.674072265625
-57945 2267.94189453125
-57935 2270.8369140625
-57925 2274.096923828125
-57915 2277.032958984375
-57905 2280.718994140625
-57895 2284.990966796875
-57885 2288.008056640625
-57875 2289.242919921875
-57865 2290.720947265625
-57855 2292.056884765625
-57845 2294.68994140625
-57835 2295.43896484375
-57825 2295.822998046875
-57815 2298.51708984375
-57805 2298.780029296875
-57795 2301.048095703125
-57785 2303.55810546875
-57775 2303.822021484375
-57765 2305.177978515625
-57755 2304.551025390625
-57745 2305.360107421875
-57735 2304.510009765625
-57725 2305.177978515625
-57715 2305.218994140625
-57705 2305.56298828125
-57695 2306.23095703125
-57685 2306.27099609375
-57675 2306.635986328125
-57665 2305.968017578125
-57655 2306.19091796875
-57645 2308.073974609375
-57635 2310.462890625
-57625 2312.97412109375
-57615 2315.281982421875
-57605 2317.346923828125
-57595 2318.218017578125
-57585 2321.55908203125
-57575 2323.60400390625
-57565 2325.72998046875
-57555 2327.93701171875
-57545 2329.556884765625
-57535 2331.58203125
-57525 2334.194091796875
-57515 2336.764892578125
-57505 2338.660888671875
-57495 2340.781005859375
-57485 2342.712890625
-57475 2344.77392578125
-57465 2346.64111328125
-57455 2349.027099609375
-57445 2351.26708984375
-57435 2353.376953125
-57425 2355.715087890625
-57415 2358.279052734375
-57405 2361.071044921875
-57395 2365.12890625
-57385 2367.531005859375
-57375 2369.49609375
-57365 2372.904052734375
-57355 2375.419921875
-57345 2377.2548828125
-57335 2381.248046875
-57325 2383.032958984375
-57315 2386.718017578125
-57305 2388.455078125
-57295 2393.01611328125
-57285 2394.444091796875
-57275 2396.863037109375
-57265 2400.093017578125
-57255 2404.135009765625
-57245 2407.089111328125
-57235 2410.740966796875
-57225 2415.903076171875
-57215 2421.616943359375
-57205 2427.801025390625
-57195 2435.072998046875
-57185 2441.59912109375
-57175 2450.153076171875
-57165 2459.89208984375
-57155 2466.72607421875
-57145 2474.679931640625
-57135 2483.6240234375
-57125 2490.472900390625
-57115 2497.12890625
-57105 2503.81591796875
-57095 2508.44189453125
-57085 2513.68505859375
-57075 2518.912109375
-57065 2524.610107421875
-57055 2530.27490234375
-57045 2535.923095703125
-57035 2539.89990234375
-57025 2560.93701171875
-57015 2577.1201171875
-57005 2589.52197265625
-56995 2597.654052734375
-56985 2602.782958984375
-56975 2612.10107421875
-56965 2625.89794921875
-56955 2638.785888671875
-56945 2649.77490234375
-56935 2657.7451171875
-56925 2666.055908203125
-56915 2673.181884765625
-56905 2681.16796875
-56895 2691.541015625
-56885 2705.257080078125
-56875 2716.132080078125
-56865 2724.248046875
-56855 2731.243896484375
-56845 2738.4189453125
-56835 2745.85302734375
-56825 2758.919921875
-56815 2762.035888671875
-56805 2765.737060546875
-56795 2770.9970703125
-56785 2774.43798828125
-56775 2776.7099609375
-56765 2779.72900390625
-56755 2783.575927734375
-56745 2787.991943359375
-56735 2792.426025390625
-56725 2797.29296875
-56715 2801.416015625
-56705 2806.10693359375
-56695 2811.72607421875
-56685 2817.617919921875
-56675 2823.998046875
-56665 2830.554931640625
-56655 2836.883056640625
-56645 2843.24609375
-56635 2850.291015625
-56625 2857.19189453125
-56615 2874.97900390625
-56605 2885.2900390625
-56595 2890.448974609375
-56585 2898.677978515625
-56575 2913.6640625
-56565 2918.743896484375
-56555 2923.6630859375
-56545 2931.94091796875
-56535 2938.72607421875
-56525 2945.47900390625
-56515 2954.715087890625
-56505 2961.64599609375
-56495 2969.95703125
-56485 2978.26806640625
-56475 2992.535888671875
-56465 3003.1669921875
-56455 3013.134033203125
-56445 3021.802001953125
-56435 3032.48291015625
-56425 3025.096923828125
-56415 3007.06298828125
-56405 3003.89794921875
-56395 3000.5380859375
-56385 2997.30810546875
-56375 2994.1259765625
-56365 2991.237060546875
-56355 2988.656005859375
-56345 2986.27001953125
-56335 2983.785888671875
-56325 2981.287109375
-56315 2978.9169921875
-56305 2976.367919921875
-56295 2973.803955078125
-56285 2971.157958984375
-56275 2968.284912109375
-56265 2965.217041015625
-56255 2962.133056640625
-56245 2958.85400390625
-56235 2955.510009765625
-56225 2951.7119140625
-56215 2948.075927734375
-56205 2944.31005859375
-56195 2940.674072265625
-56185 2937.0380859375
-56175 2933.9541015625
-56165 2931.048095703125
-56155 2928.47998046875
-56145 2926.049072265625
-56135 2924.166015625
-56125 2922.947998046875
-56115 2921.0009765625
-56105 2919.60498046875
-56095 2920.448974609375
-56085 2920.18896484375
-56075 2918.094970703125
-56065 2915.367919921875
-56055 2911.862060546875
-56045 2906.326904296875
-56035 2900.256103515625
-56025 2889.201904296875
-56015 2878.486083984375
-56005 2874.93408203125
-55995 2872.303955078125
-55985 2860.195068359375
-55975 2847.708984375
-55965 2828.62109375
-55955 2816.739013671875
-55945 2808.071044921875
-55935 2791.822998046875
-55925 2783.10595703125
-55915 2775.657958984375
-55905 2771.614013671875
-55895 2765.282958984375
-55885 2761.906982421875
-55875 2759.342041015625
-55865 2758.075927734375
-55855 2759.375
-55845 2758.513916015625
-55835 2759.23193359375
-55825 2756.716064453125
-55815 2752.10302734375
-55805 2747.52490234375
-55795 2743.422119140625
-55785 2740.383056640625
-55775 2736.049072265625
-55765 2732.39697265625
-55755 2730.5458984375
-55745 2727.8349609375
-55735 2725.125
-55725 2722.7548828125
-55715 2720.40087890625
-55705 2719.264892578125
-55695 2717.949951171875
-55685 2714.751953125
-55675 2711.635986328125
-55665 2709.02197265625
-55655 2703.535888671875
-55645 2696.946044921875
-55635 2690.7451171875
-55625 2684.674072265625
-55615 2679.64208984375
-55605 2677.6298828125
-55595 2670.260009765625
-55585 2665.990966796875
-55575 2660.97509765625
-55565 2655.2939453125
-55555 2644.4189453125
-55545 2622.927001953125
-55535 2616.9541015625
-55525 2612.47412109375
-55515 2608.56201171875
-55505 2603.4169921875
-55495 2596.7939453125
-55485 2589.506103515625
-55475 2583.385986328125
-55465 2580.675048828125
-55455 2578.85693359375
-55445 2577.52587890625
-55435 2575.5458984375
-55425 2573.5009765625
-55415 2571.50390625
-55405 2568.9560546875
-55395 2565.985107421875
-55385 2563.485107421875
-55375 2562.7548828125
-55365 2559.118896484375
-55355 2557.593017578125
-55345 2555.7919921875
-55335 2553.031982421875
-55325 2551.180908203125
-55315 2550.012939453125
-55305 2549.573974609375
-55295 2544.072021484375
-55285 2537.547119140625
-55275 2532.35205078125
-55265 2526.68701171875
-55255 2519.93505859375
-55245 2513.76708984375
-55235 2507.743896484375
-55225 2501.802978515625
-55215 2496.5439453125
-55205 2491.333984375
-55195 2486.464111328125
-55185 2481.593994140625
-55175 2477.763916015625
-55165 2474.06298828125
-55155 2471.77392578125
-55145 2467.197021484375
-55135 2458.64208984375
-55125 2453.0419921875
-55115 2448.010009765625
-55105 2441.988037109375
-55095 2435.722900390625
-55085 2429.68408203125
-55075 2424.554931640625
-55065 2419.507080078125
-55055 2414.134033203125
-55045 2409.39404296875
-55035 2404.89794921875
-55025 2404.6220703125
-55015 2404.68701171875
-55005 2404.529052734375
-54995 2405.68603515625
-54985 2405.843994140625
-54975 2405.969970703125
-54965 2407.154052734375
-54955 2406.885009765625
-54945 2405.764892578125
-54935 2403.967041015625
-54925 2400.93798828125
-54915 2397.514892578125
-54905 2386.693115234375
-54895 2376.487060546875
-54885 2370.93408203125
-54875 2364.987060546875
-54865 2359.386962890625
-54855 2354.986083984375
-54845 2349.969970703125
-54835 2345.804931640625
-54825 2343.075927734375
-54815 2340.535888671875
-54805 2336.844970703125
-54795 2333.87890625
-54785 2332.34912109375
-54775 2330.425048828125
-54765 2330.83203125
-54755 2329.320068359375
-54745 2327.614013671875
-54735 2326.74609375
-54725 2326.02294921875
-54715 2325.153076171875
-54705 2323.85888671875
-54695 2323.339111328125
-54685 2326.654052734375
-54675 2330.6259765625
-54665 2329.93603515625
-54655 2331.02099609375
-54645 2330.376953125
-54635 2330.945068359375
-54625 2330.51904296875
-54615 2330.56298828125
-54605 2330.9140625
-54595 2330.865966796875
-54585 2332.156982421875
-54575 2334.27099609375
-54565 2333.76611328125
-54555 2328.923095703125
-54545 2329.885009765625
-54535 2334.083984375
-54525 2337.743896484375
-54515 2340.093994140625
-54505 2343.43603515625
-54495 2347.27197265625
-54485 2349.827880859375
-54475 2353.298095703125
-54465 2360.050048828125
-54455 2365.554931640625
-54445 2371.075927734375
-54435 2376.72412109375
-54425 2380.4150390625
-54415 2384.51708984375
-54405 2389.123046875
-54395 2391.094970703125
-54385 2396.2060546875
-54375 2400.986083984375
-54365 2404.534912109375
-54355 2408.93603515625
-54345 2415.513916015625
-54335 2424.114990234375
-54325 2441.30908203125
-54315 2458.819091796875
-54305 2477.669921875
-54295 2479.783935546875
-54285 2482.81298828125
-54275 2476.030029296875
-54265 2461.9580078125
-54255 2450.802001953125
-54245 2440.7890625
-54235 2431.6669921875
-54225 2417.4580078125
-54215 2402.342041015625
-54205 2387.450927734375
-54195 2376.3291015625
-54185 2366.264892578125
-54175 2357.083984375
-54165 2350.64794921875
-54155 2344.464111328125
-54145 2338.876953125
-54135 2332.885009765625
-54125 2325.676025390625
-54115 2318.40087890625
-54105 2311.01806640625
-54095 2304.802978515625
-54085 2298.6669921875
-54075 2291.472900390625
-54065 2283.570068359375
-54055 2274.95703125
-54045 2269.76708984375
-54035 2263.205078125
-54025 2256.294921875
-54015 2243.6279296875
-54005 2232.992919921875
-53995 2226.194091796875
-53985 2218.68505859375
-53975 2208.14697265625
-53965 2198.052001953125
-53955 2189.97509765625
-53945 2175.93505859375
-53935 2164.48291015625
-53925 2150.112060546875
-53915 2139.1640625
-53905 2125.153076171875
-53895 2107.343017578125
-53885 2095.43310546875
-53875 2081.0458984375
-53865 2065.554931640625
-53855 2058.708984375
-53845 2044.196044921875
-53835 2023.780029296875
-53825 1999.8819580078125
-53815 1992.988037109375
-53805 1980.60498046875
-53795 1969.862060546875
-53785 1963.5050048828125
-53775 1957.1949462890625
-53765 1952.47802734375
-53755 1949.197021484375
-53745 1946.531005859375
-53735 1946.81494140625
-53725 1947.635009765625
-53715 1945.1739501953125
-53705 1949.718017578125
-53695 1952.2569580078125
-53685 1950.3170166015625
-53675 1947.5880126953125
-53665 1943.8330078125
-53655 1941.9560546875
-53645 1940.1259765625
-53635 1936.197998046875
-53625 1931.9830322265625
-53615 1928.800048828125
-53605 1926.7939453125
-53595 1927.6490478515625
-53585 1928.260986328125
-53575 1928.7840576171875
-53565 1929.083984375
-53555 1933.011962890625
-53545 1934.0369873046875
-53535 1935.803955078125
-53525 1935.45703125
-53515 1936.56103515625
-53505 1937.85498046875
-53495 1941.10400390625
-53485 1945.615966796875
-53475 1945.39501953125
-53465 1948.77099609375
-53455 1951.8470458984375
-53445 1951.989013671875
-53435 1957.2259521484375
-53425 1957.35302734375
-53415 1960.7760009765625
-53405 1968.1109619140625
-53395 1975.383056640625
-53385 1982.8759765625
-53375 1989.9119873046875
-53365 1996.5059814453125
-53355 2003.114990234375
-53345 2010.593017578125
-53335 2018.2120361328125
-53325 2022.884033203125
-53315 2027.125
-53305 2033.2640380859375
-53295 2053.9140625
-53285 2070.823974609375
-53275 2084.343017578125
-53265 2097.373046875
-53255 2107.7529296875
-53245 2121.177001953125
-53235 2135.9140625
-53225 2140.14208984375
-53215 2142.491943359375
-53205 2145.427001953125
-53195 2160.0029296875
-53185 2172.60693359375
-53175 2182.4189453125
-53165 2191.047119140625
-53155 2194.7548828125
-53145 2201.90087890625
-53135 2211.712890625
-53125 2227.819091796875
-53115 2245.60009765625
-53105 2267.27490234375
-53095 2270.256103515625
-53085 2272.717041015625
-53075 2273.947998046875
-53065 2273.7109375
-53055 2276.597900390625
-53045 2282.701904296875
-53035 2287.513916015625
-53025 2293.666015625
-53015 2301.85302734375
-53005 2306.302001953125
-52995 2309.77197265625
-52985 2312.31201171875
-52975 2312.75390625
-52965 2318.133056640625
-52955 2323.989013671875
-52945 2330.1220703125
-52935 2335.864013671875
-52925 2344.116943359375
-52915 2350.364013671875
-52905 2356.406005859375
-52895 2362.825927734375
-52885 2370.60302734375
-52875 2376.56591796875
-52865 2383.806884765625
-52855 2389.943115234375
-52845 2395.780029296875
-52835 2401.01708984375
-52825 2404.9130859375
-52815 2408.572998046875
-52805 2412.7529296875
-52795 2418.007080078125
-52785 2422.64697265625
-52775 2426.240966796875
-52765 2431.14697265625
-52755 2436.118896484375
-52745 2442.0029296875
-52735 2447.47705078125
-52725 2452.257080078125
-52715 2456.56298828125
-52705 2461.784912109375
-52695 2464.907958984375
-52685 2469.577880859375
-52675 2475.035888671875
-52665 2480.967041015625
-52655 2486.535888671875
-52645 2491.1259765625
-52635 2484.1220703125
-52625 2477.73291015625
-52615 2472.116943359375
-52605 2467.55908203125
-52595 2464.24609375
-52585 2462.47900390625
-52575 2464.68798828125
-52565 2466.595947265625
-52555 2466.51708984375
-52545 2466.5810546875
-52535 2468.157958984375
-52525 2470.85498046875
-52515 2471.77001953125
-52505 2483.260009765625
-52495 2483.590087890625
-52485 2484.75
-52475 2489.60693359375
-52465 2491.722900390625
-52455 2494.0009765625
-52445 2496.85888671875
-52435 2500.340087890625
-52425 2504.304931640625
-52415 2508.39892578125
-52405 2512.97607421875
-52395 2517.5419921875
-52385 2521.818115234375
-52375 2524.923095703125
-52365 2527.35205078125
-52355 2532.00390625
-52345 2536.68798828125
-52335 2542.47900390625
-52325 2547.636962890625
-52315 2553.009033203125
-52305 2557.360107421875
-52295 2560.455078125
-52285 2563.947021484375
-52275 2566.611083984375
-52265 2567.79296875
-52255 2584.241943359375
-52245 2609.287109375
-52235 2620.81591796875
-52225 2627.0048828125
-52215 2634.5791015625
-52205 2644.830078125
-52195 2650.653076171875
-52185 2651.56591796875
-52175 2655.552001953125
-52165 2680.56494140625
-52155 2681.822021484375
-52145 2685.077880859375
-52135 2686.89306640625
-52125 2689.9990234375
-52115 2695.1240234375
-52105 2702.48291015625
-52095 2707.306884765625
-52085 2710.669921875
-52075 2709.843017578125
-52065 2711.722900390625
-52055 2713.8291015625
-52045 2720.093017578125
-52035 2728.6669921875
-52025 2733.760009765625
-52015 2733.760009765625
-52005 2735.62890625
-51995 2738.14404296875
-51985 2740.055908203125
-51975 2740.5400390625
-51965 2741.22705078125
-51955 2741.10888671875
-51945 2739.154052734375
-51935 2736.305908203125
-51925 2734.511962890625
-51915 2745.68603515625
-51905 2748.781005859375
-51895 2752.02490234375
-51885 2750.595947265625
-51875 2750.7041015625
-51865 2752.98095703125
-51855 2758.902099609375
-51845 2770.032958984375
-51835 2776.263916015625
-51825 2782.785888671875
-51815 2791.39208984375
-51805 2795.80810546875
-51795 2800.06298828125
-51785 2800.889892578125
-51775 2802.512939453125
-51765 2805.05908203125
-51755 2812.26806640625
-51745 2812.31103515625
-51735 2814.846923828125
-51725 2818.780029296875
-51715 2824.44189453125
-51705 2832.01611328125
-51695 2835.2080078125
-51685 2839.04296875
-51675 2839.85595703125
-51665 2842.93310546875
-51655 2850.1640625
-51645 2852.010986328125
-51635 2855.364013671875
-51625 2859.574951171875
-51615 2863.6259765625
-51605 2867.591064453125
-51595 2871.68408203125
-51585 2876.013916015625
-51575 2879.904052734375
-51565 2883.922119140625
-51555 2887.198974609375
-51545 2890.239990234375
-51535 2893.15087890625
-51525 2896.009033203125
-51515 2898.823974609375
-51505 2901.382080078125
-51495 2903.98193359375
-51485 2906.387939453125
-51475 2908.623046875
-51465 2911.158935546875
-51455 2913.43701171875
-51445 2915.5
-51435 2918.056884765625
-51425 2921.010986328125
-51415 2924.048095703125
-51405 2927.639892578125
-51395 2930.302001953125
-51385 2934.248046875
-51375 2937.39599609375
-51365 2940.447998046875
-51355 2943.281005859375
-51345 2945.97705078125
-51335 2948.577880859375
-51325 2950.740966796875
-51315 2953.093994140625
-51305 2955.339111328125
-51295 2957.52001953125
-51285 2959.487060546875
-51275 2961.195068359375
-51265 2962.60205078125
-51255 2963.85888671875
-51245 2964.791015625
-51235 2965.510009765625
-51225 2966.030029296875
-51215 2966.64208984375
-51205 2967.10400390625
-51195 2968.14599609375
-51185 2969.8330078125
-51175 2972.10693359375
-51165 2974.64697265625
-51155 2977.514892578125
-51145 2980.501953125
-51135 2983.452880859375
-51125 2986.25
-51115 2988.5791015625
-51105 2990.81298828125
-51095 2992.7900390625
-51085 2994.739013671875
-51075 2996.47607421875
-51065 2998.134033203125
-51055 2999.7880859375
-51045 3001.4970703125
-51035 3003.363037109375
-51025 3005.52197265625
-51015 3007.822021484375
-51005 3010.29296875
-50995 3012.87109375
-50985 3015.4541015625
-50975 3017.909912109375
-50965 3020.2890625
-50955 3022.051025390625
-50945 3023.239990234375
-50935 3023.81298828125
-50925 3023.72705078125
-50915 3023.27197265625
-50905 3023.73388671875
-50895 3024.81201171875
-50885 3026.1298828125
-50875 3027.927978515625
-50865 3029.989990234375
-50855 3032.447998046875
-50845 3035.337890625
-50835 3038.614990234375
-50825 3042.073974609375
-50815 3045.89892578125
-50805 3050.282958984375
-50795 3055.718994140625
-50785 3062.4169921875
-50775 3070.0419921875
-50765 3077.325927734375
-50755 3082.193115234375
-50745 3097.471923828125
-50735 3111.64404296875
-50725 3126.01904296875
-50715 3138.81591796875
-50705 3148.873046875
-50695 3155.27587890625
-50685 3164.02197265625
-50675 3176.58203125
-50665 3181.89990234375
-50655 3190.18408203125
-50645 3197.833984375
-50635 3208.126953125
-50625 3213.91796875
-50615 3220.826904296875
-50605 3229.35791015625
-50595 3239.0390625
-50585 3250.041015625
-50575 3267.23095703125
-50565 3276.52490234375
-50555 3284.013916015625
-50545 3292.823974609375
-50535 3300.75390625
-50525 3307.575927734375
-50515 3313.47509765625
-50505 3318.85791015625
-50495 3323.4990234375
-50485 3327.452880859375
-50475 3331.137939453125
-50465 3334.426025390625
-50455 3337.14501953125
-50445 3339.346923828125
-50435 3341.3349609375
-50425 3343.117919921875
-50415 3344.64404296875
-50405 3345.944091796875
-50395 3347.01904296875
-50385 3347.888916015625
-50375 3348.56591796875
-50365 3349.125
-50355 3349.62890625
-50345 3350.070068359375
-50335 3346.64306640625
-50325 3351.381103515625
-50315 3352.637939453125
-50305 3353.034912109375
-50295 3352.133056640625
-50285 3352.47705078125
-50275 3352.7451171875
-50265 3353.884033203125
-50255 3354.721923828125
-50245 3355.1201171875
-50235 3355.44189453125
-50225 3355.68896484375
-50215 3355.947021484375
-50205 3356.0439453125
-50195 3356.10791015625
-50185 3356.10791015625
-50175 3355.947021484375
-50165 3355.507080078125
-50155 3355.0439453125
-50145 3354.410888671875
-50135 3353.593994140625
-50125 3352.669921875
-50115 3351.7890625
-50105 3350.928955078125
-50095 3350.091064453125
-50085 3349.263916015625
-50075 3348.5439453125
-50065 3347.72802734375
-50055 3346.93310546875
-50045 3346.093994140625
-50035 3345.343017578125
-50025 3344.48291015625
-50015 3343.751953125
-50005 3343.035888671875
-49995 3342.4619140625
-49985 3341.969970703125
-49975 3341.781005859375
-49965 3341.931884765625
-49955 3342.27294921875
-49945 3342.80908203125
-49935 3343.35205078125
-49925 3344.197021484375
-49915 3345.282958984375
-49905 3346.551025390625
-49895 3347.882080078125
-49885 3349.037109375
-49875 3350.571044921875
-49865 3352.2490234375
-49855 3354.14208984375
-49845 3356.300048828125
-49835 3358.830078125
-49825 3361.531005859375
-49815 3364.080078125
-49805 3367.052001953125
-49795 3370.52294921875
-49785 3374.59912109375
-49775 3379.610107421875
-49765 3386.759033203125
-49755 3395.7509765625
-49745 3405.468017578125
-49735 3416
-49725 3426.298095703125
-49715 3436.3369140625
-49705 3446.030029296875
-49695 3455.362060546875
-49685 3464.341064453125
-49675 3472.928955078125
-49665 3481.069091796875
-49655 3489.0390625
-49645 3496.781005859375
-49635 3504.341064453125
-49625 3508.990966796875
-49615 3506.322021484375
-49605 3501.89892578125
-49595 3497.7470703125
-49585 3492.989013671875
-49575 3486.76708984375
-49565 3480.300048828125
-49555 3475.01806640625
-49545 3469.969970703125
-49535 3465.3701171875
-49525 3460.680908203125
-49515 3455.81005859375
-49505 3449.2099609375
-49495 3440.179931640625
-49485 3430.638916015625
-49475 3420.840087890625
-49465 3411.241943359375
-49455 3402.988037109375
-49445 3396.19189453125
-49435 3389.93896484375
-49425 3384.361083984375
-49415 3379.43310546875
-49405 3374.56201171875
-49395 3370.389892578125
-49385 3365.739990234375
-49375 3360.610107421875
-49365 3356.041015625
-49355 3352.041015625
-49345 3348.570068359375
-49335 3345.282958984375
-49325 3342.2919921875
-49315 3339.818115234375
-49305 3337.509033203125
-49295 3335.06005859375
-49285 3332.322021484375
-49275 3329.14111328125
-49265 3325.008056640625
-49255 3320.199951171875
-49245 3316.33203125
-49235 3313.568115234375
-49225 3310.52099609375
-49215 3307.580078125
-49205 3304.947998046875
-49195 3302.551025390625
-49185 3300.3798828125
-49175 3298.31005859375
-49165 3296.10791015625
-49155 3293.55908203125
-49145 3290.7890625
-49135 3288.56103515625
-49125 3286.6298828125
-49115 3284.06201171875
-49105 3281.027099609375
-49095 3277.80908203125
-49085 3274.610107421875
-49075 3271.278076171875
-49065 3267.97802734375
-49055 3264.677978515625
-49045 3261.447021484375
-49035 3258.008056640625
-49025 3254.02001953125
-49015 3249.52099609375
-49005 3244.712890625
