-80645 2832.636962890625
-80635 2836.095947265625
-80625 2838.820068359375
-80615 2841.198974609375
-80605 2843.450927734375
-80595 2845.450927734375
-80585 2848.093994140625
-80575 2850.9580078125
-80565 2855.4951171875
-80555 2857.89599609375
-80545 2860.551025390625
-80535 2863.3779296875
-80525 2865.81396484375
-80515 2868.951904296875
-80505 2871.8359375
-80495 2875.01904296875
-80485 2878.06396484375
-80475 2881.10107421875
-80465 2883.867919921875
-80455 2886.556884765625
-80445 2889.510009765625
-80435 2892.050048828125
-80425 2894.739013671875
-80415 2898.197998046875
-80405 2902.093994140625
-80395 2905.174072265625
-80385 2909.264892578125
-80375 2913.75
-80365 2918.618896484375
-80355 2923.5830078125
-80345 2928.294921875
-80335 2932.489990234375
-80325 2936.201904296875
-80315 2939.718017578125
-80305 2943.8779296875
-80295 2947.7880859375
-80285 2951.87890625
-80275 2955.80908203125
-80265 2959.219970703125
-80255 2963.37109375
-80245 2968.093994140625
-80235 2971.841064453125
-80225 2975.514892578125
-80215 2980.950927734375
-80205 2986.50390625
-80195 2992.006103515625
-80185 2997.83203125
-80175 3003.31396484375
-80165 3008.39599609375
-80155 3012.782958984375
-80145 3018.344970703125
-80135 3023.802978515625
-80125 3024.656982421875
-80115 3048.409912109375
-80105 3055.926025390625
-80095 3065.820068359375
-80085 3073.367919921875
-80075 3081.300048828125
-80065 3090.321044921875
-80055 3099.281982421875
-80045 3108.133056640625
-80035 3116.783935546875
-80025 3125.60107421875
-80015 3134.404052734375
-80005 3143.39208984375
-79995 3153.406005859375
-79985 3170.52392578125
-79975 3185.031005859375
-79965 3195.027099609375
-79955 3205.946044921875
-79945 3216.89990234375
-79935 3223.39599609375
-79925 3228.551025390625
-79915 3225.241943359375
-79905 3222.9951171875
-79895 3220.64404296875
-79885 3217.927978515625
-79875 3214.60107421875
-79865 3211.239990234375
-79855 3207.548095703125
-79845 3203.281982421875
-79835 3198.596923828125
-79825 3193.4951171875
-79815 3188.235107421875
-79805 3183.637939453125
-79795 3180.172119140625
-79785 3176.47998046875
-79775 3172.632080078125
-79765 3169.236083984375
-79755 3166.10107421875
-79745 3163.193115234375
-79735 3159.623046875
-79725 3153.544921875
-79715 3145.343017578125
-79705 3136.199951171875
-79695 3126.5869140625
-79685 3115.47607421875
-79675 3105.132080078125
-79665 3092.43603515625
-79655 3086.60205078125
-79645 3080.24609375
-79635 3073.8720703125
-79625 3068.31689453125
-79615 3062.988037109375
-79605 3058.198974609375
-79595 3053.2529296875
-79585 3047.8369140625
-79575 3042.368896484375
-79565 3036.3779296875
-79555 3030.177978515625
-79545 3024.117919921875
-79535 3018.387939453125
-79525 3011.7880859375
-79515 3004.666015625
-79505 2997.6650390625
-79495 2991.447998046875
-79485 2985.14404296875
-79475 2978.787109375
-79465 2972.27392578125
-79455 2965.760986328125
-79445 2959.85693359375
-79435 2954.1279296875
-79425 2947.75390625
-79415 2941.74609375
-79405 2936.4169921875
-79395 2931.19189453125
-79385 2926.2470703125
-79375 2921.64892578125
-79365 2917.294921875
-79355 2913.202880859375
-79345 2908.656982421875
-79335 2903.972900390625
-79325 2899.375
-79315 2894.794921875
-79305 2891.43408203125
-79295 2887.551025390625
-79285 2881.76904296875
-79275 2877.60693359375
-79265 2873.79296875
-79255 2870.3798828125
-79245 2867.10595703125
-79235 2864.215087890625
-79225 2861.410888671875
-79215 2859.26904296875
-79205 2856.27392578125
-79195 2853.174072265625
-79185 2850.45703125
-79175 2847.722900390625
-79165 2844.866943359375
-79155 2841.76708984375
-79145 2838.02294921875
-79135 2834.156982421875
-79125 2830.047119140625
-79115 2826.007080078125
-79105 2822.297119140625
-79095 2818.693115234375
-79085 2815.297119140625
-79075 2812.214111328125
-79065 2808.991943359375
-79055 2805.718994140625
-79045 2802.18310546875
-79035 2798.490966796875
-79025 2794.9560546875
-79015 2791.43798828125
-79005 2788.112060546875
-78995 2784.9951171875
-78985 2782.12109375
-78975 2779.405029296875
-78965 2776.739990234375
-78955 2774.493896484375
-78945 2772.264892578125
-78935 2770.55810546875
-78925 2768.989990234375
-78915 2767.614990234375
-78905 2766.60498046875
-78895 2765.821044921875
-78885 2765.52490234375
-78875 2765.6640625
-78865 2767.3359375
-78855 2770.123046875
-78845 2771.306884765625
-78835 2772.4208984375
-78825 2774.23193359375
-78815 2777.489013671875
-78805 2783.2880859375
-78795 2786.544921875
-78785 2787.867919921875
-78775 2791.072998046875
-78765 2792.743896484375
-78755 2796.402099609375
-78745 2799.39697265625
-78735 2799.431884765625
-78725 2801.451904296875
-78715 2804.30810546875
-78705 2807.739013671875
-78695 2811.08203125
-78685 2815.783935546875
-78675 2820.346923828125
-78665 2825.657958984375
-78655 2830.325927734375
-78645 2834.452880859375
-78635 2838.492919921875
-78625 2843.195068359375
-78615 2848.053955078125
-78605 2851.955078125
-78595 2856.220947265625
-78585 2859.825927734375
-78575 2864.3720703125
-78565 2868.06298828125
-78555 2871.912109375
-78545 2876.68408203125
-78535 2881.385986328125
-78525 2885.826904296875
-78515 2890.05908203125
-78505 2894.30810546875
-78495 2899.027099609375
-78485 2903.658935546875
-78475 2908.430908203125
-78465 2913.27197265625
-78455 2918.56689453125
-78445 2923.720947265625
-78435 2928.56298828125
-78425 2933.595947265625
-78415 2938.176025390625
-78405 2942.425048828125
-78395 2946.3779296875
-78385 2950.574951171875
-78375 2955.695068359375
-78365 2961.075927734375
-78355 2966.47509765625
-78345 2971.576904296875
-78335 2976.9580078125
-78325 2981.748046875
-78315 2985.64892578125
-78305 2989.47998046875
-78295 2993.3291015625
-78285 2998.152099609375
-78275 3004.718017578125
-78265 3008.39208984375
-78255 3015.462890625
-78245 3019.72900390625
-78235 3023.99609375
-78225 3027.35693359375
-78215 3030.822998046875
-78205 3033.592041015625
-78195 3035.85498046875
-78185 3037.47509765625
-78175 3038.537109375
-78165 3039.47802734375
-78155 3040.260986328125
-78145 3042.404052734375
-78135 3045.381103515625
-78125 3049.14306640625
-78115 3053.56591796875
-78105 3058.180908203125
-78095 3063.197021484375
-78085 3068.177001953125
-78075 3071.904052734375
-78065 3074.72509765625
-78055 3078.52197265625
-78045 3082.510009765625
-78035 3087.02001953125
-78025 3091.89599609375
-78015 3096.806884765625
-78005 3101.43994140625
-77995 3105.636962890625
-77985 3110.287109375
-77975 3114.48291015625
-77965 3118.958984375
-77955 3123.260009765625
-77945 3127.596923828125
-77935 3132.54296875
-77925 3137.43603515625
-77915 3142.137939453125
-77905 3147.589111328125
-77895 3152.60400390625
-77885 3157.498046875
-77875 3162.862060546875
-77865 3168.12109375
-77855 3172.7880859375
-77845 3177.385986328125
-77835 3181.89599609375
-77825 3186.05908203125
-77815 3189.8369140625
-77805 3193.547119140625
-77795 3197.27392578125
-77785 3200.757080078125
-77775 3203.751953125
-77765 3206.60791015625
-77755 3209.342041015625
-77745 3211.93701171875
-77735 3214.27099609375
-77725 3216.533935546875
-77715 3218.798095703125
-77705 3220.923095703125
-77695 3222.839111328125
-77685 3224.701904296875
-77675 3226.39111328125
-77665 3228.028076171875
-77655 3229.68310546875
-77645 3231.406982421875
-77635 3233.14794921875
-77625 3234.820068359375
-77615 3236.422119140625
-77605 3238.2509765625
-77595 3240.72412109375
-77585 3243.126953125
-77575 3244.867919921875
-77565 3228.06298828125
-77555 3215.1240234375
-77545 3199.833984375
-77535 3187.72998046875
-77525 3174.56494140625
-77515 3162.98388671875
-77505 3150.89599609375
-77495 3141.083984375
-77485 3129.952880859375
-77475 3116.611083984375
-77465 3102.654052734375
-77455 3093.34912109375
-77445 3080.64111328125
-77435 3072.3359375
-77425 3065.069091796875
-77415 3058.6669921875
-77405 3053.93798828125
-77395 3049.632080078125
-77385 3045.652099609375
-77375 3041.44189453125
-77365 3036.827880859375
-77355 3033.81005859375
-77345 3029.580078125
-77335 3024.486083984375
-77325 3019.718017578125
-77315 3015.373046875
-77305 3011.10498046875
-77295 3006.85595703125
-77285 3002.68505859375
-77275 2998.551025390625
-77265 2994.68701171875
-77255 2991.052978515625
-77245 2987.632080078125
-77235 2984.037109375
-77225 2980.364990234375
-77215 2974.655029296875
-77205 2971.73291015625
-77195 2968.291015625
-77185 2964.29296875
-77175 2960.2939453125
-77165 2955.738037109375
-77155 2951.219970703125
-77145 2946.5859375
-77135 2942.010986328125
-77125 2937.85791015625
-77115 2933.841064453125
-77105 2929.1689453125
-77095 2925.843017578125
-77085 2922.383056640625
-77075 2917.575927734375
-77065 2913.596923828125
-77055 2909.3291015625
-77045 2905.196044921875
-77035 2901.407958984375
-77025 2897.467041015625
-77015 2893.3720703125
-77005 2889.047119140625
-76995 2884.3359375
-76985 2879.14599609375
-76975 2873.6279296875
-76965 2868.322021484375
-76955 2863.15087890625
-76945 2858.633056640625
-76935 2854.614990234375
-76925 2850.5390625
-76915 2845.597900390625
-76905 2840.27294921875
-76895 2834.889892578125
-76885 2828.81494140625
-76875 2822.625
-76865 2816.376953125
-76855 2810.031982421875
-76845 2803.99609375
-76835 2797.708984375
-76825 2791.404052734375
-76815 2784.847900390625
-76805 2777.696044921875
-76795 2767.833984375
-76785 2760.31689453125
-76775 2751.93505859375
-76765 2743.47607421875
-76755 2736.113037109375
-76745 2728.614990234375
-76735 2718.945068359375
-76725 2712.947021484375
-76715 2708.64111328125
-76705 2704.929931640625
-76695 2701.0849609375
-76685 2696.720947265625
-76675 2692.126953125
-76665 2688.1279296875
-76655 2683.782958984375
-76645 2679.49609375
-76635 2674.919921875
-76625 2670.44091796875
-76615 2667.864990234375
-76605 2665.404052734375
-76595 2661.847900390625
-76585 2658.291015625
-76575 2653.0810546875
-76565 2647.5439453125
-76555 2640.39306640625
-76545 2632.818115234375
-76535 2624.512939453125
-76525 2616.783935546875
-76515 2609.305908203125
-76505 2600.7900390625
-76495 2596.541015625
-76485 2589.697021484375
-76475 2581.257080078125
-76465 2572.989990234375
-76455 2568.260986328125
-76445 2564.22412109375
-76435 2559.68701171875
-76425 2554.72705078125
-76415 2545.76806640625
-76405 2539.193115234375
-76395 2533.945068359375
-76385 2527.02392578125
-76375 2523.60205078125
-76365 2518.160888671875
-76355 2508.4140625
-76345 2502.070068359375
-76335 2498.012939453125
-76325 2494.361083984375
-76315 2489.073974609375
-76305 2484.6708984375
-76295 2482.325927734375
-76285 2478.826904296875
-76275 2475.693115234375
-76265 2474.694091796875
-76255 2471.56005859375
-76245 2470.964111328125
-76235 2469.34912109375
-76225 2468.31103515625
-76215 2466.927001953125
-76205 2466.2919921875
-76195 2466.427001953125
-76185 2465.75390625
-76175 2465.75390625
-76165 2465.716064453125
-76155 2465.657958984375
-76145 2466.7919921875
-76135 2468.0419921875
-76125 2469.52197265625
-76115 2470.714111328125
-76105 2474.847900390625
-76095 2477.885009765625
-76085 2481.26904296875
-76075 2486.6708984375
-76065 2492.97705078125
-76055 2500.071044921875
-76045 2509.951904296875
-76035 2518.31494140625
-76025 2527.138916015625
-76015 2531.156982421875
-76005 2536.905029296875
-75995 2540.174072265625
-75985 2543.306884765625
-75975 2551.573974609375
-75965 2556.764892578125
-75955 2560.9560546875
-75945 2567.281005859375
-75935 2574.431884765625
-75925 2581.218994140625
-75915 2586.37109375
-75905 2592.618896484375
-75895 2598.675048828125
-75885 2603.673095703125
-75875 2606.2880859375
-75865 2610.593994140625
-75855 2614.803955078125
-75845 2618.70703125
-75835 2620.7451171875
-75825 2623.68603515625
-75815 2627.166015625
-75805 2632.510009765625
-75795 2634.798095703125
-75785 2639.81591796875
-75775 2645.718017578125
-75765 2650.139892578125
-75755 2652.00390625
-75745 2656.964111328125
-75735 2661.885986328125
-75725 2667.154052734375
-75715 2669.134033203125
-75705 2672.383056640625
-75695 2675.882080078125
-75685 2680.97607421875
-75675 2687.10888671875
-75665 2690.741943359375
-75655 2693.740966796875
-75645 2695.3759765625
-75635 2697.35595703125
-75625 2698.181884765625
-75615 2698.60498046875
-75605 2700.297119140625
-75595 2701.430908203125
-75585 2704.507080078125
-75575 2704.373046875
-75565 2705.257080078125
-75555 2705.583984375
-75545 2706.507080078125
-75535 2709.12109375
-75525 2709.8330078125
-75515 2711.2939453125
-75505 2713.83203125
-75495 2716.06201171875
-75485 2718.7919921875
-75475 2720.617919921875
-75465 2723.23193359375
-75455 2723.3291015625
-75445 2723.635986328125
-75435 2724.674072265625
-75425 2725.385009765625
-75415 2726.924072265625
-75405 2728.326904296875
-75395 2729.7880859375
-75385 2731.153076171875
-75375 2729.673095703125
-75365 2730.01904296875
-75355 2729.576904296875
-75345 2730.634033203125
-75335 2730.2109375
-75325 2731.922119140625
-75315 2733.383056640625
-75305 2734.43994140625
-75295 2736.90087890625
-75285 2739.2080078125
-75275 2740.593017578125
-75265 2743.033935546875
-75255 2745.591064453125
-75245 2746.7060546875
-75235 2747.85888671875
-75225 2750.090087890625
-75215 2753.43505859375
-75205 2755.68408203125
-75195 2757.1640625
-75185 2757.6640625
-75175 2758.548095703125
-75165 2760.701904296875
-75155 2763.3740234375
-75145 2765.989013671875
-75135 2768.948974609375
-75125 2771.659912109375
-75115 2776.677001953125
-75105 2779.5419921875
-75095 2784.635986328125
-75085 2789.424072265625
-75075 2792.556884765625
-75065 2794.76806640625
-75055 2798.573974609375
-75045 2802.131103515625
-75035 2806.20703125
-75025 2809.39794921875
-75015 2815.589111328125
-75005 2822.09912109375
-74995 2827.821044921875
-74985 2834.43798828125
-74975 2831.672119140625
-74965 2827.804931640625
-74955 2824.8740234375
-74945 2822.85400390625
-74935 2821.818115234375
-74925 2820.264892578125
-74915 2824.197021484375
-74905 2826.89892578125
-74895 2826.4130859375
-74885 2827.7080078125
-74875 2827.093017578125
-74865 2826.7529296875
-74855 2830.1669921875
-74845 2834.01806640625
-74835 2837.93310546875
-74825 2840.5859375
-74815 2843.41796875
-74805 2843.368896484375
-74795 2846.298095703125
-74785 2851.39404296875
-74775 2851.73388671875
-74765 2856.6201171875
-74755 2857.574951171875
-74745 2859.014892578125
-74735 2859.677978515625
-74725 2862.60693359375
-74715 2863.3349609375
-74705 2868.98095703125
-74695 2874.06201171875
-74685 2877.135986328125
-74675 2877.555908203125
-74665 2877.23291015625
-74655 2881.8759765625
-74645 2889.64208984375
-74635 2888.31591796875
-74625 2893.087890625
-74615 2895.22412109375
-74605 2896.469970703125
-74595 2899.0419921875
-74585 2902.424072265625
-74575 2905.303955078125
-74565 2905.27099609375
-74555 2909.236083984375
-74545 2912.423095703125
-74535 2914.591064453125
-74525 2916.403076171875
-74515 2918.73291015625
-74505 2922.032958984375
-74495 2925.9169921875
-74485 2929.427001953125
-74475 2932.533935546875
-74465 2935.3330078125
-74455 2937.485107421875
-74445 2939.281005859375
-74435 2940.882080078125
-74425 2942.451904296875
-74415 2944.070068359375
-74405 2945.81689453125
-74395 2947.51611328125
-74385 2949.360107421875
-74375 2951.010009765625
-74365 2953.469970703125
-74355 2955.97802734375
-74345 2957.9189453125
-74335 2959.7958984375
-74325 2962.902099609375
-74315 2966.818115234375
-74305 2970.053955078125
-74295 2975.425048828125
-74285 2977.49609375
-74275 2983.968017578125
-74265 2983.72509765625
-74255 2990.22900390625
-74245 2992.930908203125
-74235 2995.681884765625
-74225 2997.81689453125
-74215 3000.422119140625
-74205 3000.487060546875
-74195 3004.304931640625
-74185 3005.988037109375
-74175 3004.14404296875
-74165 3008.027099609375
-74155 3008.2529296875
-74145 3008.4150390625
-74135 3008.9970703125
-74125 3008.674072265625
-74115 3008.1240234375
-74105 3007.572998046875
-74095 3006.6669921875
-74085 3005.780029296875
-74075 3005.08203125
-74065 3004.2080078125
-74055 3003.49609375
-74045 3002.81689453125
-74035 3002.10498046875
-74025 3001.52197265625
-74015 3001.134033203125
-74005 3001.02099609375
-73995 3000.989013671875
-73985 3001.215087890625
-73975 3001.47412109375
-73965 3002.072998046875
-73955 3002.89794921875
-73945 3003.8359375
-73935 3004.985107421875
-73925 3006.343994140625
-73915 3007.783935546875
-73905 3009.239990234375
-73895 3010.72900390625
-73885 3012.735107421875
-73875 3014.110107421875
-73865 3016.083984375
-73855 3017.73388671875
-73845 3019.35205078125
-73835 3020.77587890625
-73825 3022.3291015625
-73815 3023.784912109375
-73805 3025.43798828125
-73795 3026.794921875
-73785 3028.12109375
-73775 3029.402099609375
-73765 3030.596923828125
-73755 3031.697021484375
-73745 3032.928955078125
-73735 3034.093994140625
-73725 3035.48291015625
-73715 3036.501953125
-73705 3038.993896484375
-73695 3041.291015625
-73685 3043.02490234375
-73675 3044.821044921875
-73665 3046.633056640625
-73655 3048.347900390625
-73645 3050.448974609375
-73635 3052.3740234375
-73625 3054.49609375
-73615 3056.6640625
-73605 3058.845947265625
-73595 3060.7548828125
-73585 3063.2470703125
-73575 3065.802978515625
-73565 3068.214111328125
-73555 3070.7080078125
-73545 3073.2939453125
-73535 3076.044921875
-73525 3078.845947265625
-73515 3081.806884765625
-73505 3085.318115234375
-73495 3088.763916015625
-73485 3092.48291015625
-73475 3096.157958984375
-73465 3100.202880859375
-73455 3104.1669921875
-73445 3108.196044921875
-73435 3112.176025390625
-73425 3116.282958984375
-73415 3122.093994140625
-73405 3127.5791015625
-73395 3135.134033203125
-73385 3147.7060546875
-73375 3155.8759765625
-73365 3164.2080078125
-73355 3179.222900390625
-73345 3177.992919921875
-73335 3176.133056640625
-73325 3171.553955078125
-73315 3169.806884765625
-73305 3166.764892578125
-73295 3163.6259765625
-73285 3160.06689453125
-73275 3158.174072265625
-73265 3156.653076171875
-73255 3153.029052734375
-73245 3153.239013671875
-73235 3153.676025390625
-73225 3159.403076171875
-73215 3164.613037109375
-73205 3167.573974609375
-73195 3172.735107421875
-73185 3176.5859375
-73175 3176.261962890625
-73165 3180.2099609375
-73155 3178.75390625
-73145 3179.466064453125
-73135 3178.527099609375
-73125 3180.35498046875
-73115 3183.02490234375
-73105 3186.051025390625
-73095 3188.737060546875
-73085 3191.568115234375
-73075 3194.576904296875
-73065 3197.31201171875
-73055 3199.721923828125
-73045 3202.214111328125
-73035 3204.656982421875
-73025 3206.8740234375
-73015 3208.782958984375
-73005 3210.902099609375
-72995 3212.666015625
-72985 3214.381103515625
-72975 3215.85302734375
-72965 3217.3740234375
-72955 3218.68408203125
-72945 3219.784912109375
-72935 3221.047119140625
-72925 3221.791015625
-72915 3222.7939453125
-72905 3223.66796875
-72895 3224.492919921875
-72885 3225.49609375
-72875 3226.3369140625
-72865 3227.195068359375
-72855 3227.93896484375
-72845 3228.618896484375
-72835 3229.26611328125
-72825 3229.76708984375
-72815 3230.462890625
-72805 3231.1259765625
-72795 3231.368896484375
-72785 3231.64404296875
-72775 3231.757080078125
-72765 3232.14599609375
-72755 3231.822021484375
-72745 3231.77294921875
-72735 3231.40087890625
-72725 3230.8349609375
-72715 3230.31689453125
-72705 3229.735107421875
-72695 3229.135986328125
-72685 3228.472900390625
-72675 3227.777099609375
-72665 3227.195068359375
-72655 3226.64501953125
-72645 3226.06201171875
-72635 3225.383056640625
-72625 3224.6220703125
-72615 3223.797119140625
-72605 3222.843017578125
-72595 3221.85498046875
-72585 3221.047119140625
-72575 3220.6259765625
-72565 3220.18896484375
-72555 3219.591064453125
-72545 3218.845947265625
-72535 3218.248046875
-72525 3217.697998046875
-72515 3217.406005859375
-72505 3217.220947265625
-72495 3217.14208984375
-72485 3216.90087890625
-72475 3216.632080078125
-72465 3216.1650390625
-72455 3215.22900390625
-72445 3215.06103515625
-72435 3214.756103515625
-72425 3214.30908203125
-72415 3213.8349609375
-72405 3213.510009765625
-72395 3213.324951171875
-72385 3213.52490234375
-72375 3214.093017578125
-72365 3214.735107421875
-72355 3215.448974609375
-72345 3216.02197265625
-72335 3215.839111328125
-72325 3217.919921875
-72315 3219.08203125
-72305 3220.302001953125
-72295 3221.737060546875
-72285 3223.09912109375
-72275 3224.56103515625
-72265 3226.242919921875
-72255 3227.93603515625
-72245 3229.18701171875
-72235 3230.721923828125
-72225 3232.342041015625
-72215 3233.403076171875
-72205 3234.455078125
-72195 3235.327880859375
-72185 3236.2900390625
-72175 3237.177978515625
-72165 3237.998046875
-72155 3238.660888671875
-72145 3239.333984375
-72135 3240.133056640625
-72125 3240.868896484375
-72115 3241.510009765625
-72105 3242.257080078125
-72095 3242.908935546875
-72085 3243.634033203125
-72075 3244.318115234375
-72065 3245.053955078125
-72055 3245.821044921875
-72045 3246.2939453125
-72035 3247.031005859375
-72025 3247.513916015625
-72015 3248.14501953125
-72005 3248.638916015625
-71995 3248.93408203125
-71985 3249.281005859375
-71975 3249.458984375
-71965 3249.742919921875
-71955 3249.75390625
-71945 3249.75390625
-71935 3249.532958984375
-71925 3249.56396484375
-71915 3249.35400390625
-71905 3249.113037109375
-71895 3249.10205078125
-71885 3248.818115234375
-71875 3248.596923828125
-71865 3248.22900390625
-71855 3247.85107421875
-71845 3247.29296875
-71835 3246.968017578125
-71825 3246.64111328125
-71815 3246.0419921875
-71805 3245.452880859375
-71795 3244.947998046875
-71785 3244.5810546875
-71775 3244.02294921875
-71765 3243.319091796875
-71755 3242.68798828125
-71745 3242.14111328125
-71735 3241.237060546875
-71725 3240.5849609375
-71715 3239.881103515625
-71705 3239.2919921875
-71695 3238.77587890625
-71685 3237.988037109375
-71675 3237.2939453125
-71665 3236.653076171875
-71655 3236.052978515625
-71645 3235.23291015625
-71635 3234.4970703125
-71625 3233.85498046875
-71615 3233.24609375
-71605 3232.5830078125
-71595 3231.783935546875
-71585 3231.115966796875
-71575 3230.532958984375
-71565 3229.9130859375
-71555 3229.302978515625
-71545 3228.693115234375
-71535 3228.052001953125
-71525 3227.4208984375
-71515 3226.748046875
-71505 3226.179931640625
-71495 3225.717041015625
-71485 3225.180908203125
-71475 3224.43994140625
-71465 3223.992919921875
-71455 3223.708984375
-71445 3223.208984375
-71435 3222.820068359375
-71425 3222.514892578125
-71415 3221.931884765625
-71405 3221.4169921875
-71395 3221.007080078125
-71385 3220.60693359375
-71375 3220.14990234375
-71365 3219.760009765625
-71355 3219.29296875
-71345 3219.08203125
-71335 3218.509033203125
-71325 3218.072998046875
-71315 3217.62109375
-71305 3217.010986328125
-71295 3216.39111328125
-71285 3215.75390625
-71275 3214.955078125
-71265 3214.00390625
-71255 3213.177978515625
-71245 3212.136962890625
-71235 3211.06005859375
-71225 3210.054931640625
-71215 3208.6669921875
-71205 3207.200927734375
-71195 3205.617919921875
-71185 3203.694091796875
-71175 3202.699951171875
-71165 3201.222900390625
-71155 3199.614013671875
-71145 3198.01611328125
-71135 3196.10302734375
-71125 3193.4951171875
-71115 3192.074951171875
-71105 3191.044921875
-71095 3189.60400390625
-71085 3187.626953125
-71075 3185.22998046875
-71065 3182.2548828125
-71055 3178.35400390625
-71045 3173.1279296875
-71035 3166.7451171875
-71025 3159.4169921875
-71015 3151.4990234375
-71005 3143.666015625
-70995 3136.652099609375
-70985 3131.699951171875
-70975 3127.083984375
-70965 3123.172119140625
-70955 3120.10205078125
-70945 3117.2939453125
-70935 3114.56103515625
-70925 3111.14306640625
-70915 3102.8369140625
-70905 3102.406005859375
-70895 3100.029052734375
-70885 3096.4541015625
-70875 3093.111083984375
-70865 3089.345947265625
-70855 3085.91796875
-70845 3083.237060546875
-70835 3081.0400390625
-70825 3079.304931640625
-70815 3077.906005859375
-70805 3076.118896484375
-70795 3074.447021484375
-70785 3072.85888671875
-70775 3071.197998046875
-70765 3068.89501953125
-70755 3068.31689453125
-70745 3065.740966796875
-70735 3064.783935546875
-70725 3063.0810546875
-70715 3061.60791015625
-70705 3060.010009765625
-70695 3058.654052734375
-70685 3057.02392578125
-70675 3055.552001953125
-70665 3053.742919921875
-70655 3051.714111328125
-70645 3049.49609375
-70635 3045.4580078125
-70625 3043.06103515625
-70615 3038.906982421875
-70605 3034.8798828125
-70595 3030.93701171875
-70585 3026.68896484375
-70575 3022.841064453125
-70565 3019.4970703125
-70555 3015.922119140625
-70545 3014.0400390625
-70535 3011.40087890625
-70525 3009.10791015625
-70515 3007.195068359375
-70505 3006.89990234375
-70495 3007.930908203125
-70485 3008.110107421875
-70475 3008.330078125
-70465 3008.152099609375
-70455 3007.993896484375
-70445 3007.94091796875
-70435 3007.8779296875
-70425 3008.173095703125
-70415 3008.215087890625
-70405 3008.8349609375
-70395 3009.802001953125
-70385 3012.304931640625
-70375 3014.22900390625
-70365 3025.447998046875
-70355 3035.154052734375
-70345 3045.993896484375
-70335 3059.389892578125
-70325 3057.592041015625
-70315 3055.47900390625
-70305 3053.469970703125
-70295 3050.7890625
-70285 3047.60302734375
-70275 3044.427001953125
-70265 3040.905029296875
-70255 3037.739990234375
-70245 3034.134033203125
-70235 3029.85400390625
-70225 3024.680908203125
-70215 3013.219970703125
-70205 3007.216064453125
-70195 2997.52099609375
-70185 2991.60205078125
-70175 2988.972900390625
-70165 2983.06298828125
-70155 2978.89404296875
-70145 2971.2080078125
-70135 2965.39404296875
-70125 2959.02099609375
-70115 2951.819091796875
-70105 2946.404052734375
-70095 2942.01904296875
-70085 2937.013916015625
-70075 2932.672119140625
-70065 2929.49609375
-70055 2921.18896484375
-70045 2918.677001953125
-70035 2910.34912109375
-70025 2906.2060546875
-70015 2901.40087890625
-70005 2895.633056640625
-69995 2894.123046875
-69985 2891.5
-69975 2892.199951171875
-69965 2893.05810546875
-69955 2892.041015625
-69945 2890.1650390625
-69935 2885.571044921875
-69925 2884.823974609375
-69915 2881.343017578125
-69905 2878.41796875
-69895 2875.093017578125
-69885 2870.02490234375
-69875 2863.905029296875
-69865 2862.72802734375
-69855 2861.60009765625
-69845 2857.069091796875
-69835 2854.905029296875
-69825 2849.662109375
-69815 2844.257080078125
-69805 2842.680908203125
-69795 2841.93603515625
-69785 2842.158935546875
-69775 2833.844970703125
-69765 2822.428955078125
-69755 2812.909912109375
-69745 2805.10498046875
-69735 2791.54296875
-69725 2773.9150390625
-69715 2765.075927734375
-69705 2750.5
-69695 2734.7939453125
-69685 2722.968017578125
-69675 2716.81591796875
-69665 2710.26708984375
-69655 2705.132080078125
-69645 2700.5859375
-69635 2695.9599609375
-69625 2691.556884765625
-69615 2688.345947265625
-69605 2685.198974609375
-69595 2679.74609375
-69585 2673.180908203125
-69575 2666.31396484375
-69565 2656.98291015625
-69555 2649.623046875
-69545 2644.362060546875
-69535 2638.0029296875
-69525 2630.2939453125
-69515 2622.26611328125
-69505 2609.69189453125
-69495 2601.093017578125
-69485 2590.012939453125
-69475 2582.970947265625
-69465 2564.675048828125
-69455 2560.22412109375
-69445 2553.738037109375
-69435 2546.93505859375
-69425 2540.465087890625
-69415 2534.741943359375
-69405 2529.512939453125
-69395 2523.6630859375
-69385 2517.925048828125
-69375 2512.279052734375
-69365 2506.60400390625
-69355 2501.56494140625
-69345 2496.909912109375
-69335 2492.156982421875
-69325 2488.243896484375
-69315 2484.527099609375
-69305 2481.156982421875
-69295 2477.673095703125
-69285 2473.094970703125
-69275 2467.199951171875
-69265 2461.33203125
-69255 2458.693115234375
-69245 2454.76708984375
-69235 2452.27099609375
-69225 2450.458984375
-69215 2449.761962890625
-69205 2444.70703125
-69195 2440.157958984375
-69185 2439.85595703125
-69175 2441.051025390625
-69165 2442.736083984375
-69155 2440.157958984375
-69145 2436.423095703125
-69135 2434.594970703125
-69125 2429.8759765625
-69115 2426.59912109375
-69105 2422.87890625
-69095 2417.72900390625
-69085 2412.070068359375
-69075 2407.2060546875
-69065 2402.722900390625
-69055 2398.6220703125
-69045 2395.72900390625
-69035 2392.10498046875
-69025 2387.527099609375
-69015 2382.694091796875
-69005 2377.27392578125
-68995 2372.72705078125
-68985 2368.43505859375
-68975 2365.27197265625
-68965 2362.300048828125
-68955 2360.264892578125
-68945 2362.044921875
-68935 2366.47998046875
-68925 2366.321044921875
-68915 2366.862060546875
-68905 2366.0830078125
-68895 2360.470947265625
-68885 2357.180908203125
-68875 2356.943115234375
-68865 2357.514892578125
-68855 2360.470947265625
-68845 2361.759033203125
-68835 2361.155029296875
-68825 2361.7109375
-68815 2362.506103515625
-68805 2363.5400390625
-68795 2364.52490234375
-68785 2366.09912109375
-68775 2366.06689453125
-68765 2367.60888671875
-68755 2370.756103515625
-68745 2371.821044921875
-68735 2374.444091796875
-68725 2374.68310546875
-68715 2377.22607421875
-68705 2376.717041015625
-68695 2379.6259765625
-68685 2384.93603515625
-68675 2390.6259765625
-68665 2395.712890625
-68655 2399.511962890625
-68645 2403.708984375
-68635 2406.093017578125
-68625 2406.013916015625
-68615 2405.93408203125
-68605 2405.696044921875
-68595 2408.302978515625
-68585 2411.675048828125
-68575 2413.833984375
-68565 2416.679931640625
-68555 2420.12890625
-68545 2422.927001953125
-68535 2425.18408203125
-68525 2426.823974609375
-68515 2427.85498046875
-68505 2428.33203125
-68495 2428.98291015625
-68485 2429.508056640625
-68475 2429.778076171875
-68465 2430.01904296875
-68455 2429.635009765625
-68445 2428.39501953125
-68435 2425.533935546875
-68425 2423.801025390625
-68415 2422.673095703125
-68405 2420.81298828125
-68395 2420.22509765625
-68385 2417.33203125
-68375 2412.02197265625
-68365 2411.402099609375
-68355 2414.72705078125
-68345 2417.52197265625
-68335 2418.7939453125
-68325 2419.4140625
-68315 2420.033935546875
-68305 2421.131103515625
-68295 2422.037109375
-68285 2424.261962890625
-68275 2425.263916015625
-68265 2425.677001953125
-68255 2423.9599609375
-68245 2423.991943359375
-68235 2421.845947265625
-68225 2422.76806640625
-68215 2420.22509765625
-68205 2418.842041015625
-68195 2418.174072265625
-68185 2416.44091796875
-68175 2414.375
-68165 2412.323974609375
-68155 2410.989013671875
-68145 2411.196044921875
-68135 2411.48193359375
-68125 2412.927978515625
-68115 2415.344970703125
-68105 2414.18408203125
-68095 2411.41796875
-68085 2410.735107421875
-68075 2410.638916015625
-68065 2410.76708984375
-68055 2410.575927734375
-68045 2409.781005859375
-68035 2407.952880859375
-68025 2407.7939453125
-68015 2407.761962890625
-68005 2407.7939453125
-67995 2407.18994140625
-67985 2405.472900390625
-67975 2403.263916015625
-67965 2399.798095703125
-67955 2401.323974609375
-67945 2402.135009765625
-67935 2401.89697265625
-67925 2401.22900390625
-67915 2398.81298828125
-67905 2396.284912109375
-67895 2395.7451171875
-67885 2395.47509765625
-67875 2395.219970703125
-67865 2395.236083984375
-67855 2392.820068359375
-67845 2390.81689453125
-67835 2387.781005859375
-67825 2387.27197265625
-67815 2385.3330078125
-67805 2383.202880859375
-67795 2380.485107421875
-67785 2379.0380859375
-67775 2376.050048828125
-67765 2372.822998046875
-67755 2369.373046875
-67745 2368.116943359375
-67735 2366.35302734375
-67725 2365.193115234375
-67715 2363.985107421875
-67705 2361.0439453125
-67695 2361.45703125
-67685 2363.52294921875
-67675 2366.162109375
-67665 2368.64208984375
-67655 2370.343017578125
-67645 2375.222900390625
-67635 2377.511962890625
-67625 2378.910888671875
-67615 2381.9150390625
-67605 2383.218994140625
-67595 2383.822998046875
-67585 2385.14208984375
-67575 2388.94091796875
-67565 2392.009033203125
-67555 2395.346923828125
-67545 2397.635986328125
-67535 2400.259033203125
-67525 2400.7041015625
-67515 2400.958984375
-67505 2402.23193359375
-67495 2404.718994140625
-67485 2407.466064453125
-67475 2412.471923828125
-67465 2412.423095703125
-67455 2413.544921875
-67445 2417.9990234375
-67435 2419.574951171875
-67425 2423.264892578125
-67415 2423.118896484375
-67405 2422.614990234375
-67395 2423.298095703125
-67385 2424.14306640625
-67375 2424.696044921875
-67365 2421.884033203125
-67355 2421.623046875
-67345 2420.306884765625
-67335 2420.56689453125
-67325 2421.4609375
-67315 2419.98193359375
-67305 2419.087890625
-67295 2417.364990234375
-67285 2414.634033203125
-67275 2411.10693359375
-67265 2409.758056640625
-67255 2408.9609375
-67245 2409.919921875
-67235 2410.5859375
-67225 2414.8291015625
-67215 2422.14404296875
-67205 2428.694091796875
-67195 2435.424072265625
-67185 2446.053955078125
-67175 2452.426025390625
-67165 2455.70703125
-67155 2460.764892578125
-67145 2467.071044921875
-67135 2475.166015625
-67125 2479.180908203125
-67115 2484.85400390625
-67105 2486.10498046875
-67095 2489.160888671875
-67085 2494.785888671875
-67075 2496.882080078125
-67065 2502.68505859375
-67055 2503.677001953125
-67045 2504.407958984375
-67035 2506.278076171875
-67025 2512.22705078125
-67015 2514.323974609375
-67005 2517.8349609375
-66995 2521.508056640625
-66985 2521.263916015625
-66975 2521.783935546875
-66965 2521.52392578125
-66955 2521.589111328125
-66945 2520.988037109375
-66935 2525.39306640625
-66925 2527.425048828125
-66915 2526.320068359375
-66905 2527.22998046875
-66895 2526.822998046875
-66885 2524.18994140625
-66875 2520.80908203125
-66865 2518.59912109375
-66855 2517.573974609375
-66845 2516.7939453125
-66835 2517.18505859375
-66825 2518.51708984375
-66815 2522.6298828125
-66805 2527.001953125
-66795 2529.197021484375
-66785 2530.93603515625
-66775 2531.781005859375
-66765 2536.4140625
-66755 2539.925048828125
-66745 2543.257080078125
-66735 2547.06103515625
-66725 2550.928955078125
-66715 2557.8369140625
-66705 2559.47900390625
-66695 2557.35009765625
-66685 2558.049072265625
-66675 2563.347900390625
-66665 2565.52587890625
-66655 2566.7451171875
-66645 2570.41796875
-66635 2572.64501953125
-66625 2574.14111328125
-66615 2573.993896484375
-66605 2575.279052734375
-66595 2577.912109375
-66585 2579.68408203125
-66575 2582.462890625
-66565 2585.7470703125
-66555 2590.217041015625
-66545 2599.367919921875
-66535 2603.512939453125
-66525 2602.35888671875
-66515 2602.863037109375
-66505 2602.863037109375
-66495 2605.4150390625
-66485 2607.593017578125
-66475 2608.014892578125
-66465 2606.990966796875
-66455 2607.31591796875
-66445 2607.722900390625
-66435 2611.087890625
-66425 2616.64697265625
-66415 2621.068115234375
-66405 2620.9541015625
-66395 2623.360107421875
-66385 2625.375
-66375 2624.5458984375
-66365 2623.343994140625
-66355 2622.287109375
-66345 2620.742919921875
-66335 2622.8720703125
-66325 2625.652099609375
-66315 2627.22900390625
-66305 2627.97607421875
-66295 2630.902099609375
-66285 2632.18603515625
-66275 2633.113037109375
-66265 2634.787109375
-66255 2638.52490234375
-66245 2642.637939453125
-66235 2646.24609375
-66225 2649.465087890625
-66215 2654.552001953125
-66205 2660.43701171875
-66195 2667.490966796875
-66185 2672.6279296875
-66175 2678.49609375
-66165 2684.866943359375
-66155 2693.303955078125
-66145 2700.35791015625
-66135 2706.047119140625
-66125 2710.971923828125
-66115 2717.262939453125
-66105 2724.301025390625
-66095 2730.136962890625
-66085 2736.6708984375
-66075 2743.56298828125
-66065 2750.031982421875
-66055 2756.907958984375
-66045 2763.376953125
-66035 2769.343017578125
-66025 2775.01611328125
-66015 2780.52587890625
-66005 2786.263916015625
-65995 2794.424072265625
-65985 2801.055908203125
-65975 2806.777099609375
-65965 2809.443115234375
-65955 2810.742919921875
-65945 2816.904052734375
-65935 2818.416015625
-65925 2812.888916015625
-65915 2806.906982421875
-65905 2802.843994140625
-65895 2799.055908203125
-65885 2795.886962890625
-65875 2793.205078125
-65865 2791.302978515625
-65855 2790.76611328125
-65845 2790.8798828125
-65835 2790.653076171875
-65825 2790.14892578125
-65815 2789.64501953125
-65805 2789.72607421875
-65795 2789.72607421875
-65785 2790.343994140625
-65775 2791.85498046875
-65765 2792.912109375
-65755 2793.237060546875
-65745 2793.87109375
-65735 2796.617919921875
-65725 2799.625
-65715 2801.282958984375
-65705 2804.43701171875
-65695 2809.81689453125
-65685 2814.513916015625
-65675 2815.68505859375
-65665 2817.489013671875
-65655 2816.530029296875
-65645 2806.305908203125
-65635 2778.948974609375
-65625 2769.66796875
-65615 2763.280029296875
-65605 2757.5419921875
-65595 2752.926025390625
-65585 2748.114013671875
-65575 2742.034912109375
-65565 2734.573974609375
-65555 2730.1689453125
-65545 2724.511962890625
-65535 2720.285888671875
-65525 2715.507080078125
-65515 2712.22412109375
-65505 2709.281982421875
-65495 2705.575927734375
-65485 2701.26806640625
-65475 2696.75
-65465 2682.948974609375
-65455 2668.467041015625
-65445 2660.533935546875
-65435 2653.98388671875
-65425 2648.0830078125
-65415 2642.882080078125
-65405 2636.200927734375
-65395 2629.6669921875
-65385 2623.360107421875
-65375 2618.076904296875
-65365 2613.26611328125
-65355 2609.575927734375
-65345 2605.72412109375
-65335 2601.676025390625
-65325 2598.133056640625
-65315 2595.56396484375
-65305 2595.873046875
-65295 2595.35302734375
-65285 2595.256103515625
-65275 2595.35302734375
-65265 2595.368896484375
-65255 2594.735107421875
-65245 2594.14990234375
-65235 2593.468017578125
-65225 2593.321044921875
-65215 2593.1259765625
-65205 2592.427001953125
-65195 2591.240966796875
-65185 2590.964111328125
-65175 2590.4599609375
-65165 2588.23388671875
-65155 2585.81201171875
-65145 2583.242919921875
-65135 2580.47998046875
-65125 2577.73291015625
-65115 2575.60400390625
-65105 2574.287109375
-65095 2573.81591796875
-65085 2573.31201171875
-65075 2574.221923828125
-65065 2572.0439453125
-65055 2571.52392578125
-65045 2570.987060546875
-65035 2568.971923828125
-65025 2562.64892578125
-65015 2557.041015625
-65005 2552.485107421875
-64995 2550.660888671875
-64985 2549.971923828125
-64975 2549.530029296875
-64965 2551.297119140625
-64955 2551.527099609375
-64945 2550.501953125
-64935 2550.802001953125
-64925 2550.590087890625
-64915 2550.48388671875
-64905 2550.76708984375
-64895 2550.696044921875
-64885 2550.714111328125
-64875 2550.590087890625
-64865 2552.693115234375
-64855 2554.9541015625
-64845 2555.448974609375
-64835 2556.366943359375
-64825 2556.0849609375
-64815 2555.714111328125
-64805 2559.14111328125
-64795 2559.864990234375
-64785 2564.10498046875
-64775 2568.52197265625
-64765 2573.6279296875
-64755 2576.3310546875
-64745 2579.22900390625
-64735 2578.2919921875
-64725 2578.097900390625
-64715 2578.52197265625
-64705 2579.740966796875
-64695 2579.653076171875
-64685 2573.89306640625
-64675 2573.2041015625
-64665 2569.89990234375
-64655 2566.490966796875
-64645 2560.696044921875
-64635 2552.693115234375
-64625 2551.208984375
-64615 2549.4951171875
-64605 2545.361083984375
-64595 2532.27001953125
-64585 2526.827880859375
-64575 2524.49609375
-64565 2522.181884765625
-64555 2523.666015625
-64545 2523.98388671875
-64535 2521.510009765625
-64525 2519.2490234375
-64515 2520.662109375
-64505 2520.132080078125
-64495 2515.73291015625
-64485 2511.1220703125
-64475 2508.135986328125
-64465 2509.054931640625
-64455 2511.262939453125
-64445 2514.177978515625
-64435 2518.154052734375
-64425 2521.5810546875
-64415 2522.818115234375
-64405 2523.75390625
-64395 2521.721923828125
-64385 2520.39697265625
-64375 2520.8740234375
-64365 2516.705078125
-64355 2509.4970703125
-64345 2506.59912109375
-64335 2501.299072265625
-64325 2497.199951171875
-64315 2491.864990234375
-64305 2484.97509765625
-64295 2474.409912109375
-64285 2466.177001953125
-64275 2462.114013671875
-64265 2460.116943359375
-64255 2455.9130859375
-64245 2453.916015625
-64235 2449.48193359375
-64225 2445.77197265625
-64215 2440.966064453125
-64205 2434.94189453125
-64195 2428.740966796875
-64185 2421.761962890625
-64175 2412.363037109375
-64165 2409.0419921875
-64155 2404.590087890625
-64145 2398.847900390625
-64135 2391.905029296875
-64125 2379.343994140625
-64115 2368.23095703125
-64105 2360.262939453125
-64095 2352.9140625
-64085 2345.846923828125
-64075 2338.69189453125
-64065 2330.10595703125
-64055 2322.77392578125
-64045 2317.596923828125
-64035 2313.074951171875
-64025 2307.7041015625
-64015 2301.73193359375
-64005 2294.347900390625
-63995 2288.7119140625
-63985 2282.845947265625
-63975 2276.875
-63965 2270.001953125
-63955 2264.64892578125
-63945 2258.094970703125
-63935 2249.155029296875
-63925 2238.27197265625
-63915 2221.594970703125
-63905 2220.5
-63895 2215.304931640625
-63885 2209.0859375
-63875 2202.320068359375
-63865 2195.925048828125
-63855 2191.260009765625
-63845 2187.072998046875
-63835 2183.416015625
-63825 2180.712890625
-63815 2177.215087890625
-63805 2175.007080078125
-63795 2172.126953125
-63785 2168.89404296875
-63775 2166.173095703125
-63765 2164.778076171875
-63755 2165.430908203125
-63745 2167.056884765625
-63735 2163.965087890625
-63725 2164.548095703125
-63715 2160.04296875
-63705 2147.7109375
-63695 2140.5029296875
-63685 2136.9169921875
-63675 2135.0791015625
-63665 2133.666015625
-63655 2131.299072265625
-63645 2129.9560546875
-63635 2127.14697265625
-63625 2126.616943359375
-63615 2126.2099609375
-63605 2129.26708984375
-63595 2130.909912109375
-63585 2129.001953125
-63575 2132.2880859375
-63565 2135.97998046875
-63555 2141.491943359375
-63545 2143.842041015625
-63535 2138.68310546875
-63525 2134.56689453125
-63515 2131.951904296875
-63505 2135.927001953125
-63495 2140.449951171875
-63485 2137.924072265625
-63475 2132.305908203125
-63465 2128.241943359375
-63455 2125.626953125
-63445 2124.81494140625
-63435 2122.85400390625
-63425 2123.967041015625
-63415 2124.284912109375
-63405 2124.4609375
-63395 2125.362060546875
-63385 2125.592041015625
-63375 2127.05810546875
-63365 2129.6201171875
-63355 2133.843017578125
-63345 2137.14599609375
-63335 2140.485107421875
-63325 2143.452880859375
-63315 2146.544921875
-63305 2150.485107421875
-63295 2156.031982421875
-63285 2161.31494140625
-63275 2166.7919921875
-63265 2174.5830078125
-63255 2181.738037109375
-63245 2194.2109375
-63235 2213.626953125
-63225 2222.425048828125
-63215 2228.8740234375
-63205 2235.60498046875
-63195 2243.714111328125
-63185 2253.60693359375
-63175 2260.427001953125
-63165 2267.89990234375
-63155 2273.6240234375
-63145 2279.861083984375
-63135 2286.43310546875
-63125 2296.008056640625
-63115 2305.531005859375
-63105 2313.7109375
-63095 2321.467041015625
-63085 2327.297119140625
-63075 2329.928955078125
-63065 2332.632080078125
-63055 2330.318115234375
-63045 2325.93603515625
-63035 2318.60400390625
-63025 2310.531005859375
-63015 2304.452880859375
-63005 2298.85302734375
-62995 2293.48193359375
-62985 2287.758056640625
-62975 2281.592041015625
-62965 2275.091064453125
-62955 2268.305908203125
-62945 2259.54296875
-62935 2251.258056640625
-62925 2243.0419921875
-62915 2235.056884765625
-62905 2227.672119140625
-62895 2221.5419921875
-62885 2218.839111328125
-62875 2211.89599609375
-62865 2196.471923828125
-62855 2187.408935546875
-62845 2177.656982421875
-62835 2170.39599609375
-62825 2159.2119140625
-62815 2149.7958984375
-62805 2141.491943359375
-62795 2134.56689453125
-62785 2108.825927734375
-62775 2101.387939453125
-62765 2095.822998046875
-62755 2091.60107421875
-62745 2087.201904296875
-62735 2083.4560546875
-62725 2077.6259765625
-62715 2071.7958984375
-62705 2065.4541015625
-62695 2059.02294921875
-62685 2053.5458984375
-62675 2048.052001953125
-62665 2042.114990234375
-62655 2036.9739990234375
-62645 2031.3909912109375
-62635 2026.3919677734375
-62625 2021.0030517578125
-62615 2016.9930419921875
-62605 2011.9930419921875
-62595 2006.2340087890625
-62585 1998.865966796875
-62575 1991.7110595703125
-62565 1983.81396484375
-62555 1975.0159912109375
-62545 1968.7259521484375
-62535 1963.5150146484375
-62525 1958.6920166015625
-62515 1954.134033203125
-62505 1949.7960205078125
-62495 1945.8780517578125
-62485 1941.47705078125
-62475 1936.7349853515625
-62465 1932.1080322265625
-62455 1926.9949951171875
-62445 1921.9659423828125
-62435 1917.39794921875
-62425 1912.8680419921875
-62415 1907.7969970703125
-62405 1901.449951171875
-62395 1895.302001953125
-62385 1894.6319580078125
-62375 1892.3570556640625
-62365 1884.8470458984375
-62355 1877.3189697265625
-62345 1870.1390380859375
-62335 1866.4820556640625
-62325 1861.8819580078125
-62315 1858.5030517578125
-62305 1855.6719970703125
-62295 1850.75
-62285 1844.010986328125
-62275 1837.248046875
-62265 1828.7900390625
-62255 1820.6719970703125
-62245 1812.373046875
-62235 1806.7879638671875
-62225 1800.927001953125
-62215 1791.8370361328125
-62205 1782.677001953125
-62195 1775.2960205078125
-62185 1766.7440185546875
-62175 1762.8709716796875
-62165 1758.8759765625
-62155 1750.4210205078125
-62145 1739.385009765625
-62135 1730.6839599609375
-62125 1719.126953125
-62115 1710.1829833984375
-62105 1704
-62095 1720.3599853515625
-62085 1723.9730224609375
-62075 1719.8990478515625
-62065 1714.3409423828125
-62055 1708.81103515625
-62045 1701.884033203125
-62035 1694.364013671875
-62025 1686.5479736328125
-62015 1679.427978515625
-62005 1673.2650146484375
-61995 1666.386962890625
-61985 1661.3160400390625
-61975 1656.4630126953125
-61965 1651.697021484375
-61955 1647.04296875
-61945 1642.9610595703125
-61935 1637.821044921875
-61925 1633.5579833984375
-61915 1628.72998046875
-61905 1621.696044921875
-61895 1613.9329833984375
-61885 1604.511962890625
-61875 1597.0889892578125
-61865 1592.7569580078125
-61855 1585.0980224609375
-61845 1575.06201171875
-61835 1567.7679443359375
-61825 1562.8780517578125
-61815 1555.9580078125
-61805 1546.35595703125
-61795 1539.489013671875
-61785 1533.8170166015625
-61775 1526.6719970703125
-61765 1520.9749755859375
-61755 1515.781982421875
-61745 1511.3809814453125
-61735 1506.5799560546875
-61725 1502.7320556640625
-61715 1499.77197265625
-61705 1496.5770263671875
-61695 1493.468017578125
-61685 1490.385986328125
-61675 1488.260009765625
-61665 1486.2010498046875
-61655 1480.4449462890625
-61645 1472.612060546875
-61635 1464.833984375
-61625 1455.133056640625
-61615 1446.2340087890625
-61605 1437.489990234375
-61595 1428.3819580078125
-61585 1421.133056640625
-61575 1414.08203125
-61565 1408.2459716796875
-61555 1405.60595703125
-61545 1404.990966796875
-61535 1403.8790283203125
-61525 1382.72802734375
-61515 1377.4830322265625
-61505 1379.43603515625
-61495 1380.4189453125
-61485 1380.9990234375
-61475 1386.9739990234375
-61465 1390.0899658203125
-61455 1394.3199462890625
-61445 1403.2020263671875
-61435 1414.08203125
-61425 1420.6710205078125
-61415 1426.4720458984375
-61405 1434.0169677734375
-61395 1441.6929931640625
-61385 1453.6839599609375
-61375 1458.39794921875
-61365 1465.85595703125
-61355 1465.779052734375
-61345 1463.302978515625
-61335 1458.4599609375
-61325 1456.41796875
-61315 1456.175048828125
-61305 1455.844970703125
-61295 1455.4110107421875
-61285 1455.02099609375
-61275 1455.9420166015625
-61265 1457.678955078125
-61255 1458.7449951171875
-61245 1460.697998046875
-61235 1460.43994140625
-61225 1460.5269775390625
-61215 1460.916015625
-61205 1460.8819580078125
-61195 1461.7750244140625
-61185 1460.8370361328125
-61175 1459.2840576171875
-61165 1457.6510009765625
-61155 1456.4010009765625
-61145 1458.3289794921875
-61135 1461.489990234375
-61125 1463.739990234375
-61115 1465.9949951171875
-61105 1469.3819580078125
-61095 1471.4580078125
-61085 1472.1009521484375
-61075 1474.5400390625
-61065 1477.970947265625
-61055 1481.6510009765625
-61045 1485.376953125
-61035 1487.4510498046875
-61025 1491.0889892578125
-61015 1495.510009765625
-61005 1499.93603515625
-60995 1503.47900390625
-60985 1505.572998046875
-60975 1507.54296875
-60965 1511.8919677734375
-60955 1517.1820068359375
-60945 1520.541015625
-60935 1526.4110107421875
-60925 1530.5970458984375
-60915 1534.112060546875
-60905 1537.906005859375
-60895 1540.6600341796875
-60885 1542.6300048828125
-60875 1543.446044921875
-60865 1552.988037109375
-60855 1565.56201171875
-60845 1572.6309814453125
-60835 1580.1409912109375
-60825 1587.58203125
-60815 1595.925048828125
-60805 1603.5400390625
-60795 1607.7010498046875
-60785 1610.31298828125
-60775 1613.8809814453125
-60765 1618.5009765625
-60755 1623.7900390625
-60745 1629.448974609375
-60735 1634.260009765625
-60725 1639.0980224609375
-60715 1642.7950439453125
-60705 1647.112060546875
-60695 1651.218017578125
-60685 1655.0989990234375
-60675 1659.364013671875
-60665 1662.9239501953125
-60655 1665.66796875
-60645 1667.2459716796875
-60635 1669.31298828125
-60625 1670.6319580078125
-60615 1674.1829833984375
-60605 1676.4510498046875
-60595 1678.656005859375
-60585 1679.6109619140625
-60575 1680.677978515625
-60565 1681.094970703125
-60555 1681.22705078125
-60545 1681.5050048828125
-60535 1680.5909423828125
-60525 1685.5240478515625
-60515 1692.1309814453125
-60505 1697.635986328125
-60495 1700.050048828125
-60485 1699.7900390625
-60475 1698.6710205078125
-60465 1697.4630126953125
-60455 1696.4129638671875
-60445 1696.1600341796875
-60435 1696.6219482421875
-60425 1697.237060546875
-60415 1697.3509521484375
-60405 1698.156982421875
-60395 1698.68798828125
-60385 1699.6409912109375
-60375 1700.050048828125
-60365 1700.842041015625
-60355 1701.5439453125
-60345 1700.39794921875
-60335 1700.56396484375
-60325 1699.7030029296875
-60315 1698.3409423828125
-60305 1698.2540283203125
-60295 1697.3929443359375
-60285 1697.6290283203125
-60275 1697.072998046875
-60265 1696.906982421875
-60255 1696.343994140625
-60245 1695.2220458984375
-60235 1693.0260009765625
-60225 1692.2099609375
-60215 1690.16796875
-60205 1687.9730224609375
-60195 1688.0770263671875
-60185 1690.2130126953125
-60175 1689.9100341796875
-60165 1691.376953125
-60155 1690.56005859375
-60145 1688.77099609375
-60135 1686.1490478515625
-60125 1686.7569580078125
-60115 1688.10400390625
-60105 1690.6820068359375
-60095 1692.4949951171875
-60085 1695.5870361328125
-60075 1698.010986328125
-60065 1699.1300048828125
-60055 1699.31103515625
-60045 1700.72802734375
-60035 1702.2139892578125
-60025 1705.06005859375
-60015 1708.550048828125
-60005 1711.373046875
-59995 1714.802001953125
-59985 1719.823974609375
-59975 1725.614990234375
-59965 1731.406005859375
-59955 1738.3509521484375
-59945 1741.85400390625
-59935 1744.2030029296875
-59925 1750.237060546875
-59915 1757.1009521484375
-59905 1763.4990234375
-59895 1768.7230224609375
-59885 1774.33203125
-59875 1778.968994140625
-59865 1781.3380126953125
-59855 1783.6259765625
-59845 1785.529052734375
-59835 1787.0880126953125
-59825 1790.22705078125
-59815 1793.75
-59805 1797.657958984375
-59795 1800.634033203125
-59785 1803.428955078125
-59775 1806.2430419921875
-59765 1808.97705078125
-59755 1812.6820068359375
-59745 1817.0560302734375
-59735 1821.166015625
-59725 1826.490966796875
-59715 1831.8370361328125
-59705 1836.97998046875
-59695 1840.239990234375
-59685 1841.5150146484375
-59675 1842.1629638671875
-59665 1843.5810546875
-59655 1843.5810546875
-59645 1842.0009765625
-59635 1840.968994140625
-59625 1839.0050048828125
-59615 1838.052978515625
-59605 1835.988037109375
-59595 1834.7120361328125
-59585 1833.5980224609375
-59575 1830.7030029296875
-59565 1827.4229736328125
-59555 1823.4739990234375
-59545 1818.4530029296875
-59535 1815.4560546875
-59525 1810.8599853515625
-59515 1807.3570556640625
-59505 1805.9189453125
-59495 1807.43798828125
-59485 1803.6109619140625
-59475 1798.5489501953125
-59465 1791.260009765625
-59455 1783.4439697265625
-59445 1775.1619873046875
-59435 1773.52197265625
-59425 1768.47998046875
-59415 1764.18798828125
-59405 1756.5140380859375
-59395 1749.5679931640625
-59385 1747.887939453125
-59375 1744.5670166015625
-59365 1742.157958984375
-59355 1740.699951171875
-59345 1739.343017578125
-59335 1738.7149658203125
-59325 1736.366943359375
-59315 1730.5150146484375
-59305 1732.135009765625
-59295 1740.2340087890625
-59285 1744.9720458984375
-59275 1746.7139892578125
-59265 1747.968994140625
-59255 1748.98095703125
-59245 1750.782958984375
-59235 1750.823974609375
-59225 1752.363037109375
-59215 1754.427978515625
-59205 1756.4730224609375
-59195 1758.822021484375
-59185 1760.886962890625
-59175 1762.72998046875
-59165 1764.4510498046875
-59155 1767.06298828125
-59145 1770.06005859375
-59135 1772.81298828125
-59125 1774.2509765625
-59115 1774.656005859375
-59105 1776.6199951171875
-59095 1777.2879638671875
-59085 1776.5589599609375
-59075 1776.012939453125
-59065 1777.1259765625
-59055 1777.3289794921875
-59045 1779.030029296875
-59035 1779.4949951171875
-59025 1779.43505859375
-59015 1779.4139404296875
-59005 1778.968994140625
-58995 1780.467041015625
-58985 1782.4720458984375
-58975 1784.9019775390625
-58965 1785.387939453125
-58955 1784.1929931640625
-58945 1784.2130126953125
-58935 1787.1090087890625
-58925 1788.384033203125
-58915 1787.0880126953125
-58905 1785.3070068359375
-58895 1785.7320556640625
-58885 1789.2139892578125
-58875 1793.791015625
-58865 1798.85302734375
-58855 1803.9959716796875
-58845 1804.7449951171875
-58835 1807.6400146484375
-58825 1813.89697265625
-58815 1823.635986328125
-58805 1831.4720458984375
-58795 1837.2030029296875
-58785 1842.72998046875
-58775 1849.4930419921875
-58765 1854.3929443359375
-58755 1857.572021484375
-58745 1862.675048828125
-58735 1872.2120361328125
-58725 1880.18896484375
-58715 1885.93994140625
-58705 1888.97705078125
-58695 1894.5450439453125
-58685 1902.321044921875
-58675 1910.156982421875
-58665 1918.6409912109375
-58655 1928.3800048828125
-58645 1938.7879638671875
-58635 1953.85205078125
-58625 1976.125
-58615 1983.697998046875
-58605 1990.0760498046875
-58595 1995.6650390625
-58585 2004.3919677734375
-58575 2015.06298828125
-58565 2018.4029541015625
-58555 2026.60400390625
-58545 2040.18994140625
-58535 2050.902099609375
-58525 2058.93994140625
-58515 2066.552978515625
-58505 2071.89892578125
-58495 2078.662109375
-58485 2089.4140625
-58475 2100.18603515625
-58465 2108.264892578125
-58455 2112.375
-58445 2117.031982421875
-58435 2122.012939453125
-58425 2124.118896484375
-58415 2128.573974609375
-58405 2133.777099609375
-58395 2137.5029296875
-58385 2143.112060546875
-58375 2147.60693359375
-58365 2154.0048828125
-58355 2160.343017578125
-58345 2167.06494140625
-58335 2174.9619140625
-58325 2181.40087890625
-58315 2188.0419921875
-58305 2196.56689453125
-58295 2203.715087890625
-58285 2210.35595703125
-58275 2217.68603515625
-58265 2225.136962890625
-58255 2233.35791015625
-58245 2241.011962890625
-58235 2249.3740234375
-58225 2257.574951171875
-58215 2265.0869140625
-58205 2273.18603515625
-58195 2283.715087890625
-58185 2292.422119140625
-58175 2300.844970703125
-58165 2309.9970703125
-58155 2315.48388671875
-58145 2320.830078125
-58135 2327.93701171875
-58125 2346.220947265625
-58115 2365.679931640625
-58105 2367.056884765625
-58095 2370.924072265625
-58085 2376.2490234375
-58075 2381.43310546875
-58065 2386.070068359375
-58055 2390.383056640625
-58045 2396.194091796875
-58035 2403.52294921875
-58025 2408.403076171875
-58015 2413.323974609375
-58005 2421.827880859375
-57995 2425.91796875
-57985 2432.012939453125
-57975 2437.237060546875
-57965 2440.152099609375
-57955 2446.2880859375
-57945 2450.680908203125
-57935 2453.071044921875
-57925 2454.610107421875
-57915 2462.041015625
-57905 2465.01708984375
-57895 2471.212890625
-57885 2474.492919921875
-57875 2475.7080078125
-57865 2479.717041015625
-57855 2482.85595703125
-57845 2483.787109375
-57835 2487.14794921875
-57825 2488.6669921875
-57815 2490.428955078125
-57805 2492.33203125
-57795 2493.0810546875
-57785 2492.493896484375
-57775 2495.248046875
-57765 2497.23193359375
-57755 2497.090087890625
-57745 2498.89208984375
-57735 2501.949951171875
-57725 2506.221923828125
-57715 2507.235107421875
-57705 2510.090087890625
-57695 2512.884033203125
-57685 2514.7470703125
-57675 2519.76806640625
-57665 2524.405029296875
-57655 2528.94091796875
-57645 2532.423095703125
-57635 2536.087890625
-57625 2541.554931640625
-57615 2546.636962890625
-57605 2552.530029296875
-57595 2556.944091796875
-57585 2560.548095703125
-57575 2571.866943359375
-57565 2585.291015625
-57555 2590.029052734375
-57545 2592.31689453125
-57535 2594.383056640625
-57525 2597.906005859375
-57515 2599.7080078125
-57505 2603.47802734375
-57495 2603.39990234375
-57485 2603.205078125
-57475 2604.196044921875
-57465 2606.906005859375
-57455 2610.31494140625
-57445 2611.3701171875
-57435 2611.43505859375
-57425 2595.885009765625
-57415 2579.60400390625
-57405 2570.886962890625
-57395 2564.23193359375
-57385 2561.033935546875
-57375 2559.37890625
-57365 2559.68701171875
-57355 2559.37890625
-57345 2560.952880859375
-57335 2562.98193359375
-57325 2561.132080078125
-57315 2560.125
-57305 2561.68408203125
-57295 2563.614990234375
-57285 2566.35888671875
-57275 2567.47900390625
-57265 2568.14404296875
-57255 2567.966064453125
-57245 2569.946044921875
-57235 2572.819091796875
-57225 2576.569091796875
-57215 2580.885986328125
-57205 2585.4150390625
-57195 2592.053955078125
-57185 2596.291015625
-57175 2601.485107421875
-57165 2610.445068359375
-57155 2614.35693359375
-57145 2617.489990234375
-57135 2619.373046875
-57125 2625.15087890625
-57115 2629.696044921875
-57105 2635.669921875
-57095 2653.410888671875
-57085 2658.8330078125
-57075 2661.510986328125
-57065 2669.886962890625
-57055 2675.697998046875
-57045 2682.402099609375
-57035 2685.56689453125
-57025 2676.217041015625
-57015 2668.409912109375
-57005 2660.763916015625
-56995 2652.8759765625
-56985 2648.444091796875
-56975 2642.3740234375
-56965 2612.294921875
-56955 2591.35595703125
-56945 2585.511962890625
-56935 2582.200927734375
-56925 2580.366943359375
-56915 2578.922119140625
-56905 2577.656005859375
-56895 2577.510009765625
-56885 2577.931884765625
-56875 2578.403076171875
-56865 2579.035888671875
-56855 2579.47412109375
-56845 2580.512939453125
-56835 2581.97412109375
-56825 2585.464111328125
-56815 2587.719970703125
-56805 2590.155029296875
-56795 2590.949951171875
-56785 2591.35595703125
-56775 2592.053955078125
-56765 2592.053955078125
-56755 2592.02099609375
-56745 2593.56298828125
-56735 2596.59912109375
-56725 2600.26708984375
-56715 2604.763916015625
-56705 2607.361083984375
-56695 2611.175048828125
-56685 2613.56201171875
-56675 2615.591064453125
-56665 2616.922119140625
-56655 2618.464111328125
-56645 2620.590087890625
-56635 2623.39794921875
-56625 2626.3359375
-56615 2630.263916015625
-56605 2634.58203125
-56595 2637.50390625
-56585 2641.2529296875
-56575 2643.785888671875
-56565 2645.846923828125
-56555 2647.242919921875
-56545 2649.531982421875
-56535 2652.14501953125
-56525 2654.076904296875
-56515 2657.160888671875
-56505 2660.424072265625
-56495 2663.3779296875
-56485 2666.93310546875
-56475 2670.9580078125
-56465 2674.10693359375
-56455 2677.22412109375
-56445 2680.972900390625
-56435 2684.041015625
-56425 2687.222900390625
-56415 2690.241943359375
-56405 2692.40087890625
-56395 2694.527099609375
-56385 2697.5458984375
-56375 2702.1240234375
-56365 2705.43505859375
-56355 2708.406005859375
-56345 2711.863037109375
-56335 2715.174072265625
-56325 2718.12890625
-56315 2722.966064453125
-56305 2727.235107421875
-56295 2731.114013671875
-56285 2734.81494140625
-56275 2742.200927734375
-56265 2752.84912109375
-56255 2773.950927734375
-56245 2780.31396484375
-56235 2790.881103515625
-56225 2799.403076171875
-56215 2811.8369140625
-56205 2822.177001953125
-56195 2832.955078125
-56185 2841.68798828125
-56175 2849.64404296875
-56165 2862.2080078125
-56155 2872.333984375
-56145 2876.509033203125
-56135 2890.448974609375
-56125 2909.114990234375
-56115 2916.2119140625
-56105 2926.176025390625
-56095 2934.927978515625
-56085 2946.696044921875
-56075 2954.780029296875
-56065 2963.91796875
-56055 2972.68408203125
-56045 2981.5791015625
-56035 2991.903076171875
-56025 3000.10009765625
-56015 3008.070068359375
-56005 3016.75390625
-55995 3019.530029296875
-55985 3010.844970703125
-55975 2998.9150390625
-55965 2982.0009765625
-55955 2962.052001953125
-55945 2942.89794921875
-55935 2934.294921875
-55925 2928.029052734375
-55915 2919.2958984375
-55905 2903.323974609375
-55895 2890.5791015625
-55885 2881.589111328125
-55875 2873.5380859375
-55865 2865.614013671875
-55855 2857.760009765625
-55845 2851.089111328125
-55835 2844.20703125
-55825 2837.615966796875
-55815 2831.510009765625
-55805 2824.985107421875
-55795 2819.10888671875
-55785 2812.387939453125
-55775 2805.14892578125
-55765 2800.218017578125
-55755 2794.666015625
-55745 2788.26806640625
-55735 2783.7099609375
-55725 2779.424072265625
-55715 2775.02490234375
-55705 2771.323974609375
-55695 2767.035888671875
-55685 2762.83203125
-55675 2756.862060546875
-55665 2752.089111328125
-55655 2749.68408203125
-55645 2748.9208984375
-55635 2747.006103515625
-55625 2743.239990234375
-55615 2738.7470703125
-55605 2734.2958984375
-55595 2730.56298828125
-55585 2725.3359375
-55575 2719.4599609375
-55565 2708.779052734375
-55555 2698.06591796875
-55545 2686.264892578125
-55535 2676.623046875
-55525 2666.787109375
-55515 2657.56689453125
-55505 2649.110107421875
-55495 2643.60693359375
-55485 2638.26708984375
-55475 2633.282958984375
-55465 2627.797119140625
-55455 2622.180908203125
-55445 2615.55810546875
-55435 2611.43505859375
-55425 2604.243896484375
-55415 2598.531005859375
-55405 2594.1640625
-55395 2591.14501953125
-55385 2588.076904296875
-55375 2585.657958984375
-55365 2585.544921875
-55355 2584.81396484375
-55345 2583.613037109375
-55335 2581.72998046875
-55325 2580.285888671875
-55315 2580.885986328125
-55305 2581.195068359375
-55295 2582.10400390625
-55285 2582.31494140625
-55275 2580.837890625
-55265 2575.886962890625
-55255 2571.780029296875
-55245 2567.93310546875
-55235 2562.68994140625
-55225 2558.405029296875
-55215 2554.31396484375
-55205 2551.506103515625
-55195 2547.302001953125
-55185 2546.0849609375
-55175 2544.4609375
-55165 2542.5458984375
-55155 2540.988037109375
-55145 2540.842041015625
-55135 2541.215087890625
-55125 2543.3740234375
-55115 2546.426025390625
-55105 2549.964111328125
-55095 2553.89208984375
-55085 2555.596923828125
-55075 2555.3369140625
-55065 2556.1650390625
-55055 2558.924072265625
-55045 2560.791015625
-55035 2561.764892578125
-55025 2561.991943359375
-55015 2559.0869140625
-55005 2556.76806640625
-54995 2556.343017578125
-54985 2556.136962890625
-54975 2554.638916015625
-54965 2556.279052734375
-54955 2557.493896484375
-54945 2557.778076171875
-54935 2558.093994140625
-54925 2558.5830078125
-54915 2559.75
-54905 2561.738037109375
-54895 2563.205078125
-54885 2561.76904296875
-54875 2559.75
-54865 2557.3359375
-54855 2552.998046875
-54845 2547.52392578125
-54835 2544.60595703125
-54825 2542.14501953125
-54815 2540.173095703125
-54805 2538.06005859375
-54795 2537.18896484375
-54785 2535.910888671875
-54775 2535.074951171875
-54765 2531.466064453125
-54755 2526.904052734375
-54745 2524.410888671875
-54735 2522.5810546875
-54725 2522.202880859375
-54715 2522.69189453125
-54705 2524.364013671875
-54695 2526.781005859375
-54685 2528.402099609375
-54675 2531.572998046875
-54665 2534.510009765625
-54655 2538.217041015625
-54645 2541.907958984375
-54635 2547.256103515625
-54625 2554.008056640625
-54615 2555.5849609375
-54605 2561.7529296875
-54595 2577.718017578125
-54585 2581.013916015625
-54575 2582.134033203125
-54565 2567.636962890625
-54555 2539.85498046875
-54545 2507.548095703125
-54535 2491.552001953125
-54525 2477.60693359375
-54515 2466.23291015625
-54505 2459.843994140625
-54495 2456.64208984375
-54485 2452.85595703125
-54475 2439.195068359375
-54465 2431.6669921875
-54455 2424.868896484375
-54445 2417.990966796875
-54435 2412.375
-54425 2406.868896484375
-54415 2400.243896484375
-54405 2394.31298828125
-54395 2389.549072265625
-54385 2383.97998046875
-54375 2378.97900390625
-54365 2376.044921875
-54355 2373.126953125
-54345 2370.114013671875
-54335 2368.111083984375
-54325 2365.571044921875
-54315 2363.45703125
-54305 2359.009033203125
-54295 2353.56591796875
-54285 2347.840087890625
-54275 2338.970947265625
-54265 2331.718017578125
-54255 2325.279052734375
-54245 2315.927001953125
-54235 2309.551025390625
-54225 2303.39892578125
-54215 2294.501953125
-54205 2280.083984375
-54195 2266.943115234375
-54185 2255.20703125
-54175 2242.7451171875
-54165 2229.904052734375
-54155 2213.0380859375
-54145 2195.14892578125
-54135 2180.904052734375
-54125 2162.132080078125
-54115 2149.781005859375
-54105 2135.883056640625
-54095 2125.294921875
-54085 2115.672119140625
-54075 2106.822998046875
-54065 2098.967041015625
-54055 2090.93701171875
-54045 2072.134033203125
-54035 2066.990966796875
-54025 2065.14501953125
-54015 2061.281005859375
-54005 2027.458984375
-53995 2010.876953125
-53985 2002.9420166015625
-53975 1995.9219970703125
-53965 1988.4759521484375
-53955 1981.866943359375
-53945 1977.22900390625
-53935 1973.095947265625
-53925 1968.3790283203125
-53915 1964.041015625
-53905 1961.217041015625
-53895 1958.0469970703125
-53885 1954.7659912109375
-53875 1950.8380126953125
-53865 1947.366943359375
-53855 1940.741943359375
-53845 1937.8070068359375
-53835 1937.8070068359375
-53825 1935.5679931640625
-53815 1935.3310546875
-53805 1935.2679443359375
-53795 1935.1259765625
-53785 1935.5679931640625
-53775 1936.6240234375
-53765 1937.3780517578125
-53755 1940.614990234375
-53745 1942.2559814453125
-53735 1944.0069580078125
-53725 1947.6829833984375
-53715 1949.4019775390625
-53705 1952.3050537109375
-53695 1954.41796875
-53685 1955.14404296875
-53675 1954.7659912109375
-53665 1957.416015625
-53655 1959.009033203125
-53645 1959.718994140625
-53635 1963.31494140625
-53625 1968.1429443359375
-53615 1972.35400390625
-53605 1979.010986328125
-53595 1986.5360107421875
-53585 1993.4610595703125
-53575 1999.6610107421875
-53565 2002.342041015625
-53555 2007.343017578125
-53545 2013.2139892578125
-53535 2021.3389892578125
-53525 2025.1689453125
-53515 2029.72802734375
-53505 2034.0369873046875
-53495 2037.3809814453125
-53485 2043.2659912109375
-53475 2046.6099853515625
-53465 2050.25390625
-53455 2053.597900390625
-53445 2057.842041015625
-53435 2063.97802734375
-53425 2071.012939453125
-53415 2077.575927734375
-53405 2084.626953125
-53395 2090.843017578125
-53385 2097.610107421875
-53375 2103.98291015625
-53365 2110.576904296875
-53355 2117.423095703125
-53345 2124.208984375
-53335 2130.4560546875
-53325 2137.19189453125
-53315 2143.596923828125
-53305 2149.008056640625
-53295 2155.001953125
-53285 2161.549072265625
-53275 2167.22802734375
-53265 2173.301025390625
-53255 2178.285888671875
-53245 2188.508056640625
-53235 2201.8369140625
-53225 2210.10400390625
-53215 2217.990966796875
-53205 2245.364013671875
-53195 2267.464111328125
-53185 2288.47607421875
-53175 2322.218994140625
-53165 2342.177001953125
-53155 2350.64794921875
-53145 2354.0869140625
-53135 2359.76611328125
-53125 2367.27490234375
-53115 2377.0869140625
-53105 2384.94189453125
-53095 2393.14501953125
-53085 2399.802001953125
-53075 2405.969970703125
-53065 2412.97412109375
-53055 2419.867919921875
-53045 2425.802001953125
-53035 2430.343017578125
-53025 2434.806884765625
-53015 2438.028076171875
-53005 2443.373046875
-52995 2446.4990234375
-52985 2449.717041015625
-52975 2452.93505859375
-52965 2455.633056640625
-52955 2459.60791015625
-52945 2465.839111328125
-52935 2469.593994140625
-52925 2472.448974609375
-52915 2475.635009765625
-52905 2479.89501953125
-52895 2483.01806640625
-52885 2487.403076171875
-52875 2491.39404296875
-52865 2495.49609375
-52855 2499.77099609375
-52845 2504.51904296875
-52835 2509.282958984375
-52825 2514.299072265625
-52815 2519.5048828125
-52805 2525.705078125
-52795 2530.674072265625
-52785 2536.656005859375
-52775 2541.498046875
-52765 2546.419921875
-52755 2551.43701171875
-52745 2556.863037109375
-52735 2562.178955078125
-52725 2567.716064453125
-52715 2573.2060546875
-52705 2578.916015625
-52695 2584.784912109375
-52685 2590.794921875
-52675 2596.85205078125
-52665 2603.114990234375
-52655 2609.26708984375
-52645 2615.718994140625
-52635 2622.39208984375
-52625 2629.20703125
-52615 2636.14697265625
-52605 2635.597900390625
-52595 2628.764892578125
-52585 2621.64990234375
-52575 2615.009033203125
-52565 2609.345947265625
-52555 2604.945068359375
-52545 2600.73291015625
-52535 2598.80810546875
-52525 2596.804931640625
-52515 2596.5048828125
-52505 2592.22900390625
-52495 2590.635009765625
-52485 2589.001953125
-52475 2586.992919921875
-52465 2586.112060546875
-52455 2587.466064453125
-52445 2589.044921875
-52435 2589.02392578125
-52425 2594.158935546875
-52415 2606.4189453125
-52405 2610.27587890625
-52395 2610.416015625
-52385 2613.037109375
-52375 2613.56396484375
-52365 2616.02392578125
-52355 2616.764892578125
-52345 2618.333984375
-52335 2620.26806640625
-52325 2622.43798828125
-52315 2622.256103515625
-52305 2624.4150390625
-52295 2628.10107421875
-52285 2633.946044921875
-52275 2637.135986328125
-52265 2638.554931640625
-52255 2640.638916015625
-52245 2641.43408203125
-52235 2641.927978515625
-52225 2643.465087890625
-52215 2646.237060546875
-52205 2651.930908203125
-52195 2655.9169921875
-52185 2659.032958984375
-52175 2662.39599609375
-52165 2666.81201171875
-52155 2673.462890625
-52145 2681.9619140625
-52135 2692.985107421875
-52125 2703.7939453125
-52115 2711.18603515625
-52105 2728.48388671875
-52095 2754.055908203125
-52085 2766.444091796875
-52075 2769.7958984375
-52065 2773.23388671875
-52055 2778.424072265625
-52045 2781.345947265625
-52035 2815.06201171875
-52025 2832.907958984375
-52015 2844.876953125
-52005 2852.373046875
-51995 2857.14697265625
-51985 2866.248046875
-51975 2866.490966796875
-51965 2871.85595703125
-51955 2878.571044921875
-51945 2885.416015625
-51935 2892.001953125
-51925 2898.2939453125
-51915 2904.077880859375
-51905 2908.962890625
-51895 2914.114013671875
-51885 2919.443115234375
-51875 2924.81494140625
-51865 2929.4130859375
-51855 2934.968017578125
-51845 2939.552001953125
-51835 2943.83203125
-51825 2949.9208984375
-51815 2956.801025390625
-51805 2963.285888671875
-51795 2966.718017578125
-51785 2969.54296875
-51775 2981.64794921875
-51765 2984.702880859375
-51755 2987.93798828125
-51745 2990.1689453125
-51735 2992.4609375
-51725 2993.822021484375
-51715 2994.43798828125
-51705 2995.43310546875
-51695 2997.323974609375
-51685 3000.181884765625
-51675 3003.577880859375
-51665 3007.589111328125
-51655 3011.926025390625
-51645 3016.491943359375
-51635 3020.201904296875
-51625 3024.678955078125
-51615 3028.923095703125
-51605 3033.886962890625
-51595 3038.926025390625
-51585 3041.81591796875
-51575 3047.263916015625
-51565 3050.346923828125
-51555 3053.205078125
-51545 3056.300048828125
-51535 3059.48388671875
-51525 3062.718017578125
-51515 3066.208984375
-51505 3069.56201171875
-51495 3072.77099609375
-51485 3075.9619140625
-51475 3078.948974609375
-51465 3081.7890625
-51455 3084.48193359375
-51445 3087.050048828125
-51435 3089.531982421875
-51425 3091.7490234375
-51415 3093.801025390625
-51405 3095.741943359375
-51395 3097.7548828125
-51385 3099.739013671875
-51375 3102.10302734375
-51365 3104.68505859375
-51355 3107.529052734375
-51345 3109.784912109375
-51335 3113.051025390625
-51325 3115.199951171875
-51315 3117.197998046875
-51305 3119.498046875
-51295 3121.58203125
-51285 3123.472900390625
-51275 3125.718994140625
-51265 3127.943115234375
-51255 3130.31689453125
-51245 3132.9599609375
-51235 3135.302001953125
-51225 3137.364990234375
-51215 3139.169921875
-51205 3140.6640625
-51195 3142.01806640625
-51185 3143.43603515625
-51175 3144.907958984375
-51165 3146.31494140625
-51155 3147.700927734375
-51145 3149.366943359375
-51135 3151.407958984375
-51125 3153.635986328125
-51115 3155.844970703125
-51105 3158.283935546875
-51095 3160.389892578125
-51085 3162.02294921875
-51075 3163.9150390625
-51065 3166.214111328125
-51055 3168.6201171875
-51045 3170.737060546875
-51035 3172.659912109375
-51025 3174.841064453125
-51015 3176.323974609375
-51005 3177.48388671875
-50995 3178.450927734375
-50985 3179.138916015625
-50975 3179.4609375
-50965 3179.60107421875
-50955 3179.783935546875
-50945 3179.847900390625
-50935 3180.10595703125
-50925 3180.611083984375
-50915 3180.868896484375
-50905 3180.998046875
-50895 3181.222900390625
-50885 3181.79296875
-50875 3182.89990234375
-50865 3184.339111328125
-50855 3186.037109375
-50845 3187.680908203125
-50835 3189.18505859375
-50825 3190.464111328125
-50815 3191.51708984375
-50805 3192.160888671875
-50795 3192.43994140625
-50785 3192.924072265625
-50775 3193.847900390625
-50765 3196.652099609375
-50755 3201.0791015625
-50745 3205.784912109375
-50735 3210.1689453125
-50725 3214.573974609375
-50715 3221.031005859375
-50705 3227.864990234375
-50695 3252.221923828125
-50685 3284.89501953125
-50675 3290.912109375
-50665 3308.241943359375
-50655 3323.05908203125
-50645 3337.85400390625
-50635 3348.532958984375
-50625 3355.27001953125
-50615 3363.758056640625
-50605 3367.132080078125
-50595 3377.693115234375
-50585 3377.822998046875
-50575 3378.177001953125
-50565 3374.910888671875
-50555 3375.7490234375
-50545 3374.717041015625
-50535 3373.889892578125
-50525 3377.18798828125
-50515 3382.571044921875
-50505 3392.757080078125
-50495 3405.31689453125
-50485 3418.574951171875
-50475 3439.39794921875
-50465 3452.011962890625
-50455 3465.10888671875
-50445 3484.14794921875
-50435 3500.092041015625
-50425 3498.64208984375
-50415 3498.008056640625
-50405 3497.534912109375
-50395 3495.77294921875
-50385 3493.528076171875
-50375 3493.635009765625
-50365 3493.0869140625
-50355 3491.529052734375
-50345 3491.47509765625
-50335 3491.529052734375
-50325 3491.80908203125
-50315 3490.455078125
-50305 3487.929931640625
-50295 3483.64306640625
-50285 3478.239013671875
-50275 3471.533935546875
-50265 3466.635009765625
-50255 3462.98193359375
-50245 3458.56591796875
-50235 3454.945068359375
-50225 3452.613037109375
-50215 3451.131103515625
-50205 3450.06689453125
-50195 3449.658935546875
-50185 3449.465087890625
-50175 3448.76708984375
-50165 3447.35888671875
-50155 3445.716064453125
-50145 3443.06201171875
-50135 3439.77392578125
-50125 3436.345947265625
-50115 3432.736083984375
-50105 3429.320068359375
-50095 3425.805908203125
-50085 3422.175048828125
-50075 3418.62890625
-50065 3414.955078125
-50055 3411.162109375
-50045 3407.261962890625
-50035 3403.618896484375
-50025 3400.41796875
-50015 3397.322998046875
-50005 3394.513916015625
-49995 3391.888916015625
-49985 3389.2890625
-49975 3386.587890625
-49965 3383.9130859375
-49955 3381.509033203125
-49945 3379.14892578125
-49935 3376.903076171875
-49925 3374.631103515625
-49915 3372.491943359375
-49905 3370.200927734375
-49895 3367.778076171875
-49885 3364.98291015625
-49875 3362.010986328125
-49865 3358.72900390625
-49855 3355.4609375
-49845 3351.927001953125
-49835 3348.110107421875
-49825 3344.2919921875
-49815 3340.3291015625
-49805 3336.18994140625
-49795 3331.89892578125
-49785 3327.52001953125
-49775 3322.819091796875
-49765 3318.14892578125
-49755 3313.1201171875
-49745 3307.970947265625
-49735 3302.298095703125
-49725 3296.12109375
-49715 3288.801025390625
-49705 3280.56005859375
-49695 3271.60009765625
-49685 3261.698974609375
-49675 3250.31005859375
-49665 3240.819091796875
-49655 3232.43896484375
-49645 3225.820068359375
-49635 3220.6708984375
-49625 3215.5791015625
-49615 3210.51806640625
-49605 3205.677978515625
-49595 3201.12890625
-49585 3196.737060546875
-49575 3192.7490234375
-49565 3188.949951171875
-49555 3185.346923828125
-49545 3182.22998046875
-49535 3179.4599609375
-49525 3176.968017578125
-49515 3175.218994140625
-49505 3172.487060546875
-49495 3170.089111328125
-49485 3167.261962890625
-49475 3163.31298828125
-49465 3162.39111328125
-49455 3159.760009765625
-49445 3156.919921875
-49435 3153.94189453125
-49425 3150.610107421875
-49415 3147.007080078125
