-80165 2959.139892578125
-80155 2961.928955078125
-80145 2964.60107421875
-80135 2967.68994140625
-80125 2971.3779296875
-80115 2975.179931640625
-80105 2979.6689453125
-80095 2984.321044921875
-80085 2989.0810546875
-80075 2994.06103515625
-80065 2998.930908203125
-80055 3003.569091796875
-80045 3007.949951171875
-80035 3011.927978515625
-80025 3016.1298828125
-80015 3020.550048828125
-80005 3024.80908203125
-79995 3028.93408203125
-79985 3032.97509765625
-79975 3036.906982421875
-79965 3040.597900390625
-79955 3044.385009765625
-79945 3048.533935546875
-79935 3052.9130859375
-79925 3057.2548828125
-79915 3061.98291015625
-79905 3066.72412109375
-79895 3071.27099609375
-79885 3075.903076171875
-79875 3080.992919921875
-79865 3086.27587890625
-79855 3091.534912109375
-79845 3097.927001953125
-79835 3104.47705078125
-79825 3111.26806640625
-79815 3119.56591796875
-79805 3122.822998046875
-79795 3136.875
-79785 3149.7451171875
-79775 3160.830078125
-79765 3170.27392578125
-79755 3181.575927734375
-79745 3198.089111328125
-79735 3213.720947265625
-79725 3227.2548828125
-79715 3248.241943359375
-79705 3260.23193359375
-79695 3273.343017578125
-79685 3288.927001953125
-79675 3286.59912109375
-79665 3273.777099609375
-79655 3265.10400390625
-79645 3258.3740234375
-79635 3250.702880859375
-79625 3244.85302734375
-79615 3242.0419921875
-79605 3237.12109375
-79595 3231.89794921875
-79585 3222.031982421875
-79575 3214.156005859375
-79565 3208.847900390625
-79555 3204.14404296875
-79545 3196.97900390625
-79535 3199.740966796875
-79525 3200.27197265625
-79515 3195.615966796875
-79505 3195.2548828125
-79495 3195.48388671875
-79485 3190.2490234375
-79475 3189.10302734375
-79465 3184.9541015625
-79455 3185.89501953125
-79445 3189.114990234375
-79435 3164.256103515625
-79425 3149.79296875
-79415 3130.43408203125
-79405 3117.4189453125
-79395 3106.383056640625
-79385 3098.843994140625
-79375 3092.35498046875
-79365 3087.095947265625
-79355 3082.958984375
-79345 3079.701904296875
-79335 3076.843994140625
-79325 3074.346923828125
-79315 3071.825927734375
-79305 3069.388916015625
-79295 3066.965087890625
-79285 3064.51611328125
-79275 3062.1640625
-79265 3059.77587890625
-79255 3057.31494140625
-79245 3054.73388671875
-79235 3052.031982421875
-79225 3049.2939453125
-79215 3046.49609375
-79205 3043.660888671875
-79195 3040.81494140625
-79185 3037.9560546875
-79175 3035.134033203125
-79165 3032.093994140625
-79155 3029.053955078125
-79145 3026.0390625
-79135 3023.010986328125
-79125 3020.153076171875
-79115 3017.534912109375
-79105 3015.256103515625
-79095 3015.074951171875
-79085 3016.376953125
-79075 3010.032958984375
-79065 2998.52587890625
-79055 2994.77490234375
-79045 2990.8310546875
-79035 2987.886962890625
-79025 2983.955078125
-79015 2980.988037109375
-79005 2978.552001953125
-78995 2977.177001953125
-78985 2974.547119140625
-78975 2972.195068359375
-78965 2971.02490234375
-78955 2970.301025390625
-78945 2970.035888671875
-78935 2970.554931640625
-78925 2971.31396484375
-78915 2972.556884765625
-78905 2974.24609375
-78895 2976.35595703125
-78885 2978.587890625
-78875 2980.735107421875
-78865 2983.364013671875
-78855 2986.06591796875
-78845 2989.070068359375
-78835 2992.02490234375
-78825 2995.2451171875
-78815 2998.81494140625
-78805 3002.591064453125
-78795 3006.77587890625
-78785 3011.360107421875
-78775 3016.01611328125
-78765 3020.972900390625
-78755 3025.943115234375
-78745 3030.695068359375
-78735 3035.339111328125
-78725 3039.52392578125
-78715 3043.60107421875
-78705 3047.219970703125
-78695 3050.56103515625
-78685 3053.4560546875
-78675 3055.77099609375
-78665 3057.60498046875
-78655 3058.97998046875
-78645 3060.693115234375
-78635 3062.30908203125
-78625 3063.73193359375
-78615 3064.93798828125
-78605 3066.2529296875
-78595 3067.470947265625
-78585 3068.822998046875
-78575 3070.47509765625
-78565 3072.4169921875
-78555 3074.781005859375
-78545 3077.614990234375
-78535 3080.64306640625
-78525 3085.346923828125
-78515 3091.77587890625
-78505 3102.9208984375
-78495 3116.925048828125
-78485 3134.305908203125
-78475 3147.826904296875
-78465 3149.73291015625
-78455 3150.1669921875
-78445 3150.4208984375
-78435 3157.970947265625
-78425 3163.72509765625
-78415 3167.222900390625
-78405 3167.198974609375
-78395 3151.6630859375
-78385 3145.946044921875
-78375 3144.173095703125
-78365 3139.1669921875
-78355 3133.0400390625
-78345 3121.906005859375
-78335 3112.69091796875
-78325 3108.179931640625
-78315 3098.5791015625
-78305 3093.2958984375
-78295 3087.31298828125
-78285 3082.5849609375
-78275 3075.541015625
-78265 3071.802001953125
-78255 3069.18408203125
-78245 3067.906005859375
-78235 3067.2060546875
-78225 3066.385986328125
-78215 3065.662109375
-78205 3065.445068359375
-78195 3064.85400390625
-78185 3064.625
-78175 3065.263916015625
-78165 3066.02392578125
-78155 3066.928955078125
-78145 3067.989990234375
-78135 3069.69091796875
-78125 3071.596923828125
-78115 3073.948974609375
-78105 3076.39697265625
-78095 3079.0390625
-78085 3082.64501953125
-78075 3086.903076171875
-78065 3092.740966796875
-78055 3098.337890625
-78045 3106.81689453125
-78035 3117.50390625
-78025 3126.177001953125
-78015 3135.52392578125
-78005 3140.927978515625
-77995 3147.93603515625
-77985 3154.5458984375
-77975 3163.9541015625
-77965 3174.62890625
-77955 3186.014892578125
-77945 3198.47509765625
-77935 3215.156005859375
-77925 3227.26708984375
-77915 3239.243896484375
-77905 3246.927001953125
-77895 3257.51806640625
-77885 3267.843017578125
-77875 3276.986083984375
-77865 3285.091064453125
-77855 3294.64404296875
-77845 3305.5
-77835 3316.306884765625
-77825 3318.1650390625
-77815 3321.239990234375
-77805 3323.39892578125
-77795 3326.801025390625
-77785 3331.662109375
-77775 3336.7041015625
-77765 3342.27587890625
-77755 3348.451904296875
-77745 3343.10791015625
-77735 3326.47509765625
-77725 3320.9150390625
-77715 3306.98291015625
-77705 3294.801025390625
-77695 3283.402099609375
-77685 3274.138916015625
-77675 3266.154052734375
-77665 3258.699951171875
-77655 3250.81103515625
-77645 3243.22412109375
-77635 3239.4970703125
-77625 3235.529052734375
-77615 3228.4609375
-77605 3220.993896484375
-77595 3212.044921875
-77585 3201.68408203125
-77575 3193.385009765625
-77565 3186.97998046875
-77555 3181.239013671875
-77545 3177.2939453125
-77535 3172.408935546875
-77525 3165.2080078125
-77515 3158.3330078125
-77505 3152.009033203125
-77495 3146.54296875
-77485 3141.447998046875
-77475 3135.6220703125
-77465 3128.404052734375
-77455 3120.343017578125
-77445 3112.208984375
-77435 3104.735107421875
-77425 3098.195068359375
-77415 3093.2490234375
-77405 3089.1240234375
-77395 3085.093994140625
-77385 3080.5869140625
-77375 3076.556884765625
-77365 3073.89990234375
-77355 3072.23291015625
-77345 3070.60302734375
-77335 3068.074951171875
-77325 3064.19091796875
-77315 3059.39111328125
-77305 3054.02392578125
-77295 3047.35498046875
-77285 3040.26611328125
-77275 3032.992919921875
-77265 3026.305908203125
-77255 3020.591064453125
-77245 3014.947998046875
-77235 3009.302978515625
-77225 3001.47998046875
-77215 2996.93701171875
-77205 2990.89208984375
-77195 2985.048095703125
-77185 2979.424072265625
-77175 2974.166015625
-77165 2968.760986328125
-77155 2963.64990234375
-77145 2958.9970703125
-77135 2954.197998046875
-77125 2949.449951171875
-77115 2944.136962890625
-77105 2940.9130859375
-77095 2936.827880859375
-77085 2933.034912109375
-77075 2928.784912109375
-77065 2924.406982421875
-77055 2919.991943359375
-77045 2914.80810546875
-77035 2908.596923828125
-77025 2901.8740234375
-77015 2895.35205078125
-77005 2888.464111328125
-76995 2881.06298828125
-76985 2873.14599609375
-76975 2863.986083984375
-76965 2856.43798828125
-76955 2848.6708984375
-76945 2840.866943359375
-76935 2833.52099609375
-76925 2826.26611328125
-76915 2816.47998046875
-76905 2811.9951171875
-76895 2804.152099609375
-76885 2797.080078125
-76875 2789.220947265625
-76865 2783.68896484375
-76855 2779.053955078125
-76845 2772.952880859375
-76835 2764.74609375
-76825 2756.721923828125
-76815 2750.490966796875
-76805 2744.282958984375
-76795 2738.014892578125
-76785 2728.8740234375
-76775 2720.39208984375
-76765 2708.9970703125
-76755 2701.85205078125
-76745 2694.927001953125
-76735 2690.365966796875
-76725 2687.031982421875
-76715 2680.5830078125
-76705 2671.01806640625
-76695 2661.472900390625
-76685 2655.115966796875
-76675 2651.361083984375
-76665 2639.470947265625
-76655 2632.547119140625
-76645 2626.446044921875
-76635 2620.529052734375
-76625 2614.35498046875
-76615 2605.85498046875
-76605 2596.216064453125
-76595 2588.760009765625
-76585 2581.962890625
-76575 2575.990966796875
-76565 2569.781005859375
-76555 2568.00390625
-76545 2564.5419921875
-76535 2564.137939453125
-76525 2561.243896484375
-76515 2555.986083984375
-76505 2548.10888671875
-76495 2540.68896484375
-76485 2536.365966796875
-76475 2532.498046875
-76465 2530.02392578125
-76455 2527.9541015625
-76445 2524.382080078125
-76435 2522.677978515625
-76425 2520.827880859375
-76415 2520.425048828125
-76405 2519.764892578125
-76395 2518.48291015625
-76385 2517.75
-76375 2518.35498046875
-76365 2516.72412109375
-76355 2513.64697265625
-76345 2511.66796875
-76335 2510.31298828125
-76325 2508.97509765625
-76315 2508.51708984375
-76305 2508.64599609375
-76295 2508.8291015625
-76285 2508.406982421875
-76275 2508.737060546875
-76265 2509.157958984375
-76255 2510.258056640625
-76245 2512.052978515625
-76235 2515.570068359375
-76225 2518.666015625
-76215 2524.344970703125
-76205 2533.98095703125
-76195 2539.166015625
-76185 2544.259033203125
-76175 2549.702880859375
-76165 2555.30810546875
-76155 2561.97705078125
-76145 2567.7470703125
-76135 2575.14794921875
-76125 2581.614990234375
-76115 2587.569091796875
-76105 2592.221923828125
-76095 2598.212890625
-76085 2606.695068359375
-76075 2616.406982421875
-76065 2623.587890625
-76055 2628.205078125
-76045 2632.472900390625
-76035 2636.2470703125
-76025 2640.221923828125
-76015 2645.77294921875
-76005 2650.9208984375
-75995 2654.804931640625
-75985 2662.9970703125
-75975 2674.260009765625
-75965 2682.26904296875
-75955 2689.431884765625
-75945 2694.85400390625
-75935 2702.56689453125
-75925 2711.965087890625
-75915 2716.98388671875
-75905 2717.35107421875
-75895 2717.91796875
-75885 2719.365966796875
-75875 2720.867919921875
-75865 2723.048095703125
-75855 2726.583984375
-75845 2730.85205078125
-75835 2735.343994140625
-75825 2739.15087890625
-75815 2746.239990234375
-75805 2749.9619140625
-75795 2752.674072265625
-75785 2753.60791015625
-75775 2754.761962890625
-75765 2756.0810546875
-75755 2757.822021484375
-75745 2758.700927734375
-75735 2762.988037109375
-75725 2764.177978515625
-75715 2766.669921875
-75705 2770.902099609375
-75695 2777.056884765625
-75685 2784.916015625
-75675 2787.22412109375
-75665 2791.1259765625
-75655 2793.801025390625
-75645 2795.047119140625
-75635 2798.43603515625
-75625 2802.613037109375
-75615 2807.416015625
-75605 2814.81298828125
-75595 2820.257080078125
-75585 2825.31396484375
-75575 2831.634033203125
-75565 2837.27587890625
-75555 2840.51904296875
-75545 2846.39892578125
-75535 2851.345947265625
-75525 2856.10888671875
-75515 2860.962890625
-75505 2864.626953125
-75495 2869.174072265625
-75485 2873.714111328125
-75475 2879.138916015625
-75465 2881.903076171875
-75455 2886.448974609375
-75445 2890.698974609375
-75435 2896.26806640625
-75425 2900.865966796875
-75415 2906.2890625
-75405 2909.861083984375
-75395 2915.22900390625
-75385 2920.26708984375
-75375 2926.659912109375
-75365 2932.4130859375
-75355 2938.64111328125
-75345 2943.971923828125
-75335 2947.987060546875
-75325 2953.2080078125
-75315 2958.593994140625
-75305 2980.486083984375
-75295 2991.9541015625
-75285 3002.3779296875
-75275 3009.833984375
-75265 3018.867919921875
-75255 3027.0390625
-75245 3036.162109375
-75235 3037.298095703125
-75225 3039.73388671875
-75215 3043.764892578125
-75205 3046.091064453125
-75195 3049.77294921875
-75185 3055.177978515625
-75175 3061.406005859375
-75165 3066.902099609375
-75155 3065.30810546875
-75145 3074.10205078125
-75135 3081.575927734375
-75125 3084.0859375
-75115 3070.510986328125
-75105 3057.430908203125
-75095 3045.39501953125
-75085 3040.35693359375
-75075 3034.054931640625
-75065 3026.012939453125
-75055 3022.806884765625
-75045 3020.60595703125
-75035 3020.18798828125
-75025 3019.930908203125
-75015 3018.208984375
-75005 3020.787109375
-74995 3025.928955078125
-74985 3027.763916015625
-74975 3028.174072265625
-74965 3028.93896484375
-74955 3032.237060546875
-74945 3034.553955078125
-74935 3034.56591796875
-74925 3035.693115234375
-74915 3037.31201171875
-74905 3041.197021484375
-74895 3043.35595703125
-74885 3043.451904296875
-74875 3045.071044921875
-74865 3046.638916015625
-74855 3043.22412109375
-74845 3040.070068359375
-74835 3039.0029296875
-74825 3038.85888671875
-74815 3042.261962890625
-74805 3042.037109375
-74795 3041.8330078125
-74785 3043.451904296875
-74775 3045.18798828125
-74765 3047.133056640625
-74755 3049.625
-74745 3052.64599609375
-74735 3060.431884765625
-74725 3060.1201171875
-74715 3064.006103515625
-74705 3067.23095703125
-74695 3067.843017578125
-74685 3068.885986328125
-74675 3071.77587890625
-74665 3074.319091796875
-74655 3076.260986328125
-74645 3078.3359375
-74635 3080.375
-74625 3081.298095703125
-74615 3078.72900390625
-74605 3081.572998046875
-74595 3082.388916015625
-74585 3083.239990234375
-74575 3083.971923828125
-74565 3084.47607421875
-74555 3084.955078125
-74545 3085.195068359375
-74535 3085.638916015625
-74525 3086.18994140625
-74515 3086.98193359375
-74505 3087.570068359375
-74495 3088.264892578125
-74485 3089.1640625
-74475 3090.01611328125
-74465 3090.675048828125
-74455 3091.430908203125
-74445 3091.969970703125
-74435 3092.43798828125
-74425 3093.39697265625
-74415 3093.9609375
-74405 3094.596923828125
-74395 3094.885009765625
-74385 3094.991943359375
-74375 3094.968017578125
-74365 3094.9560546875
-74355 3094.596923828125
-74345 3094.297119140625
-74335 3093.81689453125
-74325 3093.302001953125
-74315 3092.9541015625
-74305 3092.798095703125
-74295 3093.06201171875
-74285 3093.3740234375
-74275 3093.864990234375
-74265 3094.47705078125
-74255 3095.2080078125
-74245 3096.011962890625
-74235 3097.3310546875
-74225 3098.842041015625
-74215 3100.7958984375
-74205 3102.77490234375
-74195 3104.669921875
-74185 3106.696044921875
-74175 3108.31494140625
-74165 3108.135009765625
-74155 3111.049072265625
-74145 3112.2119140625
-74135 3114.68310546875
-74125 3115.701904296875
-74115 3116.157958984375
-74105 3117.428955078125
-74095 3118.43603515625
-74085 3118.676025390625
-74075 3118.7958984375
-74065 3118.52001953125
-74055 3117.968994140625
-74045 3117.381103515625
-74035 3116.64892578125
-74025 3115.77392578125
-74015 3115.2099609375
-74005 3115.0791015625
-73995 3115.2099609375
-73985 3115.666015625
-73975 3115.822021484375
-73965 3115.654052734375
-73955 3114.155029296875
-73945 3114.514892578125
-73935 3113.676025390625
-73925 3112.763916015625
-73915 3112.032958984375
-73905 3111.468994140625
-73895 3111.205078125
-73885 3111.02490234375
-73875 3110.97705078125
-73865 3111.14501953125
-73855 3111.51708984375
-73845 3111.93701171875
-73835 3112.3798828125
-73825 3112.860107421875
-73815 3113.43603515625
-73805 3113.9150390625
-73795 3114.635009765625
-73785 3115.55810546875
-73775 3116.781005859375
-73765 3118.31591796875
-73755 3120.47509765625
-73745 3123.197021484375
-73735 3125.990966796875
-73725 3129.1689453125
-73715 3132.22705078125
-73705 3135.56103515625
-73695 3138.75
-73685 3141.5439453125
-73675 3144.0869140625
-73665 3146.64111328125
-73655 3148.715087890625
-73645 3150.634033203125
-73635 3152.5048828125
-73625 3154.256103515625
-73615 3156.077880859375
-73605 3158.093017578125
-73595 3160.1669921875
-73585 3162.446044921875
-73575 3165.048095703125
-73565 3167.7939453125
-73555 3171.152099609375
-73545 3173.56201171875
-73535 3175.445068359375
-73525 3177.196044921875
-73515 3178.839111328125
-73505 3180.552978515625
-73495 3182.340087890625
-73485 3184.2470703125
-73475 3186.22607421875
-73465 3188.263916015625
-73455 3190.458984375
-73445 3192.593017578125
-73435 3194.595947265625
-73425 3196.635009765625
-73415 3198.7451171875
-73405 3201.094970703125
-73395 3203.0859375
-73385 3205.125
-73375 3207.27099609375
-73365 3209.4541015625
-73355 3211.756103515625
-73345 3214.0830078125
-73335 3216.43310546875
-73325 3218.87890625
-73315 3221.589111328125
-73305 3224.322998046875
-73295 3227.010009765625
-73285 3229.81591796875
-73275 3232.824951171875
-73265 3235.883056640625
-73255 3239.720947265625
-73245 3243.2939453125
-73235 3247.22802734375
-73225 3251.35302734375
-73215 3256.06494140625
-73205 3261.114013671875
-73195 3265.623046875
-73185 3269.988037109375
-73175 3273.81298828125
-73165 3277.014892578125
-73155 3280.06103515625
-73145 3282.927001953125
-73135 3285.757080078125
-73125 3288.35888671875
-73115 3290.697998046875
-73105 3292.72412109375
-73095 3295.325927734375
-73085 3297.509033203125
-73075 3299.716064453125
-73065 3301.8740234375
-73055 3303.757080078125
-73045 3305.49609375
-73035 3307.426025390625
-73025 3309.368896484375
-73015 3311.083984375
-73005 3312.462890625
-72995 3313.9619140625
-72985 3315.376953125
-72975 3316.743896484375
-72965 3318.23095703125
-72955 3319.610107421875
-72945 3320.797119140625
-72935 3321.912109375
-72925 3323.123046875
-72915 3324.215087890625
-72905 3325.2939453125
-72895 3326.385009765625
-72885 3327.595947265625
-72875 3328.77099609375
-72865 3329.947021484375
-72855 3331.050048828125
-72845 3332.1650390625
-72835 3333.387939453125
-72825 3334.419921875
-72815 3335.4150390625
-72805 3336.422119140625
-72795 3337.39404296875
-72785 3338.208984375
-72775 3339
-72765 3339.7080078125
-72755 3340.43896484375
-72745 3341.074951171875
-72735 3341.735107421875
-72725 3342.382080078125
-72715 3343.06591796875
-72705 3343.928955078125
-72695 3344.81591796875
-72685 3345.56005859375
-72675 3346.48291015625
-72665 3347.239013671875
-72655 3348.030029296875
-72645 3348.798095703125
-72635 3349.68505859375
-72625 3350.5
-72615 3351.3759765625
-72605 3352.215087890625
-72595 3352.9951171875
-72585 3353.6298828125
-72575 3354.194091796875
-72565 3354.7099609375
-72555 3355.27294921875
-72545 3355.596923828125
-72535 3356.136962890625
-72525 3356.387939453125
-72515 3355.95703125
-72505 3356.785888671875
-72495 3356.949951171875
-72485 3356.867919921875
-72475 3356.888916015625
-72465 3356.72509765625
-72455 3356.3349609375
-72445 3356.007080078125
-72435 3355.514892578125
-72425 3354.87890625
-72415 3354.510009765625
-72405 3353.5458984375
-72395 3352.5830078125
-72385 3351.25
-72375 3350.06103515625
-72365 3348.76904296875
-72355 3347.2099609375
-72345 3345.712890625
-72335 3343.867919921875
-72325 3342.04296875
-72315 3340.321044921875
-72305 3338.4130859375
-72295 3336.404052734375
-72285 3334.989013671875
-72275 3333.02099609375
-72265 3331.339111328125
-72255 3329.636962890625
-72245 3327.81201171875
-72235 3326.131103515625
-72225 3324.695068359375
-72215 3323.383056640625
-72205 3322.52197265625
-72195 3320.26611328125
-72185 3312.822998046875
-72175 3303.492919921875
-72165 3295.761962890625
-72155 3288.64599609375
-72145 3278.47607421875
-72135 3272.570068359375
-72125 3269.001953125
-72115 3265.764892578125
-72105 3262.7890625
-72095 3259.488037109375
-72085 3255.511962890625
-72075 3250.9599609375
-72065 3246.10009765625
-72055 3241.219970703125
-72045 3236.3369140625
-72035 3231.56201171875
-72025 3227.030029296875
-72015 3222.741943359375
-72005 3218.6640625
-71995 3215.031982421875
-71985 3211.7919921875
-71975 3208.98291015625
-71965 3207.05810546875
-71955 3205.72509765625
-71945 3204.4130859375
-71935 3202.93603515625
-71925 3201.39599609375
-71915 3199.962890625
-71905 3198.528076171875
-71895 3197.256103515625
-71885 3196.02587890625
-71875 3194.876953125
-71865 3193.89306640625
-71855 3192.805908203125
-71845 3191.863037109375
-71835 3191.166015625
-71825 3190.447998046875
-71815 3189.77197265625
-71805 3189.259033203125
-71795 3188.76708984375
-71785 3188.2109375
-71775 3187.597900390625
-71765 3187.25
-71755 3186.94189453125
-71745 3186.737060546875
-71735 3186.510986328125
-71725 3186.305908203125
-71715 3186.14208984375
-71705 3185.85498046875
-71695 3185.6298828125
-71685 3185.384033203125
-71675 3185.075927734375
-71665 3184.60400390625
-71655 3184.215087890625
-71645 3183.6201171875
-71635 3183.10693359375
-71625 3182.553955078125
-71615 3182.041015625
-71605 3181.488037109375
-71595 3180.8310546875
-71585 3180.134033203125
-71575 3179.45703125
-71565 3178.718994140625
-71555 3178.0830078125
-71545 3177.302001953125
-71535 3176.5458984375
-71525 3175.74609375
-71515 3175.131103515625
-71505 3174.06396484375
-71495 3173.325927734375
-71485 3172.322021484375
-71475 3171.48095703125
-71465 3169.327880859375
-71455 3169.635009765625
-71445 3168.343994140625
-71435 3165.697998046875
-71425 3166.580078125
-71415 3165.3291015625
-71405 3164.221923828125
-71395 3163.381103515625
-71385 3162.56103515625
-71375 3161.514892578125
-71365 3160.531005859375
-71355 3159.833984375
-71345 3158.5419921875
-71335 3157.31201171875
-71325 3155.466064453125
-71315 3154.64599609375
-71305 3153.45703125
-71295 3152.2470703125
-71285 3152.3701171875
-71275 3150.873046875
-71265 3148.637939453125
-71255 3148.04296875
-71245 3144.43408203125
-71235 3144.864990234375
-71225 3143.94189453125
-71215 3142.85498046875
-71205 3141.583984375
-71195 3142.60888671875
-71185 3143.2451171875
-71175 3143.819091796875
-71165 3145.84912109375
-71155 3148.863037109375
-71145 3151.508056640625
-71135 3150.462890625
-71125 3137.216064453125
-71115 3143.2451171875
-71105 3139.123046875
-71095 3134.139892578125
-71085 3127.02490234375
-71075 3130.572021484375
-71065 3130.0390625
-71055 3138.220947265625
-71045 3140.0869140625
-71035 3142.73193359375
-71025 3143.757080078125
-71015 3147.633056640625
-71005 3152.718017578125
-70995 3157.864990234375
-70985 3173.634033203125
-70975 3177.9189453125
-70965 3185.85498046875
-70955 3208.883056640625
-70945 3225.861083984375
-70935 3235.47607421875
-70925 3244.43701171875
-70915 3246.489990234375
-70905 3249.340087890625
-70895 3251.305908203125
-70885 3260.512939453125
-70875 3260.905029296875
-70865 3260.677001953125
-70855 3253.81005859375
-70845 3209.31298828125
-70835 3193.50390625
-70825 3176.52490234375
-70815 3163.83203125
-70805 3159.95703125
-70795 3157.14697265625
-70785 3152.34912109375
-70775 3144.700927734375
-70765 3138.712890625
-70755 3133.073974609375
-70745 3130.0390625
-70735 3125.364013671875
-70725 3119.5400390625
-70715 3117.386962890625
-70705 3119.7451171875
-70695 3122.739013671875
-70685 3127.2919921875
-70675 3128.194091796875
-70665 3129.568115234375
-70655 3130.675048828125
-70645 3133.64794921875
-70635 3129.77197265625
-70625 3124.3798828125
-70615 3110.10791015625
-70605 3106.56005859375
-70595 3103.6279296875
-70585 3102.39794921875
-70575 3103.97705078125
-70565 3104.427978515625
-70555 3098.583984375
-70545 3086.68994140625
-70535 3068.7890625
-70525 3051.319091796875
-70515 3041.618896484375
-70505 3035.221923828125
-70495 3029.2958984375
-70485 3023.1650390625
-70475 3015.720947265625
-70465 3008.216064453125
-70455 3001.469970703125
-70445 2995.339111328125
-70435 2989.678955078125
-70425 2984.429931640625
-70415 2979.467041015625
-70405 2974.361083984375
-70395 2968.968994140625
-70385 2963.492919921875
-70375 2958.471923828125
-70365 2953.610107421875
-70355 2948.81396484375
-70345 2943.951904296875
-70335 2938.763916015625
-70325 2932.697021484375
-70315 2927.363037109375
-70305 2921.35498046875
-70295 2915.471923828125
-70285 2909.382080078125
-70275 2903.555908203125
-70265 2898.0419921875
-70255 2892.875
-70245 2888.9580078125
-70235 2883.402099609375
-70225 2879.485107421875
-70215 2876.18408203125
-70205 2873.27197265625
-70195 2871.095947265625
-70185 2870.340087890625
-70175 2868.37109375
-70165 2866.60791015625
-70155 2865.070068359375
-70145 2862.034912109375
-70135 2849.547119140625
-70125 2843.825927734375
-70115 2839.60205078125
-70105 2835.84912109375
-70095 2833.614013671875
-70085 2827.135009765625
-70075 2823.423095703125
-70065 2820.305908203125
-70055 2817.18896484375
-70045 2814.48291015625
-70035 2811.93994140625
-70025 2809.64306640625
-70015 2808.31103515625
-70005 2806.929931640625
-69995 2803.89404296875
-69985 2800.39306640625
-69975 2796.97509765625
-69965 2795.135009765625
-69955 2792.39501953125
-69945 2785.697021484375
-69935 2779.885009765625
-69925 2770.7509765625
-69915 2765.507080078125
-69905 2760.510986328125
-69895 2756.360107421875
-69885 2751.972900390625
-69875 2748.85888671875
-69865 2742.64599609375
-69855 2739.68505859375
-69845 2735.034912109375
-69835 2729.195068359375
-69825 2726.31689453125
-69815 2724.14404296875
-69805 2719.23095703125
-69795 2716.18701171875
-69785 2713.22607421875
-69775 2708.258056640625
-69765 2704.757080078125
-69755 2702.3759765625
-69745 2702.3349609375
-69735 2701.033935546875
-69725 2701.31103515625
-69715 2702.072021484375
-69705 2701.241943359375
-69695 2699.096923828125
-69685 2696.4541015625
-69675 2693.7548828125
-69665 2691.844970703125
-69655 2688.56591796875
-69645 2682.158935546875
-69635 2674.93505859375
-69625 2668.264892578125
-69615 2661.594970703125
-69605 2654.49609375
-69595 2648.2548828125
-69585 2642.20703125
-69575 2637.169921875
-69565 2633.863037109375
-69555 2629.822021484375
-69545 2624.52197265625
-69535 2618.072998046875
-69525 2612.343994140625
-69515 2607.114013671875
-69505 2602.324951171875
-69495 2599.0458984375
-69485 2595.97412109375
-69475 2591.198974609375
-69465 2589.77392578125
-69455 2591.988037109375
-69445 2590.31396484375
-69435 2589.2900390625
-69425 2585.111083984375
-69415 2579.97705078125
-69405 2574.2890625
-69395 2568.64306640625
-69385 2563.384033203125
-69375 2557.43408203125
-69365 2551.677001953125
-69355 2548.2041015625
-69345 2544.27392578125
-69335 2544.06591796875
-69325 2542.764892578125
-69315 2539.6240234375
-69305 2541.14599609375
-69295 2543.319091796875
-69285 2545.781982421875
-69275 2546.9169921875
-69265 2549.794921875
-69255 2550.944091796875
-69245 2550.846923828125
-69235 2549.68408203125
-69225 2553.781005859375
-69215 2555.31689453125
-69205 2557.35107421875
-69195 2559.510009765625
-69185 2561.18408203125
-69175 2562.070068359375
-69165 2562.594970703125
-69155 2563.093994140625
-69145 2562.9140625
-69135 2563.39794921875
-69125 2564.490966796875
-69115 2565.22509765625
-69105 2564.5048828125
-69095 2563.509033203125
-69085 2562.4990234375
-69075 2562.5400390625
-69065 2562.125
-69055 2563.868896484375
-69045 2566.318115234375
-69035 2567.535888671875
-69025 2567.327880859375
-69015 2566.345947265625
-69005 2565.639892578125
-68995 2563.800048828125
-68985 2563.1630859375
-68975 2562.096923828125
-68965 2561.26708984375
-68955 2558.666015625
-68945 2557.35107421875
-68935 2557.073974609375
-68925 2554.071044921875
-68915 2551.69091796875
-68905 2552.674072265625
-68895 2553.7939453125
-68885 2555.053955078125
-68875 2555.343994140625
-68865 2550.306884765625
-68855 2546.30810546875
-68845 2546.695068359375
-68835 2545.72705078125
-68825 2545.18701171875
-68815 2542.696044921875
-68805 2536.4970703125
-68795 2532.77392578125
-68785 2532.068115234375
-68775 2530.462890625
-68765 2530.074951171875
-68755 2529.757080078125
-68745 2530.43505859375
-68735 2533.037109375
-68725 2535.154052734375
-68715 2536.385986328125
-68705 2536.74609375
-68695 2538.5859375
-68685 2540.49609375
-68675 2543.125
-68665 2546.22509765625
-68655 2549.116943359375
-68645 2551.677001953125
-68635 2554.208984375
-68625 2556.299072265625
-68615 2557.946044921875
-68605 2559.0390625
-68595 2559.56494140625
-68585 2560.174072265625
-68575 2560.35400390625
-68565 2560.14599609375
-68555 2560.367919921875
-68545 2560.159912109375
-68535 2561.833984375
-68525 2561.18408203125
-68515 2559.31591796875
-68505 2558.4580078125
-68495 2556.962890625
-68485 2554.279052734375
-68475 2552.424072265625
-68465 2549.781005859375
-68455 2548.39697265625
-68445 2548.535888671875
-68435 2550.514892578125
-68425 2550.0029296875
-68415 2548.135009765625
-68405 2547.179931640625
-68395 2546.556884765625
-68385 2544.717041015625
-68375 2542.904052734375
-68365 2540.093994140625
-68355 2538.0048828125
-68345 2535.196044921875
-68335 2532.4970703125
-68325 2530.116943359375
-68315 2529.31396484375
-68305 2529.31396484375
-68295 2530.35205078125
-68285 2530.614990234375
-68275 2527.680908203125
-68265 2525.135009765625
-68255 2524.81689453125
-68245 2522.340087890625
-68235 2518.52099609375
-68225 2514.39697265625
-68215 2510.467041015625
-68205 2504.114990234375
-68195 2498.4970703125
-68185 2495.866943359375
-68175 2493.2099609375
-68165 2489.405029296875
-68155 2490.623046875
-68145 2486.319091796875
-68135 2482.735107421875
-68125 2481.7109375
-68115 2481.114990234375
-68105 2477.6279296875
-68095 2478.2919921875
-68085 2479.635009765625
-68075 2480.22998046875
-68065 2478.528076171875
-68055 2477.43505859375
-68045 2478.113037109375
-68035 2477.14404296875
-68025 2474.196044921875
-68015 2474.736083984375
-68005 2476.217041015625
-67995 2479.094970703125
-67985 2482.9560546875
-67975 2484.47802734375
-67965 2484.423095703125
-67955 2487.743896484375
-67945 2490.6640625
-67935 2490.303955078125
-67925 2494.843017578125
-67915 2498.81494140625
-67905 2499.93603515625
-67895 2504.72412109375
-67885 2510.659912109375
-67875 2514.798095703125
-67865 2521.537109375
-67855 2531.695068359375
-67845 2529.576904296875
-67835 2527.7509765625
-67825 2528.802001953125
-67815 2531.389892578125
-67805 2536.343994140625
-67795 2538.8349609375
-67785 2540.785888671875
-67775 2544.02392578125
-67765 2546.7919921875
-67755 2549.864013671875
-67745 2554.596923828125
-67735 2556.699951171875
-67725 2556.907958984375
-67715 2559.97998046875
-67705 2560.35400390625
-67695 2561.0869140625
-67685 2560.76904296875
-67675 2561.806884765625
-67665 2564.422119140625
-67655 2564.283935546875
-67645 2560.464111328125
-67635 2560.034912109375
-67625 2561.447021484375
-67615 2561.072998046875
-67605 2563.4541015625
-67595 2567.89599609375
-67585 2572.43505859375
-67575 2577.666015625
-67565 2584.737060546875
-67555 2585.262939453125
-67545 2587.947021484375
-67535 2587.157958984375
-67525 2586.31396484375
-67515 2585.52587890625
-67505 2587.156005859375
-67495 2590.31298828125
-67485 2594.237060546875
-67475 2592.56591796875
-67465 2594.175048828125
-67455 2595.248046875
-67445 2596.4130859375
-67435 2595.98388671875
-67425 2596.260009765625
-67415 2601.056884765625
-67405 2602.697021484375
-67395 2601.056884765625
-67385 2601.638916015625
-67375 2600.85693359375
-67365 2598.4970703125
-67355 2594.31298828125
-67345 2591.447021484375
-67335 2589.072021484375
-67325 2587.2939453125
-67315 2585.97607421875
-67305 2588.12109375
-67295 2588.27392578125
-67285 2586.926025390625
-67275 2583.660888671875
-67265 2581.010009765625
-67255 2576.886962890625
-67245 2572.533935546875
-67235 2570.818115234375
-67225 2571.2470703125
-67215 2570.08203125
-67205 2569.345947265625
-67195 2566.174072265625
-67185 2561.544921875
-67175 2559.675048828125
-67165 2558.64794921875
-67155 2555.76708984375
-67145 2553.26904296875
-67135 2550.342041015625
-67125 2546.969970703125
-67115 2546.7548828125
-67105 2547.966064453125
-67095 2550.4951171875
-67085 2554.218994140625
-67075 2557.345947265625
-67065 2557.3759765625
-67055 2557.177001953125
-67045 2557.31494140625
-67035 2559.384033203125
-67025 2562.26611328125
-67015 2566.157958984375
-67005 2573.054931640625
-66995 2575.47705078125
-66985 2575.385009765625
-66975 2576.181884765625
-66965 2574.297119140625
-66955 2573.177978515625
-66945 2570.864013671875
-66935 2570.465087890625
-66925 2567.01708984375
-66915 2566.572021484375
-66905 2567.552978515625
-66895 2567.614990234375
-66885 2568.258056640625
-66875 2569.97509765625
-66865 2570.587890625
-66855 2571.906005859375
-66845 2573.805908203125
-66835 2572.73291015625
-66825 2573.698974609375
-66815 2574.60302734375
-66805 2575.7529296875
-66795 2576.964111328125
-66785 2577.8369140625
-66775 2577.1630859375
-66765 2578.26611328125
-66755 2579.76806640625
-66745 2582.113037109375
-66735 2582.3740234375
-66725 2582.696044921875
-66715 2583.631103515625
-66705 2585.116943359375
-66695 2586.097900390625
-66685 2588.1669921875
-66675 2593.68505859375
-66665 2599.324951171875
-66655 2604.2451171875
-66645 2608.904052734375
-66635 2614.052978515625
-66625 2621.072998046875
-66615 2628.18505859375
-66605 2634.10107421875
-66595 2640.446044921875
-66585 2645.85595703125
-66575 2651.970947265625
-66565 2659.3740234375
-66555 2667.02197265625
-66545 2677.3359375
-66535 2686.1669921875
-66525 2696.280029296875
-66515 2705.263916015625
-66505 2715.89794921875
-66495 2724.330078125
-66485 2732.177001953125
-66475 2737.970947265625
-66465 2740.56103515625
-66455 2741.925048828125
-66445 2742.64501953125
-66435 2744.193115234375
-66425 2746.676025390625
-66415 2750.738037109375
-66405 2752.177978515625
-66395 2750.844970703125
-66385 2749.527099609375
-66375 2744.8369140625
-66365 2739.902099609375
-66355 2737.2958984375
-66345 2737.970947265625
-66335 2740.822021484375
-66325 2741.7099609375
-66315 2740.054931640625
-66305 2737.986083984375
-66295 2737.281005859375
-66285 2735.885986328125
-66275 2735.04296875
-66265 2735.73291015625
-66255 2737.89404296875
-66245 2740.7451171875
-66235 2744.5
-66225 2748.715087890625
-66215 2752.116943359375
-66205 2755.534912109375
-66195 2760.699951171875
-66185 2764.486083984375
-66175 2762.783935546875
-66165 2763.68798828125
-66155 2765.220947265625
-66145 2767.842041015625
-66135 2769.54296875
-66125 2769.988037109375
-66115 2769.007080078125
-66105 2768.699951171875
-66095 2769.068115234375
-66085 2771.58203125
-66075 2776.010986328125
-66065 2780.318115234375
-66055 2784.10302734375
-66045 2787.27587890625
-66035 2790.3720703125
-66025 2794.325927734375
-66015 2796.302978515625
-66005 2795.8740234375
-65995 2794.14208984375
-65985 2793.72802734375
-65975 2795.076904296875
-65965 2796.639892578125
-65955 2796.118896484375
-65945 2794.2041015625
-65935 2791.27587890625
-65925 2789.114990234375
-65915 2788.56298828125
-65905 2788.6708984375
-65895 2787.81201171875
-65885 2788.05810546875
-65875 2789.1298828125
-65865 2790.01904296875
-65855 2790.47900390625
-65845 2787.7509765625
-65835 2783.4140625
-65825 2780.778076171875
-65815 2779.552001953125
-65805 2780.072998046875
-65795 2780.056884765625
-65785 2775.965087890625
-65775 2773.1298828125
-65765 2769.89599609375
-65755 2769.35888671875
-65745 2767.18310546875
-65735 2765.696044921875
-65725 2765.450927734375
-65715 2767.35205078125
-65705 2769.389892578125
-65695 2767.873046875
-65685 2766.06396484375
-65675 2767.013916015625
-65665 2768.256103515625
-65655 2762.76904296875
-65645 2760.547119140625
-65635 2760.302001953125
-65625 2758.76904296875
-65615 2758.323974609375
-65605 2756.97607421875
-65595 2756.469970703125
-65585 2758.125
-65575 2760.178955078125
-65565 2761.8798828125
-65555 2763.197998046875
-65545 2764.6240234375
-65535 2763.243896484375
-65525 2757.236083984375
-65515 2756.455078125
-65505 2757.097900390625
-65495 2757.55810546875
-65485 2753.097900390625
-65475 2749.64990234375
-65465 2748.8369140625
-65455 2747.39599609375
-65445 2737.051025390625
-65435 2731.594970703125
-65425 2729.06591796875
-65415 2725.955078125
-65405 2721.83203125
-65395 2716.31201171875
-65385 2713.677978515625
-65375 2709.5400390625
-65365 2705.5400390625
-65355 2702.656005859375
-65345 2699.804931640625
-65335 2696.739990234375
-65325 2693.7509765625
-65315 2690.56298828125
-65305 2687.31396484375
-65295 2684.23291015625
-65285 2683.758056640625
-65275 2681.535888671875
-65265 2679.528076171875
-65255 2677.27490234375
-65245 2674.89892578125
-65235 2672.52392578125
-65225 2672.0029296875
-65215 2672.06396484375
-65205 2672.861083984375
-65195 2672.64599609375
-65185 2672.89208984375
-65175 2674.072021484375
-65165 2674.531982421875
-65155 2675.282958984375
-65145 2675.02197265625
-65135 2676.06396484375
-65125 2673.735107421875
-65115 2672.35498046875
-65105 2665.64208984375
-65095 2662.194091796875
-65085 2661.029052734375
-65075 2659.818115234375
-65065 2655.327880859375
-65055 2653.1669921875
-65045 2652.491943359375
-65035 2650.958984375
-65025 2649.97900390625
-65015 2651.2509765625
-65005 2650.64404296875
-64995 2650.5830078125
-64985 2651.889892578125
-64975 2652.137939453125
-64965 2652.633056640625
-64955 2651.43896484375
-64945 2653.376953125
-64935 2655.448974609375
-64925 2656.801025390625
-64915 2657.56689453125
-64905 2658.31005859375
-64895 2662.251953125
-64885 2665.925048828125
-64875 2669.39404296875
-64865 2675.071044921875
-64855 2677.72900390625
-64845 2680.00390625
-64835 2681.739013671875
-64825 2683.81201171875
-64815 2684.14892578125
-64805 2684.824951171875
-64795 2687.93408203125
-64785 2688.655029296875
-64775 2692.1240234375
-64765 2695.841064453125
-64755 2700.593994140625
-64745 2705.843994140625
-64735 2711.159912109375
-64725 2716.341064453125
-64715 2721.5
-64705 2726.951904296875
-64695 2732.493896484375
-64685 2739.860107421875
-64675 2745.0419921875
-64665 2748.532958984375
-64655 2741.909912109375
-64645 2720.802001953125
-64635 2710.708984375
-64625 2702.509033203125
-64615 2690.208984375
-64605 2683.044921875
-64595 2679.1259765625
-64585 2674.98095703125
-64575 2669.97900390625
-64565 2665.56396484375
-64555 2659.72900390625
-64545 2656.169921875
-64535 2647.85693359375
-64525 2646.73095703125
-64515 2619.719970703125
-64505 2608.681884765625
-64495 2602.757080078125
-64485 2596.2919921875
-64475 2590.208984375
-64465 2585.2529296875
-64455 2580.138916015625
-64445 2576.152099609375
-64435 2571.8720703125
-64425 2566.9609375
-64415 2562.861083984375
-64405 2559.50390625
-64395 2557.160888671875
-64385 2555.989990234375
-64375 2555.583984375
-64365 2554.367919921875
-64355 2552.611083984375
-64345 2550.740966796875
-64335 2550.02001953125
-64325 2552.159912109375
-64315 2546.3701171875
-64305 2541.68505859375
-64295 2536.637939453125
-64285 2532.177978515625
-64275 2528.888916015625
-64265 2528.077880859375
-64255 2527.965087890625
-64245 2526.365966796875
-64235 2524.202880859375
-64225 2519.6298828125
-64215 2518.97705078125
-64205 2520.10302734375
-64195 2523.14501953125
-64185 2515.530029296875
-64175 2510.303955078125
-64165 2501.541015625
-64155 2488.47412109375
-64145 2478.6298828125
-64135 2468.514892578125
-64125 2460.990966796875
-64115 2445.35400390625
-64105 2430.14990234375
-64095 2422.220947265625
-64085 2413.570068359375
-64075 2407.781005859375
-64065 2402.7119140625
-64055 2397.508056640625
-64045 2391.718017578125
-64035 2380.927978515625
-64025 2365.5859375
-64015 2357.52099609375
-64005 2349.095947265625
-63995 2341.68505859375
-63985 2333.259033203125
-63975 2326.950927734375
-63965 2315.7099609375
-63955 2305.97802734375
-63945 2296.60400390625
-63935 2288.721923828125
-63925 2281.531982421875
-63915 2274.43994140625
-63905 2267.2529296875
-63895 2259.5
-63885 2251.259033203125
-63875 2243.73388671875
-63865 2236.22900390625
-63855 2229.31298828125
-63845 2223.751953125
-63835 2218.52294921875
-63825 2213.9951171875
-63815 2208.5458984375
-63805 2207.735107421875
-63795 2198.048095703125
-63785 2183.718017578125
-63775 2176.826904296875
-63765 2171.68798828125
-63755 2168.467041015625
-63745 2165.56396484375
-63735 2157.135009765625
-63725 2147.31298828125
-63715 2139.927001953125
-63705 2131.18701171875
-63695 2123.368896484375
-63685 2116.452880859375
-63675 2108.318115234375
-63665 2102.123046875
-63655 2095.367919921875
-63645 2092.637939453125
-63635 2088.447998046875
-63625 2084.16796875
-63615 2079.97802734375
-63605 2076.9169921875
-63595 2076.0810546875
-63585 2076.93701171875
-63575 2074.322998046875
-63565 2073.31005859375
-63555 2074.458984375
-63545 2075.60791015625
-63535 2070.448974609375
-63525 2065.85302734375
-63515 2062.339111328125
-63505 2057.541015625
-63495 2053.034912109375
-63485 2049.72705078125
-63475 2034.1820068359375
-63465 2012.98095703125
-63455 2007.9119873046875
-63445 2004.1949462890625
-63435 2002.4830322265625
-63425 2006.5379638671875
-63415 2010.2550048828125
-63405 2011.967041015625
-63395 2015.5489501953125
-63385 2018.3199462890625
-63375 2023.5689697265625
-63365 2023.343994140625
-63355 2023.2760009765625
-63345 2016.5179443359375
-63335 2012.9129638671875
-63325 2014.6700439453125
-63315 2013.052001953125
-63305 2017.489990234375
-63295 2030.1920166015625
-63285 2033.008056640625
-63275 2034.31396484375
-63265 2034.449951171875
-63255 2032.760009765625
-63245 2036.7249755859375
-63235 2037.6490478515625
-63225 2037.7840576171875
-63215 2033.4580078125
-63205 2033.1199951171875
-63195 2032.133056640625
-63185 2028.8890380859375
-63175 2026.677978515625
-63165 2025.7989501953125
-63155 2024.762939453125
-63145 2023.614013671875
-63135 2023.6590576171875
-63125 2024.6280517578125
-63115 2023.321044921875
-63105 2021.4510498046875
-63095 2020.2120361328125
-63085 2020.7080078125
-63075 2020.2349853515625
-63065 2021.2939453125
-63055 2022.4649658203125
-63045 2024.3349609375
-63035 2022.2850341796875
-63025 2017.0159912109375
-63015 2011.26904296875
-63005 2009.60205078125
-62995 2007.259033203125
-62985 2003.6090087890625
-62975 2001.01904296875
-62965 1996.1300048828125
-62955 1989.781005859375
-62945 1983.762939453125
-62935 1981.1529541015625
-62925 1980.56396484375
-62915 1980.56396484375
-62905 1980.56396484375
-62895 1980.698974609375
-62885 1980.85595703125
-62875 1983.3570556640625
-62865 1985.81298828125
-62855 1987.5469970703125
-62845 1990.656005859375
-62835 1991.9849853515625
-62825 1992.8189697265625
-62815 1993.6300048828125
-62805 1993.85498046875
-62795 1993.2919921875
-62785 1991.60205078125
-62775 1989.844970703125
-62765 1986.510986328125
-62755 1983.3570556640625
-62745 1976.958984375
-62735 1969.3709716796875
-62725 1960.2889404296875
-62715 1947.02001953125
-62705 1941.7030029296875
-62695 1936.949951171875
-62685 1934.697021484375
-62675 1931.0250244140625
-62665 1928.636962890625
-62655 1926.4520263671875
-62645 1923.9520263671875
-62635 1919.739013671875
-62625 1913.7239990234375
-62615 1908.926025390625
-62605 1903.2939453125
-62595 1896.8060302734375
-62585 1890.81396484375
-62575 1884.8890380859375
-62565 1878.9189453125
-62555 1872.4759521484375
-62545 1864.4110107421875
-62535 1856.3690185546875
-62525 1848.1240234375
-62515 1841.79296875
-62505 1834.5679931640625
-62495 1828.074951171875
-62485 1820.7139892578125
-62475 1813.77294921875
-62465 1803.551025390625
-62455 1797.282958984375
-62445 1788.239013671875
-62435 1778.6259765625
-62425 1775.386962890625
-62415 1762.240966796875
-62405 1751.219970703125
-62395 1744.405029296875
-62385 1735.949951171875
-62375 1728.251953125
-62365 1718.7449951171875
-62355 1710.66796875
-62345 1702.4439697265625
-62335 1694.282958984375
-62325 1687.720947265625
-62315 1679.0970458984375
-62305 1671.3780517578125
-62295 1664.8580322265625
-62285 1658.842041015625
-62275 1648.4100341796875
-62265 1638.041015625
-62255 1629.9010009765625
-62245 1621.572021484375
-62235 1615.5980224609375
-62225 1606.7430419921875
-62215 1597.782958984375
-62205 1590.4420166015625
-62195 1579.02099609375
-62185 1576.1400146484375
-62175 1575.425048828125
-62165 1570.6080322265625
-62155 1564.487060546875
-62145 1558.7239990234375
-62135 1551.0260009765625
-62125 1542.4239501953125
-62115 1531.4229736328125
-62105 1519.3919677734375
-62095 1507.0880126953125
-62085 1501.303955078125
-62075 1494.719970703125
-62065 1488.5789794921875
-62055 1481.301025390625
-62045 1474.739013671875
-62035 1464.89501953125
-62025 1458.5009765625
-62015 1450.635009765625
-62005 1443.7149658203125
-61995 1436.0169677734375
-61985 1432.6300048828125
-61975 1442.094970703125
-61965 1447.68994140625
-61955 1456.7550048828125
-61945 1462.498046875
-61935 1469.8170166015625
-61925 1479.239990234375
-61915 1485.0450439453125
-61905 1488.873046875
-61895 1494.300048828125
-61885 1493.7950439453125
-61875 1491.10302734375
-61865 1483.552001953125
-61855 1475.1600341796875
-61845 1468.6180419921875
-61835 1462.89697265625
-61825 1463.3389892578125
-61815 1468.9339599609375
-61805 1472.824951171875
-61795 1479.5340576171875
-61785 1482.3740234375
-61775 1481.6800537109375
-61765 1488.4530029296875
-61755 1496.0240478515625
-61745 1500.5679931640625
-61735 1502.9439697265625
-61725 1503.7440185546875
-61715 1501.282958984375
-61705 1499.2850341796875
-61695 1494.9730224609375
-61685 1490.366943359375
-61675 1488.094970703125
-61665 1487.02197265625
-61655 1487.822021484375
-61645 1489.6090087890625
-61635 1492.0909423828125
-61625 1495.68798828125
-61615 1500.083984375
-61605 1504.31201171875
-61595 1510.3270263671875
-61585 1515.8800048828125
-61575 1520.990966796875
-61565 1524.7979736328125
-61555 1528.2679443359375
-61545 1532.6219482421875
-61535 1537.52294921875
-61525 1542.906982421875
-61515 1545.85205078125
-61505 1550.2060546875
-61495 1553.2139892578125
-61485 1555.822021484375
-61475 1558.387939453125
-61465 1559.8179931640625
-61455 1560.553955078125
-61445 1562.468017578125
-61435 1564.718994140625
-61425 1566.3380126953125
-61415 1569.114990234375
-61405 1572.375
-61395 1577.696044921875
-61385 1582.302978515625
-61375 1587.498046875
-61365 1593.177001953125
-61355 1598.0560302734375
-61345 1602.052978515625
-61335 1605.25
-61325 1609.0360107421875
-61315 1612.02197265625
-61305 1614.16796875
-61295 1619.531005859375
-61285 1624.031982421875
-61275 1626.7039794921875
-61265 1628.322998046875
-61255 1631.541015625
-61245 1634.001953125
-61235 1636.5260009765625
-61225 1638.9449462890625
-61215 1639.029052734375
-61205 1639.302001953125
-61195 1641.385009765625
-61185 1644.68701171875
-61175 1649.376953125
-61165 1655.0140380859375
-61155 1662.1240234375
-61145 1667.2139892578125
-61135 1669.4429931640625
-61125 1673.6920166015625
-61115 1679.3709716796875
-61105 1684.31298828125
-61095 1685.5970458984375
-61085 1692.6429443359375
-61075 1700.2149658203125
-61065 1703.93798828125
-61055 1708.0810546875
-61045 1711.782958984375
-61035 1711.761962890625
-61025 1711.2359619140625
-61015 1713.487060546875
-61005 1720.574951171875
-60995 1723.4139404296875
-60985 1722.677978515625
-60975 1723.0780029296875
-60965 1724.928955078125
-60955 1727.873046875
-60945 1729.9560546875
-60935 1733.9310302734375
-60925 1737.675048828125
-60915 1741.6500244140625
-60905 1743.47998046875
-60895 1746.2769775390625
-60885 1750.8409423828125
-60875 1754.6910400390625
-60865 1758.68701171875
-60855 1761.5469970703125
-60845 1764.156005859375
-60835 1766.175048828125
-60825 1767.6259765625
-60815 1772.02197265625
-60805 1775.407958984375
-60795 1780.3509521484375
-60785 1783.2540283203125
-60775 1782.7490234375
-60765 1784.199951171875
-60755 1786.177001953125
-60745 1787.6710205078125
-60735 1789.68994140625
-60725 1791.2669677734375
-60715 1792.865966796875
-60705 1796.883056640625
-60695 1800.47998046875
-60685 1799.260009765625
-60675 1804.1400146484375
-60665 1809.5030517578125
-60655 1815.85498046875
-60645 1821.050048828125
-60635 1825.2149658203125
-60625 1828.3489990234375
-60615 1832.386962890625
-60605 1835.3740234375
-60595 1837.2039794921875
-60585 1840.18994140625
-60575 1844.35498046875
-60565 1849.4659423828125
-60555 1855.9019775390625
-60545 1858.510009765625
-60535 1860.3399658203125
-60525 1862.885009765625
-60515 1866.6290283203125
-60505 1870.31005859375
-60495 1874.137939453125
-60485 1877.7559814453125
-60475 1881.5
-60465 1881.7939453125
-60455 1883.51904296875
-60445 1885.7900390625
-60435 1888.5250244140625
-60425 1891.343017578125
-60415 1893.656982421875
-60405 1895.4659423828125
-60395 1899.5250244140625
-60385 1901.8809814453125
-60375 1900.6400146484375
-60365 1902.7220458984375
-60355 1904.9520263671875
-60345 1907.0760498046875
-60335 1911.4720458984375
-60325 1916.52001953125
-60315 1918.3289794921875
-60305 1922.7039794921875
-60295 1926.762939453125
-60285 1931.3690185546875
-60275 1936.8800048828125
-60265 1942.5379638671875
-60255 1949.2900390625
-60245 1956.5880126953125
-60235 1963.3189697265625
-60225 1968.8709716796875
-60215 1974.1510009765625
-60205 1979.5560302734375
-60195 1984.68798828125
-60185 1988.5579833984375
-60175 1991.35595703125
-60165 1994.468994140625
-60155 1998.864990234375
-60145 2000.5260009765625
-60135 2002.1669921875
-60125 2004.8170166015625
-60115 2007.1729736328125
-60105 2008.1820068359375
-60095 2009.1710205078125
-60085 2010.791015625
-60075 2011.4849853515625
-60065 2014.051025390625
-60055 2017.5
-60045 2020.3609619140625
-60035 2023.5369873046875
-60025 2027.595947265625
-60015 2030.0780029296875
-60005 2033.2139892578125
-59995 2039.218994140625
-59985 2044.0040283203125
-59975 2047.0269775390625
-59965 2051.248046875
-59955 2053.922119140625
-59945 2055.52294921875
-59935 2057.31201171875
-59925 2059.950927734375
-59915 2063.18798828125
-59905 2066.820068359375
-59895 2069.530029296875
-59885 2072.596923828125
-59875 2076.381103515625
-59865 2079.153076171875
-59855 2081.9970703125
-59845 2084.341064453125
-59835 2084.993896484375
-59825 2084.635986328125
-59815 2084.8330078125
-59805 2084.2958984375
-59795 2084.77001953125
-59785 2085.431884765625
-59775 2086.27197265625
-59765 2093.2041015625
-59755 2098.489990234375
-59745 2103.9990234375
-59735 2110.09912109375
-59725 2114.195068359375
-59715 2113.364013671875
-59705 2114.76806640625
-59695 2115.58203125
-59685 2116.172119140625
-59675 2116.87890625
-59665 2116.949951171875
-59655 2118.076904296875
-59645 2120.885009765625
-59635 2123.238037109375
-59625 2125.214111328125
-59615 2128.756103515625
-59605 2130.490966796875
-59595 2131.805908203125
-59585 2131.20703125
-59575 2132.75390625
-59565 2133.37109375
-59555 2133.112060546875
-59545 2133.281982421875
-59535 2133.37109375
-59525 2134.1669921875
-59515 2133.719970703125
-59505 2133.576904296875
-59495 2131.33203125
-59485 2130.553955078125
-59475 2129.320068359375
-59465 2127.656005859375
-59455 2126.0458984375
-59445 2125.071044921875
-59435 2123.613037109375
-59425 2122.44189453125
-59415 2123.7919921875
-59405 2124.132080078125
-59395 2119.48095703125
-59385 2114.802978515625
-59375 2112.049072265625
-59365 2109.214111328125
-59355 2106.030029296875
-59345 2104.965087890625
-59335 2104.903076171875
-59325 2106.055908203125
-59315 2103.077880859375
-59305 2099.428955078125
-59295 2096.60302734375
-59285 2096.14599609375
-59275 2091.2451171875
-59265 2088.634033203125
-59255 2085.2080078125
-59245 2081.881103515625
-59235 2080.306884765625
-59225 2076.764892578125
-59215 2075.030029296875
-59205 2067.759033203125
-59195 2058.197998046875
-59185 2042.5899658203125
-59175 2045.6669921875
-59165 2054.136962890625
-59155 2054.77197265625
-59145 2049.6201171875
-59135 2044.781982421875
-59125 2040.6500244140625
-59115 2035.0059814453125
-59105 2029.1839599609375
-59095 2021.5279541015625
-59085 2007.4949951171875
-59075 1976.718994140625
-59065 1962.7750244140625
-59055 1931.2659912109375
-59045 1913.574951171875
-59035 1910.1610107421875
-59025 1906.949951171875
-59015 1900.43896484375
-59005 1899.75
-58995 1895.884033203125
-58985 1892.39794921875
-58975 1888.5439453125
-58965 1883.9820556640625
-58955 1879.51904296875
-58945 1872.552001953125
-58935 1868.259033203125
-58925 1861.2740478515625
-58915 1854.2530517578125
-58905 1846.989990234375
-58895 1841.508056640625
-58885 1835.873046875
-58875 1831.35595703125
-58865 1828.2969970703125
-58855 1825.8380126953125
-58845 1824.988037109375
-58835 1821.1689453125
-58825 1818.52197265625
-58815 1815.0340576171875
-58805 1811.2149658203125
-58795 1807.4940185546875
-58785 1804.739013671875
-58775 1801.33203125
-58765 1797.9329833984375
-58755 1794.989990234375
-58745 1792.218017578125
-58735 1788.2650146484375
-58725 1784.7230224609375
-58715 1781.323974609375
-58705 1778.4530029296875
-58695 1775.01904296875
-58685 1771.64697265625
-58675 1768.4720458984375
-58665 1764.7509765625
-58655 1760.949951171875
-58645 1759.6710205078125
-58635 1760.072998046875
-58625 1758.9019775390625
-58615 1760.02001953125
-58605 1759.51904296875
-58595 1760.323974609375
-58585 1760.4580078125
-58575 1760.5560302734375
-58565 1760.4219970703125
-58555 1762.7919921875
-58545 1765.761962890625
-58535 1768.883056640625
-58525 1773.802001953125
-58515 1777.9520263671875
-58505 1781.6910400390625
-58495 1786.77099609375
-58485 1792.7010498046875
-58475 1798.97900390625
-58465 1805.56201171875
-58455 1810.8570556640625
-58445 1816.009033203125
-58435 1820.373046875
-58425 1824.781982421875
-58415 1828.2440185546875
-58405 1833.1180419921875
-58395 1835.91796875
-58385 1840.3179931640625
-58375 1846.7490234375
-58365 1851.6590576171875
-58355 1855.906982421875
-58345 1858.89501953125
-58335 1863.2769775390625
-58325 1870.2979736328125
-58315 1876.8809814453125
-58305 1882.614013671875
-58295 1887.238037109375
-58285 1895.2340087890625
-58275 1899.9739990234375
-58265 1907.862060546875
-58255 1914.863037109375
-58245 1919.8199462890625
-58235 1924.301025390625
-58225 1932.3509521484375
-58215 1938.72802734375
-58205 1940.2569580078125
-58195 1949.14501953125
-58185 1959.5400390625
-58175 1969.7960205078125
-58165 1982.8900146484375
-58155 1990.7430419921875
-58145 1996.5560302734375
-58135 2002.6650390625
-58125 2014.748046875
-58115 2022.8160400390625
-58105 2033.0469970703125
-58095 2042.5989990234375
-58085 2048.448974609375
-58075 2059.010986328125
-58065 2065.666015625
-58055 2074.717041015625
-58045 2078.339111328125
-58035 2068.966064453125
-58025 2067.3291015625
-58015 2067.60693359375
-58005 2073.447021484375
-57995 2081.5048828125
-57985 2094.662109375
-57975 2106.055908203125
-57965 2110.805908203125
-57955 2115.14404296875
-57945 2119.4990234375
-57935 2123.613037109375
-57925 2125.322021484375
-57915 2131.967041015625
-57905 2138.083984375
-57895 2144.18408203125
-57885 2150.22998046875
-57875 2154.989013671875
-57865 2159.2099609375
-57855 2161.01708984375
-57845 2165.444091796875
-57835 2166.26708984375
-57825 2167.2060546875
-57815 2166.947021484375
-57805 2167.93896484375
-57795 2169.18310546875
-57785 2169.99609375
-57775 2171.06103515625
-57765 2172.160888671875
-57755 2173.698974609375
-57745 2177.089111328125
-57735 2178.01904296875
-57725 2181.283935546875
-57715 2181.739990234375
-57705 2183.197998046875
-57695 2183.885986328125
-57685 2184.799072265625
-57675 2185.174072265625
-57665 2187.464111328125
-57655 2188.742919921875
-57645 2191.802001953125
-57635 2196.138916015625
-57625 2213.589111328125
-57615 2220.422119140625
-57605 2227.24609375
-57595 2232.35302734375
-57585 2236.342041015625
-57575 2240.23291015625
-57565 2243.8369140625
-57555 2247.199951171875
-57545 2250.662109375
-57535 2254.051025390625
-57525 2256.875
-57515 2259.7490234375
-57505 2263.19189453125
-57495 2266.56396484375
-57485 2268.577880859375
-57475 2271.083984375
-57465 2273.47509765625
-57455 2273.736083984375
-57445 2274.169921875
-57435 2276.677001953125
-57425 2277.56103515625
-57415 2279.284912109375
-57405 2281.2119140625
-57395 2281.22607421875
-57385 2281.544921875
-57375 2282.965087890625
-57365 2284.876953125
-57355 2285.717041015625
-57345 2286.325927734375
-57335 2286.905029296875
-57325 2285.93505859375
-57315 2285.803955078125
-57305 2285.702880859375
-57295 2285.992919921875
-57285 2285.862060546875
-57275 2286.02099609375
-57265 2286.513916015625
-57255 2286.093994140625
-57245 2285.876953125
-57235 2287.760009765625
-57225 2289.77392578125
-57215 2293.570068359375
-57205 2298.10400390625
-57195 2301.85693359375
-57185 2305.653076171875
-57175 2310.52099609375
-57165 2318.069091796875
-57155 2336.743896484375
-57145 2342.090087890625
-57135 2344.68310546875
-57125 2349.72509765625
-57115 2353.635986328125
-57105 2357.447021484375
-57095 2359.010986328125
-57085 2361.257080078125
-57075 2363.0830078125
-57065 2362.905029296875
-57055 2362.386962890625
-57045 2362.634033203125
-57035 2362.64794921875
-57025 2362.14111328125
-57015 2361.735107421875
-57005 2362.69091796875
-56995 2363.56103515625
-56985 2364.416015625
-56975 2365.531005859375
-56965 2366.64697265625
-56955 2366.35693359375
-56945 2368.64599609375
-56935 2374.528076171875
-56925 2377.033935546875
-56915 2379.43896484375
-56905 2381.3369140625
-56895 2383.43798828125
-56885 2384.491943359375
-56875 2386.35009765625
-56865 2388.0849609375
-56855 2388.827880859375
-56845 2389.594970703125
-56835 2387.654052734375
-56825 2387.073974609375
-56815 2386.756103515625
-56805 2387.654052734375
-56795 2389.14599609375
-56785 2390.56591796875
-56775 2392.797119140625
-56765 2393.9130859375
-56755 2397.0859375
-56745 2400.011962890625
-56735 2402.576904296875
-56725 2406.9951171875
-56715 2410.06298828125
-56705 2412.68896484375
-56695 2415.035888671875
-56685 2417.947998046875
-56675 2421.35302734375
-56665 2424.699951171875
-56655 2428.3359375
-56645 2432.5380859375
-56635 2436.260986328125
-56625 2440.114990234375
-56615 2444.447021484375
-56605 2448.64501953125
-56595 2453.616943359375
-56585 2458.051025390625
-56575 2462.81689453125
-56565 2467.10595703125
-56555 2471.784912109375
-56545 2475.465087890625
-56535 2478.202880859375
-56525 2483.0859375
-56515 2490.22802734375
-56505 2495.256103515625
-56495 2501.25390625
-56485 2504.52392578125
-56475 2509.10205078125
-56465 2516.012939453125
-56455 2518.087890625
-56445 2520.85595703125
-56435 2528.89599609375
-56425 2532.547119140625
-56415 2533.152099609375
-56405 2534.89501953125
-56395 2538.64697265625
-56385 2541.743896484375
-56375 2542.177978515625
-56365 2545.090087890625
-56355 2548.3359375
-56345 2551.2080078125
-56335 2555.177001953125
-56325 2559.22998046875
-56315 2562.72607421875
-56305 2566.89501953125
-56295 2569.950927734375
-56285 2573.965087890625
-56275 2577.674072265625
-56265 2581.5419921875
-56255 2585.597900390625
-56245 2588.948974609375
-56235 2593.251953125
-56225 2597.593994140625
-56215 2602.056884765625
-56205 2606.971923828125
-56195 2612.385986328125
-56185 2618.239990234375
-56175 2623.802978515625
-56165 2630.00390625
-56155 2636.06005859375
-56145 2642.303955078125
-56135 2648.073974609375
-56125 2654.386962890625
-56115 2661.181884765625
-56105 2667.64306640625
-56095 2674.365966796875
-56085 2681.363037109375
-56075 2688.6650390625
-56065 2696.531982421875
-56055 2703.89208984375
-56045 2711.498046875
-56035 2718.757080078125
-56025 2726.23193359375
-56015 2734.302001953125
-56005 2744.16796875
-55995 2752.15087890625
-55985 2759.322998046875
-55975 2766.943115234375
-55965 2774.447998046875
-55955 2782.531982421875
-55945 2789.9208984375
-55935 2801.77197265625
-55925 2817.23095703125
-55915 2822.14208984375
-55905 2845.656005859375
-55895 2864.243896484375
-55885 2874.471923828125
-55875 2881.0791015625
-55865 2873.8349609375
-55855 2865.822998046875
-55845 2858.1298828125
-55835 2850.7119140625
-55825 2843.4541015625
-55815 2835.35498046875
-55805 2825.763916015625
-55795 2815.462890625
-55785 2810.782958984375
-55775 2802.801025390625
-55765 2787.444091796875
-55755 2780.083984375
-55745 2773.2890625
-55735 2768.6240234375
-55725 2762.451904296875
-55715 2757.177978515625
-55705 2753.64306640625
-55695 2748.093994140625
-55685 2740.531982421875
-55675 2733.012939453125
-55665 2729.462890625
-55655 2726.825927734375
-55645 2724.95703125
-55635 2724.6669921875
-55625 2725.218017578125
-55615 2725.363037109375
-55605 2725.2041015625
-55595 2722.47998046875
-55585 2720.2919921875
-55575 2721.2490234375
-55565 2717.5400390625
-55555 2713.989990234375
-55545 2715.076904296875
-55535 2716.39501953125
-55525 2715.236083984375
-55515 2714.758056640625
-55505 2715.510986328125
-55495 2714.77197265625
-55485 2717.68408203125
-55475 2721.3349609375
-55465 2722.72607421875
-55455 2721.450927734375
-55445 2723.291015625
-55435 2725.087890625
-55425 2723.422119140625
-55415 2722.552001953125
-55405 2723.39306640625
-55395 2724.2041015625
-55385 2724.132080078125
-55375 2725.551025390625
-55365 2728.04296875
-55355 2729.346923828125
-55345 2727.593994140625
-55335 2724.72607421875
-55325 2721.277099609375
-55315 2717.757080078125
-55305 2713.903076171875
-55295 2710.614013671875
-55285 2707.22412109375
-55275 2704.181884765625
-55265 2700.501953125
-55255 2697.7490234375
-55245 2695.301025390625
-55235 2693.75
-55225 2690.7080078125
-55215 2688.60693359375
-55205 2685.27490234375
-55195 2681.943115234375
-55185 2681.10302734375
-55175 2678.657958984375
-55165 2675.669921875
-55155 2673.510986328125
-55145 2669.06298828125
-55135 2666.10791015625
-55125 2664.324951171875
-55115 2662.470947265625
-55105 2660.572998046875
-55095 2659.761962890625
-55085 2658.345947265625
-55075 2656.447998046875
-55065 2655.18408203125
-55055 2653.343994140625
-55045 2649.837890625
-55035 2650.242919921875
-55025 2652.376953125
-55015 2653.89404296875
-55005 2655.139892578125
-54995 2654.785888671875
-54985 2652.5390625
-54975 2648.819091796875
-54965 2647.09912109375
-54955 2646.52001953125
-54945 2645.8349609375
-54935 2645.60693359375
-54925 2644.905029296875
-54915 2644.238037109375
-54905 2644.37890625
-54895 2645.0458984375
-54885 2645.923095703125
-54875 2648.819091796875
-54865 2649.714111328125
-54855 2651.43408203125
-54845 2655.55810546875
-54835 2660.593994140625
-54825 2664.89404296875
-54815 2669.194091796875
-54805 2673.22998046875
-54795 2677.530029296875
-54785 2681.531005859375
-54775 2685.742919921875
-54765 2690.27099609375
-54755 2694.95703125
-54745 2699.764892578125
-54735 2703.52099609375
-54725 2694.676025390625
-54715 2685.883056640625
-54705 2678.548095703125
-54695 2674.02001953125
-54685 2667.052978515625
-54675 2658.89208984375
-54665 2651.784912109375
-54655 2643.9580078125
-54645 2631.23388671875
-54635 2619.423095703125
-54625 2608.7880859375
-54615 2601.73291015625
-54605 2598.662109375
-54595 2591.782958984375
-54585 2591.532958984375
-54575 2575.089111328125
-54565 2522.37109375
-54555 2514.928955078125
-54545 2495.39697265625
-54535 2485.797119140625
-54525 2476.512939453125
-54515 2466.300048828125
-54505 2457.0859375
-54495 2449.837890625
-54485 2446.39794921875
-54475 2443.116943359375
-54465 2437.238037109375
-54455 2429.375
-54445 2422.64990234375
-54435 2410.155029296875
-54425 2400.43310546875
-54415 2393.85205078125
-54405 2386.410888671875
-54395 2378.4599609375
-54385 2369.0009765625
-54375 2362.7890625
-54365 2354.172119140625
-54355 2347.555908203125
-54345 2339.93896484375
-54335 2329.093994140625
-54325 2317.47607421875
-54315 2305.27490234375
-54305 2293.693115234375
-54295 2282.0048828125
-54285 2268.404052734375
-54275 2257.43505859375
-54265 2243.324951171875
-54255 2231.26904296875
-54245 2218.281982421875
-54235 2206.155029296875
-54225 2197.486083984375
-54215 2188.114990234375
-54205 2181.48095703125
-54195 2170.10888671875
-54185 2163.035888671875
-54175 2147.133056640625
-54165 2137.1650390625
-54155 2130.443115234375
-54145 2123.125
-54135 2116.860107421875
-54125 2108.41796875
-54115 2097.010986328125
-54105 2079.1630859375
-54095 2061.912109375
-54085 2042.06298828125
-54075 2025.5670166015625
-54065 2012.5059814453125
-54055 2001.4539794921875
-54045 1981.864990234375
-54035 1970.4930419921875
-54025 1961.9639892578125
-54015 1957.137939453125
-54005 1951.75
-53995 1946.801025390625
-53985 1942.8349609375
-53975 1939.6929931640625
-53965 1937.27099609375
-53955 1937.06103515625
-53945 1936.5169677734375
-53935 1936.6219482421875
-53925 1935.9029541015625
-53915 1936.218994140625
-53905 1936.06103515625
-53895 1935.81494140625
-53885 1935.83203125
-53875 1935.6739501953125
-53865 1935.5159912109375
-53855 1935.4110107421875
-53845 1935.1829833984375
-53835 1935.322998046875
-53825 1935.5340576171875
-53815 1938.39501953125
-53805 1941.0970458984375
-53795 1944.291015625
-53785 1946.782958984375
-53775 1951.6619873046875
-53765 1956.7159423828125
-53755 1962.718017578125
-53745 1969.35205078125
-53735 1976.4949951171875
-53725 1984.198974609375
-53715 1993.4339599609375
-53705 2005.051025390625
-53695 2011.875
-53685 2018.3709716796875
-53675 2024.302978515625
-53665 2030.1300048828125
-53655 2036.1490478515625
-53645 2042.134033203125
-53635 2049.012939453125
-53625 2054.840087890625
-53615 2062.823974609375
-53605 2069.35302734375
-53595 2078.969970703125
-53585 2085.3759765625
-53575 2090.2900390625
-53565 2095.8349609375
-53555 2101.76708984375
-53545 2108.3310546875
-53535 2114.947021484375
-53525 2123.826904296875
-53515 2136.677001953125
-53505 2148.72998046875
-53495 2151.554931640625
-53485 2156.508056640625
-53475 2177.672119140625
-53465 2190.202880859375
-53455 2198.327880859375
-53445 2204.347900390625
-53435 2213.876953125
-53425 2223.23095703125
-53415 2232.778076171875
-53405 2238.81494140625
-53395 2247.764892578125
-53385 2261.2958984375
-53375 2269.281005859375
-53365 2273.98388671875
-53355 2280.7939453125
-53345 2286.7958984375
-53335 2292.447021484375
-53325 2301.908935546875
-53315 2323.9169921875
-53305 2330.27001953125
-53295 2335.02490234375
-53285 2338.885986328125
-53275 2344.554931640625
-53265 2350.76708984375
-53255 2356.383056640625
-53245 2362.35009765625
-53235 2369.35205078125
-53225 2376.4951171875
-53215 2383.60302734375
-53205 2388.903076171875
-53195 2394.535888671875
-53185 2398.97607421875
-53175 2402.344970703125
-53165 2404.697021484375
-53155 2408.575927734375
-53145 2412.927978515625
-53135 2418.14404296875
-53125 2423.702880859375
-53115 2429.568115234375
-53105 2435.777099609375
-53095 2440.800048828125
-53085 2447.222900390625
-53075 2453.909912109375
-53065 2460.139892578125
-53055 2467.281982421875
-53045 2474.056884765625
-53035 2481.05908203125
-53025 2487.675048828125
-53015 2494.625
-53005 2501.153076171875
-52995 2508.787109375
-52985 2515.632080078125
-52975 2522.65087890625
-52965 2529.337890625
-52955 2536.1650390625
-52945 2542.904052734375
-52935 2549.27392578125
-52925 2555.50390625
-52915 2560.822021484375
-52905 2566.493896484375
-52895 2580.0380859375
-52885 2605.0849609375
-52875 2637.218994140625
-52865 2665.367919921875
-52855 2678.1259765625
-52845 2693.095947265625
-52835 2699.431884765625
-52825 2705.64794921875
-52815 2710.803955078125
-52805 2716.261962890625
-52795 2720.705078125
-52785 2725.3740234375
-52775 2720.98193359375
-52765 2713.156005859375
-52755 2708.85595703125
-52745 2706.52197265625
-52735 2703.156005859375
-52725 2699.803955078125
-52715 2694.81591796875
-52705 2690.919921875
-52695 2687.760986328125
-52685 2685.287109375
-52675 2683.427001953125
-52665 2684.39208984375
-52655 2687.743896484375
-52645 2691.85009765625
-52635 2694.81591796875
-52625 2696.571044921875
-52615 2697.4140625
-52605 2697.60595703125
-52595 2695.096923828125
-52585 2692.376953125
-52575 2691.48193359375
-52565 2690.72705078125
-52555 2692.693115234375
-52545 2689.410888671875
-52535 2686.760986328125
-52525 2686.02392578125
-52515 2686.884033203125
-52505 2687.5400390625
-52495 2689.656982421875
-52485 2693.58203125
-52475 2696.376953125
-52465 2697.257080078125
-52455 2698.1669921875
-52445 2699.427978515625
-52435 2700.760009765625
-52425 2699.89794921875
-52415 2699.73095703125
-52405 2700.6708984375
-52395 2704.340087890625
-52385 2708.5390625
-52375 2712.677978515625
-52365 2713.468994140625
-52355 2714.112060546875
-52345 2715.97900390625
-52335 2719.719970703125
-52325 2723.6630859375
-52315 2728.25390625
-52305 2732.863037109375
-52295 2738.054931640625
-52285 2742.35498046875
-52275 2746.280029296875
-52265 2751.7041015625
-52255 2755.373046875
-52245 2760.469970703125
-52235 2765.239013671875
-52225 2769.89599609375
-52215 2774.80810546875
-52205 2779.708984375
-52195 2784.929931640625
-52185 2790.805908203125
-52175 2796.740966796875
-52165 2798.91796875
-52155 2802.802001953125
-52145 2807.422119140625
-52135 2812.54296875
-52125 2816.669921875
-52115 2820.1201171875
-52105 2823.361083984375
-52095 2826.3701171875
-52085 2829.1298828125
-52075 2831.9189453125
-52065 2834.571044921875
-52055 2837.1640625
-52045 2840.0419921875
-52035 2843.4150390625
-52025 2847.56005859375
-52015 2851.264892578125
-52005 2855.094970703125
-51995 2858.705078125
-51985 2862.446044921875
-51975 2866.68603515625
-51965 2871.014892578125
-51955 2876.468994140625
-51945 2891.64599609375
-51935 2899.49609375
-51925 2907.06103515625
-51915 2913.4599609375
-51905 2919.818115234375
-51895 2925.123046875
-51885 2932.152099609375
-51875 2952.47412109375
-51865 3016.35205078125
-51855 3034.876953125
-51845 3046.510009765625
-51835 3056.64990234375
-51825 3067.3310546875
-51815 3089.0380859375
-51805 3099.70703125
-51795 3099.837890625
-51785 3104.9169921875
-51775 3110.216064453125
-51765 3116.198974609375
-51755 3128.652099609375
-51745 3140.159912109375
-51735 3144.840087890625
-51725 3150.221923828125
-51715 3151.739013671875
-51705 3154.498046875
-51695 3157.62109375
-51685 3159.52392578125
-51675 3160.321044921875
-51665 3160.820068359375
-51655 3161.873046875
-51645 3165.489013671875
-51635 3170.471923828125
-51625 3174.945068359375
-51615 3178.072998046875
-51605 3179.969970703125
-51595 3185.281005859375
-51585 3187.3798828125
-51575 3189.657958984375
-51565 3192.083984375
-51555 3194.73095703125
-51545 3197.64501953125
-51535 3200.719970703125
-51525 3203.64599609375
-51515 3206.47705078125
-51505 3209.361083984375
-51495 3212.14990234375
-51485 3214.968994140625
-51475 3217.47900390625
-51465 3220.14892578125
-51455 3223.18798828125
-51445 3226.507080078125
-51435 3230.22900390625
-51425 3234.071044921875
-51415 3237.99609375
-51405 3241.797119140625
-51395 3245.1689453125
-51385 3248.450927734375
-51375 3251.443115234375
-51365 3254.238037109375
-51355 3257.2529296875
-51345 3260.2919921875
-51335 3262.552001953125
-51325 3262.73095703125
-51315 3263.343017578125
-51305 3268.8740234375
-51295 3271.448974609375
-51285 3272.887939453125
-51275 3273.89892578125
-51265 3274.64306640625
-51255 3276.153076171875
-51245 3279.3291015625
-51235 3285.342041015625
-51225 3291.889892578125
-51215 3298.0810546875
-51205 3304.306884765625
-51195 3310.39697265625
-51185 3316.237060546875
-51175 3321.636962890625
-51165 3326.739990234375
-51155 3331.676025390625
-51145 3336.510986328125
-51135 3341.031005859375
-51125 3345.389892578125
-51115 3349.547119140625
-51105 3353.318115234375
-51095 3356.89208984375
-51085 3360.531005859375
-51075 3365.8720703125
-51065 3372.97900390625
-51055 3381.06103515625
-51045 3392.373046875
-51035 3402.2919921875
-51025 3412.01611328125
-51015 3423.298095703125
-51005 3433.010009765625
-50995 3442.679931640625
-50985 3452.075927734375
-50975 3460.5810546875
-50965 3464.422119140625
-50955 3462.06689453125
-50945 3458.76708984375
-50935 3455.41796875
-50925 3450.7080078125
-50915 3443.345947265625
-50905 3435.197998046875
-50895 3427.277099609375
-50885 3419.27197265625
-50875 3411.093994140625
-50865 3403.214111328125
-50855 3395.761962890625
-50845 3388.590087890625
-50835 3382.14404296875
-50825 3376.089111328125
-50815 3369.77294921875
-50805 3361.39990234375
-50795 3360.929931640625
-50785 3357.427001953125
-50775 3353.06201171875
-50765 3349.297119140625
-50755 3346.376953125
-50745 3341.947021484375
-50735 3339.448974609375
-50725 3337.218994140625
-50715 3335.76806640625
-50705 3334.6201171875
-50695 3333.5791015625
-50685 3332.39599609375
-50675 3331.0869140625
-50665 3329.7490234375
-50655 3328.14892578125
-50645 3326.43701171875
-50635 3324.5869140625
-50625 3322.738037109375
-50615 3320.8701171875
-50605 3318.8359375
-50595 3316.695068359375
-50585 3314.739013671875
-50575 3312.508056640625
-50565 3310.427001953125
-50555 3308.31591796875
-50545 3306.008056640625
-50535 3303.343994140625
-50525 3300.56103515625
-50515 3298.467041015625
-50505 3295.344970703125
-50495 3291.301025390625
-50485 3291.4140625
-50475 3289.35009765625
-50465 3287.333984375
-50455 3285.501953125
-50445 3283.6650390625
-50435 3281.992919921875
-50425 3280.26904296875
-50415 3278.430908203125
-50405 3276.72998046875
-50395 3274.52392578125
-50385 3271.9130859375
-50375 3268.760986328125
-50365 3265.258056640625
-50355 3262.30810546875
-50345 3258.971923828125
-50335 3255.58203125
-50325 3252.383056640625
-50315 3249.58203125
-50305 3246.910888671875
-50295 3244.240966796875
-50285 3241.821044921875
-50275 3239.781005859375
