-80165 2959.929931640625
-80155 2962.97998046875
-80145 2965.659912109375
-80135 2968.341064453125
-80125 2971.1298828125
-80115 2974.610107421875
-80105 2978.8291015625
-80095 2983.340087890625
-80085 2988.139892578125
-80075 2993.041015625
-80065 2997.840087890625
-80055 3002.590087890625
-80045 3006.861083984375
-80035 3010.989013671875
-80025 3015.59912109375
-80015 3019.97998046875
-80005 3024.35009765625
-79995 3028.52392578125
-79985 3032.3349609375
-79975 3036.111083984375
-79965 3039.946044921875
-79955 3043.7939453125
-79945 3048.2451171875
-79935 3052.756103515625
-79925 3057.1708984375
-79915 3061.512939453125
-79905 3065.87890625
-79895 3070.487060546875
-79885 3075.347900390625
-79875 3080.907958984375
-79865 3086.541015625
-79855 3092.693115234375
-79845 3100.23095703125
-79835 3107.56494140625
-79825 3112.655029296875
-79815 3122.0029296875
-79805 3132.75
-79795 3145.125
-79785 3154.486083984375
-79775 3163.784912109375
-79765 3176.498046875
-79755 3187.7041015625
-79745 3205.676025390625
-79735 3219.028076171875
-79725 3233.635009765625
-79715 3245.949951171875
-79705 3265.56298828125
-79695 3273.3310546875
-79685 3276.8291015625
-79675 3264.248046875
-79665 3255.986083984375
-79655 3251.136962890625
-79645 3243.1640625
-79635 3232.634033203125
-79625 3227.6650390625
-79615 3222.44189453125
-79605 3214.56494140625
-79595 3207.4970703125
-79585 3200.381103515625
-79575 3196.906982421875
-79565 3192.97509765625
-79555 3189.428955078125
-79545 3185.833984375
-79535 3185.02587890625
-79525 3185.2548828125
-79515 3181.865966796875
-79505 3181.10595703125
-79495 3182.2041015625
-79485 3177.548095703125
-79475 3172.3369140625
-79465 3172.5419921875
-79455 3173.241943359375
-79445 3168.343994140625
-79435 3165.47412109375
-79425 3153.097900390625
-79415 3140.65087890625
-79405 3124.259033203125
-79395 3113.69189453125
-79385 3103.366943359375
-79375 3096.85400390625
-79365 3091.028076171875
-79355 3086.407958984375
-79345 3082.802001953125
-79335 3079.654052734375
-79325 3076.794921875
-79315 3073.972900390625
-79305 3071.175048828125
-79295 3068.364013671875
-79285 3065.759033203125
-79275 3063.455078125
-79265 3060.946044921875
-79255 3058.448974609375
-79245 3055.843994140625
-79235 3053.18994140625
-79225 3050.5849609375
-79215 3048.01611328125
-79205 3045.51904296875
-79195 3043.033935546875
-79185 3040.47705078125
-79175 3037.944091796875
-79165 3035.31494140625
-79155 3032.68505859375
-79145 3029.947021484375
-79135 3027.60693359375
-79125 3025.26708984375
-79115 3023.56591796875
-79105 3022.239990234375
-79095 3023.5419921875
-79085 3025.6650390625
-79075 3024.2900390625
-79065 3010.888916015625
-79055 2998.406005859375
-79045 2995.304931640625
-79035 2992.133056640625
-79025 2988.5869140625
-79015 2985.969970703125
-79005 2983.472900390625
-78995 2981.820068359375
-78985 2979.613037109375
-78975 2977.501953125
-78965 2976.44091796875
-78955 2975.583984375
-78945 2975.294921875
-78935 2975.39111328125
-78925 2975.93408203125
-78915 2976.947998046875
-78905 2978.406982421875
-78895 2980.324951171875
-78885 2982.4599609375
-78875 2984.8359375
-78865 2987.3330078125
-78855 2989.9619140625
-78845 2992.8330078125
-78835 2995.93310546875
-78825 2999.333984375
-78815 3002.965087890625
-78805 3007.030029296875
-78795 3011.589111328125
-78785 3016.10009765625
-78775 3020.9130859375
-78765 3025.616943359375
-78755 3030.18798828125
-78745 3034.68798828125
-78735 3038.945068359375
-78725 3043.0830078125
-78715 3046.929931640625
-78705 3050.404052734375
-78695 3053.528076171875
-78685 3056.14599609375
-78675 3058.23193359375
-78665 3059.93310546875
-78655 3061.7060546875
-78645 3063.514892578125
-78635 3065.14404296875
-78625 3066.554931640625
-78615 3067.85693359375
-78605 3069.2451171875
-78595 3070.547119140625
-78585 3072.248046875
-78575 3074.0810546875
-78565 3076.10791015625
-78555 3078.72509765625
-78545 3081.801025390625
-78535 3085.7451171875
-78525 3090.85888671875
-78515 3097.239990234375
-78505 3105.840087890625
-78495 3123.95703125
-78485 3139.384033203125
-78475 3155.389892578125
-78465 3157.10302734375
-78455 3157.428955078125
-78445 3162.43408203125
-78435 3167.8740234375
-78425 3153.2548828125
-78415 3144.06396484375
-78405 3135.464111328125
-78395 3128.660888671875
-78385 3125.802001953125
-78375 3119.7958984375
-78365 3118.74609375
-78355 3112.01611328125
-78345 3099.6650390625
-78335 3092.885986328125
-78325 3089.195068359375
-78315 3085.0458984375
-78305 3080.35400390625
-78295 3076.239990234375
-78285 3070.427001953125
-78275 3066.385986328125
-78265 3064.155029296875
-78255 3062.344970703125
-78245 3061.537109375
-78235 3060.89794921875
-78225 3060.041015625
-78215 3059.631103515625
-78205 3059.197021484375
-78195 3058.8349609375
-78185 3058.448974609375
-78175 3059.00390625
-78165 3059.81201171875
-78155 3060.764892578125
-78145 3062.02001953125
-78135 3063.756103515625
-78125 3065.951904296875
-78115 3068.39990234375
-78105 3070.945068359375
-78095 3074.02099609375
-78085 3077.844970703125
-78075 3082.175048828125
-78065 3088.06103515625
-78055 3094.284912109375
-78045 3104.7548828125
-78035 3113.47509765625
-78025 3121.279052734375
-78015 3128.56494140625
-78005 3135.0419921875
-77995 3142.72509765625
-77985 3151.385986328125
-77975 3162.011962890625
-77965 3172.6259765625
-77955 3184.555908203125
-77945 3196.218994140625
-77935 3208.402099609375
-77925 3220.5
-77915 3230.7890625
-77905 3242.76611328125
-77895 3251.35400390625
-77885 3260.6298828125
-77875 3270.677001953125
-77865 3278.1669921875
-77855 3291.110107421875
-77845 3299.360107421875
-77835 3303.617919921875
-77825 3307.1640625
-77815 3308.527099609375
-77805 3311.083984375
-77795 3314.884033203125
-77785 3321.05908203125
-77775 3325.60693359375
-77765 3332.277099609375
-77755 3331.010009765625
-77745 3317.138916015625
-77735 3310.034912109375
-77725 3306.7060546875
-77715 3293.01611328125
-77705 3283.93310546875
-77695 3275.115966796875
-77685 3269.4951171875
-77675 3260.64208984375
-77665 3250.498046875
-77655 3243.7548828125
-77645 3234.673095703125
-77635 3226.447021484375
-77625 3223.116943359375
-77615 3217.714111328125
-77605 3208.945068359375
-77595 3201.10400390625
-77585 3192.50390625
-77575 3185.073974609375
-77565 3180.069091796875
-77555 3173.699951171875
-77545 3169.489990234375
-77535 3165.510009765625
-77525 3162.22900390625
-77515 3157.839111328125
-77505 3151.5048828125
-77495 3145.864990234375
-77485 3140.861083984375
-77475 3135.969970703125
-77465 3130.30908203125
-77455 3123.1650390625
-77445 3115.5439453125
-77435 3107.958984375
-77425 3101.548095703125
-77415 3096.087890625
-77405 3090.427001953125
-77395 3084.291015625
-77385 3079.26806640625
-77375 3075.842041015625
-77365 3074.5048828125
-77355 3073.679931640625
-77345 3071.3349609375
-77335 3067.43408203125
-77325 3063
-77315 3058.053955078125
-77305 3052.613037109375
-77295 3046.238037109375
-77285 3038.7080078125
-77275 3031.2890625
-77265 3025.152099609375
-77255 3019.032958984375
-77245 3013.02099609375
-77235 3007.068115234375
-77225 2994.592041015625
-77215 2994.573974609375
-77205 2988.76611328125
-77195 2983.013916015625
-77185 2977.462890625
-77175 2972.1689453125
-77165 2967.18603515625
-77155 2962.0380859375
-77145 2957.257080078125
-77135 2952.677001953125
-77125 2948.35107421875
-77115 2944.26806640625
-77105 2940.382080078125
-77095 2936.698974609375
-77085 2932.906982421875
-77075 2928.76708984375
-77065 2924.425048828125
-77055 2919.679931640625
-77045 2913.98291015625
-77035 2908.376953125
-77025 2900.554931640625
-77015 2894.087890625
-77005 2886.8701171875
-76995 2879.2099609375
-76985 2871.31396484375
-76975 2862.52099609375
-76965 2855.174072265625
-76955 2847.883056640625
-76945 2839.822998046875
-76935 2831.85400390625
-76925 2825.4970703125
-76915 2817.615966796875
-76905 2808.9150390625
-76895 2804.48095703125
-76885 2795.7060546875
-76875 2789.716064453125
-76865 2785.173095703125
-76855 2778.9619140625
-76845 2773.943115234375
-76835 2765.826904296875
-76825 2759.158935546875
-76815 2753.4609375
-76805 2747.37890625
-76795 2741.093017578125
-76785 2733.985107421875
-76775 2724.6240234375
-76765 2715.408935546875
-76755 2703.153076171875
-76745 2697.43701171875
-76735 2692.930908203125
-76725 2685.75
-76715 2678.037109375
-76705 2667.6279296875
-76695 2657.93701171875
-76685 2651.927978515625
-76675 2647.550048828125
-76665 2642.053955078125
-76655 2634.195068359375
-76645 2626.555908203125
-76635 2621.31689453125
-76625 2614.116943359375
-76615 2609.9189453125
-76605 2602.993896484375
-76595 2593.39501953125
-76585 2588.027099609375
-76575 2579.58203125
-76565 2575.367919921875
-76555 2571.466064453125
-76545 2571.10009765625
-76535 2569.89111328125
-76525 2570.458984375
-76515 2565.696044921875
-76505 2559.0458984375
-76495 2549.573974609375
-76485 2539.7548828125
-76475 2536.325927734375
-76465 2532.222900390625
-76455 2527.881103515625
-76445 2525.22509765625
-76435 2521.634033203125
-76425 2520.718017578125
-76415 2520.16796875
-76405 2520.827880859375
-76395 2518.35498046875
-76385 2517.2919921875
-76375 2517.091064453125
-76365 2516.2109375
-76355 2513.701904296875
-76345 2511.906005859375
-76335 2509.157958984375
-76325 2509.011962890625
-76315 2508.7919921875
-76305 2508.93896484375
-76295 2508.6640625
-76285 2508.737060546875
-76275 2509.030029296875
-76265 2509.72607421875
-76255 2510.843994140625
-76245 2512.43798828125
-76235 2515.386962890625
-76225 2517.76904296875
-76215 2524.10693359375
-76205 2532.443115234375
-76195 2539.132080078125
-76185 2544.5
-76175 2550.471923828125
-76165 2556.4990234375
-76155 2564.3759765625
-76145 2571.906005859375
-76135 2580.51611328125
-76125 2586.873046875
-76115 2593.302978515625
-76105 2597.845947265625
-76095 2601.179931640625
-76085 2610.5419921875
-76075 2619.924072265625
-76065 2625.73193359375
-76055 2630.385009765625
-76045 2633.114990234375
-76035 2635.551025390625
-76025 2638.464111328125
-76015 2644.948974609375
-76005 2649.14404296875
-75995 2653.55908203125
-75985 2659.219970703125
-75975 2671.14599609375
-75965 2679.35302734375
-75955 2686.48193359375
-75945 2692.363037109375
-75935 2700.80810546875
-75925 2706.39599609375
-75915 2711.873046875
-75905 2716.215087890625
-75895 2720.116943359375
-75885 2720.720947265625
-75875 2724.8798828125
-75865 2727.97607421875
-75855 2727.535888671875
-75845 2727.51806640625
-75835 2730.10107421875
-75825 2735.449951171875
-75815 2739.22412109375
-75805 2743.27294921875
-75795 2746.20703125
-75785 2748.822998046875
-75775 2749.906982421875
-75765 2752.031982421875
-75755 2755.201904296875
-75745 2757.089111328125
-75735 2758.077880859375
-75725 2762.237060546875
-75715 2763.757080078125
-75705 2770.827880859375
-75695 2774.382080078125
-75685 2784.365966796875
-75675 2788.451904296875
-75665 2792.006103515625
-75655 2795.52294921875
-75645 2799.00390625
-75635 2800.81689453125
-75625 2803.236083984375
-75615 2807.927978515625
-75605 2812.652099609375
-75595 2819.342041015625
-75585 2824.012939453125
-75575 2829.947998046875
-75565 2834.43701171875
-75555 2839.052978515625
-75545 2845.281982421875
-75535 2850.81396484375
-75525 2855.797119140625
-75515 2860.743896484375
-75505 2863.821044921875
-75495 2868.950927734375
-75485 2873.3291015625
-75475 2878.0400390625
-75465 2881.22509765625
-75455 2885.716064453125
-75445 2889.782958984375
-75435 2897.3310546875
-75425 2902.056884765625
-75415 2905.94091796875
-75405 2910.263916015625
-75395 2915.264892578125
-75385 2920.52294921875
-75375 2926.6240234375
-75365 2931.112060546875
-75355 2935.489990234375
-75345 2939.281982421875
-75335 2945.18408203125
-75325 2951.447021484375
-75315 2957.43994140625
-75305 2963.632080078125
-75295 2972.64501953125
-75285 2991.60595703125
-75275 3003.677978515625
-75265 3013.6259765625
-75255 3022.492919921875
-75245 3031.60107421875
-75235 3037.31591796875
-75225 3040.68701171875
-75215 3044.9560546875
-75205 3048.216064453125
-75195 3050.488037109375
-75185 3056.405029296875
-75175 3061.16796875
-75165 3067.287109375
-75155 3072.14208984375
-75145 3076.501953125
-75135 3081.7080078125
-75125 3085.535888671875
-75115 3087.9541015625
-75105 3075.864013671875
-75095 3061.35107421875
-75085 3053.291015625
-75075 3043.4169921875
-75065 3035.173095703125
-75055 3033.450927734375
-75045 3035.7958984375
-75035 3044.698974609375
-75025 3039.64306640625
-75015 3030.373046875
-75005 3030.52490234375
-74995 3030.510009765625
-74985 3033.3759765625
-74975 3033.49609375
-74965 3034.337890625
-74955 3036.48193359375
-74945 3039.7939453125
-74935 3039.179931640625
-74925 3040.4541015625
-74915 3041.7490234375
-74905 3046.458984375
-74895 3049.781005859375
-74885 3051.449951171875
-74875 3053.72900390625
-74865 3055.4169921875
-74855 3052.26611328125
-74845 3049.748046875
-74835 3046.697998046875
-74825 3046.402099609375
-74815 3047.993896484375
-74805 3048.35595703125
-74795 3047.8291015625
-74785 3048.52392578125
-74775 3049.927001953125
-74765 3051.798095703125
-74755 3054.197021484375
-74745 3057.2060546875
-74735 3062.780029296875
-74725 3065.072998046875
-74715 3068.762939453125
-74705 3069.5458984375
-74695 3069.906005859375
-74685 3071.907958984375
-74675 3075.14599609375
-74665 3078.02392578125
-74655 3080.14599609375
-74645 3082.029052734375
-74635 3083.887939453125
-74625 3085.23095703125
-74615 3085.794921875
-74605 3085.14697265625
-74595 3086.238037109375
-74585 3086.98193359375
-74575 3087.006103515625
-74565 3088.2529296875
-74555 3088.468994140625
-74545 3089.115966796875
-74535 3089.2958984375
-74525 3089.823974609375
-74515 3090.54296875
-74505 3091.262939453125
-74495 3092.197998046875
-74485 3093.06201171875
-74475 3093.64892578125
-74465 3094.405029296875
-74455 3094.919921875
-74445 3095.5439453125
-74435 3096.3349609375
-74425 3097.126953125
-74415 3097.761962890625
-74405 3097.89404296875
-74395 3098.721923828125
-74385 3098.469970703125
-74375 3098.39794921875
-74365 3098.506103515625
-74355 3098.050048828125
-74345 3097.631103515625
-74335 3097.175048828125
-74325 3096.73095703125
-74315 3096.623046875
-74305 3096.5869140625
-74295 3096.742919921875
-74285 3097.01904296875
-74275 3097.631103515625
-74265 3098.14599609375
-74255 3098.758056640625
-74245 3099.64501953125
-74235 3100.748046875
-74225 3102.43896484375
-74215 3104.39404296875
-74205 3106.34912109375
-74195 3108.4951171875
-74185 3110.906005859375
-74175 3111.757080078125
-74165 3110.654052734375
-74155 3115.305908203125
-74145 3117.10498046875
-74135 3118.85595703125
-74125 3119.6240234375
-74115 3121.241943359375
-74105 3118.951904296875
-74095 3122.10595703125
-74085 3122.406005859375
-74075 3122.5009765625
-74065 3122.344970703125
-74055 3121.781982421875
-74045 3121.02587890625
-74035 3120.175048828125
-74025 3119.27587890625
-74015 3118.736083984375
-74005 3118.6279296875
-73995 3118.77197265625
-73985 3119.3359375
-73975 3119.239990234375
-73965 3118.988037109375
-73955 3118.4599609375
-73945 3117.549072265625
-73935 3116.506103515625
-73925 3115.510009765625
-73915 3114.7548828125
-73905 3114.262939453125
-73895 3113.987060546875
-73885 3113.85498046875
-73875 3113.866943359375
-73865 3113.9990234375
-73855 3114.383056640625
-73845 3114.718994140625
-73835 3115.1259765625
-73825 3115.533935546875
-73815 3116.06201171875
-73805 3116.552978515625
-73795 3117.22509765625
-73785 3118.113037109375
-73775 3119.263916015625
-73765 3120.787109375
-73755 3122.861083984375
-73745 3125.450927734375
-73735 3127.9580078125
-73725 3131.2080078125
-73715 3134.552978515625
-73705 3137.779052734375
-73695 3140.764892578125
-73685 3143.883056640625
-73675 3146.556884765625
-73665 3149.135009765625
-73655 3151.221923828125
-73645 3153.115966796875
-73635 3154.85498046875
-73625 3156.60595703125
-73615 3158.344970703125
-73605 3160.22802734375
-73595 3162.218017578125
-73585 3164.2451171875
-73575 3167.0029296875
-73565 3169.881103515625
-73555 3173.02294921875
-73545 3175.012939453125
-73535 3177.135986328125
-73525 3178.875
-73515 3180.60205078125
-73505 3182.424072265625
-73495 3184.37890625
-73485 3186.298095703125
-73475 3188.39599609375
-73465 3190.554931640625
-73455 3192.6650390625
-73445 3194.77587890625
-73435 3196.778076171875
-73425 3198.804931640625
-73415 3200.93896484375
-73405 3203.218017578125
-73395 3205.364990234375
-73385 3207.37890625
-73375 3209.406005859375
-73365 3211.491943359375
-73355 3213.735107421875
-73345 3215.85693359375
-73335 3218.172119140625
-73325 3220.68994140625
-73315 3223.14794921875
-73305 3225.761962890625
-73295 3228.425048828125
-73285 3231.1708984375
-73275 3233.989013671875
-73265 3237.093994140625
-73255 3240.451904296875
-73245 3243.882080078125
-73235 3247.623046875
-73225 3251.7490234375
-73215 3256.7490234375
-73205 3261.989990234375
-73195 3266.929931640625
-73185 3271.282958984375
-73175 3275.02392578125
-73165 3278.47802734375
-73155 3281.716064453125
-73145 3284.60595703125
-73135 3287.303955078125
-73125 3290.0380859375
-73115 3292.23291015625
-73105 3294.6669921875
-73095 3296.84912109375
-73085 3298.924072265625
-73075 3301.261962890625
-73065 3303.34912109375
-73055 3305.447998046875
-73045 3307.533935546875
-73035 3309.1650390625
-73025 3311.02392578125
-73015 3312.833984375
-73005 3314.260986328125
-72995 3315.68798828125
-72985 3317.198974609375
-72975 3318.662109375
-72965 3319.98095703125
-72955 3321.324951171875
-72945 3322.451904296875
-72935 3323.675048828125
-72925 3324.85009765625
-72915 3326.012939453125
-72905 3326.9970703125
-72895 3328.256103515625
-72885 3329.39501953125
-72875 3330.593994140625
-72865 3331.636962890625
-72855 3332.945068359375
-72845 3334.02392578125
-72835 3335.235107421875
-72825 3336.325927734375
-72815 3337.39404296875
-72805 3338.472900390625
-72795 3339.47998046875
-72785 3340.282958984375
-72775 3341.09912109375
-72765 3341.819091796875
-72755 3342.513916015625
-72745 3343.27001953125
-72735 3343.965087890625
-72725 3344.697021484375
-72715 3345.416015625
-72705 3346.242919921875
-72695 3347.034912109375
-72685 3347.862060546875
-72675 3348.6298828125
-72665 3349.45703125
-72655 3350.1650390625
-72645 3351.06396484375
-72635 3351.7958984375
-72625 3352.73095703125
-72615 3353.5009765625
-72605 3354.2900390625
-72595 3354.985107421875
-72585 3355.64501953125
-72575 3356.303955078125
-72565 3356.760009765625
-72555 3357.22802734375
-72545 3357.780029296875
-72535 3358.06689453125
-72525 3358.091064453125
-72515 3358.403076171875
-72505 3358.636962890625
-72495 3358.591064453125
-72485 3358.714111328125
-72475 3358.550048828125
-72465 3358.323974609375
-72455 3357.99609375
-72445 3357.422119140625
-72435 3356.76611328125
-72425 3356.7041015625
-72415 3356.028076171875
-72405 3354.919921875
-72395 3353.7099609375
-72385 3352.4599609375
-72375 3351.18798828125
-72365 3349.507080078125
-72355 3348.051025390625
-72345 3346.2880859375
-72335 3344.48291015625
-72325 3342.718994140625
-72315 3340.89501953125
-72305 3338.597900390625
-72295 3336.93701171875
-72285 3335.030029296875
-72275 3333.06201171875
-72265 3331.093017578125
-72255 3329.30908203125
-72245 3327.544921875
-72235 3325.926025390625
-72225 3324.18310546875
-72215 3322.8291015625
-72205 3321.208984375
-72195 3315.447021484375
-72185 3305.748046875
-72175 3297.81298828125
-72165 3290.614990234375
-72155 3281.572021484375
-72145 3278.27099609375
-72135 3273.802978515625
-72125 3269.843017578125
-72115 3266.4208984375
-72105 3262.993896484375
-72095 3259.406005859375
-72085 3255.160888671875
-72075 3250.509033203125
-72065 3245.5849609375
-72055 3240.7890625
-72045 3235.885986328125
-72035 3231.193115234375
-72025 3226.701904296875
-72015 3222.455078125
-72005 3218.39501953125
-71995 3214.826904296875
-71985 3211.610107421875
-71975 3209.02392578125
-71965 3207.568115234375
-71955 3206.258056640625
-71945 3204.760986328125
-71935 3203.138916015625
-71925 3201.52099609375
-71915 3199.98095703125
-71905 3198.589111328125
-71895 3197.154052734375
-71885 3195.923095703125
-71875 3194.73388671875
-71865 3193.544921875
-71855 3192.56005859375
-71845 3191.719970703125
-71835 3190.919921875
-71825 3190.117919921875
-71815 3189.485107421875
-71805 3188.827880859375
-71795 3188.333984375
-71785 3187.843994140625
-71775 3187.51611328125
-71765 3187.1259765625
-71755 3186.90087890625
-71745 3186.716064453125
-71735 3186.469970703125
-71725 3186.285888671875
-71715 3186.0810546875
-71705 3185.81396484375
-71695 3185.64990234375
-71685 3185.302001953125
-71675 3184.912109375
-71665 3184.4609375
-71655 3184.071044921875
-71645 3183.4560546875
-71635 3182.923095703125
-71625 3182.327880859375
-71615 3181.75390625
-71605 3181.179931640625
-71595 3180.4619140625
-71585 3179.743896484375
-71575 3178.924072265625
-71565 3178.10400390625
-71555 3177.406982421875
-71545 3176.6279296875
-71535 3175.74609375
-71525 3175.028076171875
-71515 3174.06396484375
-71505 3173.18310546875
-71495 3172.281005859375
-71485 3171.3369140625
-71475 3170.35302734375
-71465 3169.18408203125
-71455 3168.260986328125
-71445 3166.907958984375
-71435 3166.2109375
-71425 3165.02099609375
-71415 3163.77099609375
-71405 3162.826904296875
-71395 3161.740966796875
-71385 3160.674072265625
-71375 3159.424072265625
-71365 3157.18798828125
-71355 3157.59912109375
-71345 3151.89794921875
-71335 3154.60498046875
-71325 3153.0869140625
-71315 3152.0830078125
-71305 3151.385009765625
-71295 3148.39208984375
-71285 3147.427978515625
-71275 3147.0380859375
-71265 3142.527099609375
-71255 3140.18896484375
-71245 3134.0380859375
-71235 3129.260009765625
-71225 3133.320068359375
-71215 3123.43603515625
-71205 3130.634033203125
-71195 3136.580078125
-71185 3138.73291015625
-71175 3139.22607421875
-71165 3137.8720703125
-71155 3138.794921875
-71145 3130.695068359375
-71135 3111.277099609375
-71125 3099.465087890625
-71115 3099.445068359375
-71105 3099.218994140625
-71095 3099.9169921875
-71085 3100.572998046875
-71075 3101.33203125
-71065 3105.14599609375
-71055 3112.384033203125
-71045 3121.139892578125
-71035 3127.55810546875
-71025 3130.531005859375
-71015 3135.554931640625
-71005 3141.972900390625
-70995 3145.72607421875
-70985 3153.947998046875
-70975 3162.949951171875
-70965 3174.3310546875
-70955 3188.251953125
-70945 3205.68408203125
-70935 3218.868896484375
-70925 3222.49609375
-70915 3226.843017578125
-70905 3229.696044921875
-70895 3231.74609375
-70885 3239.02587890625
-70875 3236.4189453125
-70865 3228.422119140625
-70855 3209.22900390625
-70845 3192.2529296875
-70835 3165.862060546875
-70825 3153.0869140625
-70815 3141.830078125
-70805 3136.43701171875
-70795 3133.7099609375
-70785 3131.638916015625
-70775 3130.162109375
-70765 3127.803955078125
-70755 3122.2060546875
-70745 3115.5419921875
-70735 3113.02001953125
-70725 3107.196044921875
-70715 3104.551025390625
-70705 3107.278076171875
-70695 3104.89892578125
-70685 3107.237060546875
-70675 3107.544921875
-70665 3107.626953125
-70655 3101.1669921875
-70645 3098.27587890625
-70635 3090.85302734375
-70625 3084.43505859375
-70615 3081.257080078125
-70605 3084.844970703125
-70595 3088.760986328125
-70585 3080.989990234375
-70575 3078.9599609375
-70565 3082.364013671875
-70555 3080.825927734375
-70545 3074.10009765625
-70535 3070.285888671875
-70525 3055.830078125
-70515 3050.14990234375
-70505 3040.962890625
-70495 3034.422119140625
-70485 3029.31591796875
-70475 3023.512939453125
-70465 3012.4609375
-70455 3001.98193359375
-70445 2995.175048828125
-70435 2988.386962890625
-70425 2983.384033203125
-70415 2978.44189453125
-70405 2973.3359375
-70395 2968.2509765625
-70385 2963.39111328125
-70375 2958.85888671875
-70365 2954.248046875
-70355 2949.364990234375
-70345 2944.362060546875
-70335 2938.886962890625
-70325 2932.943115234375
-70315 2926.89404296875
-70305 2920.677978515625
-70295 2914.62890625
-70285 2908.5390625
-70275 2902.697021484375
-70265 2897.160888671875
-70255 2892.031982421875
-70245 2888.322998046875
-70235 2884.09912109375
-70225 2879.56689453125
-70215 2876.2041015625
-70205 2873.927978515625
-70195 2872.06201171875
-70185 2870.955078125
-70175 2869.928955078125
-70165 2869.826904296875
-70155 2869.3759765625
-70145 2866.60791015625
-70135 2849.79296875
-70125 2844.5029296875
-70115 2840.052978515625
-70105 2834.802978515625
-70095 2830.865966796875
-70085 2826.990966796875
-70075 2824.01806640625
-70065 2820.94189453125
-70055 2818.133056640625
-70045 2815.281982421875
-70035 2812.37109375
-70025 2810.52490234375
-70015 2808.781982421875
-70005 2806.39111328125
-69995 2802.967041015625
-69985 2799.866943359375
-69975 2797.5419921875
-69965 2794.0830078125
-69955 2790.055908203125
-69945 2784.243896484375
-69935 2777.339111328125
-69925 2770.294921875
-69915 2765.962890625
-69905 2762.074951171875
-69895 2759.472900390625
-69885 2755.556884765625
-69875 2748.735107421875
-69865 2742.85400390625
-69855 2738.950927734375
-69845 2733.8310546875
-69835 2730.68896484375
-69825 2727.824951171875
-69815 2723.285888671875
-69805 2721.9580078125
-69795 2717.861083984375
-69785 2714.319091796875
-69775 2710.083984375
-69765 2709.18505859375
-69755 2708.714111328125
-69745 2707.635009765625
-69735 2707.77294921875
-69725 2708.27099609375
-69715 2708.533935546875
-69705 2707.8291015625
-69695 2705.10302734375
-69685 2703.56591796875
-69675 2701.906005859375
-69665 2695.470947265625
-69655 2687.9150390625
-69645 2680.5400390625
-69635 2673.7451171875
-69625 2667.157958984375
-69615 2660.47412109375
-69605 2653.1669921875
-69595 2646.8291015625
-69585 2641.764892578125
-69575 2636.906982421875
-69565 2634.097900390625
-69555 2630.818115234375
-69545 2626.3349609375
-69535 2621.656982421875
-69525 2617.117919921875
-69515 2610.157958984375
-69505 2605.467041015625
-69495 2600.055908203125
-69485 2598.989990234375
-69475 2596.056884765625
-69465 2591.5869140625
-69455 2591.60107421875
-69445 2590.93701171875
-69435 2590.077880859375
-69425 2587.241943359375
-69415 2581.719970703125
-69405 2575.409912109375
-69395 2569.113037109375
-69385 2564.173095703125
-69375 2559.0810546875
-69365 2553.22705078125
-69355 2549.80908203125
-69345 2547.8720703125
-69335 2546.695068359375
-69325 2543.844970703125
-69315 2544.660888671875
-69305 2546.322021484375
-69295 2548.591064453125
-69285 2549.72607421875
-69275 2550.721923828125
-69265 2553.2548828125
-69255 2553.656005859375
-69245 2553.18603515625
-69235 2553.364990234375
-69225 2556.465087890625
-69215 2558.652099609375
-69205 2560.14599609375
-69195 2561.889892578125
-69185 2563.093994140625
-69175 2563.592041015625
-69165 2563.841064453125
-69155 2564.034912109375
-69145 2564.547119140625
-69135 2565.971923828125
-69125 2566.277099609375
-69115 2566.069091796875
-69105 2564.43603515625
-69095 2563.3291015625
-69085 2563.260009765625
-69075 2562.553955078125
-69065 2562.9140625
-69055 2565.986083984375
-69045 2568.864013671875
-69035 2569.197021484375
-69025 2569.155029296875
-69015 2568.656982421875
-69005 2566.968994140625
-68995 2565.986083984375
-68985 2565.431884765625
-68975 2564.89306640625
-68965 2562.844970703125
-68955 2561.5439453125
-68945 2560.68603515625
-68935 2558.416015625
-68925 2554.818115234375
-68915 2553.31005859375
-68905 2554.2509765625
-68895 2555.60693359375
-68885 2557.01904296875
-68875 2557.47509765625
-68865 2553.18603515625
-68855 2550.529052734375
-68845 2549.50390625
-68835 2549.794921875
-68825 2548.2041015625
-68815 2542.904052734375
-68805 2536.468994140625
-68795 2535.95703125
-68785 2535.430908203125
-68775 2534.43505859375
-68765 2534.14404296875
-68755 2534.988037109375
-68745 2535.1259765625
-68735 2538.294921875
-68725 2540.85498046875
-68715 2541.464111328125
-68705 2542.294921875
-68695 2543.60888671875
-68685 2545.283935546875
-68675 2546.39111328125
-68665 2548.867919921875
-68655 2551.912109375
-68645 2554.445068359375
-68635 2556.47900390625
-68625 2558.666015625
-68615 2560.533935546875
-68605 2562.25
-68595 2562.8310546875
-68585 2563.85498046875
-68575 2562.885986328125
-68565 2563.301025390625
-68555 2562.98291015625
-68545 2563.093994140625
-68535 2564.049072265625
-68525 2563.093994140625
-68515 2561.738037109375
-68505 2560.43701171875
-68495 2557.876953125
-68485 2556.243896484375
-68475 2554.554931640625
-68465 2553.22705078125
-68455 2552.35498046875
-68445 2553.544921875
-68435 2554.928955078125
-68425 2554.83203125
-68415 2553.93310546875
-68405 2553.089111328125
-68395 2552.908935546875
-68385 2551.802001953125
-68375 2549.573974609375
-68365 2545.215087890625
-68355 2541.948974609375
-68345 2538.863037109375
-68335 2536.48291015625
-68325 2533.52099609375
-68315 2531.0859375
-68305 2531.280029296875
-68295 2531.431884765625
-68285 2531.0859375
-68275 2528.498046875
-68265 2526.02099609375
-68255 2524.402099609375
-68245 2521.593017578125
-68235 2516.694091796875
-68225 2511.43505859375
-68215 2506.467041015625
-68205 2503.39501953125
-68195 2500.294921875
-68185 2496.72509765625
-68175 2494.4140625
-68165 2494.56591796875
-68155 2492.822998046875
-68145 2488.298095703125
-68135 2484.242919921875
-68125 2484.64404296875
-68115 2484.31201171875
-68105 2481.22607421875
-68095 2482.98388671875
-68085 2484.242919921875
-68075 2485.779052734375
-68065 2484.616943359375
-68055 2483.510009765625
-68045 2483.260009765625
-68035 2482.527099609375
-68025 2478.154052734375
-68015 2479.56591796875
-68005 2480.10498046875
-67995 2483.510009765625
-67985 2489.251953125
-67975 2489.9169921875
-67965 2489.9169921875
-67955 2492.62890625
-67945 2496.2548828125
-67935 2497.445068359375
-67925 2498.787109375
-67915 2502.330078125
-67905 2505.070068359375
-67895 2506.27392578125
-67885 2512.3349609375
-67875 2516.7490234375
-67865 2521.6201171875
-67855 2533.160888671875
-67845 2537.616943359375
-67835 2537.160888671875
-67825 2535.486083984375
-67815 2536.85595703125
-67805 2541.257080078125
-67795 2543.955078125
-67785 2546.363037109375
-67775 2548.425048828125
-67765 2551.93994140625
-67755 2554.196044921875
-67745 2558.927978515625
-67735 2560.740966796875
-67725 2558.886962890625
-67715 2562.387939453125
-67705 2564.89306640625
-67695 2567.52197265625
-67685 2565.488037109375
-67675 2564.18701171875
-67665 2566.9130859375
-67655 2565.805908203125
-67645 2562.304931640625
-67635 2565.7509765625
-67625 2566.235107421875
-67615 2567.10693359375
-67605 2567.39697265625
-67595 2571.93701171875
-67585 2577.208984375
-67575 2582.743896484375
-67565 2589.718994140625
-67555 2589.31689453125
-67545 2591.31005859375
-67535 2592.804931640625
-67525 2591.47607421875
-67515 2589.4970703125
-67505 2588.096923828125
-67495 2590.589111328125
-67485 2594.405029296875
-67475 2593.5009765625
-67465 2595.262939453125
-67455 2597.22509765625
-67445 2597.822998046875
-67435 2598.988037109375
-67425 2599.5849609375
-67415 2604.044921875
-67405 2603.23291015625
-67395 2601.777099609375
-67385 2601.761962890625
-67375 2601.455078125
-67365 2598.175048828125
-67355 2597.638916015625
-67345 2595.739013671875
-67335 2594.237060546875
-67325 2591.844970703125
-67315 2589.055908203125
-67305 2589.116943359375
-67295 2588.9951171875
-67285 2588.212890625
-67275 2586.9560546875
-67265 2584.56494140625
-67255 2581.31591796875
-67245 2577.637939453125
-67235 2576.05908203125
-67225 2574.72607421875
-67215 2573.31591796875
-67205 2573.054931640625
-67195 2570.6640625
-67185 2564.594970703125
-67175 2560.22705078125
-67165 2559.138916015625
-67155 2556.80908203125
-67145 2554.785888671875
-67135 2551.81298828125
-67125 2547.888916015625
-67115 2546.985107421875
-67105 2548.10400390625
-67095 2550.8779296875
-67085 2554.06591796875
-67075 2557.927978515625
-67065 2559.429931640625
-67055 2559.199951171875
-67045 2558.617919921875
-67035 2559.9208984375
-67025 2561.544921875
-67015 2563.93603515625
-67005 2571.875
-66995 2573.9140625
-66985 2573.376953125
-66975 2574.634033203125
-66965 2573.009033203125
-66955 2570.205078125
-66945 2565.805908203125
-66935 2564.471923828125
-66925 2564.35009765625
-66915 2564.533935546875
-66905 2565.989990234375
-66895 2566.93994140625
-66885 2567.385009765625
-66875 2569.300048828125
-66865 2570.72607421875
-66855 2572.763916015625
-66845 2577.054931640625
-66835 2576.35107421875
-66825 2575.125
-66815 2574.970947265625
-66805 2577.485107421875
-66795 2579.35400390625
-66785 2579.508056640625
-66775 2578.787109375
-66765 2579.906005859375
-66755 2580.4580078125
-66745 2581.77587890625
-66735 2582.741943359375
-66725 2582.5419921875
-66715 2583.7529296875
-66705 2584.64208984375
-66695 2586.037109375
-66685 2586.864990234375
-66675 2592.013916015625
-66665 2596.321044921875
-66655 2601.0419921875
-66645 2606.9580078125
-66635 2613.73193359375
-66625 2620.966064453125
-66615 2627.25
-66605 2632.966064453125
-66595 2638.361083984375
-66585 2643.864013671875
-66575 2650.116943359375
-66565 2657.15087890625
-66555 2667.696044921875
-66545 2675.375
-66535 2686.0419921875
-66525 2697.5830078125
-66515 2705.154052734375
-66505 2714.166015625
-66495 2725.048095703125
-66485 2733.695068359375
-66475 2738.967041015625
-66465 2744.77587890625
-66455 2747.64208984375
-66445 2748.77587890625
-66435 2750.52294921875
-66425 2752.285888671875
-66415 2756.133056640625
-66405 2756.637939453125
-66395 2755.68798828125
-66385 2752.43896484375
-66375 2748.806884765625
-66365 2744.7109375
-66355 2741.49609375
-66345 2741.77197265625
-66335 2743.886962890625
-66325 2743.611083984375
-66315 2742.6298828125
-66305 2741.035888671875
-66295 2738.81396484375
-66285 2738.81396484375
-66275 2738.751953125
-66265 2741.0048828125
-66255 2743.05908203125
-66245 2745.6650390625
-66235 2750.278076171875
-66225 2754.76904296875
-66215 2758.35498046875
-66205 2761.926025390625
-66195 2766.248046875
-66185 2766.40087890625
-66175 2766.4169921875
-66165 2768.285888671875
-66155 2770.968994140625
-66145 2773.14501953125
-66135 2772.347900390625
-66125 2771.7958984375
-66115 2771.535888671875
-66105 2771.9189453125
-66095 2773.19091796875
-66085 2775.76611328125
-66075 2778.447998046875
-66065 2782.4169921875
-66055 2785.635986328125
-66045 2788.2880859375
-66035 2790.907958984375
-66025 2794.464111328125
-66015 2797.344970703125
-66005 2799.277099609375
-65995 2798.2958984375
-65985 2799.031005859375
-65975 2800.14990234375
-65965 2801.222900390625
-65955 2798.4951171875
-65945 2796.885009765625
-65935 2795.797119140625
-65925 2795.843994140625
-65915 2795.490966796875
-65905 2795.18408203125
-65895 2795.35302734375
-65885 2795.8740234375
-65875 2795.9970703125
-65865 2795.736083984375
-65855 2794.14208984375
-65845 2791.384033203125
-65835 2787.98095703125
-65825 2784.930908203125
-65815 2784.364013671875
-65805 2784.716064453125
-65795 2783.47509765625
-65785 2779.64306640625
-65775 2777.864990234375
-65765 2774.662109375
-65755 2772.716064453125
-65745 2771.965087890625
-65735 2770.677001953125
-65725 2769.89599609375
-65715 2771.56591796875
-65705 2773.77294921875
-65695 2774.111083984375
-65685 2770.570068359375
-65675 2770.570068359375
-65665 2772.777099609375
-65655 2766.906982421875
-65645 2764.990966796875
-65635 2765.48193359375
-65625 2762.81494140625
-65615 2762.8759765625
-65605 2762.845947265625
-65595 2761.94091796875
-65585 2762.677001953125
-65575 2764.02587890625
-65565 2765.910888671875
-65555 2766.554931640625
-65545 2766.81494140625
-65535 2763.626953125
-65525 2759.7958984375
-65515 2760.945068359375
-65505 2761.097900390625
-65495 2756.22509765625
-65485 2752.0859375
-65475 2748.423095703125
-65465 2744.514892578125
-65455 2737.0048828125
-65445 2732.345947265625
-65435 2728.66796875
-65425 2726.365966796875
-65415 2721.051025390625
-65405 2715.284912109375
-65395 2711.48388671875
-65385 2708.2958984375
-65375 2705.35302734375
-65365 2702.458984375
-65355 2699.48291015625
-65345 2696.6630859375
-65335 2693.966064453125
-65325 2690.991943359375
-65315 2688.172119140625
-65305 2685.58203125
-65295 2685.509033203125
-65285 2686.669921875
-65275 2683.972900390625
-65265 2678.363037109375
-65255 2676.125
-65245 2675.14501953125
-65235 2675.343994140625
-65225 2676.2939453125
-65215 2676.2939453125
-65205 2676.89208984375
-65195 2676.492919921875
-65185 2677.52001953125
-65175 2678.302001953125
-65165 2678.363037109375
-65155 2679.343994140625
-65145 2680.0029296875
-65135 2681.7080078125
-65125 2677.382080078125
-65115 2675.511962890625
-65105 2673.013916015625
-65095 2668.76904296875
-65085 2667.48095703125
-65075 2665.73388671875
-65065 2661.81103515625
-65055 2659.926025390625
-65045 2659.175048828125
-65035 2657.993896484375
-65025 2656.89111328125
-65015 2657.611083984375
-65005 2656.885009765625
-64995 2657.47705078125
-64985 2657.18408203125
-64975 2658.219970703125
-64965 2659.009033203125
-64955 2658.219970703125
-64945 2659.842041015625
-64935 2662.409912109375
-64925 2662.590087890625
-64915 2663.8291015625
-64905 2667.47900390625
-64895 2667.951904296875
-64885 2672.47998046875
-64875 2674.326904296875
-64865 2679.260986328125
-64855 2681.197998046875
-64845 2682.550048828125
-64835 2683.87890625
-64825 2686.2900390625
-64815 2687.97900390625
-64805 2688.406982421875
-64795 2688.947998046875
-64785 2690.1640625
-64775 2693.881103515625
-64765 2697.801025390625
-64755 2702.260986328125
-64745 2706.5419921875
-64735 2712.760009765625
-64725 2718.549072265625
-64715 2723.68505859375
-64705 2729.31689453125
-64695 2735.669921875
-64685 2741.572021484375
-64675 2747.76708984375
-64665 2750.35791015625
-64655 2737.27001953125
-64645 2719.990966796875
-64635 2710.75390625
-64625 2700.346923828125
-64615 2692.800048828125
-64605 2687.97900390625
-64595 2683.541015625
-64585 2678.2919921875
-64575 2673.62890625
-64565 2669.19091796875
-64555 2665.135986328125
-64545 2661.8701171875
-64535 2656.64306640625
-64525 2645.58203125
-64515 2618.842041015625
-64505 2612.8720703125
-64495 2605.212890625
-64485 2599.31005859375
-64475 2594.263916015625
-64465 2589.9609375
-64455 2584.10400390625
-64445 2579.193115234375
-64435 2575.02587890625
-64425 2570.31689453125
-64415 2566.758056640625
-64405 2563.60400390625
-64395 2561.1708984375
-64385 2558.669921875
-64375 2557.7919921875
-64365 2555.718994140625
-64355 2554.47998046875
-64345 2552.700927734375
-64335 2551.4619140625
-64325 2551.14599609375
-64315 2548.262939453125
-64305 2544.5458984375
-64295 2538.10302734375
-64285 2535.06201171875
-64275 2534.881103515625
-64265 2536.074951171875
-64255 2536.77392578125
-64245 2535.873046875
-64235 2535.287109375
-64225 2533.1240234375
-64215 2527.626953125
-64205 2528.416015625
-64195 2525.487060546875
-64185 2517.962890625
-64175 2509.0419921875
-64165 2496.85498046875
-64155 2488.2490234375
-64145 2478.989990234375
-64135 2470.8798828125
-64125 2461.35107421875
-64115 2436.77001953125
-64105 2427.26708984375
-64095 2419.8779296875
-64085 2413.5029296875
-64075 2407.419921875
-64065 2402.035888671875
-64055 2396.60693359375
-64045 2390.501953125
-64035 2376.467041015625
-64025 2365.339111328125
-64015 2357.27099609375
-64005 2348.39501953125
-63995 2340.94091796875
-63985 2332.966064453125
-63975 2326.028076171875
-63965 2312.3759765625
-63955 2304.60400390625
-63945 2296.763916015625
-63935 2289.443115234375
-63925 2282.70703125
-63915 2276.3740234375
-63905 2269.822021484375
-63895 2264.029052734375
-63885 2260.81005859375
-63875 2246.550048828125
-63865 2239.160888671875
-63855 2232.31298828125
-63845 2226.970947265625
-63835 2221.072021484375
-63825 2215.844970703125
-63815 2212.238037109375
-63805 2206.02294921875
-63795 2193.092041015625
-63785 2185.158935546875
-63775 2179.14501953125
-63765 2172.993896484375
-63755 2169.277099609375
-63745 2159.367919921875
-63735 2151.322998046875
-63725 2143.779052734375
-63715 2137.448974609375
-63705 2129.091064453125
-63695 2123.1220703125
-63685 2116.156982421875
-63675 2111.158935546875
-63665 2105.72998046875
-63655 2100.364990234375
-63645 2095.927001953125
-63635 2092.14306640625
-63625 2087.907958984375
-63615 2083.56005859375
-63605 2079.843017578125
-63595 2078.55908203125
-63585 2079.4150390625
-63575 2079.031982421875
-63565 2079.011962890625
-63555 2078.200927734375
-63545 2076.68896484375
-63535 2069.818115234375
-63525 2067.452880859375
-63515 2061.280029296875
-63505 2054.7919921875
-63495 2047.2030029296875
-63485 2039.3160400390625
-63475 2021.9019775390625
-63465 2009.1290283203125
-63455 2004.8260498046875
-63445 2001.9420166015625
-63435 2000.613037109375
-63425 2003.4969482421875
-63415 2004.8480224609375
-63405 2009.93994140625
-63395 2011.85400390625
-63385 2013.949951171875
-63375 2008.2049560546875
-63365 2010.0999755859375
-63355 2005.051025390625
-63345 2004.262939453125
-63335 2005.9300537109375
-63325 2006.447998046875
-63315 2008.8360595703125
-63305 2012.373046875
-63295 2019.739013671875
-63285 2022.35595703125
-63275 2024.988037109375
-63265 2025.302978515625
-63255 2027.1280517578125
-63245 2027.31201171875
-63235 2028.5250244140625
-63225 2027.9620361328125
-63215 2027.5340576171875
-63205 2029.6510009765625
-63195 2029.8089599609375
-63185 2025.822021484375
-63175 2023.5689697265625
-63165 2022.4200439453125
-63155 2021.27099609375
-63145 2020.843017578125
-63135 2021.2490234375
-63125 2021.4739990234375
-63115 2019.4010009765625
-63105 2017.3740234375
-63095 2016.156982421875
-63085 2015.593994140625
-63075 2014.0400390625
-63065 2015.1209716796875
-63055 2015.9320068359375
-63045 2017.91796875
-63035 2018.613037109375
-63025 2015.97705078125
-63015 2010.300048828125
-63005 2006.6280517578125
-62995 2005.343994140625
-62985 2004.5780029296875
-62975 2000.4329833984375
-62965 1997.844970703125
-62955 1990.926025390625
-62945 1984.97900390625
-62935 1980.4739990234375
-62925 1980.4739990234375
-62915 1980.3609619140625
-62905 1980.51904296875
-62895 1980.676025390625
-62885 1983.1090087890625
-62875 1985.3389892578125
-62865 1987.1190185546875
-62855 1988.6290283203125
-62845 1991.0389404296875
-62835 1992.5030517578125
-62825 1993.876953125
-62815 1995.635009765625
-62805 1995.8599853515625
-62795 1995.4119873046875
-62785 1993.9000244140625
-62775 1991.241943359375
-62765 1986.6240234375
-62755 1981.3299560546875
-62745 1973.04296875
-62735 1960.6490478515625
-62725 1949.926025390625
-62715 1943.4610595703125
-62705 1939.3609619140625
-62695 1936.1839599609375
-62685 1933.322998046875
-62675 1929.7860107421875
-62665 1926.677001953125
-62655 1923.9969482421875
-62645 1921.4510498046875
-62635 1918.364990234375
-62625 1913.1610107421875
-62615 1908.0699462890625
-62605 1902.5279541015625
-62595 1895.905029296875
-62585 1890.1600341796875
-62575 1884.0550537109375
-62565 1877.22900390625
-62555 1870.2679443359375
-62545 1862.7669677734375
-62535 1854.1390380859375
-62525 1846.6820068359375
-62515 1839.0450439453125
-62505 1832.4139404296875
-62495 1825.887939453125
-62485 1817.81103515625
-62475 1805.3590087890625
-62465 1797.998046875
-62455 1790.698974609375
-62445 1782.2440185546875
-62435 1772.926025390625
-62425 1765.375
-62415 1756.60498046875
-62405 1746.928955078125
-62395 1738.3900146484375
-62385 1730.7340087890625
-62375 1723.9189453125
-62365 1716.5570068359375
-62355 1708.123046875
-62345 1698.636962890625
-62335 1691.675048828125
-62325 1683.4300537109375
-62315 1675.68994140625
-62305 1667.0240478515625
-62295 1661.8499755859375
-62285 1654.845947265625
-62275 1642.2889404296875
-62265 1634.738037109375
-62255 1626.052001953125
-62245 1620.2669677734375
-62235 1613.97900390625
-62225 1603.3990478515625
-62215 1595.0909423828125
-62205 1588.4019775390625
-62195 1578.116943359375
-62185 1570.43994140625
-62175 1567.6629638671875
-62165 1567.3900146484375
-62155 1561.2060546875
-62145 1556.5369873046875
-62135 1548.41796875
-62125 1537.35498046875
-62115 1523.6199951171875
-62105 1513.08203125
-62095 1503.8280029296875
-62085 1495.77197265625
-62075 1486.68603515625
-62065 1479.5980224609375
-62055 1472.0889892578125
-62045 1467.0830078125
-62035 1460.64697265625
-62025 1453.1800537109375
-62015 1442.3900146484375
-62005 1434.6500244140625
-61995 1432.6090087890625
-61985 1438.79296875
-61975 1450.0040283203125
-61965 1457.155029296875
-61955 1460.9410400390625
-61945 1469.2490234375
-61935 1477.5570068359375
-61925 1483.3199462890625
-61915 1487.3380126953125
-61905 1492.574951171875
-61895 1496.781982421875
-61885 1493.9210205078125
-61875 1492.553955078125
-61865 1480.7330322265625
-61855 1473.2030029296875
-61845 1466.010009765625
-61835 1464.2220458984375
-61825 1467.208984375
-61815 1471.56298828125
-61805 1478.3360595703125
-61795 1483.2359619140625
-61785 1482.73095703125
-61775 1485.3819580078125
-61765 1493.64794921875
-61755 1499.4530029296875
-61745 1502.8389892578125
-61735 1506.8570556640625
-61725 1506.8570556640625
-61715 1504.0589599609375
-61705 1499.3690185546875
-61695 1494.1949462890625
-61685 1491.25
-61675 1489.251953125
-61665 1488.178955078125
-61655 1490.114013671875
-61645 1492.6800537109375
-61635 1494.8470458984375
-61625 1499.4530029296875
-61615 1504.9219970703125
-61605 1508.9599609375
-61595 1514.7860107421875
-61585 1520.1710205078125
-61575 1526.4169921875
-61565 1531.0030517578125
-61555 1533.4849853515625
-61545 1538.238037109375
-61535 1544.737060546875
-61525 1548.14501953125
-61515 1549.0489501953125
-61505 1551.593994140625
-61495 1554.4969482421875
-61485 1557.4620361328125
-61475 1562.468017578125
-61465 1564.509033203125
-61455 1566.2330322265625
-61445 1568.06298828125
-61435 1569.8929443359375
-61425 1571.7650146484375
-61415 1574.0159912109375
-61405 1577.5699462890625
-61395 1580.4730224609375
-61385 1586.488037109375
-61375 1591.4100341796875
-61365 1596.52099609375
-61355 1602.115966796875
-61345 1605.8599853515625
-61335 1609.89794921875
-61325 1614.6309814453125
-61315 1618.1009521484375
-61305 1620.373046875
-61295 1627.25
-61285 1630.699951171875
-61275 1632.425048828125
-61265 1634.5699462890625
-61255 1636.989013671875
-61245 1639.239013671875
-61235 1641.615966796875
-61225 1644.68701171875
-61215 1646.116943359375
-61205 1648.6199951171875
-61195 1650.050048828125
-61185 1651.6490478515625
-61175 1654.0679931640625
-61165 1658.2740478515625
-61155 1663.7430419921875
-61145 1669.822021484375
-61135 1675.1219482421875
-61125 1678.2139892578125
-61115 1685.9539794921875
-61105 1693.1259765625
-61095 1698.699951171875
-61085 1703.1590576171875
-61075 1706.8609619140625
-61065 1710.9210205078125
-61055 1713.969970703125
-61045 1716.262939453125
-61035 1717.06201171875
-61025 1718.239990234375
-61015 1717.4200439453125
-61005 1721.7110595703125
-60995 1725.623046875
-60985 1726.6949462890625
-60975 1726.801025390625
-60965 1729.8079833984375
-60955 1732.35302734375
-60945 1735.1300048828125
-60935 1737.801025390625
-60925 1741.22900390625
-60915 1744.489990234375
-60905 1747.3289794921875
-60895 1749.916015625
-60885 1753.6390380859375
-60875 1758.6240234375
-60865 1762.9990234375
-60855 1766.175048828125
-60845 1768.488037109375
-60835 1771.2440185546875
-60825 1773.072998046875
-60815 1776.8590087890625
-60805 1779.9720458984375
-60795 1783.1689453125
-60785 1787.4599609375
-60775 1788.6590576171875
-60765 1788.9110107421875
-60755 1791.3299560546875
-60745 1792.1929931640625
-60735 1794.5059814453125
-60725 1795.89501953125
-60715 1798.0400390625
-60705 1799.7020263671875
-60695 1803.907958984375
-60685 1804.3709716796875
-60675 1808.4720458984375
-60665 1814.3409423828125
-60655 1819.3890380859375
-60645 1826.1400146484375
-60635 1831.9239501953125
-60625 1836.0469970703125
-60615 1838.592041015625
-60605 1842.6300048828125
-60595 1842.8199462890625
-60585 1845.469970703125
-60575 1848.77197265625
-60565 1854.135009765625
-60555 1859.876953125
-60545 1863.9580078125
-60535 1865.8509521484375
-60525 1867.5970458984375
-60515 1870.60400390625
-60505 1874.6219482421875
-60495 1878.512939453125
-60485 1881.81494140625
-60475 1886.989013671875
-60465 1887.9150390625
-60455 1889.008056640625
-60445 1891.280029296875
-60435 1893.552001953125
-60425 1896.4749755859375
-60415 1898.7259521484375
-60405 1902.154052734375
-60395 1906.3609619140625
-60385 1906.781005859375
-60375 1905.2669677734375
-60365 1907.012939453125
-60355 1909.6629638671875
-60345 1912.14501953125
-60335 1915.510009765625
-60325 1919.1700439453125
-60315 1923.7550048828125
-60305 1928.1300048828125
-60295 1934.14599609375
-60285 1937.573974609375
-60275 1941.927978515625
-60265 1947.375
-60255 1953.2230224609375
-60245 1960.26904296875
-60235 1967.18896484375
-60225 1972.9310302734375
-60215 1977.8740234375
-60205 1983.2159423828125
-60195 1988.3270263671875
-60185 1992.155029296875
-60175 1995.39404296875
-60165 1999.5589599609375
-60155 2004.0389404296875
-60145 2006.7099609375
-60135 2008.0980224609375
-60125 2009.571044921875
-60115 2011.02197265625
-60105 2012.5780029296875
-60095 2014.051025390625
-60085 2015.52294921875
-60075 2017.31103515625
-60065 2017.56298828125
-60055 2020.0870361328125
-60045 2024.883056640625
-60035 2028.0589599609375
-60025 2031.656005859375
-60015 2034.2850341796875
-60005 2038.6910400390625
-59995 2044.8349609375
-59985 2048.868896484375
-59975 2053.547119140625
-59965 2057.60693359375
-59955 2059.8701171875
-59945 2062.070068359375
-59935 2063.97509765625
-59925 2067.258056640625
-59915 2071.138916015625
-59905 2073.991943359375
-59895 2077.6240234375
-59885 2080.10107421875
-59875 2083.56298828125
-59865 2087.2919921875
-59855 2089.85888671875
-59845 2091.693115234375
-59835 2086.863037109375
-59825 2088.534912109375
-59815 2090.055908203125
-59805 2089.742919921875
-59795 2090.2080078125
-59785 2090.092041015625
-59775 2090.297119140625
-59765 2097.89111328125
-59755 2102.201904296875
-59745 2107.889892578125
-59735 2115.10791015625
-59725 2119.821044921875
-59715 2118.91796875
-59705 2118.35400390625
-59695 2120.134033203125
-59685 2121.117919921875
-59675 2121.6279296875
-59665 2121.08203125
-59655 2122.531005859375
-59645 2125.840087890625
-59635 2128.093994140625
-59625 2130.97412109375
-59615 2134.0419921875
-59605 2135.472900390625
-59595 2136.33203125
-59585 2137.001953125
-59575 2137.636962890625
-59565 2137.93310546875
-59555 2137.924072265625
-59545 2138.200927734375
-59535 2141.491943359375
-59525 2142.761962890625
-59515 2141.160888671875
-59505 2139.89990234375
-59495 2138.406005859375
-59485 2135.902099609375
-59475 2135.464111328125
-59465 2133.55908203125
-59455 2131.6630859375
-59445 2130.535888671875
-59435 2129.7041015625
-59425 2130.02587890625
-59415 2129.971923828125
-59405 2130.214111328125
-59395 2126.48388671875
-59385 2122.14599609375
-59375 2119.4990234375
-59365 2115.653076171875
-59355 2113.282958984375
-59345 2112.2099609375
-59335 2111.217041015625
-59325 2112.6298828125
-59315 2109.875
-59305 2106.423095703125
-59295 2103.7490234375
-59285 2100.10888671875
-59275 2095.85205078125
-59265 2094.340087890625
-59255 2091.513916015625
-59245 2088.490966796875
-59235 2086.35302734375
-59225 2083.472900390625
-59215 2082.758056640625
-59205 2075.056884765625
-59195 2068.841064453125
-59185 2058.466064453125
-59175 2052.51806640625
-59165 2060.3349609375
-59155 2061.757080078125
-59145 2056.345947265625
-59135 2050.443115234375
-59125 2045.5150146484375
-59115 2040.989990234375
-59105 2035.2650146484375
-59095 2025.8919677734375
-59085 2018.2359619140625
-59075 1989.615966796875
-59065 1972.0050048828125
-59055 1939.35400390625
-59045 1922.405029296875
-59035 1919.02099609375
-59025 1913.3179931640625
-59015 1908.5240478515625
-59005 1906.949951171875
-58995 1903.22900390625
-58985 1899.3900146484375
-58975 1895.33203125
-58965 1890.64501953125
-58955 1883.3470458984375
-58945 1879.6090087890625
-58935 1870.593017578125
-58925 1863.071044921875
-58915 1856.3370361328125
-58905 1850.907958984375
-58895 1845.6929931640625
-58885 1841.373046875
-58875 1837.303955078125
-58865 1834.14697265625
-58855 1831.56201171875
-58845 1830.113037109375
-58835 1827.0810546875
-58825 1823.85205078125
-58815 1820.220947265625
-58805 1815.68701171875
-58795 1812.6190185546875
-58785 1810.1319580078125
-58775 1805.6689453125
-58765 1802.2889404296875
-58755 1799.6409912109375
-58745 1796.0279541015625
-58735 1792.637939453125
-58725 1789.5350341796875
-58715 1786.2879638671875
-58705 1782.6829833984375
-58695 1779.68701171875
-58685 1775.9129638671875
-58675 1772.531982421875
-58665 1769.0439453125
-58655 1765.1090087890625
-58645 1761.97802734375
-58635 1760.2969970703125
-58625 1760.072998046875
-58615 1759.447021484375
-58605 1760.126953125
-58595 1760.2080078125
-58585 1760.717041015625
-58575 1761.030029296875
-58565 1760.323974609375
-58555 1761.2540283203125
-58545 1762.864013671875
-58535 1766.3790283203125
-58525 1770.7969970703125
-58515 1773.1939697265625
-58505 1778.2120361328125
-58495 1783.676025390625
-58485 1790.134033203125
-58475 1795.1689453125
-58465 1800.4730224609375
-58455 1805.6419677734375
-58445 1811.0889892578125
-58435 1815.489990234375
-58425 1819.7740478515625
-58415 1822.8690185546875
-58405 1826.928955078125
-58395 1830.864013671875
-58385 1836.1500244140625
-58375 1841.489990234375
-58365 1846.0689697265625
-58355 1850.468994140625
-58345 1854.583984375
-58335 1860.0479736328125
-58325 1866.0140380859375
-58315 1871.7919921875
-58305 1876.137939453125
-58295 1877.7840576171875
-58285 1883.5350341796875
-58275 1891.2979736328125
-58265 1901.6729736328125
-58255 1909.0880126953125
-58245 1912.8890380859375
-58235 1916.9580078125
-58225 1923.2879638671875
-58215 1930.4100341796875
-58205 1937.529052734375
-58195 1949.1829833984375
-58185 1956.93505859375
-58175 1964.751953125
-58165 1969.947998046875
-58155 1977.1300048828125
-58145 1985.343994140625
-58135 1994.5260009765625
-58125 2005.2230224609375
-58115 2010.5360107421875
-58105 2023.7099609375
-58095 2026.2049560546875
-58085 2038.3330078125
-58075 2043.18994140625
-58065 2051.123046875
-58055 2062.625
-58045 2059.280029296875
-58035 2042.6710205078125
-58025 2045.238037109375
-58015 2053.341064453125
-58005 2062.490966796875
-57995 2082.3369140625
-57985 2094.2060546875
-57975 2099.83203125
-57965 2106.10107421875
-57955 2112.049072265625
-57945 2116.198974609375
-57935 2118.702880859375
-57925 2122.486083984375
-57915 2128.4970703125
-57905 2135.1240234375
-57895 2146.197021484375
-57885 2150.946044921875
-57875 2155.427001953125
-57865 2158.39599609375
-57855 2161.205078125
-57845 2164.30810546875
-57835 2168.06396484375
-57825 2169.3701171875
-57815 2171.587890625
-57805 2169.575927734375
-57795 2170.35400390625
-57785 2172.169921875
-57775 2173.028076171875
-57765 2173.780029296875
-57755 2176.14111328125
-57745 2177.419921875
-57735 2179.549072265625
-57725 2180.093994140625
-57715 2179.718994140625
-57705 2181.10498046875
-57695 2182.669921875
-57685 2182.222900390625
-57675 2183.993896484375
-57665 2184.1279296875
-57655 2185.05810546875
-57645 2187.35595703125
-57635 2190.299072265625
-57625 2197.132080078125
-57615 2209.60009765625
-57605 2223.40087890625
-57595 2231.092041015625
-57585 2234.991943359375
-57575 2242.1650390625
-57565 2247.322998046875
-57555 2251.625
-57545 2254.8740234375
-57535 2258.406982421875
-57525 2261.43896484375
-57515 2265.166015625
-57505 2269.283935546875
-57495 2271.1279296875
-57485 2272.70703125
-57475 2274.257080078125
-57465 2276.5029296875
-57455 2278.51708984375
-57445 2278.9951171875
-57435 2278.7490234375
-57425 2277.864990234375
-57415 2279.617919921875
-57405 2282.659912109375
-57395 2284.298095703125
-57385 2284.094970703125
-57375 2282.7470703125
-57365 2283.97900390625
-57355 2285.008056640625
-57345 2285.919921875
-57335 2287.136962890625
-57325 2287.22412109375
-57315 2285.97802734375
-57305 2285.658935546875
-57295 2285.964111328125
-57285 2285.906005859375
-57275 2286.136962890625
-57265 2288.093017578125
-57255 2290.367919921875
-57245 2289.528076171875
-57235 2291.35302734375
-57225 2293.77294921875
-57215 2298.235107421875
-57205 2301.321044921875
-57195 2304.43603515625
-57185 2307.840087890625
-57175 2312.27392578125
-57165 2318.7060546875
-57155 2332.48388671875
-57145 2339.30810546875
-57135 2341.712890625
-57125 2344.625
-57115 2350.174072265625
-57105 2352.912109375
-57095 2355.81005859375
-57085 2356.998046875
-57075 2356.4619140625
-57065 2356.56298828125
-57055 2357.302001953125
-57045 2356.447021484375
-57035 2355.33203125
-57025 2355.839111328125
-57015 2355.62109375
-57005 2356.823974609375
-56995 2356.533935546875
-56985 2358.780029296875
-56975 2361.5029296875
-56965 2362.56103515625
-56955 2361.60498046875
-56945 2364.51708984375
-56935 2370.008056640625
-56925 2373.717041015625
-56915 2375.990966796875
-56905 2378.337890625
-56895 2379.903076171875
-56885 2380.39599609375
-56875 2381.714111328125
-56865 2381.52587890625
-56855 2379.178955078125
-56845 2380.06298828125
-56835 2381.00390625
-56825 2380.366943359375
-56815 2380.887939453125
-56805 2382.97509765625
-56795 2385.10400390625
-56785 2385.639892578125
-56775 2388.205078125
-56765 2391.014892578125
-56755 2393.884033203125
-56745 2397.694091796875
-56735 2399.302001953125
-56725 2403.31494140625
-56715 2405.719970703125
-56705 2407.907958984375
-56695 2410.77294921875
-56685 2413.572998046875
-56675 2417.007080078125
-56665 2420.006103515625
-56655 2424.135009765625
-56645 2427.741943359375
-56635 2431.493896484375
-56625 2435.56494140625
-56615 2439.636962890625
-56605 2444.360107421875
-56595 2448.39794921875
-56585 2453.39990234375
-56575 2457.384033203125
-56565 2462.614990234375
-56555 2466.236083984375
-56545 2468.72802734375
-56535 2473.823974609375
-56525 2480.695068359375
-56515 2486.02294921875
-56505 2491.02099609375
-56495 2495.43994140625
-56485 2499.22509765625
-56475 2505.3349609375
-56465 2508.64208984375
-56455 2510.930908203125
-56445 2518.4619140625
-56435 2522.014892578125
-56425 2525.389892578125
-56415 2525.506103515625
-56405 2528.965087890625
-56395 2532.863037109375
-56385 2536.179931640625
-56375 2538.966064453125
-56365 2542.091064453125
-56355 2545.220947265625
-56345 2548.9189453125
-56335 2552.697021484375
-56325 2556.612060546875
-56315 2560.2919921875
-56305 2564.214111328125
-56295 2567.51806640625
-56285 2571.35693359375
-56275 2575.298095703125
-56265 2579.034912109375
-56255 2582.700927734375
-56245 2586.19189453125
-56235 2590.427001953125
-56225 2595.333984375
-56215 2600.158935546875
-56205 2605.4609375
-56195 2610.99609375
-56185 2616.804931640625
-56175 2622.572021484375
-56165 2628.714111328125
-56155 2634.510009765625
-56145 2640.652099609375
-56135 2647.243896484375
-56125 2654.284912109375
-56115 2660.635009765625
-56105 2666.889892578125
-56095 2673.5400390625
-56085 2680.7548828125
-56075 2688.345947265625
-56065 2695.531982421875
-56055 2701.428955078125
-56045 2712.931884765625
-56035 2718.49609375
-56025 2727.884033203125
-56015 2737.156005859375
-56005 2746.514892578125
-55995 2753.64306640625
-55985 2760.510009765625
-55975 2767.72607421875
-55965 2775.27392578125
-55955 2783.343994140625
-55945 2791.4130859375
-55935 2799.1640625
-55925 2806.972900390625
-55915 2816.98388671875
-55905 2828.762939453125
-55895 2839.875
-55885 2854.696044921875
-55875 2868.112060546875
-55865 2877.384033203125
-55855 2868.489013671875
-55845 2859.883056640625
-55835 2852.783935546875
-55825 2845.452880859375
-55815 2835.803955078125
-55805 2828.922119140625
-55795 2820.533935546875
-55785 2813.492919921875
-55775 2799.8310546875
-55765 2788.2548828125
-55755 2779.431884765625
-55745 2772.65087890625
-55735 2766.261962890625
-55725 2760.43798828125
-55715 2755.81689453125
-55705 2749.962890625
-55695 2745.052001953125
-55685 2738.735107421875
-55675 2732.64990234375
-55665 2729.419921875
-55655 2727.014892578125
-55645 2725.131103515625
-55635 2726.81201171875
-55625 2725.782958984375
-55615 2725.175048828125
-55605 2724.5810546875
-55595 2721.639892578125
-55585 2723.05908203125
-55575 2720.7119140625
-55565 2716.468017578125
-55555 2716.77197265625
-55545 2716.656005859375
-55535 2717.712890625
-55525 2717.948974609375
-55515 2716.00390625
-55505 2714.9169921875
-55495 2715.81494140625
-55485 2719.364990234375
-55475 2722.14697265625
-55465 2722.465087890625
-55455 2723.34912109375
-55445 2726.696044921875
-55435 2727.94189453125
-55425 2727.81201171875
-55415 2727.781982421875
-55405 2727.94189453125
-55395 2729.114990234375
-55385 2730.072021484375
-55375 2730.47705078125
-55365 2732.635986328125
-55355 2733.925048828125
-55345 2730.27392578125
-55335 2729.013916015625
-55325 2726.072998046875
-55315 2721.595947265625
-55305 2717.3369140625
-55295 2713.77294921875
-55285 2710.049072265625
-55275 2707.180908203125
-55265 2704.239990234375
-55255 2702.39990234375
-55245 2697.112060546875
-55235 2693.924072265625
-55225 2691.215087890625
-55215 2689.722900390625
-55205 2686.04296875
-55195 2683.81201171875
-55185 2682.47900390625
-55175 2679.43701171875
-55165 2676.843017578125
-55155 2673.091064453125
-55145 2668.89306640625
-55135 2666.383056640625
-55125 2664.905029296875
-55115 2662.35498046875
-55105 2661.4140625
-55095 2660.9208984375
-55085 2659.820068359375
-55075 2658.125
-55065 2656.805908203125
-55055 2656.111083984375
-55045 2653.662109375
-55035 2654.386962890625
-55025 2655.08203125
-55015 2655.60400390625
-55005 2656.593017578125
-54995 2655.716064453125
-54985 2653.99609375
-54975 2650.906982421875
-54965 2649.6259765625
-54955 2650.030029296875
-54945 2649.06396484375
-54935 2648.221923828125
-54925 2648.591064453125
-54915 2649.4150390625
-54905 2649.73095703125
-54895 2649.205078125
-54885 2650.468017578125
-54875 2652.85498046875
-54865 2654.873046875
-54855 2657.155029296875
-54845 2660.612060546875
-54835 2665.262939453125
-54825 2670.299072265625
-54815 2676.283935546875
-54805 2681.373046875
-54795 2684.513916015625
-54785 2688.532958984375
-54775 2692.008056640625
-54765 2695.97412109375
-54755 2701.239013671875
-54745 2705.927978515625
-54735 2710.490966796875
-54725 2705.2060546875
-54715 2693.781005859375
-54705 2687.1650390625
-54695 2678.5830078125
-54685 2671.053955078125
-54675 2661.699951171875
-54665 2653.487060546875
-54655 2645.028076171875
-54645 2630.60205078125
-54635 2616.333984375
-54625 2605.64697265625
-54615 2592.625
-54605 2584.5
-54595 2576.26904296875
-54585 2577.760009765625
-54575 2535.637939453125
-54565 2535.02392578125
-54555 2530.512939453125
-54545 2491.991943359375
-54535 2483.797119140625
-54525 2473.3369140625
-54515 2463.10595703125
-54505 2454.10302734375
-54495 2442.748046875
-54485 2439.8310546875
-54475 2437.552978515625
-54465 2432.126953125
-54455 2423.47900390625
-54445 2416.23095703125
-54435 2405.556884765625
-54425 2397.553955078125
-54415 2391.39501953125
-54405 2382.7080078125
-54395 2371.492919921875
-54385 2364.22802734375
-54375 2357.384033203125
-54365 2351.117919921875
-54355 2344.467041015625
-54345 2334.236083984375
-54335 2325.951904296875
-54325 2311.5791015625
-54315 2300.52001953125
-54305 2290.427978515625
-54295 2275.493896484375
-54285 2266.35009765625
-54275 2254.22412109375
-54265 2243.132080078125
-54255 2229.110107421875
-54245 2216.633056640625
-54235 2205.22509765625
-54225 2196.5029296875
-54215 2187.868896484375
-54205 2180.7080078125
-54195 2171.1259765625
-54185 2164.2470703125
-54175 2147.715087890625
-54165 2138.375
-54155 2130.179931640625
-54145 2124.37109375
-54135 2118.24609375
-54125 2104.240966796875
-54115 2079.847900390625
-54105 2071.212890625
-54095 2053.031982421875
-54085 2033.3590087890625
-54075 2025.91796875
-54065 2012.2989501953125
-54055 2002.0849609375
-54045 1982.35595703125
-54035 1972.615966796875
-54025 1965.4029541015625
-54015 1957.717041015625
-54005 1951.2760009765625
-53995 1945.2919921875
-53985 1940.4300537109375
-53975 1938.27197265625
-53965 1937.2540283203125
-53955 1936.8330078125
-53945 1936.885009765625
-53935 1936.447021484375
-53925 1936.6400146484375
-53915 1936.1829833984375
-53905 1935.93798828125
-53895 1935.866943359375
-53885 1935.885009765625
-53875 1935.761962890625
-53865 1935.5689697265625
-53855 1935.322998046875
-53845 1935.9549560546875
-53835 1935.93798828125
-53825 1937.675048828125
-53815 1940.623046875
-53805 1943.7650146484375
-53795 1946.8179931640625
-53785 1950.592041015625
-53775 1953.9959716796875
-53765 1958.4010009765625
-53755 1965.2449951171875
-53745 1970.66796875
-53735 1977.1619873046875
-53725 1985.3919677734375
-53715 1994.676025390625
-53705 2005.9599609375
-53695 2013.615966796875
-53685 2020.5830078125
-53675 2027.303955078125
-53665 2033.656982421875
-53655 2039.9930419921875
-53645 2046.6259765625
-53635 2051.97900390625
-53625 2057.594970703125
-53615 2065.2109375
-53605 2071.7919921875
-53595 2080.285888671875
-53585 2087.85009765625
-53575 2093.7119140625
-53565 2099.97705078125
-53555 2105.013916015625
-53545 2111.6650390625
-53535 2118.7548828125
-53525 2127.26708984375
-53515 2140.885009765625
-53505 2154.068115234375
-53495 2157.031005859375
-53485 2161.5439453125
-53475 2167.757080078125
-53465 2183.7451171875
-53455 2190.886962890625
-53445 2205.998046875
-53435 2216.368896484375
-53425 2225.055908203125
-53415 2235.708984375
-53405 2241.48291015625
-53395 2248.18701171875
-53385 2259.43603515625
-53375 2271.14111328125
-53365 2276.884033203125
-53355 2281.512939453125
-53345 2289.02392578125
-53335 2295.676025390625
-53325 2303.52099609375
-53315 2313.738037109375
-53305 2334.322998046875
-53295 2339.51806640625
-53285 2343.39599609375
-53275 2349.117919921875
-53265 2354.06689453125
-53255 2359.6650390625
-53245 2366.843017578125
-53235 2371.248046875
-53225 2380.1630859375
-53215 2386.2529296875
-53205 2391.25390625
-53195 2397.782958984375
-53185 2402.94189453125
-53175 2406.451904296875
-53165 2408.73388671875
-53155 2411.840087890625
-53145 2416.156982421875
-53135 2420.701904296875
-53125 2425.318115234375
-53115 2430.512939453125
-53105 2436.18505859375
-53095 2440.304931640625
-53085 2447.030029296875
-53075 2453.89208984375
-53065 2459.8759765625
-53055 2467.7919921875
-53045 2474.425048828125
-53035 2481.5849609375
-53025 2487.25390625
-53015 2494.343994140625
-53005 2500.906982421875
-52995 2506.927001953125
-52985 2513.52587890625
-52975 2520.281982421875
-52965 2527.389892578125
-52955 2533.847900390625
-52945 2540.412109375
-52935 2546.7119140625
-52925 2552.819091796875
-52915 2558.172119140625
-52905 2564.243896484375
-52895 2570.864013671875
-52885 2596.8369140625
-52875 2622.10791015625
-52865 2653.52197265625
-52855 2672.492919921875
-52845 2691.798095703125
-52835 2698.887939453125
-52825 2704.43701171875
-52815 2709.802978515625
-52805 2715.510009765625
-52795 2720.968994140625
-52785 2726.053955078125
-52775 2730.514892578125
-52765 2733.569091796875
-52755 2723.31689453125
-52745 2714.80908203125
-52735 2716.0859375
-52725 2706.06494140625
-52715 2701.60791015625
-52705 2697.114990234375
-52695 2692.428955078125
-52685 2688.5859375
-52675 2685.9541015625
-52665 2686.427001953125
-52655 2688.93701171875
-52645 2691.48193359375
-52635 2692.2890625
-52625 2693.639892578125
-52615 2694.81591796875
-52605 2696.60595703125
-52595 2694.904052734375
-52585 2693.534912109375
-52575 2692.342041015625
-52565 2691.60400390625
-52555 2693.25390625
-52545 2690.552001953125
-52535 2687.445068359375
-52525 2686.5849609375
-52515 2686.9541015625
-52505 2688.3369140625
-52495 2689.90087890625
-52485 2692.030029296875
-52475 2696.69189453125
-52465 2699.659912109375
-52455 2699.89794921875
-52445 2702.259033203125
-52435 2702.943115234375
-52425 2701.759033203125
-52415 2701.52099609375
-52405 2702.639892578125
-52395 2705.178955078125
-52385 2711.73291015625
-52375 2713.60009765625
-52365 2715.22998046875
-52355 2716.87109375
-52345 2717.8291015625
-52335 2721.093994140625
-52325 2725.2509765625
-52315 2729.722900390625
-52305 2734.260009765625
-52295 2738.85205078125
-52285 2744.1630859375
-52275 2747.7900390625
-52265 2752.262939453125
-52255 2756.7529296875
-52245 2761.575927734375
-52235 2766.344970703125
-52225 2771.77490234375
-52215 2776.027099609375
-52205 2780.80908203125
-52195 2786.910888671875
-52185 2792.470947265625
-52175 2797.818115234375
-52165 2800.64892578125
-52155 2804.448974609375
-52145 2809.27197265625
-52135 2814.172119140625
-52125 2818.781005859375
-52115 2821.93896484375
-52105 2825.1630859375
-52095 2828.029052734375
-52085 2830.72900390625
-52075 2833.553955078125
-52065 2836.25390625
-52055 2838.971923828125
-52045 2841.760986328125
-52035 2845.080078125
-52025 2848.571044921875
-52015 2851.751953125
-52005 2855.659912109375
-51995 2859.73388671875
-51985 2863.623046875
-51975 2867.548095703125
-51965 2871.842041015625
-51955 2877.0869140625
-51945 2883.60498046875
-51935 2900.81103515625
-51925 2907.827880859375
-51915 2913.89990234375
-51905 2920.388916015625
-51895 2925.2119140625
-51885 2930.7490234375
-51875 2963.992919921875
-51865 3003.298095703125
-51855 3024.422119140625
-51845 3032.2900390625
-51835 3044.839111328125
-51825 3055.110107421875
-51815 3073.283935546875
-51805 3093.2490234375
-51795 3100.677001953125
-51785 3105.738037109375
-51775 3111.6669921875
-51765 3118.85693359375
-51755 3129.989990234375
-51745 3142.680908203125
-51735 3148.72998046875
-51725 3154.949951171875
-51715 3158.04296875
-51705 3159.427978515625
-51695 3162.00390625
-51685 3163.384033203125
-51675 3164.489990234375
-51665 3165.572021484375
-51655 3166.779052734375
-51645 3170.323974609375
-51635 3175.623046875
-51625 3180.030029296875
-51615 3182.699951171875
-51605 3186.083984375
-51595 3188.02197265625
-51585 3190.281982421875
-51575 3192.5419921875
-51565 3194.80810546875
-51555 3197.263916015625
-51545 3200.030029296875
-51535 3203.074951171875
-51525 3206.077880859375
-51515 3209.05810546875
-51505 3212.037109375
-51495 3215.01708984375
-51485 3217.74609375
-51475 3220.256103515625
-51465 3222.919921875
-51455 3225.757080078125
-51445 3229.111083984375
-51435 3232.947021484375
-51425 3236.801025390625
-51415 3240.719970703125
-51405 3244.301025390625
-51395 3247.64892578125
-51385 3250.8779296875
-51375 3253.798095703125
-51365 3256.760009765625
-51355 3259.637939453125
-51345 3262.718994140625
-51335 3264.02099609375
-51325 3263.319091796875
-51315 3268.118896484375
-51305 3272.322998046875
-51295 3274.322021484375
-51285 3275.672119140625
-51275 3276.623046875
-51265 3277.4140625
-51255 3279.1630859375
-51245 3282.291015625
-51235 3287.0009765625
-51225 3294.631103515625
-51215 3303.154052734375
-51205 3307.833984375
-51195 3313.89404296875
-51185 3319.81689453125
-51175 3325.467041015625
-51165 3330.70703125
-51155 3335.589111328125
-51145 3340.126953125
-51135 3344.819091796875
-51125 3349.261962890625
-51115 3353.5380859375
-51105 3357.39697265625
-51095 3361.091064453125
-51085 3365.093017578125
-51075 3370.8798828125
-51065 3377.7490234375
-51055 3386.9189453125
-51045 3396.655029296875
-51035 3407.48388671875
-51025 3416.636962890625
-51015 3427.52001953125
-51005 3438.450927734375
-50995 3447.1279296875
-50985 3457.821044921875
-50975 3464.677978515625
-50965 3463.31005859375
-50955 3459.498046875
-50945 3456.091064453125
-50935 3452.2490234375
-50925 3446.3369140625
-50915 3438.68896484375
-50905 3430.72607421875
-50895 3422.845947265625
-50885 3414.5791015625
-50875 3406.35400390625
-50865 3398.1240234375
-50855 3390.43408203125
-50845 3383.131103515625
-50835 3376.201904296875
-50825 3366.152099609375
-50815 3362.89892578125
-50805 3360.376953125
-50795 3356.43994140625
-50785 3352.580078125
-50775 3349.0419921875
-50765 3345.681884765625
-50755 3342.386962890625
-50745 3339.3779296875
-50735 3336.80810546875
-50725 3334.910888671875
-50715 3333.406982421875
-50705 3332.056884765625
-50695 3330.7958984375
-50685 3329.55908203125
-50675 3328.095947265625
-50665 3326.4189453125
-50655 3324.748046875
-50645 3322.97509765625
-50635 3321.095947265625
-50625 3319.305908203125
-50615 3317.366943359375
-50605 3315.488037109375
-50595 3313.447998046875
-50585 3311.34912109375
-50575 3309.2490234375
-50565 3306.89404296875
-50555 3303.9150390625
-50545 3280.39990234375
-50535 3299.193115234375
-50525 3297.1708984375
-50515 3294.613037109375
-50505 3291.90087890625
-50495 3289.60009765625
-50485 3287.23291015625
-50475 3284.801025390625
-50465 3282.742919921875
-50455 3280.39990234375
-50445 3278.180908203125
-50435 3276.450927734375
-50425 3273.39404296875
-50415 3273.0791015625
-50405 3272.22802734375
-50395 3269.783935546875
-50385 3265.989990234375
-50375 3264.551025390625
-50365 3261.113037109375
-50355 3257.490966796875
-50345 3253.98193359375
-50335 3251.139892578125
-50325 3248.14794921875
-50315 3245.5791015625
-50305 3243.111083984375
-50295 3241.01806640625
