-79615 2921.24609375
-79605 2924.068115234375
-79595 2927.035888671875
-79585 2930.051025390625
-79575 2933.30810546875
-79565 2936.39599609375
-79555 2939.60400390625
-79545 2942.861083984375
-79535 2946.166015625
-79525 2949.965087890625
-79515 2954.35595703125
-79505 2958.589111328125
-79495 2962.8349609375
-79485 2967.044921875
-79475 2971.157958984375
-79465 2975.197998046875
-79455 2979.08203125
-79445 2982.6650390625
-79435 2986.030029296875
-79425 2989.070068359375
-79415 2991.735107421875
-79405 2994.051025390625
-79395 2995.9208984375
-79385 2997.1630859375
-79375 2995.449951171875
-79365 2984.52197265625
-79355 2974.47509765625
-79345 2970.14501953125
-79335 2966.501953125
-79325 2963.7041015625
-79315 2961.20703125
-79305 2955.9599609375
-79295 2956.116943359375
-79285 2954.47607421875
-79275 2953.136962890625
-79265 2951.714111328125
-79255 2950.218994140625
-79245 2949.02392578125
-79235 2948.156005859375
-79225 2947.491943359375
-79215 2946.719970703125
-79205 2945.466064453125
-79195 2944.138916015625
-79185 2942.4990234375
-79175 2940.68896484375
-79165 2938.927978515625
-79155 2936.926025390625
-79145 2934.924072265625
-79135 2932.946044921875
-79125 2930.846923828125
-79115 2928.77197265625
-79105 2926.8310546875
-79095 2924.658935546875
-79085 2922.5849609375
-79075 2920.364990234375
-79065 2918.218017578125
-79055 2915.927001953125
-79045 2913.780029296875
-79035 2911.14990234375
-79025 2908.3759765625
-79015 2905.794921875
-79005 2903.56298828125
-78995 2901.489013671875
-78985 2900.14990234375
-78975 2899.0400390625
-78965 2897.94189453125
-78955 2897.26708984375
-78945 2896.80908203125
-78935 2896.5791015625
-78925 2896.56689453125
-78915 2896.783935546875
-78905 2897.0859375
-78895 2897.0859375
-78885 2896.85693359375
-78875 2896.447021484375
-78865 2896.133056640625
-78855 2896.0849609375
-78845 2895.553955078125
-78835 2894.903076171875
-78825 2893.9140625
-78815 2892.489990234375
-78805 2890.909912109375
-78795 2889.2939453125
-78785 2887.930908203125
-78775 2886.5439453125
-78765 2885.048095703125
-78755 2883.50390625
-78745 2881.406005859375
-78735 2879.64501953125
-78725 2877.1240234375
-78715 2874.7958984375
-78705 2872.587890625
-78695 2870.550048828125
-78685 2868.403076171875
-78675 2866.593994140625
-78665 2864.614990234375
-78655 2862.950927734375
-78645 2861.18994140625
-78635 2859.7548828125
-78625 2857.23388671875
-78615 2856.991943359375
-78605 2855.930908203125
-78595 2854.22998046875
-78585 2853.083984375
-78575 2851.589111328125
-78565 2850.18994140625
-78555 2848.64599609375
-78545 2847.56005859375
-78535 2846.160888671875
-78525 2845.027099609375
-78515 2843.760986328125
-78505 2842.7958984375
-78495 2842
-78485 2841.19091796875
-78475 2840.406982421875
-78465 2839.527099609375
-78455 2839.10498046875
-78445 2838.779052734375
-78435 2837.718017578125
-78425 2836.764892578125
-78415 2836.2939453125
-78405 2835.907958984375
-78395 2835.55908203125
-78385 2835.26904296875
-78375 2835.14794921875
-78365 2834.991943359375
-78355 2834.9560546875
-78345 2834.97998046875
-78335 2834.991943359375
-78325 2835.075927734375
-78315 2835.304931640625
-78305 2835.571044921875
-78295 2835.8359375
-78285 2836.137939453125
-78275 2836.3310546875
-78265 2836.427001953125
-78255 2836.403076171875
-78005 2869.0419921875
-77995 2872.64892578125
-77985 2876.556884765625
-77975 2880.839111328125
-77965 2885.409912109375
-77955 2890.56103515625
-77945 2895.951904296875
-77935 2901.62109375
-77925 2907.43505859375
-77915 2913.35693359375
-77905 2918.929931640625
-77895 2923.634033203125
-77885 2927.361083984375
-77875 2930.485107421875
-77865 2933.33203125
-77855 2936.805908203125
-77845 2943.1259765625
-77835 2953.7041015625
-77825 2963.281005859375
-77815 2960.748046875
-77805 2961.097900390625
-77795 2961.738037109375
-77785 2962.7509765625
-77775 2963.72802734375
-77765 2964.076904296875
-77755 2963.125
-77745 2964.47607421875
-77735 2962.280029296875
-77725 2964.4150390625
-77715 2964.35498046875
-77705 2963.93310546875
-77695 2963.72802734375
-77685 2963.618896484375
-77675 2963.330078125
-77665 2963.365966796875
-77655 2962.931884765625
-77645 2962.425048828125
-77635 2961.822021484375
-77625 2960.989990234375
-77615 2960.096923828125
-77605 2958.93896484375
-77595 2958.178955078125
-77585 2957.166015625
-77575 2955.93603515625
-77565 2954.718017578125
-77555 2953.572021484375
-77545 2952.55810546875
-77535 2951.714111328125
-77525 2951.074951171875
-77515 2950.7490234375
-77505 2950.844970703125
-77495 2951.4130859375
-77485 2952.2919921875
-77475 2953.97509765625
-77465 2955.751953125
-77455 2958.868896484375
-77445 2961.580078125
-77435 2969.18310546875
-77425 2958.155029296875
-77415 2945.697021484375
-77405 2934.62890625
-77395 2924.14990234375
-77385 2919.406005859375
-77375 2918.23291015625
-77365 2918.362060546875
-77355 2920.010009765625
-77345 2922.465087890625
-77335 2925.653076171875
-77325 2927.778076171875
-77315 2928.052001953125
-77305 2927.19091796875
-77295 2925.0849609375
-77285 2921.76904296875
-77275 2917.84912109375
-77265 2912.77392578125
-77255 2907.534912109375
-77245 2901.616943359375
-77235 2895.97509765625
-77225 2889.966064453125
-77215 2883.89892578125
-77205 2877.929931640625
-77195 2872.031005859375
-77185 2866.404052734375
-77175 2860.945068359375
-77165 2855.944091796875
-77155 2851.236083984375
-77145 2846.56396484375
-77135 2841.764892578125
-77125 2837.385986328125
-77115 2832.7880859375
-77105 2827.860107421875
-77095 2822.529052734375
-77085 2816.81298828125
-77075 2812.468994140625
-77065 2806.863037109375
-77055 2802.7041015625
-77045 2799.3330078125
-77035 2798.363037109375
-77025 2794.259033203125
-77015 2790.778076171875
-77005 2788.965087890625
-76995 2784.77001953125
-76985 2782.16796875
-76975 2782.2958984375
-76965 2777.625
-76955 2776.616943359375
-76945 2774.180908203125
-76935 2773.64892578125
-76925 2771.43310546875
-76915 2771.964111328125
-76905 2770.31494140625
-76895 2767.89697265625
-76885 2760.458984375
-76875 2754.029052734375
-76865 2751.94091796875
-76855 2752.655029296875
-76845 2752.875
-76835 2750.053955078125
-76825 2747.177978515625
-76815 2742.174072265625
-76805 2739.241943359375
-76795 2736.623046875
-76785 2732.48193359375
-76775 2726.01611328125
-76765 2724.824951171875
-76755 2722.18701171875
-76745 2718.614990234375
-76735 2715.445068359375
-76725 2709.930908203125
-76715 2701.888916015625
-76705 2697.62109375
-76695 2695.60498046875
-76685 2695.8798828125
-76675 2695.513916015625
-76665 2694.157958984375
-76655 2693.97509765625
-76645 2694.285888671875
-76635 2694.3779296875
-76625 2694.7080078125
-76615 2696.008056640625
-76605 2697.30908203125
-76595 2697.345947265625
-76585 2695.12890625
-76575 2694.06591796875
-76565 2691.721923828125
-76555 2689.26708984375
-76545 2686.64697265625
-76535 2681.884033203125
-76525 2679.008056640625
-76515 2674.572021484375
-76505 2668.491943359375
-76495 2662.7548828125
-76485 2656.802001953125
-76475 2650.426025390625
-76465 2645.7919921875
-76455 2641.137939453125
-76445 2640.47900390625
-76435 2642.31103515625
-76425 2642.072998046875
-76415 2640.113037109375
-76405 2639.197021484375
-76395 2638.866943359375
-76385 2639.452880859375
-76375 2639.635986328125
-76365 2635.532958984375
-76355 2630.201904296875
-76345 2625.950927734375
-76335 2621.592041015625
-76325 2617.653076171875
-76315 2614.007080078125
-76305 2611
-76295 2607.2080078125
-76285 2604.280029296875
-76275 2606.01708984375
-76265 2609.757080078125
-76255 2613.238037109375
-76245 2617.575927734375
-76235 2620.76708984375
-76225 2623.587890625
-76215 2626.006103515625
-76205 2625.31005859375
-76195 2622.89208984375
-76185 2619.865966796875
-76175 2615.89404296875
-76165 2611.717041015625
-76155 2610.083984375
-76145 2611.589111328125
-76135 2613.73193359375
-76125 2614.39208984375
-76115 2612.284912109375
-76105 2608.60302734375
-76095 2610.98095703125
-76085 2620.10791015625
-76075 2637.876953125
-76065 2650.096923828125
-76055 2653.97998046875
-76045 2654.76806640625
-76035 2653.137939453125
-76025 2658.2119140625
-76015 2662.48095703125
-76005 2667.93994140625
-75995 2671.787109375
-75985 2675.322998046875
-75975 2678.5830078125
-75965 2681.756103515625
-75955 2682.375
-75945 2679.64892578125
-75935 2680.125
-75925 2680.304931640625
-75915 2672.35498046875
-75905 2672.739990234375
-75895 2675.14208984375
-75885 2679.008056640625
-75875 2683.843994140625
-75865 2700.2041015625
-75855 2715.31689453125
-75845 2712.258056640625
-75835 2711.011962890625
-75825 2717.552001953125
-75815 2723.56103515625
-75805 2740.7451171875
-75795 2759.0849609375
-75785 2773.10009765625
-75775 2778.614013671875
-75765 2778.448974609375
-75755 2780.02490234375
-75745 2784.330078125
-75735 2784.27490234375
-75725 2794.02099609375
-75715 2799.845947265625
-75705 2805.26904296875
-75695 2809.39111328125
-75685 2816.301025390625
-75675 2826.302978515625
-75665 2829.618896484375
-75655 2835.535888671875
-75645 2842.406005859375
-75635 2849.239013671875
-75625 2853.763916015625
-75615 2858.802001953125
-75605 2863.5830078125
-75595 2867.2099609375
-75585 2872.85302734375
-75575 2880.25390625
-75565 2887.657958984375
-75555 2893.501953125
-75545 2898.302001953125
-75535 2903.0830078125
-75525 2907.387939453125
-75515 2912.02294921875
-75505 2917.592041015625
-75495 2924.02197265625
-75485 2928.987060546875
-75475 2933.419921875
-75465 2936.552978515625
-75455 2939.116943359375
-75445 2942.54296875
-75435 2946.866943359375
-75425 2952.363037109375
-75415 2959.469970703125
-75405 2963.8701171875
-75395 2968.927001953125
-75385 2972.426025390625
-75375 2975.613037109375
-75365 2978.72705078125
-75355 2981.76806640625
-75345 2985.303955078125
-75335 2989.591064453125
-75325 2994.739013671875
-75315 2999.262939453125
-75305 3003.257080078125
-75295 3007.947021484375
-75285 3013.115966796875
-75275 3018.759033203125
-75265 3024.052978515625
-75255 3029.549072265625
-75245 3034.366943359375
-75235 3038.7080078125
-75225 3043.069091796875
-75215 3048.032958984375
-75205 3052.66796875
-75195 3056.955078125
-75185 3060.967041015625
-75175 3065.14404296875
-75165 3069.339111328125
-75155 3073.4970703125
-75145 3078.02197265625
-75135 3082.092041015625
-75125 3086.193115234375
-75115 3091.7470703125
-75105 3096.325927734375
-75095 3100.282958984375
-75085 3104.44189453125
-75075 3108.39892578125
-75065 3112.155029296875
-75055 3115.965087890625
-75045 3120.10498046875
-75035 3124.06201171875
-75025 3127.908935546875
-75015 3131.554931640625
-75005 3135.31494140625
-74995 3139.1220703125
-74985 3142.886962890625
-74975 3146.569091796875
-74965 3150.10595703125
-74955 3154.43603515625
-74945 3158.60888671875
-74935 3162.26611328125
-74925 3166.008056640625
-74915 3170.14501953125
-74905 3174.89306640625
-74895 3179.318115234375
-74885 3183.802978515625
-74875 3188.552001953125
-74865 3193.324951171875
-74855 3197.58203125
-74845 3202.498046875
-74835 3207.4150390625
-74825 3211.587890625
-74815 3227.08203125
-74805 3242.215087890625
-74795 3250.406005859375
-74785 3241.782958984375
-74775 3238.654052734375
-74765 3236.014892578125
-74755 3235.906982421875
-74745 3237.155029296875
-74735 3240.6201171875
-74725 3245.153076171875
-74715 3248.6669921875
-74705 3246.83203125
-74695 3244.0859375
-74685 3242.094970703125
-74675 3240.115966796875
-74665 3238.197998046875
-74655 3236.375
-74645 3234.659912109375
-74635 3233.2451171875
-74625 3231.97412109375
-74615 3230.787109375
-74605 3229.60009765625
-74595 3229.179931640625
-74585 3228.820068359375
-74575 3228.6640625
-74565 3228.7119140625
-74555 3228.843994140625
-74545 3228.568115234375
-74535 3229.239990234375
-74525 3229.384033203125
-74515 3229.47998046875
-74505 3229.803955078125
-74495 3230.138916015625
-74485 3230.6669921875
-74475 3231.43505859375
-74465 3232.5859375
-74455 3234.02490234375
-74445 3235.89599609375
-74435 3237.8740234375
-74425 3239.9970703125
-74415 3241.987060546875
-74405 3244.39697265625
-74395 3246.6279296875
-74385 3249.0380859375
-74375 3251.52099609375
-74365 3253.9189453125
-74355 3256.29296875
-74345 3258.77587890625
-74335 3261.077880859375
-74325 3263.260009765625
-74315 3264.794921875
-74305 3266.126953125
-74295 3267.553955078125
-74285 3268.693115234375
-74275 3269.843994140625
-74265 3270.839111328125
-74255 3271.655029296875
-74245 3272.2060546875
-74235 3272.721923828125
-74225 3273.322021484375
-74215 3273.861083984375
-74205 3274.532958984375
-74195 3275.31201171875
-74185 3276.031982421875
-74175 3276.822998046875
-74165 3277.698974609375
-74155 3278.669921875
-74145 3279.40087890625
-74135 3280.012939453125
-74125 3280.39697265625
-74115 3280.445068359375
-74105 3280.301025390625
-74095 3280.06103515625
-74085 3279.60498046875
-74075 3279.090087890625
-74065 3278.513916015625
-74055 3277.903076171875
-74045 3277.195068359375
-74035 3276.33203125
-74025 3275.384033203125
-74015 3274.448974609375
-74005 3273.489990234375
-73995 3272.422119140625
-73985 3271.343017578125
-73975 3270.048095703125
-73965 3266.426025390625
-73955 3267.93701171875
-73945 3265.779052734375
-73935 3265.383056640625
-73925 3264.760009765625
-73915 3265.37109375
-73905 3265.39501953125
-73895 3265.05908203125
-73885 3264.794921875
-73875 3264.794921875
-73865 3264.927001953125
-73855 3265.490966796875
-73845 3266.55810546875
-73835 3268.968994140625
-73825 3282.1240234375
-73815 3290.134033203125
-73805 3294.77490234375
-73795 3297.8330078125
-73785 3296.010009765625
-73775 3303.072998046875
-73765 3303.9599609375
-73755 3306.514892578125
-73745 3305.794921875
-73735 3307.2939453125
-73725 3307.43798828125
-73715 3307.342041015625
-73705 3306.993896484375
-73695 3305.950927734375
-73685 3304.931884765625
-73675 3304.47607421875
-73665 3304.751953125
-73655 3304.800048828125
-73645 3305.00390625
-73635 3304.919921875
-73625 3304.488037109375
-73615 3303.804931640625
-73605 3302.760986328125
-73595 3301.72998046875
-73585 3300.806884765625
-73575 3300.291015625
-73565 3299.702880859375
-73555 3291.284912109375
-73545 3299.967041015625
-73535 3300.4951171875
-73525 3301.4541015625
-73515 3302.784912109375
-73505 3304.535888671875
-73495 3305.85498046875
-73485 3308.25390625
-73475 3310.748046875
-73465 3312.77392578125
-73455 3314.39306640625
-73445 3315.916015625
-73435 3317.306884765625
-73425 3318.7099609375
-73415 3319.992919921875
-73405 3321.22900390625
-73395 3322.404052734375
-73385 3323.339111328125
-73375 3324.118896484375
-73365 3324.9580078125
-73355 3325.738037109375
-73345 3326.361083984375
-73335 3326.9970703125
-73325 3327.405029296875
-73315 3328.01611328125
-73305 3328.72412109375
-73295 3329.455078125
-73285 3330.175048828125
-73275 3330.845947265625
-73265 3331.5419921875
-73255 3332.405029296875
-73245 3333.280029296875
-73235 3334.431884765625
-73225 3335.715087890625
-73215 3336.85400390625
-73205 3337.656982421875
-73195 3339.1201171875
-73185 3340.2958984375
-73175 3341.218994140625
-73165 3342.573974609375
-73155 3344.012939453125
-73145 3345.968017578125
-73135 3347.70703125
-73125 3349.4208984375
-73115 3351.387939453125
-73105 3353.319091796875
-73095 3355.093017578125
-73085 3357.19189453125
-73075 3359.493896484375
-73065 3361.64111328125
-73055 3363.69091796875
-73045 3365.669921875
-73035 3367.7451171875
-73025 3369.52197265625
-73015 3371.18603515625
-73005 3373.02099609375
-72995 3374.424072265625
-72985 3375.923095703125
-72975 3377.157958984375
-72965 3378.3330078125
-72955 3379.388916015625
-72945 3380.444091796875
-72935 3381.25
-72925 3382.195068359375
-72915 3383.010009765625
-72905 3383.778076171875
-72895 3384.425048828125
-72885 3385.037109375
-72875 3385.743896484375
-72865 3386.404052734375
-72855 3387.06298828125
-72845 3387.6630859375
-72835 3388.345947265625
-72825 3389.14990234375
-72815 3389.823974609375
-72805 3390.613037109375
-72795 3391.37109375
-72785 3392.340087890625
-72775 3393.19091796875
-72765 3394.238037109375
-72755 3395.31396484375
-72745 3396.5849609375
-72735 3397.89208984375
-72725 3399.235107421875
-72715 3400.758056640625
-72705 3402.089111328125
-72695 3403.458984375
-72685 3405.1708984375
-72675 3406.3701171875
-72665 3407.739990234375
-72655 3408.97509765625
-72645 3410.18701171875
-72635 3411.35888671875
-72625 3412.2939453125
-72615 3413.196044921875
-72605 3413.925048828125
-72595 3414.30908203125
-72585 3414.427978515625
-72575 3414.284912109375
-72565 3413.73291015625
-72555 3412.882080078125
-72545 3411.56298828125
-72535 3410.10302734375
-72525 3408.5048828125
-72515 3406.35791015625
-72505 3404.2900390625
-72495 3402.06298828125
-72485 3399.72509765625
-72475 3397.10009765625
-72465 3394.126953125
-72455 3391.154052734375
-72445 3387.75
-72435 3383.77099609375
-72425 3380.06005859375
-72415 3376.614990234375
-72405 3372.924072265625
-72395 3369.19189453125
-72385 3365.6240234375
-72375 3362.055908203125
-72365 3358.406005859375
-72355 3354.756103515625
-72345 3351.00390625
-72335 3347.0458984375
-72325 3343.1298828125
-72315 3339.31591796875
-72305 3335.68603515625
-72295 3332.138916015625
-72285 3328.81689453125
-72275 3325.43310546875
-72265 3322.194091796875
-72255 3318.9541015625
-72245 3315.7958984375
-72235 3312.575927734375
-72225 3309.43896484375
-72215 3306.302001953125
-72205 3303.02099609375
-72195 3299.20703125
-72185 3296.458984375
-72175 3293.198974609375
-72165 3290
-72155 3286.842041015625
-72145 3283.748046875
-72135 3280.60791015625
-72125 3277.330078125
-72115 3272.550048828125
-72105 3271.422119140625
-72095 3268.05908203125
-72085 3264.572998046875
-72075 3260.430908203125
-72065 3257.4580078125
-72055 3253.60498046875
-72045 3249.462890625
-72035 3245.6259765625
-72025 3241.8349609375
-72015 3237.916015625
-72005 3233.9609375
-71995 3230.02392578125
-71985 3226.1279296875
-71975 3222.027099609375
-71965 3216.323974609375
-71955 3213.575927734375
-71945 3209.580078125
-71935 3204.678955078125
-71925 3199.799072265625
-71915 3195.02099609375
-71905 3190.837890625
-71895 3186.2041015625
-71885 3181.385009765625
-71875 3176.77099609375
-71865 3172.281005859375
-71855 3167.8720703125
-71845 3163.361083984375
-71835 3159.053955078125
-71825 3155.198974609375
-71815 3151.631103515625
-71805 3148.575927734375
-71795 3145.68505859375
-71785 3143.2041015625
-71775 3141.051025390625
-71765 3139.041015625
-71755 3137.360107421875
-71745 3135.904052734375
-71735 3134.653076171875
-71725 3133.5869140625
-71715 3132.68408203125
-71705 3131.946044921875
-71695 3131.2900390625
-71685 3130.818115234375
-71675 3130.346923828125
-71665 3130.0390625
-71655 3129.79296875
-71645 3129.64990234375
-71635 3129.7109375
-71625 3129.95703125
-71615 3129.916015625
-71605 3130.305908203125
-71595 3130.407958984375
-71585 3130.0390625
-71575 3130.757080078125
-71565 3130.634033203125
-71555 3130.489990234375
-71545 3130.18310546875
-71535 3129.751953125
-71525 3129.115966796875
-71515 3128.52197265625
-71505 3127.803955078125
-71495 3126.552978515625
-71485 3125.93798828125
-71475 3125.055908203125
-71465 3124.134033203125
-71455 3123.29296875
-71445 3122.10400390625
-71435 3120.443115234375
-71425 3117.919921875
-71415 3113.06103515625
-71405 3099.81396484375
-71395 3088.0439453125
-71385 3077.422119140625
-71375 3068.174072265625
-71365 3060.7099609375
-71355 3051.319091796875
-71345 3041.844970703125
-71335 3033.52001953125
-71325 3024.783935546875
-71315 3017.48388671875
-71305 3012.092041015625
-71295 3003.929931640625
-71285 2996.8759765625
-71275 2995.5439453125
-71265 2995.339111328125
-71255 2991.279052734375
-71245 2990.4990234375
-71235 2980.697998046875
-71225 2963.0419921875
-71215 2956.40087890625
-71205 2953.9580078125
-71195 2931.8330078125
-71185 2904.72705078125
-71175 2885.656982421875
-71165 2875.384033203125
-71155 2865.27490234375
-71145 2865.889892578125
-71135 2849.404052734375
-71125 2842.821044921875
-71115 2836.64892578125
-71105 2820.0810546875
-71095 2807.243896484375
-71085 2795.31005859375
-71075 2788.70703125
-71065 2781.9609375
-71055 2774.968994140625
-71045 2766.212890625
-71035 2752.822998046875
-71025 2746.486083984375
-71015 2740.089111328125
-71005 2735.761962890625
-70995 2730.14404296875
-70985 2727.62109375
-70975 2723.970947265625
-70965 2720.095947265625
-70955 2716.73291015625
-70945 2714.64111328125
-70935 2710.2119140625
-70925 2707.8330078125
-70915 2703.384033203125
-70905 2700.26708984375
-70895 2696.554931640625
-70885 2692.638916015625
-70875 2688.55810546875
-70865 2685.48193359375
-70855 2681.93505859375
-70845 2678.407958984375
-70835 2675.25
-70825 2672.583984375
-70815 2669.591064453125
-70805 2666.637939453125
-70795 2663.64404296875
-70785 2660.6298828125
-70775 2656.8359375
-70765 2654.027099609375
-70755 2651.300048828125
-70745 2648.18310546875
-70735 2645.5380859375
-70725 2642.9951171875
-70715 2639.89892578125
-70705 2637.028076171875
-70695 2634.074951171875
-70685 2630.9580078125
-70675 2628.580078125
-70665 2625.873046875
-70655 2624.970947265625
-70645 2623.802001953125
-70635 2621.8359375
-70625 2620.298095703125
-70615 2619.208984375
-70605 2617.93994140625
-70595 2616.54296875
-70585 2614.987060546875
-70575 2613.159912109375
-70565 2612.095947265625
-70555 2611.19091796875
-70545 2610.452880859375
-70535 2609.365966796875
-70525 2608.423095703125
-70515 2607.60498046875
-70505 2606.638916015625
-70495 2605.760009765625
-70485 2604.73193359375
-70475 2603.85302734375
-70465 2603.176025390625
-70455 2602.19189453125
-70445 2601.678955078125
-70435 2600.243896484375
-70425 2600.572021484375
-70415 2600.448974609375
-70405 2598.4189453125
-70395 2600.818115234375
-70385 2600.695068359375
-70375 2600.162109375
-70365 2600.325927734375
-70355 2599.77197265625
-70345 2600.85888671875
-70335 2601.08203125
-70325 2601.614990234375
-70315 2603.75
-70305 2605.821044921875
-70295 2608.035888671875
-70285 2611.050048828125
-70275 2613.531005859375
-70265 2615.804931640625
-70255 2617.7529296875
-70245 2619.18798828125
-70235 2620.72607421875
-70225 2624.666015625
-70215 2629.423095703125
-70205 2632.35302734375
-70195 2636.31298828125
-70185 2641.51904296875
-70175 2648.06005859375
-70165 2654.7470703125
-70155 2660.89599609375
-70145 2667.35595703125
-70135 2675.126953125
-70125 2686.097900390625
-70115 2692.781982421875
-70105 2705.0859375
-70095 2710.68408203125
-70085 2715.64599609375
-70075 2723.028076171875
-70065 2728.7900390625
-70055 2734.367919921875
-70045 2741.50390625
-70035 2752.35107421875
-70025 2757.498046875
-70015 2764.757080078125
-70005 2770.08203125
-69995 2777.573974609375
-69985 2779.52490234375
-69975 2782.264892578125
-69965 2787.910888671875
-69955 2790.678955078125
-69945 2785.946044921875
-69935 2786.678955078125
-69925 2787.02490234375
-69915 2791.509033203125
-69905 2794.45703125
-69895 2792.22900390625
-69885 2795.633056640625
-69875 2800.5869140625
-69865 2806.02490234375
-69855 2814.550048828125
-69845 2823.0048828125
-69835 2829.412109375
-69825 2840.2890625
-69815 2848.3291015625
-69805 2846.833984375
-69795 2848.85498046875
-69785 2850.945068359375
-69775 2854.29296875
-69765 2861.14306640625
-69755 2853.573974609375
-69745 2836.35888671875
-69735 2829.717041015625
-69725 2821.35791015625
-69715 2805.666015625
-69705 2799.285888671875
-69695 2794.98193359375
-69685 2793.0859375
-69675 2789.8759765625
-69665 2784.465087890625
-69655 2771.748046875
-69645 2763.9150390625
-69635 2757.825927734375
-69625 2752.6650390625
-69615 2747.419921875
-69605 2741.344970703125
-69595 2737.81591796875
-69585 2732.364013671875
-69575 2725.625
-69565 2718.60888671875
-69555 2712.39501953125
-69545 2706.222900390625
-69535 2699.277099609375
-69525 2694.35009765625
-69515 2691.803955078125
-69505 2688.343994140625
-69495 2685.700927734375
-69485 2682.297119140625
-69475 2678.034912109375
-69465 2674.797119140625
-69455 2672.429931640625
-69445 2672.320068359375
-69435 2669.053955078125
-69425 2665.81494140625
-69415 2663.822998046875
-69405 2660.26611328125
-69395 2660.26611328125
-69385 2659.532958984375
-69375 2659.81005859375
-69365 2659.117919921875
-69355 2656.2529296875
-69345 2654.676025390625
-69335 2657.304931640625
-69325 2658.39794921875
-69315 2658.909912109375
-69305 2660.47412109375
-69295 2660.431884765625
-69285 2660.5849609375
-69275 2659.7958984375
-69265 2660.22509765625
-69255 2661.20703125
-69245 2661.56689453125
-69235 2661.802001953125
-69225 2661.77490234375
-69215 2660.847900390625
-69205 2660.778076171875
-69195 2660.944091796875
-69185 2659.781982421875
-69175 2657.262939453125
-69165 2654.85498046875
-69155 2655.284912109375
-69145 2656.3779296875
-69135 2656.4189453125
-69125 2656.5439453125
-69115 2656.3779296875
-69105 2656.39208984375
-69095 2658.660888671875
-69085 2660.903076171875
-69075 2662.176025390625
-69065 2662.467041015625
-69055 2662.550048828125
-69045 2662.701904296875
-69035 2663.448974609375
-69025 2663.10302734375
-69015 2663.172119140625
-69005 2663.2548828125
-68995 2663.448974609375
-68985 2665.802001953125
-68975 2672.7490234375
-68965 2675.655029296875
-68955 2676.6650390625
-68945 2678.47802734375
-68935 2679.4599609375
-68925 2679.875
-68915 2679.9169921875
-68905 2679.861083984375
-68895 2681.2451171875
-68885 2682.8369140625
-68875 2683.695068359375
-68865 2684.926025390625
-68855 2684.095947265625
-68845 2684.9951171875
-68835 2685.341064453125
-68825 2686.2958984375
-68815 2686.55908203125
-68805 2688.10888671875
-68795 2685.93701171875
-68785 2685.424072265625
-68775 2683.778076171875
-68765 2683.197021484375
-68755 2680.6640625
-68745 2679.888916015625
-68735 2681.757080078125
-68725 2680.386962890625
-68715 2677.85498046875
-68705 2678.51904296875
-68695 2677.743896484375
-68685 2680.69189453125
-68675 2682.68408203125
-68665 2683.3349609375
-68655 2685.64599609375
-68645 2687.9150390625
-68635 2690.06005859375
-68625 2691.471923828125
-68615 2690.72509765625
-68605 2690.281982421875
-68595 2689.533935546875
-68585 2689.06396484375
-68575 2686.8359375
-68565 2683.583984375
-68555 2680.927001953125
-68545 2678.339111328125
-68535 2674.117919921875
-68525 2672.154052734375
-68515 2671.087890625
-68505 2668.528076171875
-68495 2665.053955078125
-68485 2662.10693359375
-68475 2658.924072265625
-68465 2656.489013671875
-68455 2654.343994140625
-68445 2653.595947265625
-68435 2654.02490234375
-68425 2654.662109375
-68415 2654.2880859375
-68405 2654.993896484375
-68395 2655.740966796875
-68385 2654.759033203125
-68375 2653.083984375
-68365 2651.367919921875
-68355 2649.611083984375
-68345 2648.172119140625
-68335 2649.486083984375
-68325 2645.8330078125
-68315 2644.97509765625
-68305 2647.35498046875
-68295 2648.198974609375
-68285 2649.471923828125
-68275 2650.19189453125
-68265 2650.62109375
-68255 2651.77001953125
-68245 2652.239990234375
-68235 2651.714111328125
-68225 2651.035888671875
-68215 2648.85009765625
-68205 2647.2451171875
-68195 2646.60791015625
-68185 2646.64892578125
-68175 2646.802001953125
-68165 2646.74609375
-68155 2646.677001953125
-68145 2646.93994140625
-68135 2646.64892578125
-68125 2646.60791015625
-68115 2646.718994140625
-68105 2646.580078125
-68095 2646.705078125
-68085 2646.60791015625
-68075 2646.64892578125
-68065 2646.6630859375
-68055 2647.700927734375
-68045 2648.115966796875
-68035 2648.157958984375
-68025 2648.97412109375
-68015 2650.011962890625
-68005 2650.718017578125
-67995 2651.424072265625
-67985 2650.81494140625
-67975 2653.154052734375
-67965 2653.818115234375
-67955 2654.135986328125
-67945 2654.81396484375
-67935 2654.634033203125
-67925 2655.740966796875
-67915 2656.55810546875
-67905 2656.51611328125
-67895 2657.387939453125
-67885 2658.966064453125
-67875 2661.345947265625
-67865 2661.56689453125
-67855 2663.43505859375
-67845 2664.583984375
-67835 2665.580078125
-67825 2665.8291015625
-67815 2667.35205078125
-67805 2668.237060546875
-67795 2668.998046875
-67785 2669.912109375
-67775 2671.115966796875
-67765 2672.486083984375
-67755 2673.31591796875
-67745 2674.76904296875
-67735 2677.800048828125
-67725 2680.166015625
-67715 2682.5048828125
-67705 2685.051025390625
-67695 2686.97412109375
-67685 2687.5830078125
-67675 2687.845947265625
-67665 2688.011962890625
-67655 2689.10498046875
-67645 2693.837890625
-67635 2694.8759765625
-67625 2695.125
-67615 2693.450927734375
-67605 2690.22607421875
-67595 2687.762939453125
-67585 2686.074951171875
-67575 2685.93701171875
-67565 2685.466064453125
-67555 2685.47998046875
-67545 2687.2919921875
-67535 2686.364990234375
-67525 2687.04296875
-67515 2688.011962890625
-67505 2686.56298828125
-67495 2685.092041015625
-67485 2684.43603515625
-67475 2684.094970703125
-67465 2682.991943359375
-67455 2682.655029296875
-67445 2683.742919921875
-67435 2685.1220703125
-67425 2686.364013671875
-67415 2688.493896484375
-67405 2689.719970703125
-67395 2689.535888671875
-67385 2690.1650390625
-67375 2691.176025390625
-67365 2690.930908203125
-67355 2691.344970703125
-67345 2691.8349609375
-67335 2691.3330078125
-67325 2690.364013671875
-67315 2690.427978515625
-67305 2689.81201171875
-67295 2687.512939453125
-67285 2685.1220703125
-67275 2682.946044921875
-67265 2680.632080078125
-67255 2679.910888671875
-67245 2679.31298828125
-67235 2676.156005859375
-67225 2673.534912109375
-67215 2671.635009765625
-67205 2672.0029296875
-67195 2667.18994140625
-67185 2665.764892578125
-67175 2666.7919921875
-67165 2666.929931640625
-67155 2667.02197265625
-67145 2661.841064453125
-67135 2654.822021484375
-67125 2653.595947265625
-67115 2658.055908203125
-67105 2658.945068359375
-67095 2658.77587890625
-67085 2659.06689453125
-67075 2658.928955078125
-67065 2659.006103515625
-67055 2658.654052734375
-67045 2657.764892578125
-67035 2656.830078125
-67025 2654.806884765625
-67015 2653.8720703125
-67005 2653.64208984375
-66995 2649.7490234375
-66985 2648.552978515625
-66975 2649.472900390625
-66965 2650.56103515625
-66955 2650.362060546875
-66945 2649.10498046875
-66935 2649.15087890625
-66925 2648.06298828125
-66915 2647.281005859375
-66905 2646.5458984375
-66895 2646.115966796875
-66885 2645.549072265625
-66875 2644.889892578125
-66865 2643.864013671875
-66855 2642.85205078125
-66845 2645.427001953125
-66835 2645.611083984375
-66825 2643.986083984375
-66815 2641.410888671875
-66805 2639.235107421875
-66795 2637.10400390625
-66785 2634.97412109375
-66775 2633.5029296875
-66765 2633.90087890625
-66755 2633.364990234375
-66745 2632.215087890625
-66735 2630.8359375
-66725 2629.840087890625
-66715 2627.93896484375
-66705 2626.652099609375
-66695 2626.070068359375
-66685 2626.131103515625
-66675 2627.173095703125
-66665 2628.47607421875
-66655 2628.64404296875
-66645 2631.617919921875
-66635 2635.6640625
-66625 2643.342041015625
-66615 2646.6220703125
-66605 2650.531005859375
-66595 2652.60009765625
-66585 2656.64599609375
-66575 2661.825927734375
-66565 2667.802978515625
-66555 2676.156005859375
-66545 2687.052978515625
-66535 2696.60205078125
-66525 2700.173095703125
-66515 2708.406005859375
-66505 2711.196044921875
-66495 2714.658935546875
-66485 2720.404052734375
-66475 2726.950927734375
-66465 2734.52197265625
-66455 2740.866943359375
-66445 2745.097900390625
-66435 2746.048095703125
-66425 2748.27001953125
-66415 2751.5810546875
-66405 2756.301025390625
-66395 2761.466064453125
-66385 2766.248046875
-66375 2770.402099609375
-66365 2775.99609375
-66355 2782.43310546875
-66345 2788.05810546875
-66335 2794.8779296875
-66325 2800.3798828125
-66315 2806.465087890625
-66305 2812.27294921875
-66295 2818.035888671875
-66285 2824.27392578125
-66275 2832.595947265625
-66265 2840.551025390625
-66255 2851.080078125
-66245 2869.072998046875
-66235 2859.294921875
-66225 2847.324951171875
-66215 2831.048095703125
-66205 2819.844970703125
-66195 2812.5029296875
-66185 2805.68310546875
-66175 2797.6669921875
-66165 2791.123046875
-66155 2787.367919921875
-66145 2783.198974609375
-66135 2778.876953125
-66125 2774.35595703125
-66115 2770.923095703125
-66105 2766.324951171875
-66095 2762.094970703125
-66085 2757.2060546875
-66075 2752.8369140625
-66065 2748.514892578125
-66055 2744.376953125
-66045 2740.071044921875
-66035 2734.967041015625
-66025 2730.659912109375
-66015 2727.27294921875
-66005 2724.361083984375
-65995 2721.555908203125
-65985 2719.717041015625
-65975 2718.27587890625
-65965 2717.633056640625
-65955 2716.989013671875
-65945 2716.4990234375
-65935 2715.364013671875
-65925 2715.34912109375
-65915 2714.506103515625
-65905 2713.077880859375
-65895 2711.700927734375
-65885 2710.166015625
-65875 2708.742919921875
-65865 2707.991943359375
-65855 2707.97412109375
-65845 2708.406005859375
-65835 2708.7890625
-65825 2709.1259765625
-65815 2709.447998046875
-65805 2710.2451171875
-65795 2711.714111328125
-65785 2714.10400390625
-65775 2717.18798828125
-65765 2719.97802734375
-65755 2721.676025390625
-65745 2724.864013671875
-65735 2725.77099609375
-65725 2726.047119140625
-65715 2727.45703125
-65705 2727.10400390625
-65695 2724.909912109375
-65685 2723.39501953125
-65675 2722.10791015625
-65665 2720.48291015625
-65655 2717.9208984375
-65645 2715.364013671875
-65635 2712.572021484375
-65625 2708.4208984375
-65615 2701.35302734375
-65605 2692.985107421875
-65595 2676.5849609375
-65585 2666.654052734375
-65575 2660.614990234375
-65565 2657.304931640625
-65555 2648.169921875
-65545 2639.096923828125
-65535 2633.45703125
-65525 2628
-65515 2621.717041015625
-65505 2614.48291015625
-65495 2607.784912109375
-65485 2600.68896484375
-65475 2594.35888671875
-65465 2588.595947265625
-65455 2583.339111328125
-65445 2577.715087890625
-65435 2573.10107421875
-65425 2568.794921875
-65415 2562.908935546875
-65405 2551.215087890625
-65395 2531.79296875
-65385 2525.72705078125
-65375 2520.178955078125
-65365 2517.72705078125
-65355 2515.3359375
-65345 2514.323974609375
-65335 2514.3369140625
-65325 2514.291015625
-65315 2514.508056640625
-65305 2514.323974609375
-65295 2514.323974609375
-65285 2514.279052734375
-65275 2514.217041015625
-65265 2514.40087890625
-65255 2514.35498046875
-65245 2514.323974609375
-65235 2514.738037109375
-65225 2514.75
-65215 2514.76904296875
-65205 2514.783935546875
-65195 2514.4619140625
-65185 2514.47509765625
-65175 2514.492919921875
-65165 2514.508056640625
-65155 2514.508056640625
-65145 2514.5390625
-65135 2515.179931640625
-65125 2515.243896484375
-65115 2515.304931640625
-65105 2515.12109375
-65095 2515.013916015625
-65085 2514.968017578125
-65075 2514.906982421875
-65065 2514.843017578125
-65055 2514.76904296875
-65045 2514.705078125
-65035 2514.631103515625
-65025 2514.553955078125
-65015 2514.492919921875
-65005 2514.428955078125
-64995 2514.3359375
-64985 2514.3359375
-64975 2514.3359375
-64965 2514.31396484375
-64955 2514.31396484375
-64945 2514.404052734375
-64935 2514.404052734375
-64925 2514.493896484375
-64915 2514.85400390625
-64905 2519.85498046875
-64895 2525.306884765625
-64885 2527.988037109375
-64875 2529.114013671875
-64865 2529.47509765625
-64855 2531.052001953125
-64845 2530.93896484375
-64835 2532.763916015625
-64825 2537.0439453125
-64815 2540.242919921875
-64805 2542.631103515625
-64795 2545.041015625
-64785 2546.799072265625
-64775 2549.006103515625
-64765 2551.822021484375
-64755 2554.7060546875
-64745 2557.408935546875
-64735 2562.27490234375
-64725 2565.81201171875
-64715 2570.205078125
-64705 2573.697021484375
-64695 2575.341064453125
-64685 2581.131103515625
-64675 2584.9150390625
-64665 2586.469970703125
-64655 2588.0009765625
-64645 2590.952880859375
-64635 2594.669921875
-64625 2600.23388671875
-64615 2606.0458984375
-64605 2609.469970703125
-64595 2611.092041015625
-64585 2614.60693359375
-64575 2631.47998046875
-64565 2642.361083984375
-64555 2649.277099609375
-64545 2654.818115234375
-64535 2660.405029296875
-64525 2663.94189453125
-64515 2664.010009765625
-64505 2669.777099609375
-64495 2677.908935546875
-64485 2686.85302734375
-64475 2696.201904296875
-64465 2680.320068359375
-64455 2674.800048828125
-64445 2669.64208984375
-64435 2666.9609375
-64425 2665.0009765625
-64415 2664.258056640625
-64405 2656.778076171875
-64395 2651.7548828125
-64385 2649.322021484375
-64375 2644.81591796875
-64365 2636.43603515625
-64355 2627.5830078125
-64345 2619.653076171875
-64335 2588.339111328125
-64325 2522.9189453125
-64315 2511.429931640625
-64305 2503.139892578125
-64295 2495.23291015625
-64285 2487.281005859375
-64275 2479.216064453125
-64265 2471.64599609375
-64255 2464.053955078125
-64245 2456.530029296875
-64235 2449.365966796875
-64225 2442.875
-64215 2436.074951171875
-64205 2429.699951171875
-64195 2423.302001953125
-64185 2417.376953125
-64175 2411.52001953125
-64165 2405.572998046875
-64155 2400.18896484375
-64145 2395.367919921875
-64135 2391.0419921875
-64125 2386.761962890625
-64115 2382.909912109375
-64105 2379.89111328125
-64095 2377.23291015625
-64085 2374.7548828125
-64075 2375.676025390625
-64065 2375.22802734375
-64055 2371.3310546875
-64045 2368.221923828125
-64035 2366.39697265625
-64025 2364.594970703125
-64015 2362.52197265625
-64005 2359.345947265625
-63995 2358.760009765625
-63985 2356.9580078125
-63975 2356.19189453125
-63965 2355.381103515625
-63955 2355.470947265625
-63945 2356.281982421875
-63935 2356.64306640625
-63925 2357.697998046875
-63915 2355.35498046875
-63905 2352.610107421875
-63895 2349.23095703125
-63885 2343.10400390625
-63875 2335.7109375
-63865 2329.721923828125
-63855 2326.1630859375
-63845 2322.89599609375
-63835 2321.52197265625
-63825 2320.464111328125
-63815 2319.201904296875
-63805 2317.93994140625
-63795 2316.52099609375
-63785 2315.597900390625
-63775 2312.8720703125
-63765 2308.14111328125
-63755 2302.531005859375
-63745 2297.597900390625
-63735 2292.800048828125
-63725 2287.68310546875
-63715 2273.967041015625
-63705 2265.89794921875
-63695 2256.549072265625
-63685 2249.072998046875
-63675 2241.14111328125
-63665 2234.02197265625
-63655 2227.58203125
-63645 2221.093994140625
-63635 2212.510986328125
-63625 2204.802978515625
-63615 2194.868896484375
-63605 2180.29296875
-63595 2176.6669921875
-63585 2171.89111328125
-63575 2166.39697265625
-63565 2158.715087890625
-63555 2150.511962890625
-63545 2143.14599609375
-63535 2136.116943359375
-63525 2127.5791015625
-63515 2120.14501953125
-63505 2112.825927734375
-63495 2106.51611328125
-63485 2100.052978515625
-63475 2092.301025390625
-63465 2083.626953125
-63455 2075.135009765625
-63445 2062.02294921875
-63435 2049.76904296875
-63425 2040.0589599609375
-63415 2027.8270263671875
-63405 2021.4739990234375
-63395 2012.1510009765625
-63385 2000.2979736328125
-63375 1987.73095703125
-63365 1977.883056640625
-63355 1970.133056640625
-63345 1958.531982421875
-63335 1944.1590576171875
-63325 1925.302978515625
-63315 1903.2039794921875
-63305 1891.3990478515625
-63295 1874.1209716796875
-63285 1857.56298828125
-63275 1838.3470458984375
-63265 1822.2850341796875
-63255 1814.35498046875
-63245 1807.0560302734375
-63235 1799.7120361328125
-63225 1793.741943359375
-63215 1789.529052734375
-63205 1783.58203125
-63195 1786.8260498046875
-63185 1794.0799560546875
-63175 1798.4730224609375
-63165 1803.7220458984375
-63155 1809.4210205078125
-63145 1813.7020263671875
-63135 1816.6080322265625
-63125 1818.2969970703125
-63115 1820.3699951171875
-63105 1819.760986328125
-63095 1816.8330078125
-63085 1812.281982421875
-63075 1803.27099609375
-63065 1796.782958984375
-63055 1792.0980224609375
-63045 1784.3480224609375
-63035 1780.0450439453125
-63025 1776.779052734375
-63015 1774.9539794921875
-63005 1773.197021484375
-62995 1772.4990234375
-62985 1771.260009765625
-62975 1770.7860107421875
-62965 1769.6829833984375
-62955 1770.718994140625
-62945 1769.2320556640625
-62935 1767.8349609375
-62925 1765.739990234375
-62915 1765.01904296875
-62905 1767.8349609375
-62895 1773.760009765625
-62885 1775.989990234375
-62875 1777.52197265625
-62865 1775.9449462890625
-62855 1771.7099609375
-62845 1767.4520263671875
-62835 1762.0009765625
-62825 1755.9859619140625
-62815 1748.6639404296875
-62805 1739.0899658203125
-62795 1734.2239990234375
-62785 1727.5560302734375
-62775 1721.4739990234375
-62765 1715.72900390625
-62755 1709.7139892578125
-62745 1704.8709716796875
-62735 1698.81103515625
-62725 1694.3050537109375
-62715 1689.0789794921875
-62705 1683.9649658203125
-62695 1676.125
-62685 1669.5469970703125
-62675 1662.27099609375
-62665 1655.7149658203125
-62655 1650.759033203125
-62645 1643.7080078125
-62635 1636.4090576171875
-62625 1628.75
-62615 1619.60400390625
-62605 1610.7950439453125
-62595 1601.739013671875
-62585 1595.7919921875
-62575 1588.2900390625
-62565 1580.27001953125
-62555 1571.6199951171875
-62545 1564.614013671875
-62535 1554.4310302734375
-62525 1551.43505859375
-62515 1543.843017578125
-62505 1536.864990234375
-62495 1531.2340087890625
-62485 1526.27001953125
-62475 1521.3909912109375
-62465 1515.47998046875
-62455 1508.77099609375
-62445 1503.616943359375
-62435 1501.072021484375
-62425 1498.5689697265625
-62415 1495.625
-62405 1492.0909423828125
-62395 1490.114013671875
-62385 1487.2540283203125
-62375 1483.761962890625
-62365 1480.14404296875
-62355 1476.2950439453125
-62345 1471.73095703125
-62335 1471.416015625
-62325 1470.594970703125
-62315 1466.8509521484375
-62305 1465.6949462890625
-62295 1465.2740478515625
-62285 1466.5150146484375
-62275 1469.7960205078125
-62265 1468.512939453125
-62255 1473.0350341796875
-62245 1477.7049560546875
-62235 1481.8270263671875
-62225 1485.3399658203125
-62215 1488.199951171875
-62205 1491.9439697265625
-62195 1495.2249755859375
-62185 1499.7889404296875
-62175 1502.9229736328125
-62165 1503.260009765625
-62155 1507.3189697265625
-62145 1510.2010498046875
-62135 1515.18603515625
-62125 1518.887939453125
-62115 1521.7900390625
-62105 1525.6600341796875
-62095 1530.0140380859375
-62085 1534.115966796875
-62075 1537.52294921875
-62065 1540.824951171875
-62055 1544.4429931640625
-62045 1546.4830322265625
-62035 1548.4599609375
-62025 1550.39501953125
-62015 1552.5830078125
-62005 1554.875
-61995 1558.4510498046875
-61985 1561.8580322265625
-61975 1560.8909912109375
-61965 1562.8050537109375
-61955 1565.4549560546875
-61945 1566.801025390625
-61935 1567.68505859375
-61925 1569.6619873046875
-61915 1570.987060546875
-61905 1572.7540283203125
-61895 1576.0770263671875
-61885 1578.137939453125
-61875 1580.6829833984375
-61865 1583.06005859375
-61855 1584.9949951171875
-61845 1587.5400390625
-61835 1592.5250244140625
-61825 1596.66796875
-61815 1598.1619873046875
-61805 1602.3680419921875
-61795 1604.386962890625
-61785 1611.1180419921875
-61775 1619.0479736328125
-61765 1627.29296875
-61755 1633.64501953125
-61745 1640.6490478515625
-61735 1645.885986328125
-61725 1650.386962890625
-61715 1655.56103515625
-61705 1662.10205078125
-61695 1667.592041015625
-61685 1668.85400390625
-61675 1668.3699951171875
-61665 1669.1070556640625
-61655 1669.1910400390625
-61645 1668.791015625
-61635 1670.3900146484375
-61625 1673.166015625
-61615 1670.7889404296875
-61605 1668.1810302734375
-61595 1667.1500244140625
-61585 1671.3780517578125
-61575 1678.1510009765625
-61565 1679.56005859375
-61555 1681.6629638671875
-61545 1683.387939453125
-61535 1686.7110595703125
-61525 1690.4339599609375
-61515 1692.93701171875
-61505 1694.93505859375
-61495 1697.5849609375
-61485 1700.0250244140625
-61475 1703.83203125
-61465 1706.7769775390625
-61455 1711.467041015625
-61445 1713.843994140625
-61435 1714.3699951171875
-61425 1715.2530517578125
-61415 1718.030029296875
-61405 1724.0870361328125
-61395 1733.614990234375
-61385 1742.364990234375
-61375 1747.5389404296875
-61365 1753.218017578125
-61355 1759.3599853515625
-61345 1766.8900146484375
-61335 1772.968017578125
-61325 1777.343017578125
-61315 1781.0870361328125
-61305 1785.5670166015625
-61295 1788.595947265625
-61285 1791.0570068359375
-61275 1792.4659423828125
-61265 1793.875
-61255 1795.916015625
-61245 1800.18505859375
-61235 1803.697998046875
-61225 1808.998046875
-61215 1813.52001953125
-61205 1819.6199951171875
-61195 1825.593017578125
-61185 1832.7659912109375
-61175 1836.845947265625
-61165 1839.77001953125
-61155 1842.7139892578125
-61145 1845.406982421875
-61135 1848.1619873046875
-61125 1851.927001953125
-61115 1859.43603515625
-61105 1864.7779541015625
-61095 1872.3289794921875
-61085 1881.0159912109375
-61075 1887.4100341796875
-61065 1891.8270263671875
-61055 1895.634033203125
-61045 1900.5140380859375
-61035 1905.2669677734375
-61025 1911.324951171875
-61015 1914.0799560546875
-61005 1917.760986328125
-60995 1924.197021484375
-60985 1926.468994140625
-60975 1931.4739990234375
-60965 1934.7769775390625
-60955 1938.52099609375
-60945 1941.5069580078125
-60935 1945.6719970703125
-60925 1950.2779541015625
-60915 1955.4310302734375
-60905 1958.35498046875
-60895 1961.2149658203125
-60885 1964.1600341796875
-60875 1966.3470458984375
-60865 1969.1240234375
-60855 1972.2159423828125
-60845 1975.9599609375
-60835 1979.387939453125
-60825 1982.9849853515625
-60815 1985.697998046875
-60805 1988.916015625
-60795 1991.6290283203125
-60785 1994.0899658203125
-60775 1996.1300048828125
-60765 1998.3389892578125
-60755 2001.5570068359375
-60745 2004.9849853515625
-60735 2006.8570556640625
-60725 2009.613037109375
-60715 2011.926025390625
-60705 2014.9339599609375
-60695 2018.531005859375
-60685 2020.2130126953125
-60675 2023.073974609375
-60665 2025.8919677734375
-60655 2028.8370361328125
-60645 2031.1719970703125
-60635 2033.1700439453125
-60625 2034.85302734375
-60615 2036.324951171875
-60605 2039.1429443359375
-60595 2041.0570068359375
-60585 2043.85498046875
-60575 2045.6639404296875
-60565 2046.4000244140625
-60555 2050.2490234375
-60545 2054.6240234375
-60535 2059.52392578125
-60525 2062.217041015625
-60515 2065.666015625
-60505 2071.177001953125
-60495 2078.95703125
-60485 2085.77392578125
-60475 2091.199951171875
-60465 2095.490966796875
-60455 2100.075927734375
-60445 2104.534912109375
-60435 2110.488037109375
-60425 2114.568115234375
-60415 2118.75390625
-60405 2124.93798828125
-60395 2130.866943359375
-60385 2136.569091796875
-60375 2142.7109375
-60365 2147.590087890625
-60355 2152.637939453125
-60345 2158.654052734375
-60335 2163.9541015625
-60325 2171.06298828125
-60315 2176.572021484375
-60305 2181.68505859375
-60295 2186.0390625
-60285 2190.013916015625
-60275 2194.81005859375
-60265 2200.489013671875
-60255 2206.23095703125
-60245 2211.698974609375
-60235 2216.429931640625
-60225 2221.85888671875
-60215 2228.35791015625
-60205 2235.362060546875
-60195 2242.177001953125
-60185 2253.051025390625
-60175 2260.241943359375
-60165 2263.52490234375
-60155 2265.56494140625
-60145 2268.0048828125
-60135 2270.928955078125
-60125 2275.324951171875
-60115 2277.384033203125
-60105 2282.139892578125
-60095 2283.780029296875
-60085 2286.74609375
-60075 2288.427978515625
-60065 2291.2890625
-60055 2294.0859375
-60045 2296.863037109375
-60035 2300.0810546875
-60025 2302.1630859375
-60015 2303.488037109375
-60005 2306.035888671875
-59995 2310.531982421875
-59985 2315.179931640625
-59975 2320.7099609375
-59965 2322.075927734375
-59955 2322.541015625
-59945 2321.110107421875
-59935 2321.81005859375
-59925 2322.3349609375
-59915 2320.27197265625
-59905 2317.972900390625
-59895 2315.468994140625
-59885 2313.89501953125
-59875 2313.572998046875
-59865 2313.123046875
-59855 2315.6298828125
-59845 2315.492919921875
-59835 2316.306884765625
-59825 2317.2548828125
-59815 2317.907958984375
-59805 2318.06005859375
-59795 2315.43310546875
-59785 2313.68896484375
-59775 2313.10498046875
-59765 2315.468994140625
-59755 2315.52001953125
-59745 2316.80810546875
-59735 2320.208984375
-59725 2321.861083984375
-59715 2324.8330078125
-59705 2328.757080078125
-59695 2328.39892578125
-59685 2331.117919921875
-59675 2330.125
-59665 2329.16796875
-59655 2328.330078125
-59645 2331.485107421875
-59635 2336.174072265625
-59625 2352.780029296875
-59615 2363.406005859375
-59605 2367.6630859375
-59595 2371.509033203125
-59585 2374.49609375
-59575 2375.4619140625
-59565 2374.925048828125
-59555 2374.2099609375
-59545 2372.760986328125
-59535 2371.85693359375
-59525 2372.215087890625
-59515 2372.9580078125
-59505 2374.031005859375
-59495 2375.31005859375
-59485 2376.18603515625
-59475 2377.947998046875
-59465 2377.76904296875
-59455 2378.592041015625
-59445 2379.048095703125
-59435 2379.43310546875
-59425 2379.64794921875
-59415 2380.282958984375
-59405 2378.618896484375
-59395 2376.18603515625
-59385 2375.882080078125
-59375 2377.885986328125
-59365 2380.639892578125
-59355 2382.340087890625
-59345 2381.39208984375
-59335 2379.012939453125
-59325 2376.212890625
-59315 2372.2060546875
-59305 2368.405029296875
-59295 2360.883056640625
-59285 2353.988037109375
-59275 2345.60693359375
-59265 2331.02001953125
-59255 2314.94091796875
-59245 2306.552001953125
-59235 2300.260986328125
-59225 2294.77001953125
-59215 2290.637939453125
-59205 2287.955078125
-59195 2282.60888671875
-59185 2274.426025390625
-59175 2265.822021484375
-59165 2261.626953125
-59155 2259.945068359375
-59145 2254.9990234375
-59135 2248.694091796875
-59125 2243.131103515625
-59115 2239.822021484375
-59105 2234.572021484375
-59095 2226.56689453125
-59085 2214.742919921875
-59075 2202.964111328125
-59065 2194.530029296875
-59055 2186.8740234375
-59045 2179.386962890625
-59035 2170.3720703125
-59025 2161.01708984375
-59015 2153.950927734375
-59005 2147.761962890625
-58995 2143.93408203125
-58985 2139.5869140625
-58975 2137.636962890625
-58965 2133.7109375
-58955 2126.501953125
-58945 2118.551025390625
-58935 2112.02197265625
-58925 2104.741943359375
-58915 2099.48291015625
-58905 2093.98193359375
-58895 2089.572998046875
-58885 2086.6298828125
-58875 2087.56103515625
-58865 2083.928955078125
-58855 2077.54296875
-58845 2070.781982421875
-58835 2066.139892578125
-58825 2061.131103515625
-58815 2053.985107421875
-58805 2050.12109375
-58795 2046.739990234375
-58785 2045.595947265625
-58775 2041.759033203125
-58765 2031.741943359375
-58755 2014.0860595703125
-58745 2005.4730224609375
-58735 1998.75
-58725 1996.1629638671875
-58715 1987.666015625
-58705 1980.010009765625
-58695 1974.6529541015625
-58685 1971.60302734375
-58675 1966.739990234375
-58665 1960.864013671875
-58655 1955.0389404296875
-58645 1946.5870361328125
-58635 1939.8699951171875
-58625 1935.1949462890625
-58615 1929.656005859375
-58605 1921.052001953125
-58595 1912.9599609375
-58585 1907.97900390625
-58575 1903.1219482421875
-58565 1896.8699951171875
-58555 1890.18896484375
-58545 1884.303955078125
-58535 1878.2490234375
-58525 1873.625
-58515 1868.9210205078125
-58505 1862.23095703125
-58495 1855.4329833984375
-58485 1847.9830322265625
-58475 1840.3179931640625
-58465 1832.322021484375
-58455 1826.008056640625
-58445 1820.095947265625
-58435 1814.166015625
-58425 1808.60302734375
-58415 1802.530029296875
-58405 1799.6590576171875
-58395 1795.9739990234375
-58385 1791.9759521484375
-58375 1792.6920166015625
-58365 1792.458984375
-58355 1796.501953125
-58345 1798.3079833984375
-58335 1801.1529541015625
-58325 1801.779052734375
-58315 1803.10205078125
-58305 1805.3380126953125
-58295 1809.6939697265625
-58285 1814.3809814453125
-58275 1817.251953125
-58265 1820.5069580078125
-58255 1825.5250244140625
-58245 1829.60302734375
-58235 1834.7640380859375
-58225 1839.0389404296875
-58215 1844.9239501953125
-58205 1852.0970458984375
-58195 1857.4549560546875
-58185 1862.5880126953125
-58175 1869.760986328125
-58165 1879.4830322265625
-58155 1888.3470458984375
-58145 1895.6090087890625
-58135 1901.530029296875
-58125 1908.551025390625
-58115 1914.0250244140625
-58105 1921.4930419921875
-58095 1928.7640380859375
-58085 1936.8050537109375
-58075 1955.4530029296875
-58065 1963.717041015625
-58055 1975.02197265625
-58045 1980.72802734375
-58035 1983.66796875
-58025 1985.6090087890625
-58015 1989.1719970703125
-58005 1991.780029296875
-57995 1994.6689453125
-57985 1997.4949951171875
-57975 2004.18505859375
-57965 2007.3070068359375
-57955 2012.4410400390625
-57945 2019.97998046875
-57935 2024.27294921875
-57925 2031.071044921875
-57915 2036.1600341796875
-57905 2041.3289794921875
-57895 2049.56689453125
-57885 2057.455078125
-57875 2070.00390625
-57865 2075.39697265625
-57855 2081.6669921875
-57845 2087.2470703125
-57835 2088.81298828125
-57825 2089.572998046875
-57815 2090.87890625
-57805 2092.89111328125
-57795 2094.5810546875
-57785 2093.85693359375
-57775 2094.322021484375
-57765 2097.64892578125
-57755 2101.62890625
-57745 2103.051025390625
-57735 2110.948974609375
-57725 2119.23095703125
-57715 2126.0009765625
-57705 2133.388916015625
-57695 2141.053955078125
-57685 2149.013916015625
-57675 2156.10595703125
-57665 2163.297119140625
-57655 2171.489990234375
-57645 2179.77197265625
-57635 2188.304931640625
-57625 2197.033935546875
-57615 2205.324951171875
-57605 2218.821044921875
-57595 2255.590087890625
-57585 2256.967041015625
-57575 2258.451904296875
-57565 2260.875
-57555 2263.44189453125
-57545 2267.14501953125
-57535 2269.489013671875
-57525 2272.905029296875
-57515 2276.81103515625
-57505 2281.239990234375
-57495 2285.384033203125
-57485 2288.2958984375
-57475 2291.426025390625
-57465 2293.4970703125
-57455 2297.3369140625
-57445 2296.714111328125
-57435 2297.785888671875
-57425 2296.553955078125
-57415 2298.756103515625
-57405 2303.305908203125
-57395 2305.56591796875
-57385 2306.95703125
-57375 2311.60693359375
-57365 2314.64990234375
-57355 2318.8369140625
-57345 2324.197021484375
-57335 2326.7041015625
-57325 2325.64599609375
-57315 2325.326904296875
-57305 2326.153076171875
-57295 2326.197021484375
-57285 2325.428955078125
-57275 2323.89306640625
-57265 2321.574951171875
-57255 2320.47412109375
-57245 2320.02490234375
-57235 2317.70703125
-57225 2312.85302734375
-57215 2310.751953125
-57205 2305.75390625
-57195 2302.52294921875
-57185 2299.988037109375
-57175 2296.930908203125
-57165 2293.715087890625
-57155 2292.049072265625
-57145 2289.571044921875
-57135 2286.948974609375
-57125 2283.5009765625
-57115 2281.16796875
-57105 2279.93701171875
-57095 2279.9951171875
-57085 2280.197998046875
-57075 2280.283935546875
-57065 2280.37109375
-57055 2280.4580078125
-57045 2280.544921875
-57035 2280.632080078125
-57025 2280.73388671875
-57015 2281.675048828125
-57005 2280.342041015625
-56995 2280.111083984375
-56985 2279.805908203125
-56975 2279.93701171875
-56965 2279.93701171875
-56955 2280.864013671875
-56945 2282.283935546875
-56935 2283.1240234375
-56925 2284.97900390625
-56915 2287.717041015625
-56905 2288.64404296875
-56895 2289.93310546875
-56885 2290.889892578125
-56875 2292.498046875
-56865 2292.9609375
-56855 2294.1640625
-56845 2295.81494140625
-56835 2297.30810546875
-56825 2299.85693359375
-56815 2301.52392578125
-56805 2301.799072265625
-56795 2300.697998046875
-56785 2301.35009765625
-56775 2301.450927734375
-56765 2301.47998046875
-56755 2300.58203125
-56745 2300.885986328125
-56735 2302.34912109375
-56725 2303.493896484375
-56715 2304.465087890625
-56705 2305.333984375
-56695 2306.10205078125
-56685 2304.2470703125
-56675 2300.784912109375
-56665 2300.205078125
-56655 2301.697998046875
-56645 2302.928955078125
-56635 2303.943115234375
-56625 2306.970947265625
-56615 2308.0869140625
-56605 2306.696044921875
-56595 2301.625
-56585 2301.5380859375
-56575 2302.72607421875
-56565 2303.842041015625
-56555 2304.304931640625
-56545 2305.56591796875
-56535 2306.884033203125
-56525 2309.506103515625
-56515 2312.678955078125
-56505 2315.70703125
-56495 2319.590087890625
-56485 2324.327880859375
-56475 2329.325927734375
-56465 2334.802001953125
-56455 2339.177978515625
-56445 2346.493896484375
-56435 2350.9560546875
-56425 2353.43408203125
-56415 2358.02587890625
-56405 2362.547119140625
-56395 2367.8779296875
-56385 2379.8740234375
-56375 2383.047119140625
-56365 2388.044921875
-56355 2393.85498046875
-56345 2399.215087890625
-56335 2403.89501953125
-56325 2406.9951171875
-56315 2409.06689453125
-56305 2413.094970703125
-56295 2427.364990234375
-56285 2430.56689453125
-56275 2434.986083984375
-56265 2435.85498046875
-56255 2440.14404296875
-56245 2449.14111328125
-56235 2455.84912109375
-56225 2458.06494140625
-56215 2468.20703125
-56205 2473.784912109375
-56195 2478.81201171875
-56185 2485.73291015625
-56175 2493.951904296875
-56165 2501.281982421875
-56155 2507.205078125
-56145 2512.467041015625
-56135 2516.14404296875
-56125 2520.943115234375
-56115 2528.37109375
-56105 2534.384033203125
-56095 2537.69091796875
-56085 2541.197021484375
-56075 2543.35498046875
-56065 2543.902099609375
-56055 2544.553955078125
-56045 2546.572021484375
-56035 2548.2490234375
-56025 2549.716064453125
-56015 2551.468994140625
-56005 2553.365966796875
-55995 2555.376953125
-55985 2557.362060546875
-55975 2561.7109375
-55965 2565.47802734375
-55955 2568.416015625
-55945 2570.31396484375
-55935 2572.9208984375
-55925 2575.77587890625
-55915 2578.5859375
-55905 2581.323974609375
-55895 2583.9609375
-55885 2590.6689453125
-55875 2596.970947265625
-55865 2602.679931640625
-55855 2608.4599609375
-55845 2613.864013671875
-55835 2619.282958984375
-55825 2625.251953125
-55815 2630.1669921875
-55805 2635.35009765625
-55795 2640.333984375
-55785 2644.072021484375
-55775 2646.592041015625
-55765 2650.822998046875
-55755 2656.299072265625
-55745 2659.60302734375
-55735 2663.485107421875
-55725 2668.251953125
-55715 2674.64111328125
-55705 2678.72705078125
-55695 2683.10205078125
-55685 2686.840087890625
-55675 2691.172119140625
-55665 2695.8798828125
-55655 2700.617919921875
-55645 2706.281982421875
-55635 2711.194091796875
-55625 2716.134033203125
-55615 2719.2060546875
-55605 2728.04296875
-55595 2735.7509765625
-55585 2745.4140625
-55575 2754.033935546875
-55565 2759.97509765625
-55555 2767.175048828125
-55545 2775.955078125
-55535 2782.590087890625
-55525 2786.718994140625
-55515 2790.949951171875
-55505 2797.875
-55495 2805.697998046875
-55485 2817.302978515625
-55475 2823.47509765625
-55465 2821.14208984375
-55455 2822.924072265625
-55445 2828.197998046875
-55435 2834.702880859375
-55425 2842.048095703125
-55415 2848.97412109375
-55405 2856.303955078125
-55395 2864.9541015625
-55385 2872.748046875
-55375 2882.947998046875
-55365 2892.2919921875
-55355 2902.840087890625
-55345 2911.8798828125
-55335 2920.137939453125
-55325 2928.68603515625
-55315 2937.3349609375
-55305 2945.0859375
-55295 2951.64892578125
-55285 2950.60595703125
-55275 2948.64990234375
-55265 2947.955078125
-55255 2947.722900390625
-55245 2949.375
-55235 2953.156005859375
-55225 2949.925048828125
-55215 2949.172119140625
-55205 2949.823974609375
-55195 2945.9560546875
-55185 2939.087890625
-55175 2929.9609375
-55165 2921.35498046875
-55155 2912.60400390625
-55145 2904.738037109375
-55135 2895.7548828125
-55125 2887.337890625
-55115 2876.31201171875
-55105 2867.053955078125
-55095 2858.201904296875
-55085 2851.7548828125
-55075 2844.5400390625
-55065 2831.283935546875
-55055 2820.055908203125
-55045 2813.60888671875
-55035 2808.944091796875
-55025 2797.006103515625
-55015 2791.4130859375
-55005 2787.680908203125
-54995 2783.84912109375
-54985 2778.864990234375
-54975 2764.4560546875
-54965 2754.839111328125
-54955 2743.537109375
-54945 2730.409912109375
-54935 2718.455078125
-54925 2704.030029296875
-54915 2690.761962890625
-54905 2676.705078125
-54895 2639.867919921875
-54885 2628.583984375
-54875 2620.493896484375
-54865 2613.157958984375
-54855 2608.964111328125
-54845 2604.18994140625
-54835 2598.889892578125
-54825 2592.85302734375
-54815 2586.412109375
-54805 2580.5830078125
-54795 2574.68896484375
-54785 2568.89501953125
-54775 2563.260986328125
-54765 2554.889892578125
-54755 2546.93994140625
-54745 2538.81396484375
-54735 2532.56689453125
-54725 2526.072998046875
-54715 2519.386962890625
-54705 2509.52392578125
-54695 2504.6630859375
-54685 2488.447021484375
-54675 2466.089111328125
-54665 2446.925048828125
-54655 2436.60205078125
-54645 2430.427978515625
-54635 2423.1240234375
-54625 2418.3330078125
-54615 2413.6298828125
-54605 2408.9970703125
-54595 2404.64501953125
-54585 2400.344970703125
-54575 2395.39599609375
-54565 2390.008056640625
-54555 2385.0419921875
-54545 2380.654052734375
-54535 2378.073974609375
-54525 2377.864013671875
-54515 2378.882080078125
-54505 2379.215087890625
-54495 2381.70703125
-54485 2384.1640625
-54475 2383.72509765625
-54465 2380.531005859375
-54455 2380.093017578125
-54445 2378.302978515625
-54435 2377.443115234375
-54425 2372.282958984375
-54415 2366.966064453125
-54405 2357.2958984375
-54395 2348.486083984375
-54385 2339.306884765625
-54375 2331.340087890625
-54365 2324.126953125
-54355 2317.4580078125
-54345 2308.35009765625
-54335 2301.37890625
-54325 2295.096923828125
-54315 2288.72998046875
-54305 2275.14306640625
-54295 2268.385986328125
-54285 2261.7880859375
-54275 2248.501953125
-54265 2234.760986328125
-54255 2221.3359375
-54245 2202.488037109375
-54235 2188.0439453125
-54225 2175.4609375
-54215 2160.697998046875
-54205 2141.02490234375
-54195 2121.035888671875
-54185 2109.751953125
-54175 2099.555908203125
-54165 2093.3779296875
-54155 2077.284912109375
-54145 2063.98291015625
-54135 2050.64501953125
-54125 2041.6600341796875
-54115 2033.761962890625
-54105 2026.2340087890625
-54095 2016.862060546875
-54085 2008.7540283203125
-54075 2000.6610107421875
-54065 1993.991943359375
-54055 1986.656005859375
-54045 1980.25
-54035 1977.1259765625
-54025 1973.616943359375
-54015 1971.1949462890625
-54005 1969.01904296875
-53995 1967.491943359375
-53985 1966.77197265625
-53975 1964.2979736328125
-53965 1966.0880126953125
-53955 1967.123046875
-53945 1969.7559814453125
-53935 1973.02001953125
-53925 1975.23095703125
-53915 1980.93505859375
-53905 1985.7779541015625
-53895 1990.4820556640625
-53885 1997.2030029296875
-53875 2002.64404296875
-53865 2009.0880126953125
-53855 2014.9630126953125
-53845 2021.0389404296875
-53835 2027.0760498046875
-53825 2032.780029296875
-53815 2037.3780517578125
-53805 2044.468017578125
-53795 2051.06591796875
-53785 2056.735107421875
-53775 2063.298095703125
-53765 2070.195068359375
-53755 2076.968994140625
-53745 2083.989013671875
-53735 2092.81689453125
-53725 2099.714111328125
-53715 2108.173095703125
-53705 2117.632080078125
-53695 2127.47705078125
-53685 2142.52099609375
-53675 2149.39599609375
-53665 2156.06494140625
-53655 2167.844970703125
-53645 2186.51708984375
-53635 2197.925048828125
-53625 2208.208984375
-53615 2219.492919921875
-53605 2233.075927734375
-53595 2240.9560546875
-53585 2252.416015625
-53575 2262.841064453125
-53565 2269.5439453125
-53555 2275.22998046875
-53545 2282.092041015625
-53535 2287.010009765625
-53525 2293.306884765625
-53515 2300.85595703125
-53505 2305.64697265625
-53495 2311.509033203125
-53485 2319.196044921875
-53475 2327.47900390625
-53465 2341.14990234375
-53455 2350.135009765625
-53445 2356.9619140625
-53435 2363.31494140625
-53425 2371.65087890625
-53415 2379.531005859375
-53405 2384.181884765625
-53395 2391.93896484375
-53385 2396.992919921875
-53375 2401.924072265625
-53365 2406.18896484375
-53355 2412.156005859375
-53345 2421.633056640625
-53335 2425.47607421875
-53325 2429.881103515625
-53315 2433.885009765625
-53305 2436.95703125
-53295 2439.9580078125
-53285 2443.08203125
-53275 2446.342041015625
-53265 2449.697998046875
-53255 2453.2080078125
-53245 2457.52490234375
-53235 2465.966064453125
-53225 2468.931884765625
-53215 2471.0380859375
-53205 2473.4951171875
-53195 2476.512939453125
-53185 2478.72509765625
-53175 2481.251953125
-53165 2486.972900390625
-53155 2494.906005859375
-53145 2502.43408203125
-53135 2514.403076171875
-53125 2517.333984375
-53115 2520.10693359375
-53105 2523.634033203125
-53095 2526.653076171875
-53085 2530.39111328125
-53075 2533.847900390625
-53065 2541.60498046875
-53055 2545.694091796875
-53045 2549.2919921875
-53035 2552.64404296875
-53025 2556.2939453125
-53015 2560.260009765625
-53005 2564.0859375
-52995 2568.298095703125
-52985 2572.824951171875
-52975 2576.23388671875
-52965 2580.218017578125
-52955 2584.47900390625
-52945 2589.010009765625
-52935 2593.134033203125
-52925 2597.76708984375
-52915 2603.41796875
-52905 2608.19091796875
-52895 2612.490966796875
-52885 2616.966064453125
-52875 2621.7919921875
-52865 2626.68896484375
-52855 2631.514892578125
-52845 2636.446044921875
-52835 2641.3779296875
-52825 2646.4140625
-52815 2651.714111328125
-52805 2656.908935546875
-52795 2662.910888671875
-52785 2668.738037109375
-52775 2674.89697265625
-52765 2680.968994140625
-52755 2687.1650390625
-52745 2694.114013671875
-52735 2702.06396484375
-52725 2707.574951171875
-52715 2710.8740234375
-52705 2712.717041015625
-52695 2717.385009765625
-52685 2721.47802734375
-52675 2725.77392578125
-52665 2730.1650390625
-52655 2735.114013671875
-52645 2740.16796875
-52635 2745.08203125
-52625 2750.64501953125
-52615 2756.735107421875
-52605 2764.034912109375
-52595 2774.93310546875
-52585 2784.7958984375
-52575 2796.467041015625
-52565 2804.75
-52555 2811.068115234375
-52545 2814.069091796875
-52535 2820.10595703125
-52525 2826.3359375
-52515 2832.443115234375
-52505 2838.14599609375
-52495 2843.699951171875
-52485 2848.93408203125
-52475 2853.69091796875
-52465 2858.35400390625
-52455 2863.43310546875
-52445 2868.885986328125
-52435 2874.868896484375
-52425 2881.14892578125
-52415 2887.905029296875
-52405 2894.868896484375
-52395 2902.06005859375
-52385 2909.64208984375
-52375 2917.9208984375
-52365 2927.8701171875
-52355 2956.52392578125
-52345 2981.5849609375
-52335 2997.987060546875
-52325 3009.757080078125
-52315 3018.612060546875
-52305 3002.6259765625
-52295 2996.85693359375
-52285 2990.677978515625
-52275 2956.98095703125
-52265 2919.550048828125
-52255 2915.10205078125
-52245 2913.89990234375
-52235 2917.8369140625
-52225 2921.19091796875
-52215 2923.541015625
-52205 2925.2890625
-52195 2926.739990234375
-52185 2928.489013671875
-52175 2930.617919921875
-52165 2933.5791015625
-52155 2938.14111328125
-52145 2944.093994140625
-52135 2949.0419921875
-52125 2950.962890625
-52115 2947.572998046875
-52105 2954.7099609375
-52095 2955.93505859375
-52085 2956.25
-52075 2956.155029296875
-52065 2955.93505859375
-52055 2955.715087890625
-52045 2955.993896484375
-52035 2956.89208984375
-52025 2957.712890625
-52015 2958.25390625
-52005 2959.419921875
-51995 2960.989990234375
-51985 2962.81005859375
-51975 2964.97412109375
-51965 2967.64501953125
-51955 2970.451904296875
-51945 2975.6259765625
-51935 2986.509033203125
-51925 3002.81005859375
-51915 3027.948974609375
-51905 3031.30908203125
-51895 3032.08203125
-51885 3042.94189453125
-51875 3075.501953125
-51865 3181.041015625
-51855 3201.445068359375
-51845 3212.64990234375
-51835 3220.25
-51825 3227.73193359375
-51815 3237.430908203125
-51805 3260.452880859375
-51795 3287.333984375
-51785 3288.77294921875
-51775 3302.56494140625
-51765 3294.322021484375
-51755 3293.304931640625
-51745 3298.455078125
-51735 3293.429931640625
-51725 3285.7099609375
-51715 3280.583984375
-51705 3274.93994140625
-51695 3271.0390625
-51685 3273.85205078125
-51675 3270.699951171875
-51665 3265.40087890625
-51655 3265.281982421875
-51645 3264.888916015625
-51635 3273.06103515625
-51625 3269.10009765625
-51615 3264.568115234375
-51605 3259.739013671875
-51595 3253.60205078125
-51585 3252.632080078125
-51575 3255.64208984375
-51565 3261.93994140625
-51555 3262.52197265625
-51545 3265.47802734375
-51535 3268.968994140625
-51525 3269.43896484375
-51515 3270.343017578125
-51505 3277.7529296875
-51495 3274.761962890625
-51485 3269.68310546875
-51475 3269.991943359375
-51465 3277.361083984375
-51455 3293.970947265625
-51445 3303.195068359375
-51435 3302.93896484375
-51425 3307.2451171875
-51415 3314.875
-51405 3299.56103515625
-51395 3287.673095703125
-51385 3285.9130859375
-51375 3288.35107421875
-51365 3292.39501953125
-51355 3304.02197265625
-51345 3312.758056640625
-51335 3334.049072265625
-51325 3363.260986328125
-51315 3364.718994140625
-51305 3361.382080078125
-51295 3360.12109375
-51285 3358.510009765625
-51275 3355.93994140625
-51265 3352.18798828125
-51255 3347.001953125
-51245 3340.126953125
-51235 3333.81689453125
-51225 3323.9208984375
-51215 3310.43896484375
-51205 3298.402099609375
-51195 3290.533935546875
-51185 3284.85400390625
-51175 3280.35205078125
-51165 3276.052001953125
-51155 3272.050048828125
-51145 3268.529052734375
-51135 3264.989990234375
-51125 3261.488037109375
-51115 3257.948974609375
-51105 3254.451904296875
-51095 3251.18701171875
-51085 3247.738037109375
-51075 3244.1220703125
-51065 3240.780029296875
-51055 3237.360107421875
-51045 3233.881103515625
-51035 3230.3359375
-51025 3226.636962890625
-51015 3223.157958984375
-51005 3219.531005859375
-50995 3215.84912109375
-50985 3212.406005859375
-50975 3208.825927734375
-50965 3205.406005859375
-50955 3202.05810546875
-50945 3198.56103515625
-50935 3195.075927734375
-50925 3191.412109375
-50915 3188.010009765625
-50905 3184.762939453125
-50895 3181.48095703125
-50885 3178.174072265625
-50875 3174.908935546875
-50865 3171.89404296875
-50855 3169.0029296875
-50845 3166.160888671875
-50835 3163.4189453125
-50825 3160.9208984375
-50815 3158.327880859375
-50805 3156.0029296875
-50795 3153.779052734375
-50785 3151.5009765625
-50775 3149.5390625
-50765 3147.55810546875
-50755 3145.7919921875
-50745 3144.072998046875
-50735 3142.389892578125
-50725 3140.83203125
-50715 3139.297119140625
-50705 3137.882080078125
