-79345 2902.466064453125
-79335 2895.8798828125
-79325 2891.283935546875
-79315 2887.532958984375
-79305 2884.263916015625
-79295 2881.47802734375
-79285 2880.06689453125
-79275 2879.052978515625
-79265 2877.40087890625
-79255 2875.5439453125
-79245 2873.14306640625
-79235 2870.573974609375
-79225 2867.945068359375
-79215 2865.302978515625
-79205 2862.758056640625
-79195 2859.99609375
-79185 2857.2099609375
-79175 2854.291015625
-79165 2851.444091796875
-79155 2848.886962890625
-79145 2845.919921875
-79135 2842.97705078125
-79125 2839.35791015625
-79115 2834.4130859375
-79105 2832.676025390625
-79095 2830.10693359375
-79085 2826.85009765625
-77905 2870.466064453125
-77895 2873.385009765625
-77885 2877.89599609375
-77875 2886.218017578125
-77865 2900.06494140625
-77855 2903.9130859375
-77845 2893.14208984375
-77835 2879.35498046875
-77825 2870.2119140625
-77815 2871.382080078125
-77805 2872.08203125
-77795 2872.708984375
-77785 2873.1669921875
-77775 2873.590087890625
-77765 2873.9150390625
-77755 2874.240966796875
-77745 2874.93994140625
-77735 2875.470947265625
-77725 2876.5810546875
-77715 2877.69091796875
-77705 2878.510986328125
-77695 2878.9208984375
-77685 2878.656005859375
-77675 2878.365966796875
-77665 2877.8349609375
-77655 2877.3291015625
-77645 2876.3759765625
-77635 2875.592041015625
-77625 2874.264892578125
-77615 2872.76904296875
-77605 2870.73095703125
-77595 2868.740966796875
-77585 2867.06396484375
-77575 2865.568115234375
-77565 2864.736083984375
-77555 2863.446044921875
-77545 2862.9150390625
-77535 2862.300048828125
-77525 2861.56396484375
-77515 2861.39501953125
-77505 2861.491943359375
-77495 2862.6298828125
-77485 2864.242919921875
-77475 2866.569091796875
-77465 2869.445068359375
-77455 2872.798095703125
-77445 2876.699951171875
-77435 2881.155029296875
-77425 2886.174072265625
-77415 2891.798095703125
-77405 2899.583984375
-77395 2909.1279296875
-77385 2919.51611328125
-77375 2929.0419921875
-77365 2939.634033203125
-77355 2942.927978515625
-77345 2938.861083984375
-77335 2931.863037109375
-77325 2926.092041015625
-77315 2922.080078125
-77305 2917.20703125
-77295 2910.68603515625
-77285 2903.486083984375
-77275 2895.626953125
-77265 2888.3359375
-77255 2881.095947265625
-77245 2876.77294921875
-77235 2873.27392578125
-77225 2863.8759765625
-77215 2856.76806640625
-77205 2848.56103515625
-77195 2836.965087890625
-77185 2832
-77175 2827.2548828125
-77165 2824.123046875
-77155 2818.590087890625
-77145 2807.944091796875
-77135 2796.384033203125
-77125 2791.822998046875
-77115 2785.574951171875
-77105 2778.7060546875
-77095 2775.31689453125
-77085 2768.5380859375
-77075 2763.446044921875
-77065 2752.985107421875
-77055 2745.910888671875
-77045 2739.626953125
-77035 2737.135986328125
-77025 2734.552978515625
-77015 2732.318115234375
-77005 2730.283935546875
-76995 2728.158935546875
-76985 2726.236083984375
-76975 2724.404052734375
-76965 2722.51708984375
-76955 2720.5380859375
-76945 2718.68798828125
-76935 2716.8740234375
-76925 2714.876953125
-76915 2713.174072265625
-76905 2711.177001953125
-76895 2709.490966796875
-76885 2707.60498046875
-76875 2705.552978515625
-76865 2703.7939453125
-76855 2701.97998046875
-76845 2700.2041015625
-76835 2698.591064453125
-76825 2696.68603515625
-76815 2694.964111328125
-76805 2693.444091796875
-76795 2691.777099609375
-76785 2690.1650390625
-76775 2688.4609375
-76765 2686.2080078125
-76755 2685.14501953125
-76745 2682.635009765625
-76735 2681.4599609375
-76725 2681.095947265625
-76715 2681.514892578125
-76705 2682.4150390625
-76695 2683.510986328125
-76685 2683.968994140625
-76675 2682.909912109375
-76665 2682.158935546875
-76655 2682.196044921875
-76645 2685.56591796875
-76635 2688.680908203125
-76625 2693.279052734375
-76615 2694.506103515625
-76605 2695.989990234375
-76595 2696.5029296875
-76585 2696.08203125
-76575 2695.27587890625
-76565 2689.85302734375
-76555 2687.215087890625
-76545 2685.510986328125
-76535 2682.927978515625
-76525 2679.777099609375
-76515 2674.153076171875
-76505 2671.294921875
-76495 2669.001953125
-76485 2668.23291015625
-76475 2669.60693359375
-76465 2674.406005859375
-76455 2670.9990234375
-76445 2670.39501953125
-76435 2669.2041015625
-76425 2669.093994140625
-76415 2673.31103515625
-76405 2678.805908203125
-76395 2680.784912109375
-76385 2684.925048828125
-76375 2686.64697265625
-76365 2685.676025390625
-76355 2682.800048828125
-76345 2675.6708984375
-76335 2668.8740234375
-76325 2663.287109375
-76315 2659.970947265625
-76305 2656.947998046875
-76295 2654.31005859375
-76285 2651.416015625
-76275 2648.35595703125
-76265 2645.260009765625
-76255 2642.714111328125
-76245 2644.85693359375
-76235 2644.89404296875
-76225 2645.552978515625
-76215 2646.176025390625
-76205 2647.092041015625
-76195 2649.72998046875
-76185 2653.741943359375
-76175 2659.14599609375
-76165 2663.304931640625
-76155 2664.27587890625
-76145 2664.055908203125
-76135 2669.533935546875
-76125 2676.718017578125
-76115 2686.3720703125
-76105 2691.06201171875
-76095 2694.873046875
-76085 2692.986083984375
-76075 2700.587890625
-76065 2705.094970703125
-76055 2712.60595703125
-76045 2719.989013671875
-76035 2728.287109375
-76025 2736.29296875
-76015 2740.783935546875
-76005 2741.166015625
-75995 2744.66796875
-75985 2746.114990234375
-75975 2749.302978515625
-75965 2752.39892578125
-75955 2756.612060546875
-75945 2759.1220703125
-75935 2762.4560546875
-75925 2764.39794921875
-75915 2766.010009765625
-75905 2770.552978515625
-75895 2771.68896484375
-75885 2779.988037109375
-75875 2782.9560546875
-75865 2786.10693359375
-75855 2795.193115234375
-75845 2802.924072265625
-75835 2811.205078125
-75825 2819.818115234375
-75815 2827.035888671875
-75805 2833.410888671875
-75795 2838.485107421875
-75785 2841.470947265625
-75775 2845.09912109375
-75765 2848.6708984375
-75755 2853.635009765625
-75745 2857.573974609375
-75735 2865.873046875
-75725 2874.702880859375
-75715 2884.011962890625
-75705 2893.68505859375
-75695 2900.096923828125
-75685 2904.126953125
-75675 2907.864990234375
-75665 2911.547119140625
-75655 2915.027099609375
-75645 2918.343017578125
-75635 2923.4541015625
-75625 2930.8740234375
-75615 2938.092041015625
-75605 2941.22412109375
-75595 2945.77099609375
-75585 2949.068115234375
-75575 2952.1640625
-75565 2955.132080078125
-75555 2958.0810546875
-75545 2961.35693359375
-75535 2965.51904296875
-75525 2970.007080078125
-75515 2974.2939453125
-75505 2978.966064453125
-75495 2982.35498046875
-75485 2985.98193359375
-75475 2990.214111328125
-75465 2994.885009765625
-75455 3000.490966796875
-75445 3005.862060546875
-75435 3011.281005859375
-75425 3016.759033203125
-75415 3020.423095703125
-75405 3024.841064453125
-75395 3028.39501953125
-75385 3031.4169921875
-75375 3033.743896484375
-75365 3037.133056640625
-75355 3039.89892578125
-75345 3042.3720703125
-75335 3044.406005859375
-75325 3046.4580078125
-75315 3048.343994140625
-75305 3050.68896484375
-75295 3053.236083984375
-75285 3056.47900390625
-75275 3060.837890625
-75265 3066.426025390625
-75255 3068.60595703125
-75245 3074.798095703125
-75235 3078.241943359375
-75225 3081.447998046875
-75215 3084.196044921875
-75205 3087.45703125
-75195 3090.718017578125
-75185 3094.092041015625
-75175 3098.157958984375
-75165 3102.572998046875
-75155 3106.93310546875
-75145 3108.618896484375
-75135 3112.613037109375
-75125 3119.666015625
-75115 3123.512939453125
-75105 3127.139892578125
-75095 3130.784912109375
-75085 3134.35791015625
-75075 3138.222900390625
-75065 3142.197998046875
-75055 3145.9541015625
-75045 3149.876953125
-75035 3153.85009765625
-75025 3157.737060546875
-75015 3161.455078125
-75005 3165.633056640625
-74995 3169.2451171875
-74985 3172.89111328125
-74975 3176.6201171875
-74965 3180.050048828125
-74955 3183.611083984375
-74945 3187.2451171875
-74935 3190.18310546875
-74925 3192.797119140625
-74915 3196.299072265625
-74905 3198.324951171875
-74895 3214.35791015625
-74885 3229.156005859375
-74875 3242.5390625
-74865 3250.08203125
-74855 3253.799072265625
-74845 3259.14697265625
-74835 3264.9990234375
-74825 3271.126953125
-74815 3277.56689453125
-74805 3284.4619140625
-74795 3294.534912109375
-74785 3309.465087890625
-74775 3319.634033203125
-74765 3330.593994140625
-74755 3345.404052734375
-74745 3357.826904296875
-74735 3350.9560546875
-74725 3344.096923828125
-74715 3340.47509765625
-74705 3335.571044921875
-74695 3329.22705078125
-74685 3323.554931640625
-74675 3318.195068359375
-74665 3313.73388671875
-74655 3309.64501953125
-74645 3305.782958984375
-74635 3303.34912109375
-74625 3301.18994140625
-74615 3299.199951171875
-74605 3297.4970703125
-74595 3296.382080078125
-74585 3295.674072265625
-74575 3295.26708984375
-74565 3294.822998046875
-74555 3295.291015625
-74545 3295.85400390625
-74535 3295.926025390625
-74525 3296.513916015625
-74515 3297.0048828125
-74505 3297.700927734375
-74495 3298.491943359375
-74485 3299.464111328125
-74475 3300.819091796875
-74465 3302.85693359375
-74455 3304.511962890625
-74445 3306.0830078125
-74435 3307.593994140625
-74425 3309.465087890625
-74415 3311.7548828125
-74405 3314.596923828125
-74395 3315.677001953125
-74385 3317.18798828125
-74375 3323.43505859375
-74365 3326.68505859375
-74355 3329.406982421875
-74345 3331.0859375
-74335 3332.044921875
-74325 3333.075927734375
-74315 3334.14404296875
-74305 3335.43896484375
-74295 3336.830078125
-74285 3338.18505859375
-74275 3339.6240234375
-74265 3340.7509765625
-74255 3341.614990234375
-74245 3342.406005859375
-74235 3343.053955078125
-74225 3343.60498046875
-74215 3343.952880859375
-74205 3344.02490234375
-74195 3343.760986328125
-74185 3343.85693359375
-74175 3343.68896484375
-74165 3343.35400390625
-74155 3342.93408203125
-74145 3342.64599609375
-74135 3342.261962890625
-74125 3341.93798828125
-74115 3341.531005859375
-74105 3341.135009765625
-74095 3340.64306640625
-74085 3340.0439453125
-74075 3339.360107421875
-74065 3339.048095703125
-74055 3338.40087890625
-74045 3337.81298828125
-74035 3337.070068359375
-74025 3336.3740234375
-74015 3335.955078125
-74005 3335.64306640625
-73995 3335.510986328125
-73985 3335.175048828125
-73975 3334.742919921875
-73965 3334.216064453125
-73955 3333.927978515625
-73945 3332.452880859375
-73935 3330.68994140625
-73925 3330.23388671875
-73915 3332.885009765625
-73905 3354.64990234375
-73895 3359.51806640625
-73885 3370.202880859375
-73875 3378.25
-73865 3394.572998046875
-73855 3400.113037109375
-73845 3405.386962890625
-73835 3406.98193359375
-73825 3410.89111328125
-73815 3421.81494140625
-73805 3411.85302734375
-73795 3400.052978515625
-73785 3393.202880859375
-73775 3382.677001953125
-73765 3379.26904296875
-73755 3376.4150390625
-73745 3378.861083984375
-73735 3380.3720703125
-73725 3376.718017578125
-73715 3377.818115234375
-73705 3376.259033203125
-73695 3383.841064453125
-73685 3391.47900390625
-73675 3393.802978515625
-73665 3398.721923828125
-73655 3399.319091796875
-73645 3402.388916015625
-73635 3400.662109375
-73625 3403.14697265625
-73615 3406.096923828125
-73605 3414.968017578125
-73595 3422.702880859375
-73585 3423.8330078125
-73575 3428.302978515625
-73565 3437.428955078125
-73555 3440.7060546875
-73545 3446.48193359375
-73535 3450.60791015625
-73525 3457.802978515625
-73515 3455.76708984375
-73505 3453.760986328125
-73495 3446.532958984375
-73485 3436.013916015625
-73475 3424.345947265625
-73465 3418.194091796875
-73455 3413.9130859375
-73445 3409.66796875
-73435 3405.8779296875
-73425 3402.653076171875
-73415 3399.989990234375
-73405 3397.8798828125
-73395 3392.39990234375
-73385 3391.60791015625
-73375 3393.262939453125
-73365 3392.0400390625
-73355 3390.552978515625
-73345 3389.197998046875
-73335 3387.782958984375
-73325 3386.69189453125
-73315 3385.759033203125
-73305 3385.072998046875
-73295 3384.52099609375
-73285 3384.27197265625
-73275 3384.139892578125
-73265 3384.115966796875
-73255 3384.052978515625
-73245 3384.152099609375
-73235 3384.260009765625
-73225 3384.4130859375
-73215 3384.532958984375
-73205 3384.80908203125
-73195 3385.072998046875
-73185 3385.47998046875
-73175 3385.507080078125
-73165 3386.008056640625
-73155 3386.367919921875
-73145 3386.7041015625
-73135 3387.01806640625
-73125 3387.114013671875
-73115 3387.31494140625
-73105 3388.05908203125
-73095 3388.385009765625
-73085 3388.708984375
-73075 3388.8740234375
-73065 3389.18603515625
-73055 3389.617919921875
-73045 3389.533935546875
-73035 3390.445068359375
-73025 3391.044921875
-73015 3391.800048828125
-73005 3392.364013671875
-72995 3392.782958984375
-72985 3393.322998046875
-72975 3393.958984375
-72965 3394.510009765625
-72955 3395.0380859375
-72945 3395.748046875
-72935 3396.39306640625
-72925 3396.95703125
-72915 3397.259033203125
-72905 3397.843994140625
-72895 3398.156005859375
-72885 3398.74609375
-72875 3399.06689453125
-72865 3399.294921875
-72855 3399.846923828125
-72845 3400.281005859375
-72835 3400.674072265625
-72825 3401.093994140625
-72815 3401.45703125
-72805 3401.7919921875
-72795 3402.4130859375
-72785 3403.20703125
-72775 3403.912109375
-72765 3405.06298828125
-72755 3406.27392578125
-72745 3407.677001953125
-72735 3409.05908203125
-72725 3410.52197265625
-72715 3412.221923828125
-72705 3413.888916015625
-72695 3415.843994140625
-72685 3418.697998046875
-72675 3422.10595703125
-72665 3425.416015625
-72655 3428.375
-72645 3430.9560546875
-72635 3433.219970703125
-72625 3435.761962890625
-72615 3439.5419921875
-72605 3441.830078125
-72595 3444.7919921875
-72585 3447.81298828125
-72575 3449.491943359375
-72565 3449.794921875
-72555 3449.193115234375
-72545 3448.283935546875
-72535 3446.94091796875
-72525 3444.56396484375
-72515 3438.2109375
-72505 3429.68310546875
-72495 3420.721923828125
-72485 3412.705078125
-72475 3404.298095703125
-72465 3396.239013671875
-72455 3384.01806640625
-72445 3373.45703125
-72435 3363.08203125
-72425 3357.462890625
-72415 3352.3369140625
-72405 3347.3330078125
-72395 3343.089111328125
-72385 3339.23388671875
-72375 3335.54296875
-72365 3331.81103515625
-72355 3328.571044921875
-72345 3325.719970703125
-72335 3322.972900390625
-72325 3319.77392578125
-72315 3315.97998046875
-72305 3311.98193359375
-72295 3308.679931640625
-72285 3305.113037109375
-72275 3301.360107421875
-72265 3297.053955078125
-72255 3292.89111328125
-72245 3288.9951171875
-72235 3285.365966796875
-72225 3281.777099609375
-72215 3278.4140625
-72205 3275.135986328125
-72195 3271.99609375
-72185 3269.001953125
-72175 3266.029052734375
-72165 3263.239990234375
-72155 3260.34912109375
-72145 3257.43701171875
-72135 3254.464111328125
-72125 3251.492919921875
-72115 3248.64306640625
-72105 3245.5439453125
-72095 3240.051025390625
-72085 3238.06201171875
-72075 3234.388916015625
-72065 3231.193115234375
-72055 3227.030029296875
-72045 3222.823974609375
-72035 3218.5
-72025 3213.698974609375
-72015 3208.492919921875
-72005 3203.448974609375
-71995 3198.137939453125
-71985 3192.969970703125
-71975 3187.926025390625
-71965 3183.10693359375
-71955 3178.18603515625
-71945 3173.510986328125
-71935 3168.7939453125
-71925 3164.262939453125
-71915 3159.97705078125
-71905 3155.93798828125
-71895 3152.1650390625
-71885 3148.739990234375
-71875 3145.23388671875
-71865 3141.830078125
-71855 3138.467041015625
-71845 3135.20703125
-71835 3132.049072265625
-71825 3128.68603515625
-71815 3125.528076171875
-71805 3122.656982421875
-71795 3118.781982421875
-71785 3116.587890625
-71775 3114.10595703125
-71765 3111.337890625
-71755 3108.611083984375
-71745 3105.575927734375
-71735 3103.239013671875
-71725 3100.860107421875
-71715 3098.39892578125
-71705 3096.553955078125
-71695 3094.5439453125
-71685 3092.698974609375
-71675 3091.05810546875
-71665 3089.27392578125
-71655 3087.839111328125
-71645 3086.465087890625
-71635 3085.091064453125
-71625 3083.635009765625
-71615 3082.199951171875
-71605 3080.907958984375
-71595 3079.0419921875
-71585 3076.68408203125
-71575 3075.10498046875
-71565 3073.053955078125
-71555 3070.655029296875
-71545 3068.092041015625
-71535 3065.611083984375
-71525 3062.781005859375
-71515 3059.827880859375
-71505 3056.77294921875
-71495 3053.697021484375
-71485 3050.498046875
-71475 3047.402099609375
-71465 3044.346923828125
-71455 3037.2109375
-71445 3031.304931640625
-71435 3022.241943359375
-71425 3029.029052734375
-71415 3023.656982421875
-71405 3018.89892578125
-71395 3013.64990234375
-71385 3008.278076171875
-71375 3003.31494140625
-71365 2997.799072265625
-71355 2992.303955078125
-71345 2987.053955078125
-71335 2981.51806640625
-71325 2974.8740234375
-71315 2968.927001953125
-71305 2961.81201171875
-71295 2954.717041015625
-71285 2948.73193359375
-71275 2939.625
-71265 2937.1259765625
-71255 2930.930908203125
-71245 2919.180908203125
-71235 2917.419921875
-71225 2910.240966796875
-71215 2895.41796875
-71205 2882.929931640625
-71195 2872.862060546875
-71185 2865.458984375
-71175 2858.69189453125
-71165 2852.25390625
-71155 2845.7939453125
-71145 2839.35595703125
-71135 2832.486083984375
-71125 2825.31005859375
-71115 2818.43994140625
-71105 2811.01708984375
-71095 2802.7119140625
-71085 2791.455078125
-71075 2779.827880859375
-71065 2767.361083984375
-71055 2760.388916015625
-71045 2749.76708984375
-71035 2741.135009765625
-71025 2734.9619140625
-71015 2729.631103515625
-71005 2722.905029296875
-70995 2718.968017578125
-70985 2714.45703125
-70975 2705.51611328125
-70965 2694.93603515625
-70955 2690.198974609375
-70945 2685.8310546875
-70935 2681.114990234375
-70925 2676.132080078125
-70915 2671.43603515625
-70905 2666.248046875
-70895 2661.1220703125
-70885 2656.93896484375
-70875 2652.470947265625
-70865 2648.798095703125
-70855 2646.153076171875
-70845 2643.240966796875
-70835 2640.291015625
-70825 2637.72509765625
-70815 2635.759033203125
-70805 2634.136962890625
-70795 2632.22998046875
-70785 2630.633056640625
-70775 2627.615966796875
-70765 2628.27197265625
-70755 2626.8779296875
-70745 2625.445068359375
-70735 2624.2939453125
-70725 2623.26904296875
-70715 2622.123046875
-70705 2621.033935546875
-70695 2619.782958984375
-70685 2618.572998046875
-70675 2616.89404296875
-70665 2616.032958984375
-70655 2615.0048828125
-70645 2613.056884765625
-70635 2612.177978515625
-70625 2609.160888671875
-70615 2609.18408203125
-70605 2609.447998046875
-70595 2607.9541015625
-70585 2605.410888671875
-70575 2603.544921875
-70565 2604.281005859375
-70555 2602.5380859375
-70545 2601.740966796875
-70535 2600.302978515625
-70525 2595.77099609375
-70515 2597.10400390625
-70505 2593.06689453125
-70495 2590.44189453125
-70485 2591.136962890625
-70475 2590.955078125
-70465 2589.2939453125
-70455 2588.20703125
-70445 2585.56201171875
-70435 2583.510986328125
-70425 2577.237060546875
-70415 2572.294921875
-70405 2570.325927734375
-70395 2574.7529296875
-70385 2575.575927734375
-70375 2577.010986328125
-70365 2578.074951171875
-70355 2576.4140625
-70345 2572.008056640625
-70335 2570.200927734375
-70325 2568.931884765625
-70315 2564.031005859375
-70305 2562.636962890625
-70295 2561.570068359375
-70285 2558.2900390625
-70275 2552.81396484375
-70265 2545.698974609375
-70255 2540.0810546875
-70245 2532.904052734375
-70235 2529.294921875
-70225 2530.279052734375
-70215 2528.10498046875
-70205 2526.506103515625
-70195 2525.931884765625
-70185 2525.52197265625
-70175 2525.132080078125
-70165 2527.14208984375
-70155 2529.60205078125
-70145 2530.48388671875
-70135 2530.93505859375
-70125 2531.77587890625
-70115 2533.580078125
-70105 2536.287109375
-70095 2537.0048828125
-70085 2538.112060546875
-70075 2542.12890625
-70065 2544.85791015625
-70055 2546.928955078125
-70045 2549.697998046875
-70035 2553.306884765625
-70025 2556.95703125
-70015 2561.385986328125
-70005 2564.18994140625
-69995 2567.799072265625
-69985 2569.680908203125
-69975 2572.323974609375
-69965 2574.31689453125
-69955 2574.89794921875
-69945 2576.0048828125
-69935 2577.375
-69925 2578.35693359375
-69915 2582.577880859375
-69905 2586.10693359375
-69895 2591.697998046875
-69885 2602.449951171875
-69875 2616.27392578125
-69865 2619.73388671875
-69855 2624.052001953125
-69845 2627.98193359375
-69835 2634.5
-69825 2641.737060546875
-69815 2646.248046875
-69805 2650.23388671875
-69795 2653.569091796875
-69785 2656.114990234375
-69775 2658.826904296875
-69765 2661.45703125
-69755 2664.238037109375
-69745 2667.115966796875
-69735 2670.035888671875
-69725 2672.154052734375
-69715 2674.548095703125
-69705 2677.24609375
-69695 2679.971923828125
-69685 2682.60107421875
-69675 2685.39697265625
-69665 2688.7041015625
-69655 2692.7451171875
-69645 2697.5048828125
-69635 2700.64599609375
-69625 2703.705078125
-69615 2708.382080078125
-69605 2712.35400390625
-69595 2717.514892578125
-69585 2721.321044921875
-69575 2726.136962890625
-69565 2731.159912109375
-69555 2735.158935546875
-69545 2737.179931640625
-69535 2739.68505859375
-69525 2742.93701171875
-69515 2745.926025390625
-69505 2748.512939453125
-69495 2752.636962890625
-69485 2759.570068359375
-69475 2765.175048828125
-69465 2770.14306640625
-69455 2774.47412109375
-69445 2776.68798828125
-69435 2776.218017578125
-69425 2775.3740234375
-69415 2772.85498046875
-69405 2768.385009765625
-69395 2765.118896484375
-69385 2762.2548828125
-69375 2761.35498046875
-69365 2759.8330078125
-69355 2758.116943359375
-69345 2758.02001953125
-69335 2757.135009765625
-69325 2756.498046875
-69315 2756.220947265625
-69305 2755.875
-69295 2754.22900390625
-69285 2753.093994140625
-69275 2752.402099609375
-69265 2750.97705078125
-69255 2751.987060546875
-69245 2750.865966796875
-69235 2748.512939453125
-69225 2747.22607421875
-69215 2745.6630859375
-69205 2744.83203125
-69195 2745.967041015625
-69185 2745.85595703125
-69175 2746.18798828125
-69165 2749.02490234375
-69155 2749.49609375
-69145 2750.906982421875
-69135 2752.262939453125
-69125 2753.35693359375
-69115 2754.573974609375
-69105 2753.1630859375
-69095 2755.156005859375
-69085 2758.35205078125
-69075 2754.76806640625
-69065 2755.9169921875
-69055 2757.923095703125
-69045 2755.986083984375
-69035 2756.054931640625
-69025 2756.041015625
-69015 2756.94091796875
-69005 2759.0029296875
-68995 2761.175048828125
-68985 2765.367919921875
-68975 2767.154052734375
-68965 2769.215087890625
-68955 2770.12890625
-68945 2770.904052734375
-68935 2769.865966796875
-68925 2767.263916015625
-68915 2766.76611328125
-68905 2765.450927734375
-68895 2762.80810546875
-68885 2762.31005859375
-68875 2761.783935546875
-68865 2762.31005859375
-68855 2761.549072265625
-68845 2762.172119140625
-68835 2761.202880859375
-68825 2759.555908203125
-68815 2758.22802734375
-68805 2756.45703125
-68795 2754.64404296875
-68785 2754.615966796875
-68775 2757.425048828125
-68765 2758.365966796875
-68755 2758.56005859375
-68745 2761.009033203125
-68735 2765.382080078125
-68725 2769.465087890625
-68715 2771.443115234375
-68705 2773.615966796875
-68695 2775.096923828125
-68685 2778.072021484375
-68675 2780.508056640625
-68665 2783.4140625
-68655 2783.926025390625
-68645 2786.720947265625
-68635 2787.883056640625
-68625 2787.135986328125
-68615 2786.735107421875
-68605 2787.48193359375
-68595 2787.993896484375
-68585 2788.823974609375
-68575 2789.364013671875
-68565 2790.81689453125
-68555 2791.177001953125
-68545 2791.43994140625
-68535 2791.10791015625
-68525 2790.52587890625
-68515 2791.052001953125
-68505 2792.215087890625
-68495 2792.72705078125
-68485 2792.68505859375
-68475 2791.592041015625
-68465 2792.5048828125
-68455 2787.883056640625
-68445 2772.426025390625
-68435 2766.5029296875
-68425 2761.27197265625
-68415 2754.64404296875
-68405 2754.712890625
-68395 2754.51904296875
-68385 2751.738037109375
-68375 2746.39599609375
-68365 2745.884033203125
-68355 2744.611083984375
-68345 2748.4169921875
-68335 2743.2958984375
-68325 2737.1240234375
-68315 2733.013916015625
-68305 2730.0810546875
-68295 2726.926025390625
-68285 2723.217041015625
-68275 2719.2041015625
-68265 2718.7060546875
-68255 2720.033935546875
-68245 2719.493896484375
-68235 2721.126953125
-68225 2721.736083984375
-68215 2721.6669921875
-68205 2726.81494140625
-68195 2727.507080078125
-68185 2726.053955078125
-68175 2726.593994140625
-68165 2727.93603515625
-68155 2735.739990234375
-68145 2738.342041015625
-68135 2733.179931640625
-68125 2731.865966796875
-68115 2734.177001953125
-68105 2734.35693359375
-68095 2731.89404296875
-68085 2730.0390625
-68075 2728.30908203125
-68065 2727.699951171875
-68055 2727.243896484375
-68045 2728.751953125
-68035 2730.093994140625
-68025 2729.666015625
-68015 2728.7109375
-68005 2728.18505859375
-67995 2726.094970703125
-67985 2724.72509765625
-67975 2721.7080078125
-67965 2718.99609375
-67955 2717.764892578125
-67945 2716.822998046875
-67935 2715.35693359375
-67925 2713.779052734375
-67915 2713.294921875
-67905 2713.4189453125
-67895 2711.49609375
-67885 2710.1259765625
-67875 2709.43408203125
-67865 2709.14306640625
-67855 2709.115966796875
-67845 2711.5791015625
-67835 2712.10498046875
-67825 2714.402099609375
-67815 2716.449951171875
-67805 2717.322021484375
-67795 2720.116943359375
-67785 2725.458984375
-67775 2730.966064453125
-67765 2731.68603515625
-67755 2731.9208984375
-67745 2733.345947265625
-67735 2733.73388671875
-67725 2733.4990234375
-67715 2735.51904296875
-67705 2735.5048828125
-67695 2734.785888671875
-67685 2732.239990234375
-67675 2729.844970703125
-67665 2727.64501953125
-67655 2724.93310546875
-67645 2724.6279296875
-67635 2724.14404296875
-67625 2725.3759765625
-67615 2729.512939453125
-67605 2728.76611328125
-67595 2727.424072265625
-67585 2728.073974609375
-67575 2728.239990234375
-67565 2728.406005859375
-67555 2727.533935546875
-67545 2727.60400390625
-67535 2726.552001953125
-67525 2724.006103515625
-67515 2724.68408203125
-67505 2724.326904296875
-67495 2724.882080078125
-67485 2727.073974609375
-67475 2727.9169921875
-67465 2727.97802734375
-67455 2725.322998046875
-67445 2722.56494140625
-67435 2722.611083984375
-67425 2725.281005859375
-67415 2725.541015625
-67405 2725.924072265625
-67395 2726.47607421875
-67385 2726.1240234375
-67375 2725.955078125
-67365 2725.739990234375
-67355 2722.4599609375
-67345 2721.583984375
-67335 2716.989013671875
-67325 2716.85107421875
-67315 2718.35302734375
-67305 2720.49609375
-67295 2719.8369140625
-67285 2718.68994140625
-67275 2720.5419921875
-67265 2722.090087890625
-67255 2722.18505859375
-67245 2718.966064453125
-67235 2716.759033203125
-67225 2713.9541015625
-67215 2712.43701171875
-67205 2712.281005859375
-67195 2714.613037109375
-67185 2716.035888671875
-67175 2716.299072265625
-67165 2717.863037109375
-67155 2716.08203125
-67145 2715.43798828125
-67135 2719.05810546875
-67125 2720.053955078125
-67115 2720.943115234375
-67105 2722.720947265625
-67095 2721.694091796875
-67085 2720.070068359375
-67075 2719.10400390625
-67065 2720.08203125
-67055 2719.376953125
-67045 2718.427001953125
-67035 2716.89697265625
-67025 2714.762939453125
-67015 2712.986083984375
-67005 2708.387939453125
-66995 2703.946044921875
-66985 2702.532958984375
-66975 2699.39404296875
-66965 2697.049072265625
-66955 2696.034912109375
-66945 2689.447021484375
-66935 2687.14501953125
-66925 2684.0029296875
-66915 2681.844970703125
-66905 2680.89208984375
-66895 2680.156005859375
-66885 2679.97607421875
-66875 2681.260009765625
-66865 2681.965087890625
-66855 2680.462890625
-66845 2681.3369140625
-66835 2680.662109375
-66825 2680.75390625
-66815 2681.99609375
-66805 2683.221923828125
-66795 2683.77294921875
-66785 2684.845947265625
-66775 2685.049072265625
-66765 2687.282958984375
-66755 2689.447021484375
-66745 2691.654052734375
-66735 2693.68994140625
-66725 2695.635986328125
-66715 2699.238037109375
-66705 2700.007080078125
-66695 2703.26904296875
-66685 2703.486083984375
-66675 2702.992919921875
-66665 2703.43994140625
-66655 2704.803955078125
-66645 2706.610107421875
-66635 2707.574951171875
-66625 2708.18798828125
-66615 2709.798095703125
-66605 2709.968994140625
-66595 2713.35400390625
-66585 2717.875
-66575 2719.653076171875
-66565 2722.0439453125
-66555 2727.073974609375
-66545 2730.154052734375
-66535 2736.219970703125
-66525 2743.51904296875
-66515 2748.715087890625
-66505 2755.56591796875
-66495 2761.987060546875
-66485 2772.10302734375
-66475 2784.7470703125
-66465 2791.490966796875
-66455 2800.34912109375
-66445 2809.72900390625
-66435 2817.48388671875
-66425 2824.6259765625
-66415 2828.212890625
-66405 2835.508056640625
-66395 2840.321044921875
-66385 2842.95703125
-66375 2844.612060546875
-66365 2846.43603515625
-66355 2847.509033203125
-66345 2849.9150390625
-66335 2851.77001953125
-66325 2856.705078125
-66315 2860.428955078125
-66305 2864.153076171875
-66295 2867.862060546875
-66285 2872.64404296875
-66275 2878.2080078125
-66265 2882.544921875
-66255 2872.260986328125
-66245 2866.114990234375
-66235 2860.2451171875
-66225 2855.81591796875
-66215 2850.375
-66205 2844.97998046875
-66195 2839.340087890625
-66185 2835.278076171875
-66175 2831.52294921875
-66165 2832.10595703125
-66155 2830.757080078125
-66145 2829.424072265625
-66135 2824.029052734375
-66125 2818.60302734375
-66115 2813.805908203125
-66105 2808.2119140625
-66095 2798.280029296875
-66085 2795.154052734375
-66075 2791.905029296875
-66065 2788.79296875
-66055 2783.64404296875
-66045 2779.47509765625
-66035 2775.383056640625
-66025 2772.51708984375
-66015 2771.489990234375
-66005 2771.56591796875
-65995 2773.083984375
-65985 2770.033935546875
-65975 2768.80810546875
-65965 2766.922119140625
-65955 2766.218017578125
-65945 2765.467041015625
-65935 2763.97998046875
-65925 2762.52392578125
-65915 2761.405029296875
-65905 2760.346923828125
-65895 2759.948974609375
-65885 2759.534912109375
-65875 2759.4130859375
-65865 2758.217041015625
-65855 2757.55810546875
-65845 2758.156005859375
-65835 2758.553955078125
-65825 2758.738037109375
-65815 2759.136962890625
-65805 2760.623046875
-65795 2760.194091796875
-65785 2758.799072265625
-65775 2757.26708984375
-65765 2753.60400390625
-65755 2750.2470703125
-65745 2748.8369140625
-65735 2746.76806640625
-65725 2741.096923828125
-65715 2737.695068359375
-65705 2734.64501953125
-65695 2730.9970703125
-65685 2727.85498046875
-65675 2723.471923828125
-65665 2718.51904296875
-65655 2715.087890625
-65645 2707.574951171875
-65635 2697.552001953125
-65625 2690.240966796875
-65615 2684.615966796875
-65605 2679.89599609375
-65595 2676.2939453125
-65585 2674.822998046875
-65575 2672.93798828125
-65565 2667.987060546875
-65555 2667.2060546875
-65545 2664.217041015625
-65535 2657.764892578125
-65525 2653.012939453125
-65515 2646.89794921875
-65505 2644.200927734375
-65495 2643.096923828125
-65485 2638.193115234375
-65475 2634.866943359375
-65465 2623.7548828125
-65455 2617.85400390625
-65445 2612.137939453125
-65435 2607.72412109375
-65425 2603.14111328125
-65415 2600.735107421875
-65405 2598.89599609375
-65395 2597.699951171875
-65385 2595.049072265625
-65375 2591.98291015625
-65365 2588.81103515625
-65355 2584.8720703125
-65345 2582.343017578125
-65335 2581.5
-65325 2580.97900390625
-65315 2579.738037109375
-65305 2575.261962890625
-65295 2571.200927734375
-65285 2568.0439453125
-65275 2564.656005859375
-65265 2561.4990234375
-65255 2561.882080078125
-65245 2556.992919921875
-65235 2555.47607421875
-65225 2552.947021484375
-65215 2551.597900390625
-65205 2551.154052734375
-65195 2549.77392578125
-65185 2546.8779296875
-65175 2544.6708984375
-65165 2543.27587890625
-65155 2541.176025390625
-65145 2536.409912109375
-65135 2535.52099609375
-65125 2537.008056640625
-65115 2533.069091796875
-65105 2529.972900390625
-65095 2528.455078125
-65085 2525.819091796875
-65075 2522.952880859375
-65065 2519.822998046875
-65055 2516.33203125
-65045 2514.35498046875
-65035 2514.35498046875
-65025 2508.7890625
-65015 2503.68505859375
-65005 2500.011962890625
-64995 2496.31396484375
-64985 2490.998046875
-64975 2477.7509765625
-64965 2476.39990234375
-64955 2471.9619140625
-64945 2469.866943359375
-64935 2467.951904296875
-64925 2466.735107421875
-64915 2467.117919921875
-64905 2467.051025390625
-64895 2463.10791015625
-64885 2463.220947265625
-64875 2465.450927734375
-64865 2465.31591796875
-64855 2465.51904296875
-64845 2465.135986328125
-64835 2465.29296875
-64825 2465.698974609375
-64815 2467.77099609375
-64805 2470.092041015625
-64795 2471.3310546875
-64785 2469.302978515625
-64775 2469.506103515625
-64765 2469.708984375
-64755 2469.95703125
-64745 2468.26708984375
-64735 2467.884033203125
-64725 2464.68505859375
-64715 2463.31103515625
-64705 2461.44091796875
-64695 2461.1708984375
-64685 2459.950927734375
-64675 2460.8330078125
-64665 2461.93701171875
-64655 2464.6630859375
-64645 2467.388916015625
-64635 2471.9169921875
-64625 2482.39208984375
-64615 2494.533935546875
-64605 2502.487060546875
-64595 2511.52001953125
-64585 2520.3291015625
-64575 2526.47900390625
-64565 2531.47998046875
-64555 2538.64404296875
-64545 2541.50390625
-64535 2545.56005859375
-64525 2552.54296875
-64515 2561.260986328125
-64505 2563.783935546875
-64495 2561.3740234375
-64485 2565.49609375
-64475 2576.93994140625
-64465 2580.093994140625
-64455 2581.35595703125
-64445 2575.071044921875
-64435 2580.027099609375
-64425 2589.196044921875
-64415 2590.72705078125
-64405 2587.506103515625
-64395 2585.028076171875
-64385 2583.202880859375
-64375 2579.305908203125
-64365 2583.337890625
-64355 2579.93701171875
-64345 2573.763916015625
-64335 2546.64111328125
-64325 2538.9140625
-64315 2531.77197265625
-64305 2524.248046875
-64295 2516.72412109375
-64285 2509.492919921875
-64275 2502.1259765625
-64265 2495.47998046875
-64255 2488.721923828125
-64245 2480.544921875
-64235 2473.718994140625
-64225 2467.839111328125
-64215 2461.6669921875
-64205 2456.169921875
-64195 2451.033935546875
-64185 2447.5419921875
-64175 2444.050048828125
-64165 2439.2490234375
-64155 2436.885986328125
-64145 2434.093017578125
-64135 2431.863037109375
-64125 2432.381103515625
-64115 2433.7548828125
-64105 2427.739990234375
-64095 2426.22802734375
-64085 2428.43798828125
-64075 2429.362060546875
-64065 2428.95703125
-64055 2427.85302734375
-64045 2426.906005859375
-64035 2425.306884765625
-64025 2423.639892578125
-64015 2423.09912109375
-64005 2421.138916015625
-63995 2420.575927734375
-63985 2421.56689453125
-63975 2423.572998046875
-63965 2422.510009765625
-63955 2417.580078125
-63945 2411.181884765625
-63935 2404.06298828125
-63925 2396.697021484375
-63915 2389.69091796875
-63905 2383.676025390625
-63895 2378.089111328125
-63885 2374.530029296875
-63875 2369.347900390625
-63865 2362.5
-63855 2356.756103515625
-63845 2353.06103515625
-63835 2349.587890625
-63825 2341.031005859375
-63815 2333.1689453125
-63805 2330.781005859375
-63795 2326.028076171875
-63785 2321.093994140625
-63775 2315.6201171875
-63765 2294.240966796875
-63755 2286.736083984375
-63745 2277.4130859375
-63735 2266.1689453125
-63725 2256.77490234375
-63715 2248.375
-63705 2239.698974609375
-63695 2232.64794921875
-63685 2224.383056640625
-63675 2221.9951171875
-63665 2216.427978515625
-63655 2206.80810546875
-63645 2200.072998046875
-63635 2195.364990234375
-63625 2191.64697265625
-63615 2189.218017578125
-63605 2168.198974609375
-63595 2153.510986328125
-63585 2135.285888671875
-63575 2105.029052734375
-63565 2094.14794921875
-63555 2092.888916015625
-63545 2091.580078125
-63535 2085.072998046875
-63525 2074.68408203125
-63515 2065.947021484375
-63505 2058.60302734375
-63495 2051.548095703125
-63485 2042.491943359375
-63475 2031.9720458984375
-63465 2018.2550048828125
-63455 2006.0419921875
-63445 1995.656982421875
-63435 1986.759033203125
-63425 1975.31494140625
-63415 1966.39404296875
-63405 1956.9549560546875
-63395 1946.1190185546875
-63385 1928.7950439453125
-63375 1916.449951171875
-63365 1906.0419921875
-63355 1900.1619873046875
-63345 1890.4759521484375
-63335 1875.3819580078125
-63325 1867.633056640625
-63315 1860.1309814453125
-63305 1850.3990478515625
-63295 1839.697998046875
-63285 1831.6109619140625
-63275 1823.1180419921875
-63265 1817.553955078125
-63255 1810.8409423828125
-63245 1805.3890380859375
-63235 1800.343017578125
-63225 1793.83203125
-63215 1788.199951171875
-63205 1782.52294921875
-63195 1778.1529541015625
-63185 1773.60205078125
-63175 1768.4439697265625
-63165 1762.7889404296875
-63155 1758.93701171875
-63145 1755.31005859375
-63135 1749.2950439453125
-63125 1743.7530517578125
-63115 1736.81494140625
-63105 1728.863037109375
-63095 1721.3380126953125
-63085 1714.4219970703125
-63075 1707.843994140625
-63065 1701.3790283203125
-63055 1694.666015625
-63045 1687.1190185546875
-63035 1679.7750244140625
-63025 1674.166015625
-63015 1668.803955078125
-63005 1664.2080078125
-62995 1658.7340087890625
-62985 1646.1409912109375
-62975 1639.405029296875
-62965 1646.592041015625
-62955 1651.2769775390625
-62945 1651.637939453125
-62935 1649.6099853515625
-62925 1647.988037109375
-62915 1644.7440185546875
-62905 1641.22998046875
-62895 1636.927001953125
-62885 1633.1650390625
-62875 1633.344970703125
-62865 1633.9090576171875
-62855 1632.3990478515625
-62845 1631.81396484375
-62835 1630.6199951171875
-62825 1628.2540283203125
-62815 1625.3929443359375
-62805 1622.3070068359375
-62795 1617.7559814453125
-62785 1614.760009765625
-62775 1610.2769775390625
-62765 1600.52294921875
-62755 1593.6070556640625
-62745 1588.133056640625
-62735 1584.843994140625
-62725 1580.9239501953125
-62715 1577.093994140625
-62705 1568.6240234375
-62695 1560.2659912109375
-62685 1553.3719482421875
-62675 1548.573974609375
-62665 1543.2120361328125
-62655 1536.612060546875
-62645 1530.844970703125
-62635 1525.5059814453125
-62625 1520.2569580078125
-62615 1514.06201171875
-62605 1508.3399658203125
-62595 1502.594970703125
-62585 1499.4189453125
-62575 1495.81396484375
-62565 1491.759033203125
-62555 1486.9840087890625
-62545 1483.1090087890625
-62535 1481.487060546875
-62525 1479.009033203125
-62515 1477.20703125
-62505 1476.0179443359375
-62495 1474.802001953125
-62485 1474.1500244140625
-62475 1473.72900390625
-62465 1472.3199462890625
-62455 1472.1309814453125
-62445 1473.60302734375
-62435 1475.2440185546875
-62425 1475.3070068359375
-62415 1478.6300048828125
-62405 1482.39501953125
-62395 1485.1710205078125
-62385 1487.4010009765625
-62375 1489.0419921875
-62365 1490.97705078125
-62355 1493.7740478515625
-62345 1498.612060546875
-62335 1502.4820556640625
-62325 1502.1240234375
-62315 1502.25
-62305 1506.0360107421875
-62295 1508.0340576171875
-62285 1509.5699462890625
-62275 1512.261962890625
-62265 1515.56396484375
-62255 1519.75
-62245 1523.156982421875
-62235 1527.657958984375
-62225 1530.3299560546875
-62215 1532.074951171875
-62205 1530.9820556640625
-62195 1532.5169677734375
-62185 1538.301025390625
-62175 1543.2020263671875
-62165 1545.89404296875
-62155 1551.0260009765625
-62145 1555.3170166015625
-62135 1559.2919921875
-62125 1565.1400146484375
-62115 1570.4189453125
-62105 1575.509033203125
-62095 1579.6309814453125
-62085 1584.238037109375
-62075 1590.04296875
-62065 1596.3740234375
-62055 1603.2939453125
-62045 1608.1099853515625
-62035 1614.10498046875
-62025 1620.3310546875
-62015 1626.345947265625
-62005 1631.708984375
-61995 1636.779052734375
-61985 1640.10205078125
-61975 1643.551025390625
-61965 1645.5699462890625
-61955 1647.6739501953125
-61945 1648.97802734375
-61935 1650.323974609375
-61925 1652.7430419921875
-61915 1655.56103515625
-61905 1657.2860107421875
-61895 1660.7559814453125
-61885 1665.572998046875
-61875 1667.4659423828125
-61865 1669.822021484375
-61855 1674.176025390625
-61845 1679.012939453125
-61835 1683.4300537109375
-61825 1687.9940185546875
-61815 1692.72705078125
-61805 1695.4610595703125
-61795 1697.9219970703125
-61785 1699.9620361328125
-61775 1702.802001953125
-61765 1705.4100341796875
-61755 1706.22998046875
-61745 1707.8709716796875
-61735 1711.0469970703125
-61725 1715.800048828125
-61715 1721.33203125
-61705 1726.3170166015625
-61695 1727.6629638671875
-61685 1729.9339599609375
-61675 1730.9649658203125
-61665 1732.5
-61655 1735.4659423828125
-61645 1737.3800048828125
-61635 1737.947998046875
-61625 1739.8199462890625
-61615 1741.7760009765625
-61605 1743.5849609375
-61595 1745.56201171875
-61585 1747.0980224609375
-61575 1749.032958984375
-61565 1751.031005859375
-61555 1751.5150146484375
-61545 1751.5989990234375
-61535 1751.7459716796875
-61525 1752.7760009765625
-61515 1754.9429931640625
-61505 1757.697998046875
-61495 1758.9599609375
-61485 1760.116943359375
-61475 1755.385009765625
-61465 1750.926025390625
-61455 1755.9110107421875
-61445 1758.98095703125
-61435 1764.177001953125
-61425 1767.35302734375
-61415 1772.5479736328125
-61405 1775.8709716796875
-61395 1775.449951171875
-61385 1773.094970703125
-61375 1772.5479736328125
-61365 1772.1689453125
-61355 1773.6199951171875
-61345 1778.0579833984375
-61335 1780.9189453125
-61325 1783.4010009765625
-61315 1786.135009765625
-61305 1787.9649658203125
-61295 1790.8050537109375
-61285 1794.1700439453125
-61275 1798.0400390625
-61265 1802.81396484375
-61255 1808.8929443359375
-61245 1812.573974609375
-61235 1819.240966796875
-61225 1826.91796875
-61215 1829.905029296875
-61205 1835.0369873046875
-61195 1841.5159912109375
-61185 1848.0570068359375
-61175 1855.4610595703125
-61165 1863.5159912109375
-61155 1871.907958984375
-61145 1877.7139892578125
-61135 1882.824951171875
-61125 1887.89404296875
-61115 1893.2779541015625
-61105 1899.23095703125
-61095 1906.739013671875
-61085 1910.7989501953125
-61075 1915.447021484375
-61065 1919.717041015625
-61055 1923.8599853515625
-61045 1928.614013671875
-61035 1933.4100341796875
-61025 1937.699951171875
-61015 1939.9720458984375
-61005 1944.9150390625
-60995 1950.446044921875
-60985 1954.821044921875
-60975 1959.259033203125
-60965 1965.4639892578125
-60955 1971.26904296875
-60945 1975.0340576171875
-60935 1979.4090576171875
-60925 1982.7320556640625
-60915 1986.0770263671875
-60905 1989.6099853515625
-60895 1994.447998046875
-60885 1997.0770263671875
-60875 1997.56103515625
-60865 2004.56494140625
-60855 2009.2760009765625
-60845 2011.6739501953125
-60835 2013.5880126953125
-60825 2014.365966796875
-60815 2014.7659912109375
-60805 2015.9859619140625
-60795 2018.447021484375
-60785 2021.1390380859375
-60775 2024.02001953125
-60765 2027.260009765625
-60755 2030.6669921875
-60745 2034.010986328125
-60735 2037.01904296875
-60725 2039.458984375
-60715 2043.1190185546875
-60705 2047.072998046875
-60695 2051.825927734375
-60685 2057.5048828125
-60675 2062.615966796875
-60665 2066.843994140625
-60655 2070.31396484375
-60645 2073.091064453125
-60635 2075.656982421875
-60625 2078.93798828125
-60615 2082.407958984375
-60605 2086.195068359375
-60595 2089.93798828125
-60585 2094.18701171875
-60575 2097.741943359375
-60565 2100.39208984375
-60555 2101.968994140625
-60545 2104.031005859375
-60535 2106.659912109375
-60525 2105.924072265625
-60515 2104.85107421875
-60505 2106.406982421875
-60495 2110.530029296875
-60485 2115.6201171875
-60475 2120.205078125
-60465 2126.031005859375
-60455 2131.35302734375
-60445 2135.68603515625
-60435 2139.534912109375
-60425 2142.68994140625
-60415 2147.14892578125
-60405 2150.85107421875
-60395 2155.014892578125
-60385 2158.422119140625
-60375 2164.0380859375
-60365 2170.284912109375
-60355 2174.8701171875
-60345 2178.845947265625
-60335 2181.6640625
-60325 2185.7451171875
-60315 2190.68701171875
-60305 2196.97607421875
-60295 2203.791015625
-60285 2209.679931640625
-60275 2215.507080078125
-60265 2220.764892578125
-60255 2225.4970703125
-60245 2230.882080078125
-60235 2236.9599609375
-60225 2244.175048828125
-60215 2249.958984375
-60205 2255.447998046875
-60195 2260.34912109375
-60185 2267.2060546875
-60175 2277.469970703125
-60165 2283.885009765625
-60155 2290.677001953125
-60145 2296.1689453125
-60135 2301.678955078125
-60125 2307.632080078125
-60115 2312.532958984375
-60105 2319.64208984375
-60095 2322.818115234375
-60085 2325.405029296875
-60075 2329.3359375
-60065 2332.093994140625
-60055 2336.657958984375
-60045 2341.7900390625
-60035 2347.657958984375
-60025 2353.547119140625
-60015 2359.85498046875
-60005 2367.680908203125
-59995 2376.35595703125
-59985 2386.0869140625
-59975 2394.06494140625
-59965 2396.595947265625
-59955 2402.52587890625
-59945 2406.381103515625
-59935 2408.992919921875
-59925 2409.341064453125
-59915 2411.138916015625
-59905 2410.118896484375
-59895 2410.593994140625
-59885 2409.448974609375
-59875 2410.343017578125
-59865 2406.166015625
-59855 2399.39599609375
-59845 2394.0029296875
-59835 2389.77197265625
-59825 2392.660888671875
-59815 2396.22900390625
-59805 2395.362060546875
-59795 2393.429931640625
-59785 2393.922119140625
-59775 2395.263916015625
-59765 2397.339111328125
-59755 2397.8310546875
-59745 2393.466064453125
-59735 2396.54296875
-59725 2398.9580078125
-59715 2404.126953125
-59705 2408.678955078125
-59695 2409.7080078125
-59685 2414.7880859375
-59675 2413.402099609375
-59665 2414.447998046875
-59655 2413.840087890625
-59645 2412.26611328125
-59635 2409.60107421875
-59625 2412.830078125
-59615 2413.196044921875
-59605 2413.840087890625
-59595 2414.617919921875
-59585 2415.092041015625
-59575 2419.1259765625
-59565 2419.2958984375
-59555 2422.22900390625
-59545 2426.49609375
-59535 2429.572998046875
-59525 2432.97998046875
-59515 2434.85791015625
-59505 2435.967041015625
-59495 2435.154052734375
-59485 2434.285888671875
-59475 2435.037109375
-59465 2436.458984375
-59455 2435.85107421875
-59445 2434.822998046875
-59435 2431.487060546875
-59425 2424.904052734375
-59415 2423.865966796875
-59405 2423.51806640625
-59395 2426.074951171875
-59385 2429.6259765625
-59375 2430.323974609375
-59365 2429.697998046875
-59355 2430.3330078125
-59345 2428.51708984375
-59335 2425.3779296875
-59325 2422.069091796875
-59315 2415.449951171875
-59305 2406.748046875
-59295 2399.02001953125
-59285 2388.091064453125
-59275 2378.0380859375
-59265 2369.80908203125
-59255 2361.125
-59245 2352.31494140625
-59235 2344.66796875
-59225 2338.4970703125
-59215 2333.344970703125
-59205 2327.093017578125
-59195 2322.72900390625
-59185 2317.81298828125
-59175 2312.326904296875
-59165 2304.635009765625
-59155 2295.14599609375
-59145 2286.7109375
-59135 2280.802001953125
-59125 2278.072021484375
-59115 2274.9619140625
-59105 2270.221923828125
-59095 2267.180908203125
-59085 2265.239990234375
-59075 2262.611083984375
-59065 2258.37109375
-59055 2253.719970703125
-59045 2249.007080078125
-59035 2242.27197265625
-59025 2236.092041015625
-59015 2229.590087890625
-59005 2223.739990234375
-58995 2219.83203125
-58985 2213.40087890625
-58975 2207.883056640625
-58965 2204.242919921875
-58955 2199.20703125
-58945 2190.826904296875
-58935 2180.156982421875
-58925 2171.4541015625
-58915 2161.384033203125
-58905 2153.843994140625
-58895 2147.037109375
-58885 2141.51904296875
-58875 2136.5009765625
-58865 2133.631103515625
-58855 2129.93701171875
-58845 2123.7919921875
-58835 2121.279052734375
-58825 2117.56689453125
-58815 2115.947998046875
-58805 2114.14208984375
-58795 2113.452880859375
-58785 2113.98095703125
-58775 2112.262939453125
-58765 2107.782958984375
-58755 2101.737060546875
-58745 2094.93896484375
-58735 2088.31201171875
-58725 2080.736083984375
-58715 2073.31298828125
-58705 2065.012939453125
-58695 2059.14599609375
-58685 2053.18896484375
-58675 2046.239990234375
-58665 2039.85400390625
-58655 2032.8509521484375
-58645 2026.5450439453125
-58635 2019.1929931640625
-58625 2007.8790283203125
-58615 1998.3360595703125
-58605 1987.3170166015625
-58595 1977.7919921875
-58585 1969.0269775390625
-58575 1961.114990234375
-58565 1953.1719970703125
-58555 1945.7039794921875
-58545 1937.8690185546875
-58535 1928.8270263671875
-58525 1920.927001953125
-58515 1907.6209716796875
-58505 1900.68896484375
-58495 1894.572021484375
-58485 1889.303955078125
-58475 1883.258056640625
-58465 1877.1219482421875
-58455 1871.343994140625
-58445 1864.7080078125
-58435 1859.448974609375
-58425 1854.010986328125
-58415 1848.9219970703125
-58405 1843.626953125
-58395 1836.8389892578125
-58385 1829.1739501953125
-58375 1823.0560302734375
-58365 1819.10302734375
-58355 1818.718994140625
-58345 1819.72900390625
-58335 1818.512939453125
-58325 1820.8740234375
-58315 1823.6910400390625
-58305 1827.56396484375
-58295 1832.2149658203125
-58285 1836.31103515625
-58275 1839.093017578125
-58265 1844.4139404296875
-58255 1850.425048828125
-58245 1857.990966796875
-58235 1862.2490234375
-58225 1865.3070068359375
-58215 1871.5589599609375
-58205 1876.988037109375
-58195 1884.8590087890625
-58185 1891.512939453125
-58175 1899.1689453125
-58165 1915.5450439453125
-58155 1922.009033203125
-58145 1928.1739501953125
-58135 1935.406982421875
-58125 1944.52099609375
-58115 1952.366943359375
-58105 1961.2099609375
-58095 1969.1700439453125
-58085 1977.4610595703125
-58075 1984.9649658203125
-58065 1993.0169677734375
-58055 2000.259033203125
-58045 2011.0269775390625
-58035 2019.5059814453125
-58025 2026.3389892578125
-58015 2034.281982421875
-58005 2042.6619873046875
-57995 2059.924072265625
-57985 2068.537109375
-57975 2076.756103515625
-57965 2083.97412109375
-57955 2087.2919921875
-57945 2093.16796875
-57935 2101.62890625
-57925 2110.6630859375
-57915 2117.818115234375
-57905 2124.39111328125
-57895 2129.54296875
-57885 2135.1689453125
-57875 2140.23095703125
-57865 2145.821044921875
-57855 2151.35693359375
-57845 2155.22998046875
-57835 2162.679931640625
-57825 2166.14208984375
-57815 2177.509033203125
-57805 2188.39404296875
-57795 2204.967041015625
-57785 2205.386962890625
-57775 2206.0400390625
-57765 2207.64990234375
-57755 2211.77294921875
-57745 2213.01708984375
-57735 2215.260986328125
-57725 2216.74609375
-57715 2218.14208984375
-57705 2218.7939453125
-57695 2219.537109375
-57685 2221.52197265625
-57675 2222.81005859375
-57665 2224.48291015625
-57655 2226.093017578125
-57645 2228.132080078125
-57635 2229.84912109375
-57625 2233.364013671875
-57615 2235.20703125
-57605 2238.569091796875
-57595 2241.861083984375
-57585 2244.0791015625
-57575 2245.7509765625
-57565 2249.070068359375
-57555 2254.5791015625
-57545 2259.89208984375
-57535 2264.507080078125
-57525 2267.875
-57515 2271.68603515625
-57505 2274.325927734375
-57495 2277.822021484375
-57485 2281.8779296875
-57475 2284.427978515625
-57465 2287.962890625
-57455 2293.425048828125
-57445 2297.989013671875
-57435 2302.465087890625
-57425 2307.0869140625
-57415 2311.216064453125
-57405 2314.62109375
-57395 2317.575927734375
-57385 2319.763916015625
-57375 2320.068115234375
-57365 2322.573974609375
-57355 2324.5009765625
-57345 2326.93505859375
-57335 2328.964111328125
-57325 2330.77490234375
-57315 2332.5419921875
-57305 2334.12109375
-57295 2333.238037109375
-57285 2334.59912109375
-57275 2336.076904296875
-57265 2337.52587890625
-57255 2338.946044921875
-57245 2340.134033203125
-57235 2341.14794921875
-57225 2342.756103515625
-57215 2344.01708984375
-57205 2344.01708984375
-57195 2344.827880859375
-57185 2344.262939453125
-57175 2342.2490234375
-57165 2341.39404296875
-57155 2342.972900390625
-57145 2344.697998046875
-57135 2346.01611328125
-57125 2345.783935546875
-57115 2348.47900390625
-57105 2348.95703125
-57095 2351.7099609375
-57085 2353.18798828125
-57075 2355.200927734375
-57065 2359.968017578125
-57055 2362.60400390625
-57045 2364.8359375
-57035 2367.37109375
-57025 2369.197021484375
-57015 2372.1669921875
-57005 2374.614990234375
-56995 2376.031005859375
-56985 2376.222900390625
-56975 2375.5419921875
-56965 2382.01806640625
-56955 2385.2919921875
-56945 2384.843994140625
-56935 2386.972900390625
-56925 2387.407958984375
-56915 2386.56689453125
-56905 2388.5380859375
-56895 2390.087890625
-56885 2389.66796875
-56875 2390.05908203125
-56865 2390.030029296875
-56855 2389.552001953125
-56845 2390.05908203125
-56835 2391.159912109375
-56825 2392.72509765625
-56815 2393.18798828125
-56805 2394.43408203125
-56795 2395.6220703125
-56785 2395.94091796875
-56775 2396.839111328125
-56765 2398.345947265625
-56755 2398.0849609375
-56745 2396.635986328125
-56735 2393.014892578125
-56725 2392.696044921875
-56715 2392.60888671875
-56705 2390.826904296875
-56695 2386.595947265625
-56685 2383.781982421875
-56675 2381.52587890625
-56665 2379.802001953125
-56655 2375.845947265625
-56645 2371.035888671875
-56635 2367.16796875
-56625 2360.069091796875
-56615 2355.12890625
-56605 2353.072021484375
-56595 2350.60888671875
-56585 2346.248046875
-56575 2343.784912109375
-56565 2342.263916015625
-56555 2340.263916015625
-56545 2338.843994140625
-56535 2337.583984375
-56525 2336.35302734375
-56515 2336.4541015625
-56505 2336.35302734375
-56495 2337.844970703125
-56485 2339.9169921875
-56475 2341.48095703125
-56465 2342.6259765625
-56455 2349.60888671875
-56445 2354.955078125
-56435 2357.302001953125
-56425 2359.35888671875
-56415 2362.241943359375
-56405 2366.56005859375
-56395 2370.906005859375
-56385 2375.5859375
-56375 2379.0048828125
-56365 2380.85888671875
-56355 2383.68408203125
-56345 2385.407958984375
-56335 2389.2041015625
-56325 2394.666015625
-56315 2398.31689453125
-56305 2401.881103515625
-56295 2407.966064453125
-56285 2413.906005859375
-56275 2423.9169921875
-56265 2432.56591796875
-56255 2433.95703125
-56245 2436.174072265625
-56235 2439.302978515625
-56225 2444.4580078125
-56215 2451.39697265625
-56205 2453.802001953125
-56195 2456.804931640625
-56185 2459.64404296875
-56175 2463.97607421875
-56165 2469.7529296875
-56155 2474.972900390625
-56145 2488.51904296875
-56135 2497.64599609375
-56125 2504.614990234375
-56115 2507.48291015625
-56105 2509.782958984375
-56095 2513.219970703125
-56085 2517.66796875
-56075 2525.22705078125
-56065 2537.125
-56055 2539.2080078125
-56045 2546.958984375
-56035 2553.193115234375
-56025 2558.827880859375
-56015 2565.14208984375
-56005 2568.27392578125
-55995 2571.635986328125
-55985 2572.998046875
-55975 2576.6201171875
-55965 2578.489013671875
-55955 2583.410888671875
-55945 2588.44189453125
-55935 2594.116943359375
-55925 2600.263916015625
-55915 2606.52197265625
-55905 2612.574951171875
-55895 2619.514892578125
-55885 2626.487060546875
-55875 2632.134033203125
-55865 2631.698974609375
-55855 2631.384033203125
-55845 2632.0029296875
-55835 2633.031982421875
-55825 2633.552978515625
-55815 2634.238037109375
-55805 2634.10400390625
-55795 2633.568115234375
-55785 2632.49609375
-55775 2631.6259765625
-55765 2632.235107421875
-55755 2634.2919921875
-55745 2637.739990234375
-55735 2641.24609375
-55725 2643.322021484375
-55715 2645.10400390625
-55705 2645.114990234375
-55695 2646.302978515625
-55685 2647.0849609375
-55675 2648.055908203125
-55665 2649.070068359375
-55655 2650.070068359375
-55645 2651.81201171875
-55635 2654.781982421875
-55625 2658.922119140625
-55615 2663.093994140625
-55605 2668.12109375
-55595 2672.554931640625
-55585 2675.54296875
-55575 2679.3349609375
-55565 2683.448974609375
-55555 2688.216064453125
-55545 2691.31591796875
-55535 2694.14208984375
-55525 2697.7490234375
-55515 2701.791015625
-55505 2705.702880859375
-55495 2709.701904296875
-55485 2715.01904296875
-55475 2720.423095703125
-55465 2725.81201171875
-55455 2731.302978515625
-55445 2736.952880859375
-55435 2742.501953125
-55425 2746.31298828125
-55415 2762.8720703125
-55405 2781.27197265625
-55395 2793.93408203125
-55385 2800.742919921875
-55375 2809.116943359375
-55365 2817.89697265625
-55355 2826.99609375
-55345 2835.25390625
-55335 2843.425048828125
-55325 2851.509033203125
-55315 2858.94091796875
-55305 2866.27197265625
-55295 2873.93603515625
-55285 2886.280029296875
-55275 2896.594970703125
-55265 2908.156005859375
-55255 2916.64599609375
-55245 2925.2958984375
-55235 2923.035888671875
-55225 2915.7919921875
-55215 2910.763916015625
-55205 2905.490966796875
-55195 2896.175048828125
-55185 2886.2080078125
-55175 2874.675048828125
-55165 2865.403076171875
-55155 2854.333984375
-55145 2844.714111328125
-55135 2834.906005859375
-55125 2822.489990234375
-55115 2793.948974609375
-55105 2779.924072265625
-55095 2770.652099609375
-55085 2753.194091796875
-55075 2747.1240234375
-55065 2740.7919921875
-55055 2734.1279296875
-55045 2727.492919921875
-55035 2720.52392578125
-55025 2714.4970703125
-55015 2708.093994140625
-55005 2701.552001953125
-54995 2694.95703125
-54985 2688.48095703125
-54975 2682.0048828125
-54965 2675.547119140625
-54955 2669.299072265625
-54945 2662.822998046875
-54935 2656.944091796875
-54925 2650.660888671875
-54915 2644.48388671875
-54905 2637.72705078125
-54895 2631.445068359375
-54885 2623.2490234375
-54875 2613.298095703125
-54865 2601.944091796875
-54855 2595.31005859375
-54845 2589.291015625
-54835 2583.639892578125
-54825 2577.7041015625
-54815 2572.719970703125
-54805 2567.196044921875
-54795 2562.10302734375
-54785 2558.488037109375
-54775 2553.29296875
-54765 2547.18603515625
-54755 2542.25390625
-54745 2537.62109375
-54735 2532.14599609375
-54725 2528.389892578125
-54715 2518.176025390625
-54705 2505.64599609375
-54695 2494.677001953125
-54685 2487.077880859375
-54675 2481.05908203125
-54665 2475.5830078125
-54655 2460.614013671875
-54645 2456.260986328125
-54635 2452.839111328125
-54625 2446.885986328125
-54615 2435.5
-54605 2426.26611328125
-54595 2416.842041015625
-54585 2399.782958984375
-54575 2385.779052734375
-54565 2379.02197265625
-54555 2372.159912109375
-54545 2366.56201171875
-54535 2363.68408203125
-54525 2362.455078125
-54515 2361.64794921875
-54505 2361.1220703125
-54495 2363.2099609375
-54485 2364.052001953125
-54475 2365.89501953125
-54465 2367.333984375
-54455 2369.66796875
-54445 2371.89697265625
-54435 2374.511962890625
-54425 2373.705078125
-54415 2367.9130859375
-54405 2358.5419921875
-54395 2348.73193359375
-54385 2339.306884765625
-54375 2332.199951171875
-54365 2317.80908203125
-54355 2309.631103515625
-54345 2294.2890625
-54335 2267.35107421875
-54325 2247.18603515625
-54315 2231.26904296875
-54305 2223.10791015625
-54295 2211.85888671875
-54285 2203.680908203125
-54275 2188.18505859375
-54265 2180.39306640625
-54255 2173.02197265625
-54245 2165.492919921875
-54235 2148.625
-54225 2133.794921875
-54215 2112.33203125
-54205 2098.554931640625
-54195 2092.2548828125
-54185 2085.1650390625
-54175 2078.9169921875
-54165 2065.824951171875
-54155 2058.699951171875
-54145 2050.76806640625
-54135 2043.449951171875
-54125 2036.0970458984375
-54115 2029.7080078125
-54105 2023.77294921875
-54095 2017.261962890625
-54085 2013.593994140625
-54075 2008.7540283203125
-54065 2004.0469970703125
-54055 2001.18994140625
-54045 1998.8349609375
-54035 1996.553955078125
-54025 1995.5009765625
-54015 1992.3070068359375
-54005 1990.5870361328125
-53995 1989.113037109375
-53985 1992.4649658203125
-53975 1994.8160400390625
-53965 1996.8349609375
-53955 1998.906005859375
-53945 2001.7840576171875
-53935 2003.2750244140625
-53925 2006.9119873046875
-53915 2011.875
-53905 2017.8800048828125
-53895 2024.93505859375
-53885 2033.3590087890625
-53875 2040.72998046875
-53865 2048.64501953125
-53855 2058.68310546875
-53845 2066.68603515625
-53835 2073.072998046875
-53825 2080.2509765625
-53815 2085.533935546875
-53805 2091.535888671875
-53795 2097.501953125
-53785 2103.117919921875
-53775 2108.22509765625
-53765 2114.297119140625
-53755 2120.861083984375
-53745 2127.511962890625
-53735 2135.114990234375
-53725 2143.18798828125
-53715 2149.31201171875
-53705 2156.700927734375
-53695 2164.281982421875
-53685 2172.056884765625
-53675 2179.637939453125
-53665 2187.02587890625
-53655 2199.43408203125
-53645 2209.613037109375
-53635 2219.072021484375
-53625 2229.513916015625
-53615 2237.236083984375
-53605 2244.16796875
-53595 2251.468017578125
-53585 2260.576904296875
-53575 2268.9130859375
-53565 2278.881103515625
-53555 2288.971923828125
-53545 2299.20703125
-53535 2312.136962890625
-53525 2324.073974609375
-53515 2334.446044921875
-53505 2340.97509765625
-53495 2349.363037109375
-53485 2356.452880859375
-53475 2370.405029296875
-53465 2376.47802734375
-53455 2382.1640625
-53445 2385.093994140625
-53435 2386.427978515625
-53425 2397.48388671875
-53415 2406.135986328125
-53405 2410.681884765625
-53395 2418.701904296875
-53385 2425.197998046875
-53375 2433.60107421875
-53365 2442.625
-53355 2445.363037109375
-53345 2451.85595703125
-53335 2454.576904296875
-53325 2455.909912109375
-53315 2458.138916015625
-53305 2460.52587890625
-53295 2462.47412109375
-53285 2463.64990234375
-53275 2464.299072265625
-53265 2467.072021484375
-53255 2469.47607421875
-53245 2471.0029296875
-53235 2474.162109375
-53225 2473.968994140625
-53215 2476.68896484375
-53205 2481.041015625
-53195 2487.25390625
-53185 2492.85205078125
-53175 2499.239990234375
-53165 2504.31201171875
-53155 2508.804931640625
-53145 2512.68310546875
-53135 2516.965087890625
-53125 2519.422119140625
-53115 2521.65087890625
-53105 2525.406982421875
-53095 2529.987060546875
-53085 2536.1650390625
-53075 2541.798095703125
-53065 2546.93994140625
-53055 2551.134033203125
-53045 2555.240966796875
-53035 2559.469970703125
-53025 2565.125
-53015 2568.758056640625
-53005 2571.320068359375
-52995 2574.636962890625
-52985 2577.287109375
-52975 2583.72705078125
-52965 2588.589111328125
-52955 2592.708984375
-52945 2597.06494140625
-52935 2602.680908203125
-52925 2606.804931640625
-52915 2610.700927734375
-52905 2615.071044921875
-52895 2620.318115234375
-52885 2625.47802734375
-52875 2631.2509765625
-52865 2636.236083984375
-52855 2641.886962890625
-52845 2647.712890625
-52835 2653.345947265625
-52825 2658.64599609375
-52815 2663.7529296875
-52805 2668.80810546875
-52795 2674.10791015625
-52785 2679.845947265625
-52775 2684.847900390625
-52765 2689.81396484375
-52755 2694.868896484375
-52745 2700.27392578125
-52735 2705.85498046875
-52725 2711.050048828125
-52715 2714.822998046875
-52705 2718.47705078125
-52695 2723.93408203125
-52685 2729.248046875
-52675 2734.533935546875
-52665 2739.676025390625
-52655 2744.958984375
-52645 2750.22412109375
-52635 2755.242919921875
-52625 2760.402099609375
-52615 2765.80810546875
-52605 2772.23095703125
-52595 2780.0400390625
-52585 2788.218994140625
-52575 2806.89111328125
-52565 2816.01708984375
-52555 2828.1259765625
-52545 2847.905029296875
-52535 2878.14599609375
-52525 2884.885009765625
-52515 2893.37890625
-52505 2905.074951171875
-52495 2911.407958984375
-52485 2913.781005859375
-52475 2914.299072265625
-52465 2916.700927734375
-52455 2918.842041015625
-52445 2921.132080078125
-52435 2924.028076171875
-52425 2927.299072265625
-52415 2931.361083984375
-52405 2934.970947265625
-52395 2939.47900390625
-52385 2944.97412109375
-52375 2951.06396484375
-52365 2957.510986328125
-52355 2964.783935546875
-52345 2972.47412109375
-52335 2980.675048828125
-52325 2989.655029296875
-52315 3003.660888671875
-52305 3021.841064453125
-52295 3037.118896484375
-52285 3052.362060546875
-52275 3064.922119140625
-52265 3077.631103515625
-52255 3087.1650390625
-52245 3098.826904296875
-52235 3112.867919921875
-52225 3125.5419921875
-52215 3141.569091796875
-52205 3146.779052734375
-52195 3147.62890625
-52185 3144.781005859375
-52175 3139.802978515625
-52165 3134.7900390625
-52155 3130.031982421875
-52145 3130.44189453125
-52135 3132.73193359375
-52125 3139
-52115 3139.571044921875
-52105 3139.48193359375
-52095 3141.403076171875
-52085 3144.072998046875
-52075 3143.7099609375
-52065 3142.9609375
-52055 3141.64111328125
-52045 3140.39208984375
-52035 3146.909912109375
-52025 3152.131103515625
-52015 3145.64306640625
-52005 3139.701904296875
-51995 3134.64697265625
-51985 3129.930908203125
-51975 3124.947021484375
-51965 3113.5400390625
-51955 3099.885986328125
-51945 3082.48388671875
-51935 3057.923095703125
-51925 3062.080078125
-51915 3064.60107421875
-51905 3064.881103515625
-51895 3064.863037109375
-51885 3062.739990234375
-51875 3057.208984375
-51865 3049.133056640625
-51855 3038.071044921875
-51845 3030.678955078125
-51835 3027.592041015625
-51825 3016.10791015625
-51815 3005.029052734375
-51805 2999.93798828125
-51795 2993.14599609375
-51785 2984.337890625
-51775 2989.625
-51765 2996.881103515625
-51755 2987.6689453125
-51745 2984.2080078125
-51735 2981.716064453125
-51725 2979.89599609375
-51715 2964.533935546875
-51705 2954.912109375
-51695 2948.340087890625
-51685 2943.962890625
-51675 2946.2109375
-51665 2949.839111328125
-51655 2958.0400390625
-51645 2953.2939453125
-51635 2958.12890625
-51625 2963.742919921875
-51615 2973.5859375
-51605 2970.701904296875
-51595 2969.155029296875
-51585 2971.1240234375
-51575 2979.385009765625
-51565 2978.23095703125
-51555 2974.94189453125
-51545 2973.77587890625
-51535 2973.425048828125
-51525 2970.945068359375
-51515 2964.6298828125
-51505 2964.093994140625
-51495 2961.429931640625
-51485 2959.343017578125
-51475 2957.23095703125
-51465 2959.639892578125
-51455 2962.39892578125
-51445 2964.343994140625
-51435 2962.261962890625
-51425 2973.5859375
-51415 2983.89794921875
-51405 2990.006103515625
-51395 2998.1298828125
-51385 3005.041015625
-51375 3014.406982421875
-51365 3017.631103515625
-51355 3031.552978515625
-51345 3035.758056640625
-51335 3051.280029296875
-51325 3062.679931640625
-51315 3077.75
-51305 3078.9990234375
-51295 3084.35205078125
-51285 3087.741943359375
-51275 3080.324951171875
-51265 3079.552001953125
-51255 3080.926025390625
-51245 3090.577880859375
-51235 3099.409912109375
-51225 3116.906005859375
-51215 3131.007080078125
-51205 3139.011962890625
-51195 3142.009033203125
-51185 3153.77294921875
-51175 3156.633056640625
-51165 3168.320068359375
-51155 3178.221923828125
-51145 3189.842041015625
-51135 3201.284912109375
-51125 3192.48291015625
-51115 3188.760009765625
-51105 3186.072021484375
-51095 3184.322998046875
-51085 3183.4140625
-51075 3181.343994140625
-51065 3178.39404296875
-51055 3175.403076171875
-51045 3173.243896484375
-51035 3171.239990234375
-51025 3169.610107421875
-51015 3168.052001953125
-51005 3166.659912109375
-50995 3165.333984375
-50985 3164.3291015625
-50975 3163.4189453125
-50965 3162.47900390625
-50955 3161.59912109375
-50945 3160.68896484375
-50935 3159.77294921875
-50925 3158.864013671875
-50915 3157.91796875
-50905 3157.10302734375
-50895 3156.35400390625
-50885 3155.593017578125
