-77355 2767
-77345 2772.989990234375
-77335 2779.2919921875
-77325 2787.15087890625
-77315 2791.76806640625
-77305 2796.053955078125
-77295 2801.64208984375
-77285 2806.990966796875
-77275 2811.60791015625
-77265 2815.39990234375
-77255 2819.653076171875
-77245 2823.445068359375
-77235 2827.218994140625
-77225 2831.652099609375
-77215 2835.95703125
-77205 2840.62890625
-77195 2845.427978515625
-77185 2850.06298828125
-77175 2854.625
-77165 2859.205078125
-77155 2863.43701171875
-77145 2868.14501953125
-77135 2873.75
-77125 2879.778076171875
-77115 2885.346923828125
-77105 2890.05810546875
-77095 2894.2900390625
-77085 2898.19189453125
-77075 2902.277099609375
-77065 2905.64794921875
-77055 2909.054931640625
-77045 2912.077880859375
-77035 2914.9541015625
-77025 2917.701904296875
-77015 2920.468017578125
-77005 2922.905029296875
-76995 2925.43310546875
-76985 2927.9609375
-76975 2930.72705078125
-76965 2934.080078125
-76955 2937.652099609375
-76945 2941.133056640625
-76935 2944.632080078125
-76925 2947.76708984375
-76915 2950.7529296875
-76905 2953.135009765625
-76895 2955.260009765625
-76885 2957.366943359375
-76875 2959.491943359375
-76865 2961.287109375
-76855 2963.174072265625
-76845 2965.153076171875
-76835 2966.306884765625
-76825 2967.552001953125
-76815 2968.962890625
-76805 2970.135009765625
-76795 2971.381103515625
-76785 2972.93798828125
-76775 2974.569091796875
-76765 2976.47412109375
-76755 2978.416015625
-76745 2980.595947265625
-76735 2983.10595703125
-76725 2985.652099609375
-76715 2987.868896484375
-76705 2989.95703125
-76695 2992.68701171875
-76685 2995.43505859375
-76675 2998.31103515625
-76665 3001.60791015625
-76655 3005.162109375
-76645 3010.677001953125
-76635 3015.43994140625
-76625 3020.423095703125
-76615 3024.968994140625
-76605 3029.346923828125
-76595 3034.239013671875
-76585 3039.056884765625
-76575 3043.89306640625
-76565 3048.343994140625
-76555 3052.39306640625
-76545 3056.60693359375
-76535 3060.89306640625
-76525 3065.179931640625
-76515 3069.19189453125
-76505 3072.875
-76495 3076.447021484375
-76485 3079.8359375
-76475 3082.931884765625
-76465 3086.06396484375
-76455 3088.99609375
-76445 3091.927001953125
-76435 3094.696044921875
-76425 3097.4990234375
-76415 3100.264892578125
-76405 3103.196044921875
-76395 3106.6220703125
-76385 3110.285888671875
-76375 3113.986083984375
-76365 3117.541015625
-76355 3120.875
-76345 3123.842041015625
-76335 3126.534912109375
-76325 3128.73388671875
-76315 3130.694091796875
-76305 3132.177978515625
-76295 3133.35009765625
-76285 3134.35791015625
-76275 3135.01708984375
-76265 3135.237060546875
-76255 3135.804931640625
-76245 3136.555908203125
-76235 3137.27099609375
-76225 3137.820068359375
-76215 3139.176025390625
-76205 3140.861083984375
-76195 3143.553955078125
-76185 3146.81494140625
-76175 3150.02099609375
-76165 3153.4130859375
-76155 3156.875
-76145 3160.0419921875
-76135 3163.342041015625
-76125 3166.639892578125
-76115 3169.991943359375
-76105 3173.30810546875
-76095 3176.239013671875
-76085 3178.547119140625
-76075 3180.5439453125
-76065 3181.990966796875
-76055 3183.14599609375
-76045 3183.842041015625
-76035 3183.8779296875
-76025 3183.549072265625
-76015 3183.200927734375
-76005 3183.677001953125
-75995 3185.306884765625
-75985 3186.9560546875
-75975 3193.0380859375
-75965 3198.9189453125
-75955 3203.2060546875
-75945 3207.76708984375
-75935 3213.468017578125
-75925 3219.510009765625
-75915 3226.01611328125
-75905 3230.430908203125
-75895 3239.280029296875
-75885 3243.181884765625
-75875 3246.698974609375
-75865 3249.593994140625
-75855 3252.287109375
-75845 3254.81494140625
-75835 3257.947021484375
-75825 3261.885986328125
-75815 3266.301025390625
-75805 3270.80810546875
-75795 3275.222900390625
-75785 3279.43603515625
-75775 3283.778076171875
-75765 3287.972900390625
-75755 3291.912109375
-75745 3295.889892578125
-75735 3299.902099609375
-75725 3303.656982421875
-75715 3307.175048828125
-75705 3310.471923828125
-75695 3313.47705078125
-75685 3316.22509765625
-75675 3318.44091796875
-75665 3320.5849609375
-75655 3323.05810546875
-75645 3325.7880859375
-75635 3328.60888671875
-75625 3331.485107421875
-75615 3334.10400390625
-75605 3336.577880859375
-75595 3338.99609375
-75585 3341.341064453125
-75575 3343.68603515625
-75565 3346.26904296875
-75555 3348.39404296875
-75545 3350.719970703125
-75535 3353.322021484375
-75525 3356.014892578125
-75515 3357.572021484375
-75505 3357.6669921875
-75495 3361.677978515625
-75485 3362.096923828125
-75475 3361.73291015625
-75465 3359.93798828125
-75455 3361.843017578125
-75445 3362.998046875
-75435 3378.34912109375
-75425 3382.52587890625
-75415 3385.56689453125
-75405 3388.278076171875
-75395 3391.22802734375
-75385 3394.72705078125
-75375 3398.39111328125
-75365 3402.47607421875
-75355 3406.030029296875
-75345 3409.14404296875
-75335 3411.928955078125
-75325 3414.804931640625
-75315 3417.06201171875
-75305 3423.43408203125
-75295 3429.0791015625
-75285 3433.658935546875
-75275 3437.743896484375
-75265 3441.68310546875
-75255 3445.346923828125
-75245 3449.083984375
-75235 3452.490966796875
-75225 3455.697021484375
-75215 3458.701904296875
-75205 3461.81591796875
-75195 3465.31494140625
-75185 3470.242919921875
-75175 3479.714111328125
-75165 3486.89599609375
-75155 3496.3330078125
-75145 3505.510986328125
-75135 3513.737060546875
-75125 3521.7060546875
-75115 3529.528076171875
-75105 3539.31103515625
-75095 3548.011962890625
-75085 3557.135009765625
-75075 3563.43994140625
-75065 3570.492919921875
-75055 3574.52392578125
-75045 3573.31201171875
-75035 3573.094970703125
-75025 3577.052001953125
-75015 3580.02001953125
-75005 3578.697998046875
-74995 3582.327880859375
-74985 3584.701904296875
-74975 3591.968994140625
-74965 3605.31591796875
-74955 3602.570068359375
-74945 3603.757080078125
-74935 3607.054931640625
-74925 3617.02001953125
-74915 3626.14599609375
-74905 3635.39208984375
-74895 3637.5859375
-74885 3642.215087890625
-74875 3648.593994140625
-74865 3653.054931640625
-74855 3647.5390625
-74845 3642.718994140625
-74835 3638.376953125
-74825 3634.2041015625
-74815 3630.294921875
-74805 3626.85302734375
-74795 3623.962890625
-74785 3621.096923828125
-74775 3617.6201171875
-74765 3614.154052734375
-74755 3610.904052734375
-74745 3608.194091796875
-74735 3606.2041015625
-74725 3604.47705078125
-74715 3603.31298828125
-74705 3602.114990234375
-74695 3600.794921875
-74685 3599.320068359375
-74675 3597.821044921875
-74665 3596.35791015625
-74655 3594.846923828125
-74645 3593.072998046875
-74635 3590.830078125
-74625 3588.132080078125
-74615 3585.14599609375
-74605 3581.931884765625
-74595 3578.39501953125
-74585 3573.669921875
-74575 3566.64306640625
-74565 3560.2509765625
-74555 3553.77587890625
-74545 3546.544921875
-74535 3541.471923828125
-74525 3537.839111328125
-74515 3534.589111328125
-74505 3531.09912109375
-74495 3527.0458984375
-74485 3522.596923828125
-74475 3518.075927734375
-74465 3513.866943359375
-74455 3509.9580078125
-74445 3506.263916015625
-74435 3502.571044921875
-74425 3499.02099609375
-74415 3495.49609375
-74405 3492.01806640625
-74395 3488.60107421875
-74385 3485.31494140625
-74375 3482.0048828125
-74365 3478.93505859375
-74355 3475.925048828125
-74345 3472.93896484375
-74335 3470.301025390625
-74325 3467.60302734375
-74315 3465.08203125
-74305 3462.590087890625
-74295 3460.239990234375
-74285 3457.969970703125
-74275 3455.791015625
-74265 3453.717041015625
-74255 3451.698974609375
-74245 3449.65087890625
-74235 3447.64599609375
-74225 3445.694091796875
-74215 3443.281005859375
-74205 3439.902099609375
-74195 3438.4150390625
-74185 3435.656982421875
-74175 3432.551025390625
-74165 3429.552978515625
-74155 3427.27197265625
-74145 3424.625
-74135 3421.56396484375
-74125 3418.506103515625
-74115 3415.676025390625
-74105 3412.945068359375
-74095 3410.318115234375
-74085 3407.7490234375
-74075 3405.31494140625
-74065 3402.906982421875
-74055 3400.506103515625
-74045 3398.06005859375
-74035 3395.6650390625
-74025 3393.299072265625
-74015 3391.009033203125
-74005 3388.697021484375
-73995 3386.404052734375
-73985 3384.1640625
-73975 3381.930908203125
-73965 3379.843994140625
-73955 3377.781982421875
-73945 3375.863037109375
-73935 3373.93505859375
-73925 3372.1220703125
-73915 3370.514892578125
-73905 3368.907958984375
-73895 3367.373046875
-73885 3365.837890625
-73875 3364.195068359375
-73865 3362.5400390625
-73855 3360.824951171875
-73845 3359.0869140625
-73835 3357.468017578125
-73825 3355.801025390625
-73815 3353.966064453125
-73805 3352.094970703125
-73795 3350.177001953125
-73785 3348.43798828125
-73775 3346.638916015625
-73765 3344.887939453125
-73755 3343.174072265625
-73745 3341.507080078125
-73735 3339.8759765625
-73725 3338.3291015625
-73715 3336.9140625
-73705 3335.4150390625
-73695 3334.072021484375
-73685 3332.680908203125
-73675 3331.31396484375
-73665 3329.9951171875
-73655 3328.5439453125
-73645 3327.177001953125
-73635 3325.654052734375
-73625 3324.239013671875
-73615 3322.572021484375
-73605 3320.9169921875
-73595 3319.010009765625
-73585 3317.10400390625
-73575 3314.968994140625
-73565 3312.4150390625
-73555 3310.243896484375
-73545 3308.841064453125
-73535 3307.365966796875
-73525 3305.614990234375
-73515 3303.697021484375
-73505 3301.81396484375
-73495 3299.81201171875
-73485 3297.928955078125
-73475 3295.926025390625
-73465 3293.886962890625
-73455 3291.84912109375
-73445 3289.94189453125
-73435 3288.14404296875
-73425 3286.35693359375
-73415 3284.58203125
-73405 3282.89111328125
-73395 3281.3798828125
-73385 3279.989013671875
-73375 3278.64599609375
-73365 3277.48291015625
-73355 3276.30810546875
-73345 3266.52197265625
-73335 3260.27490234375
-73325 3272.097900390625
-73315 3269.80810546875
-73305 3267.925048828125
-73295 3266.533935546875
-73285 3264.6279296875
-73275 3262.12109375
-73265 3259.819091796875
-73255 3257.971923828125
-73245 3255.837890625
-73235 3253.235107421875
-73225 3250.52490234375
-73215 3247.76708984375
-73205 3245.405029296875
-73195 3243.593994140625
-73185 3241.49609375
-73175 3239.240966796875
-73165 3236.87890625
-73155 3234.347900390625
-73145 3227.52490234375
-73135 3226.302001953125
-73125 3215.6650390625
-73115 3222.47705078125
-73105 3217.22412109375
-73095 3213.410888671875
-73085 3206.875
-73075 3202.654052734375
-73065 3197.85791015625
-73055 3200.196044921875
-73045 3189.955078125
-73035 3183.779052734375
-73025 3177.735107421875
-73015 3174.305908203125
-73005 3172.23095703125
-72995 3168.44189453125
-72985 3157.156982421875
-72975 3158.032958984375
-72965 3150.718017578125
-72955 3147.81591796875
-72945 3147.468017578125
-72935 3142.839111328125
-72925 3138.294921875
-72915 3134.050048828125
-72905 3130.283935546875
-72895 3126.43505859375
-72885 3122.717041015625
-72875 3118.820068359375
-72865 3114.5029296875
-72855 3110.258056640625
-72845 3106.156982421875
-72835 3101.887939453125
-72825 3097.798095703125
-72815 3092.94189453125
-72805 3088.8759765625
-72795 3083.864013671875
-72785 3078.39599609375
-72775 3072.615966796875
-72765 3066.9560546875
-72755 3061.02001953125
-72745 3055.7080078125
-72735 3050.155029296875
-72725 3045.320068359375
-72715 3040.5830078125
-72705 3036.01708984375
-72695 3031.568115234375
-72685 3027.343994140625
-72675 3022.837890625
-72665 3018.376953125
-72655 3013.676025390625
-72645 3008.988037109375
-72635 3004.5
-72625 3000.258056640625
-72615 2996.323974609375
-72605 2992.580078125
-72595 2988.876953125
-72585 2985.373046875
-72575 2982.074951171875
-72565 2978.743896484375
-72555 2975.51904296875
-72545 2972.218017578125
-72535 2969.1240234375
-72525 2965.60107421875
-72515 2962.012939453125
-72505 2958.179931640625
-72495 2954.22509765625
-72485 2950.02099609375
-72475 2945.919921875
-72465 2941.614013671875
-72455 2937.389892578125
-72445 2933.2890625
-72435 2929.43408203125
-72425 2925.5791015625
-72415 2921.8291015625
-72405 2917.93310546875
-72395 2914.383056640625
-72385 2910.322998046875
-72375 2906.531982421875
-72365 2902.409912109375
-72355 2898.493896484375
-72345 2894.0849609375
-72335 2890.27099609375
-72325 2886.06494140625
-72315 2881.966064453125
-72305 2878.070068359375
-72295 2874.195068359375
-72285 2870.44189453125
-72275 2866.9560546875
-72265 2863.860107421875
-72255 2860.968994140625
-72245 2858.590087890625
-72235 2856.19091796875
-72225 2853.81201171875
-72215 2851.699951171875
-72205 2849.916015625
-72195 2848.235107421875
-72185 2846.697021484375
-72175 2845.199951171875
-72165 2843.845947265625
-72155 2842.533935546875
-72145 2841.303955078125
-72135 2840.031982421875
-72125 2838.822998046875
-72115 2837.572021484375
-72105 2836.321044921875
-72095 2835.39794921875
-72085 2834.700927734375
-72075 2833.758056640625
-72065 2832.507080078125
-72055 2830.968994140625
-72045 2830.5380859375
-72035 2829.410888671875
-72025 2828.549072265625
-72015 2827.44189453125
-72005 2826.4990234375
-71995 2823.073974609375
-71985 2824.0380859375
-71975 2822.541015625
-71965 2820.387939453125
-71955 2818.337890625
-71945 2815.446044921875
-71935 2815.076904296875
-71925 2810.52490234375
-71915 2809.909912109375
-71905 2802.322998046875
-71895 2804.00390625
-71885 2799.3291015625
-71875 2799.451904296875
-71865 2794.222900390625
-71855 2793.444091796875
-71845 2789.239990234375
-71835 2784.50390625
-71825 2787.2099609375
-71815 2785.590087890625
-71805 2782.35107421875
-71795 2781.87890625
-71785 2778.25
-71775 2779.31591796875
-71765 2768.9189453125
-71755 2767.708984375
-71745 2773.677001953125
-71735 2771.5849609375
-71725 2768.201904296875
-71715 2769.554931640625
-71705 2767.156005859375
-71695 2755.9189453125
-71685 2754.99609375
-71675 2756.677978515625
-71665 2746.260986328125
-71655 2736.705078125
-71645 2736.930908203125
-71635 2743.697998046875
-71625 2736.31591796875
-71615 2732.76806640625
-71605 2730.738037109375
-71595 2729.85595703125
-71585 2715.3798828125
-71575 2708.777099609375
-71565 2702.912109375
-71555 2698.010986328125
-71545 2689.583984375
-71535 2691.572998046875
-71525 2685.8310546875
-71515 2679.1259765625
-71505 2673.7119140625
-71495 2669.01904296875
-71485 2664.382080078125
-71475 2658.906982421875
-71465 2653.968017578125
-71455 2647.93701171875
-71445 2642.175048828125
-71435 2637.666015625
-71425 2633.091064453125
-71415 2628.705078125
-71405 2624.31494140625
-71395 2620.6669921875
-71385 2617.8349609375
-71375 2616.64794921875
-71365 2614.740966796875
-71355 2614.1669921875
-71345 2611.7880859375
-71335 2610.330078125
-71325 2607.81005859375
-71315 2604.7548828125
-71305 2601.35107421875
-71295 2593.804931640625
-71285 2587.076904296875
-71275 2581.52197265625
-71265 2578.444091796875
-71255 2573.6279296875
-71245 2571.06201171875
-71235 2569.60888671875
-71225 2567.125
-71215 2565.117919921875
-71205 2560.422119140625
-71195 2560.238037109375
-71185 2556.77197265625
-71175 2550.968994140625
-71165 2546.1708984375
-71155 2543.382080078125
-71145 2542.787109375
-71135 2542.090087890625
-71125 2536.471923828125
-71115 2531.180908203125
-71105 2530.093994140625
-71095 2525.153076171875
-71085 2520.55908203125
-71075 2517.97607421875
-71065 2511.843994140625
-71055 2509.014892578125
-71045 2506.2470703125
-71035 2504.626953125
-71025 2502.657958984375
-71015 2498.864990234375
-71005 2493.409912109375
-70995 2487.114990234375
-70985 2484.407958984375
-70975 2483.239013671875
-70965 2479.65087890625
-70955 2476.431884765625
-70945 2473.1298828125
-70935 2468.51611328125
-70925 2464.2509765625
-70915 2458.756103515625
-70905 2453.669921875
-70895 2444.85302734375
-70885 2440.403076171875
-70875 2434.18994140625
-70865 2427.7919921875
-70855 2422.154052734375
-70845 2418.6669921875
-70835 2419.138916015625
-70825 2421.51806640625
-70815 2420.18505859375
-70805 2409.194091796875
-70795 2399.0849609375
-70785 2390.430908203125
-70775 2383.35693359375
-70765 2376.467041015625
-70755 2369.0439453125
-70745 2358.422119140625
-70735 2350.7119140625
-70725 2343.493896484375
-70715 2335.14892578125
-70705 2329.306884765625
-70695 2321.656005859375
-70685 2316.89892578125
-70675 2313.781982421875
-70665 2308.26611328125
-70655 2304.451904296875
-70645 2303.364990234375
-70635 2307.302001953125
-70625 2308.922119140625
-70615 2310.2548828125
-70605 2311.81591796875
-70595 2312.162109375
-70585 2311.998046875
-70575 2312.0390625
-70565 2311.280029296875
-70555 2308.616943359375
-70545 2305.29296875
-70535 2302.99609375
-70525 2303.819091796875
-70515 2306.195068359375
-70505 2308.26611328125
-70495 2311.529052734375
-70485 2316.1630859375
-70475 2318.27294921875
-70465 2322.947998046875
-70455 2325.346923828125
-70445 2328.9560546875
-70435 2329.10205078125
-70425 2331.31396484375
-70415 2334.34912109375
-70405 2337.7939453125
-70395 2339.02392578125
-70385 2340.010986328125
-70375 2343.18701171875
-70365 2345.217041015625
-70355 2346.81591796875
-70345 2346.757080078125
-70335 2346.344970703125
-70325 2346.037109375
-70315 2346.798095703125
-70305 2346.89794921875
-70295 2346.8369140625
-70285 2346.14208984375
-70275 2344.7451171875
-70265 2341.89501953125
-70255 2341.958984375
-70245 2341.7919921875
-70235 2345.217041015625
-70225 2349.76904296875
-70215 2352.06591796875
-70205 2357.929931640625
-70195 2364.123046875
-70185 2370.31591796875
-70175 2375.48291015625
-70165 2383.80810546875
-70155 2389.303955078125
-70145 2395.18896484375
-70135 2401.135009765625
-70125 2405.4208984375
-70115 2410.62890625
-70105 2417.3349609375
-70095 2427.156982421875
-70085 2421.701904296875
-70075 2415.612060546875
-70065 2413.58203125
-70055 2417.5810546875
-70045 2420.985107421875
-70035 2424.2041015625
-70025 2426.72607421875
-70015 2429.925048828125
-70005 2429.8359375
-69995 2428.294921875
-69985 2432.820068359375
-69975 2432.833984375
-69965 2431.324951171875
-69955 2431.381103515625
-69945 2429.138916015625
-69935 2426.966064453125
-69925 2424.572021484375
-69915 2418.193115234375
-69905 2418.89794921875
-69895 2421.95703125
-69885 2425.097900390625
-69875 2426.785888671875
-69865 2429.25
-69855 2432.583984375
-69845 2434.452880859375
-69835 2437.52490234375
-69825 2439.876953125
-69815 2437.427978515625
-69805 2437.705078125
-69795 2435.3798828125
-69785 2437.52490234375
-69775 2441.2890625
-69765 2442.118896484375
-69755 2442.035888671875
-69745 2439.032958984375
-69735 2438.507080078125
-69725 2436.5009765625
-69715 2436.1689453125
-69705 2436.0859375
-69695 2435.3798828125
-69685 2435.048095703125
-69675 2434.2451171875
-69665 2433.345947265625
-69655 2432.39111328125
-69645 2432.4599609375
-69635 2430.43994140625
-69625 2429.416015625
-69615 2426.993896484375
-69605 2424.76611328125
-69595 2422.8291015625
-69585 2421.4169921875
-69575 2421.666015625
-69565 2420.531005859375
-69555 2416.14501953125
-69545 2414.99609375
-69535 2410.955078125
-69525 2407.43994140625
-69515 2396.991943359375
-69505 2390.64111328125
-69495 2389.215087890625
-69485 2384.62109375
-69475 2374.6708984375
-69465 2370.589111328125
-69455 2367.5859375
-69445 2363.047119140625
-69435 2355.573974609375
-69425 2351.381103515625
-69415 2349.595947265625
-69405 2346.580078125
-69395 2342.74609375
-69385 2341.0029296875
-69375 2338.498046875
-69365 2335.924072265625
-69355 2334.111083984375
-69345 2333.530029296875
-69335 2334.416015625
-69325 2335.758056640625
-69315 2336.215087890625
-69305 2336.02099609375
-69295 2336.9619140625
-69285 2337.2939453125
-69275 2336.85107421875
-69265 2336.43603515625
-69255 2336.283935546875
-69245 2336.5048828125
-69235 2338.968994140625
-69225 2339.93701171875
-69215 2339.784912109375
-69205 2340.365966796875
-69195 2340.76708984375
-69185 2339.591064453125
-69175 2338.7470703125
-69165 2337.251953125
-69155 2335.799072265625
-69145 2334.194091796875
-69135 2329.72412109375
-69125 2328.533935546875
-69115 2326.471923828125
-69105 2326.196044921875
-69095 2325.489990234375
-69085 2325.074951171875
-69075 2329.25390625
-69065 2335.52294921875
-69055 2334.73388671875
-69045 2327.49609375
-69035 2330.444091796875
-69025 2332.39501953125
-69015 2336.85107421875
-69005 2341.7919921875
-68995 2346.8701171875
-68985 2352.156005859375
-68975 2355.007080078125
-68965 2353.4990234375
-68955 2353.2080078125
-68945 2351.740966796875
-68935 2350.717041015625
-68925 2350.89697265625
-68915 2352.00390625
-68905 2355.72705078125
-68895 2359.26904296875
-68885 2363.947021484375
-68875 2369.31591796875
-68865 2372.8310546875
-68855 2375.888916015625
-68845 2378.656982421875
-68835 2379.7080078125
-68825 2376.054931640625
-68815 2372.470947265625
-68805 2370.10400390625
-68795 2369.10791015625
-68785 2366.948974609375
-68775 2364.777099609375
-68765 2363.614990234375
-68755 2363.64208984375
-68745 2364.9150390625
-68735 2365.635009765625
-68725 2372.428955078125
-68715 2375.763916015625
-68705 2378.033935546875
-68695 2379.0029296875
-68685 2379.41796875
-68675 2379.695068359375
-68665 2381.02294921875
-68655 2382.406982421875
-68645 2384.68994140625
-68635 2388.85498046875
-68625 2392.3701171875
-68615 2398.458984375
-68605 2403.93896484375
-68595 2411.287109375
-68585 2420.5869140625
-68575 2431.56103515625
-68565 2440.056884765625
-68555 2448.885986328125
-68545 2455.695068359375
-68535 2460.385986328125
-68525 2465.72705078125
-68515 2470.9169921875
-68505 2476.092041015625
-68495 2481.12890625
-68485 2484.340087890625
-68475 2487.826904296875
-68465 2491.535888671875
-68455 2495.949951171875
-68445 2501.6240234375
-68435 2507.587890625
-68425 2512.514892578125
-68415 2518.907958984375
-68405 2524.1669921875
-68395 2528.89892578125
-68385 2533.93701171875
-68375 2544.56396484375
-68365 2553.22705078125
-68355 2558.416015625
-68345 2563.27392578125
-68335 2566.1240234375
-68325 2563.841064453125
-68315 2565.7919921875
-68305 2560.215087890625
-68295 2551.593994140625
-68285 2547.7060546875
-68275 2544.48095703125
-68265 2541.52001953125
-68255 2540.910888671875
-68245 2535.5419921875
-68235 2532.705078125
-68225 2533.590087890625
-68215 2538.0458984375
-68205 2541.89404296875
-68195 2543.94091796875
-68185 2546.072998046875
-68175 2550.985107421875
-68165 2554.5
-68155 2556.56201171875
-68145 2556.782958984375
-68135 2557.087890625
-68125 2555.343994140625
-68115 2555.094970703125
-68105 2552.534912109375
-68095 2554.625
-68085 2555.62109375
-68075 2554.95703125
-68065 2553.198974609375
-68055 2551.85693359375
-68045 2551.5390625
-68035 2550.985107421875
-68025 2549.864013671875
-68015 2548.02392578125
-68005 2544.177001953125
-67995 2542.764892578125
-67985 2542.64111328125
-67975 2544.89599609375
-67965 2547.20703125
-67955 2547.56689453125
-67945 2548.06494140625
-67935 2552.424072265625
-67925 2554.735107421875
-67915 2556.93603515625
-67905 2557.614013671875
-67895 2558.803955078125
-67885 2557.76611328125
-67875 2559.49609375
-67865 2560.284912109375
-67855 2560.35400390625
-67845 2559.205078125
-67835 2562.3740234375
-67825 2561.613037109375
-67815 2564.8369140625
-67805 2568.794921875
-67795 2573.694091796875
-67785 2576.931884765625
-67775 2567.218017578125
-67765 2560.797119140625
-67755 2550.113037109375
-67745 2542.14306640625
-67735 2535.222900390625
-67725 2535.154052734375
-67715 2516.804931640625
-67705 2512.944091796875
-67695 2510.85400390625
-67685 2511.18603515625
-67675 2510.659912109375
-67665 2510.56298828125
-67655 2515.10302734375
-67645 2521.2470703125
-67635 2520.512939453125
-67625 2517.4970703125
-67615 2518.409912109375
-67605 2517.60693359375
-67595 2517.593017578125
-67585 2518.533935546875
-67575 2518.68701171875
-67565 2519.0048828125
-67555 2518.714111328125
-67545 2518.756103515625
-67535 2519.751953125
-67525 2520.014892578125
-67515 2521.966064453125
-67505 2530.554931640625
-67495 2557.48388671875
-67485 2573.177978515625
-67475 2587.248046875
-67465 2593.485107421875
-67455 2592.489013671875
-67445 2579.491943359375
-67435 2558.4951171875
-67425 2549.160888671875
-67415 2540.68603515625
-67405 2536.4560546875
-67395 2532.97705078125
-67385 2527.826904296875
-67375 2521.114013671875
-67365 2514.93798828125
-67355 2512.60498046875
-67345 2510.385009765625
-67335 2508.512939453125
-67325 2505.818115234375
-67315 2505.72607421875
-67305 2509.02099609375
-67295 2511.51708984375
-67285 2510.508056640625
-67275 2507.010986328125
-67265 2507.259033203125
-67255 2503.39404296875
-67245 2499.656982421875
-67235 2495.654052734375
-67225 2494.23095703125
-67215 2493.30908203125
-67205 2493.617919921875
-67195 2493.631103515625
-67185 2493.373046875
-67175 2491.208984375
-67165 2489.69189453125
-67155 2488.84912109375
-67145 2488.958984375
-67135 2489.385009765625
-67125 2489.922119140625
-67115 2491.779052734375
-67105 2493.125
-67095 2494.737060546875
-67085 2495.74609375
-67075 2500.623046875
-67065 2499.533935546875
-67055 2500.068115234375
-67045 2503.531005859375
-67035 2505.693115234375
-67025 2507.761962890625
-67015 2508.7890625
-67005 2509.509033203125
-66995 2509.527099609375
-66985 2510.76611328125
-66975 2510.093994140625
-66965 2510.444091796875
-66955 2509.205078125
-66945 2508.573974609375
-66935 2508.77587890625
-66925 2506.844970703125
-66915 2506.76904296875
-66905 2509.033935546875
-66895 2512.116943359375
-66885 2515.134033203125
-66875 2515.8720703125
-66865 2517.741943359375
-66855 2518.68896484375
-66845 2517.511962890625
-66835 2517.864990234375
-66825 2516.927001953125
-66815 2516.884033203125
-66805 2519.197998046875
-66795 2521.635009765625
-66785 2525.864990234375
-66775 2531.81201171875
-66765 2536.318115234375
-66755 2536.257080078125
-66745 2532.5439453125
-66735 2529.083984375
-66725 2527.27490234375
-66715 2525.114013671875
-66705 2521.910888671875
-66695 2518.340087890625
-66685 2514.2451171875
-66675 2511.718994140625
-66665 2510.093994140625
-66655 2505.43505859375
-66645 2503.43994140625
-66635 2502.75
-66625 2501.201904296875
-66615 2497.08203125
-66605 2494.780029296875
-66595 2493.06396484375
-66585 2491.33203125
-66575 2488.64990234375
-66565 2485.139892578125
-66555 2482.3349609375
-66545 2480.449951171875
-66535 2477.751953125
-66525 2473.52197265625
-66515 2470.364990234375
-66505 2468.31396484375
-66495 2468.218994140625
-66485 2470.10498046875
-66475 2472.678955078125
-66465 2477.031982421875
-66455 2480.3759765625
-66445 2481.583984375
-66435 2481.739990234375
-66425 2484.097900390625
-66415 2485.31201171875
-66405 2485.60009765625
-66395 2485.35400390625
-66385 2487.867919921875
-66375 2487.85302734375
-66365 2486.212890625
-66355 2482.886962890625
-66345 2481.1240234375
-66335 2482.595947265625
-66325 2486.964111328125
-66315 2489.89111328125
-66305 2498.2900390625
-66295 2498.3359375
-66285 2503.56494140625
-66275 2507.6240234375
-66265 2508.5458984375
-66255 2511.029052734375
-66245 2515.885009765625
-66235 2517.635009765625
-66225 2520.408935546875
-66215 2523.14892578125
-66205 2525.007080078125
-66195 2526.98388671875
-66185 2530.428955078125
-66175 2533.360107421875
-66165 2535.797119140625
-66155 2537.881103515625
-66145 2541.1298828125
-66135 2543.5830078125
-66125 2545.20703125
-66115 2547.337890625
-66105 2549.6669921875
-66095 2552.6708984375
-66085 2554.617919921875
-66075 2555.93603515625
-66065 2557.239013671875
-66055 2559.077880859375
-66045 2561.97412109375
-66035 2564.56396484375
-66025 2566.49609375
-66015 2569.02392578125
-66005 2571.491943359375
-65995 2575.508056640625
-65985 2580.51904296875
-65975 2583.508056640625
-65965 2589.485107421875
-65955 2596.85693359375
-65945 2602.237060546875
-65935 2606.237060546875
-65925 2608.904052734375
-65915 2611.968994140625
-65905 2615.033935546875
-65895 2618.943115234375
-65885 2622.238037109375
-65875 2626.60595703125
-65865 2629.9619140625
-65855 2633.840087890625
-65845 2639.235107421875
-65835 2646.132080078125
-65825 2653.35107421875
-65815 2658.3779296875
-65805 2664.69189453125
-65795 2676.01806640625
-65785 2684.2490234375
-65775 2689.904052734375
-65765 2696.6630859375
-65755 2702.39501953125
-65745 2708.406005859375
-65735 2713.00390625
-65725 2715.79296875
-65715 2717.81298828125
-65705 2719.257080078125
-65695 2722.01611328125
-65685 2724.72900390625
-65675 2727.10400390625
-65665 2731.303955078125
-65655 2735.993896484375
-65645 2735.718017578125
-65635 2732.419921875
-65625 2730.490966796875
-65615 2725.72509765625
-65605 2708.06591796875
-65595 2699.02587890625
-65585 2691.946044921875
-65575 2688.01904296875
-65565 2681.35205078125
-65555 2672.8759765625
-65545 2663.43505859375
-65535 2652.998046875
-65525 2638.452880859375
-65515 2629.10400390625
-65505 2605.072021484375
-65495 2567.385009765625
-65485 2557.575927734375
-65475 2550.050048828125
-65465 2542.23388671875
-65455 2534.202880859375
-65445 2527.735107421875
-65435 2519.593994140625
-65425 2513.052001953125
-65415 2503.841064453125
-65405 2497.01806640625
-65395 2491.424072265625
-65385 2486.794921875
-65375 2483.22412109375
-65365 2477.093994140625
-65355 2458.501953125
-65345 2448.6630859375
-65335 2440.6630859375
-65325 2432.876953125
-65315 2426.408935546875
-65305 2421.3359375
-65295 2416.93701171875
-65285 2412.906005859375
-65275 2408.98291015625
-65265 2404.721923828125
-65255 2401.05908203125
-65245 2397.303955078125
-65235 2393.610107421875
-65225 2391.52587890625
-65215 2390.193115234375
-65205 2389.135009765625
-65195 2388.24609375
-65185 2387.863037109375
-65175 2386.958984375
-65165 2387.235107421875
-65155 2383.41796875
-65145 2382.19189453125
-65135 2381.916015625
-65125 2383.112060546875
-65115 2382.513916015625
-65105 2378.804931640625
-65095 2378.72900390625
-65085 2378.468017578125
-65075 2377.179931640625
-65065 2372.76611328125
-65055 2367.616943359375
-65045 2362.0380859375
-65035 2353.9609375
-65025 2347.40087890625
-65015 2323.843994140625
-65005 2316.56298828125
-64995 2305.1220703125
-64985 2289.0380859375
-64975 2278.2890625
-64965 2263.8291015625
-64955 2255.35498046875
-64945 2247.199951171875
-64935 2235.9169921875
-64925 2216.4541015625
-64915 2202.888916015625
-64905 2195.096923828125
-64895 2186.64892578125
-64885 2176.757080078125
-64875 2165.403076171875
-64865 2154.18701171875
-64855 2145.1279296875
-64845 2137.468994140625
-64835 2130.011962890625
-64825 2123.031005859375
-64815 2116.2919921875
-64805 2109.10888671875
-64795 2102.193115234375
-64785 2095.659912109375
-64775 2089.98291015625
-64765 2082.658935546875
-64755 2074.075927734375
-64745 2065.35791015625
-64735 2060.89697265625
-64725 2055.6259765625
-64715 2050.760009765625
-64705 2045.490966796875
-64695 2031.927001953125
-64685 2026.1600341796875
-64675 2021.1619873046875
-64665 2016.156982421875
-64655 2010.9310302734375
-64645 2005.885009765625
-64635 2001.2659912109375
-64625 1996.8509521484375
-64615 1993.156005859375
-64605 1989.4169921875
-64595 1984.7989501953125
-64585 1981.68994140625
-64575 1979.1219482421875
-64565 1978.490966796875
-64555 1976.9820556640625
-64545 1976.8690185546875
-64535 1976.0810546875
-64525 1975.4759521484375
-64515 1974.458984375
-64505 1973.782958984375
-64495 1973.782958984375
-64485 1973.4000244140625
-64475 1973.93994140625
-64465 1974.9539794921875
-64455 1973.06201171875
-64445 1972.071044921875
-64435 1969.9759521484375
-64425 1968.6689453125
-64415 1970.6290283203125
-64405 1971.125
-64395 1973.31005859375
-64385 1974.48095703125
-64375 1974.322998046875
-64365 1973.782958984375
-64355 1973.4219970703125
-64345 1973.738037109375
-64335 1975.8330078125
-64325 1975.0889892578125
-64315 1975.31494140625
-64305 1975.968017578125
-64295 1978.1309814453125
-64285 1978.446044921875
-64275 1981.64501953125
-64265 1985.3389892578125
-64255 1989.237060546875
-64245 1990.2049560546875
-64235 1992.97900390625
-64225 1994.0579833984375
-64215 1996.446044921875
-64205 1997.9100341796875
-64195 1995.364013671875
-64185 1985.4520263671875
-64175 1981.3299560546875
-64165 1984.5279541015625
-64155 1983.58203125
-64145 1982.7259521484375
-64135 1986.8709716796875
-64125 1981.68994140625
-64115 1982.1409912109375
-64105 1981.93798828125
-64095 1980.85595703125
-64085 1981.217041015625
-64075 1983.875
-64065 1983.6309814453125
-64055 1986.1280517578125
-64045 1984.010009765625
-64035 1984.843994140625
-64025 1985.4300537109375
-64015 1988.3580322265625
-64005 1987.9300537109375
-63995 1989.303955078125
-63985 1981.08203125
-63975 1969.77294921875
-63965 1969.7950439453125
-63955 1976.5989990234375
-63945 1979.5269775390625
-63935 1979.887939453125
-63925 1980.541015625
-63915 1975.5849609375
-63905 1970.83203125
-63895 1968.1319580078125
-63885 1957.4949951171875
-63875 1948.43896484375
-63865 1964.636962890625
-63855 1966.16796875
-63845 1958.7569580078125
-63835 1955.9859619140625
-63825 1975.02197265625
-63815 1978.6259765625
-63805 1979.0770263671875
-63795 1976.4639892578125
-63785 1973.4000244140625
-63775 1969.614990234375
-63765 1967.1600341796875
-63755 1963.1949462890625
-63745 1954.4990234375
-63735 1949.54296875
-63725 1945.06005859375
-63715 1950.5789794921875
-63705 1946.18603515625
-63695 1943.5279541015625
-63685 1936.3189697265625
-63675 1928.1190185546875
-63665 1925.595947265625
-63655 1924.718017578125
-63645 1925.3709716796875
-63635 1923.6590576171875
-63625 1922.824951171875
-63615 1920.9329833984375
-63605 1918.613037109375
-63595 1909.7139892578125
-63585 1904.375
-63575 1899.3740234375
-63565 1894.9139404296875
-63555 1883.6719970703125
-63545 1875.56201171875
-63535 1869.6829833984375
-63525 1864.6590576171875
-63515 1859.050048828125
-63505 1854.9720458984375
-63495 1848.3489990234375
-63485 1843.16796875
-63475 1836.81494140625
-63465 1827.10498046875
-63455 1808.092041015625
-63445 1801.0179443359375
-63435 1794.0799560546875
-63425 1788.5379638671875
-63415 1782.5460205078125
-63405 1777.8380126953125
-63395 1772.9720458984375
-63385 1766.7989501953125
-63375 1759.050048828125
-63365 1750.8719482421875
-63355 1748.552001953125
-63345 1738.302001953125
-63335 1723.47802734375
-63325 1707.39404296875
-63315 1693.2010498046875
-63305 1696.1519775390625
-63295 1686.3299560546875
-63285 1677.6800537109375
-63275 1668.6009521484375
-63265 1652.404052734375
-63255 1639.157958984375
-63245 1626.3389892578125
-63235 1616.427001953125
-63225 1608.4520263671875
-63215 1597.7740478515625
-63205 1587.366943359375
-63195 1575.6300048828125
-63185 1565.9649658203125
-63175 1558.7340087890625
-63165 1550.6920166015625
-63155 1543.280029296875
-63145 1534.9219970703125
-63135 1527.532958984375
-63125 1522.8699951171875
-63115 1517.4410400390625
-63105 1511.0660400390625
-63095 1507.529052734375
-63085 1505.321044921875
-63075 1501.5360107421875
-63065 1499.260986328125
-63055 1497.2559814453125
-63045 1495.5670166015625
-63035 1495.5439453125
-63025 1495.948974609375
-63015 1496.0849609375
-63005 1496.1300048828125
-62995 1494.0350341796875
-62985 1493.967041015625
-62975 1496.197021484375
-62965 1496.35498046875
-62955 1497.323974609375
-62945 1496.782958984375
-62935 1496.738037109375
-62925 1497.052978515625
-62915 1497.48095703125
-62905 1497.886962890625
-62895 1498.3819580078125
-62885 1498.8330078125
-62875 1499.012939453125
-62865 1499.2840576171875
-62855 1500.5679931640625
-62845 1501.2889404296875
-62835 1502.5279541015625
-62825 1503.157958984375
-62815 1503.7889404296875
-62805 1504.8699951171875
-62795 1506.9649658203125
-62785 1510.208984375
-62775 1514.467041015625
-62765 1518.9949951171875
-62755 1527.1500244140625
-62745 1534.6739501953125
-62735 1540.8699951171875
-62725 1548.303955078125
-62715 1555.4219970703125
-62705 1560.85205078125
-62695 1567.0689697265625
-62685 1574.322998046875
-62675 1585.4739990234375
-62665 1583.447021484375
-62655 1589.573974609375
-62645 1596.91796875
-62635 1604.5550537109375
-62625 1614.4000244140625
-62615 1622.1939697265625
-62605 1630.8900146484375
-62595 1639.1800537109375
-62585 1648.032958984375
-62575 1660.220947265625
-62565 1688.60595703125
-62555 1702.031982421875
-62545 1714.5799560546875
-62535 1721.720947265625
-62525 1730.7769775390625
-62515 1738.72998046875
-62505 1750.051025390625
-62495 1760.6639404296875
-62485 1774.3360595703125
-62475 1784.5579833984375
-62465 1793.6650390625
-62455 1803.656005859375
-62445 1812.9100341796875
-62435 1820.8609619140625
-62425 1829.06396484375
-62415 1837.7080078125
-62405 1844.35498046875
-62395 1850.72802734375
-62385 1856.155029296875
-62375 1860.593017578125
-62365 1865.5560302734375
-62355 1871.1300048828125
-62345 1877.6510009765625
-62335 1882.362060546875
-62325 1888.2509765625
-62315 1894.72900390625
-62305 1899.06201171875
-62295 1905.5830078125
-62285 1911.8929443359375
-62275 1917.739990234375
-62265 1924.176025390625
-62255 1931.2010498046875
-62245 1935.8280029296875
-62235 1939.1300048828125
-62225 1946.218994140625
-62215 1956.02001953125
-62205 1962.708984375
-62195 1969.2080078125
-62185 1976.759033203125
-62175 1983.9730224609375
-62165 1991.4820556640625
-62155 2000.6319580078125
-62145 2007.404052734375
-62135 2011.968017578125
-62125 2016.8900146484375
-62115 2019.51904296875
-62105 2025.4930419921875
-62095 2033.5479736328125
-62085 2037.7340087890625
-62075 2043.4969482421875
-62065 2048.52392578125
-62055 2051.552978515625
-62045 2055.423095703125
-62035 2059.22998046875
-62025 2065.51904296875
-62015 2070.18798828125
-62005 2072.31298828125
-61995 2076.51904296875
-61985 2080.68408203125
-61975 2083.7548828125
-61965 2083.6279296875
-61955 2086.152099609375
-61945 2089.201904296875
-61935 2090.675048828125
-61925 2092.48291015625
-61915 2093.9140625
-61905 2096.080078125
-61895 2098.4150390625
-61885 2101.759033203125
-61875 2103.715087890625
-61865 2108.279052734375
-61855 2112.486083984375
-61845 2116.041015625
-61835 2118.43798828125
-61825 2118.75390625
-61815 2120.68896484375
-61805 2120.3740234375
-61795 2121.467041015625
-61785 2123.465087890625
-61775 2125.611083984375
-61765 2127.29296875
-61755 2124.285888671875
-61745 2123.864990234375
-61735 2124.89599609375
-61725 2126.135986328125
-61715 2128.470947265625
-61705 2132.908935546875
-61695 2137.55810546875
-61685 2140.48095703125
-61675 2143.761962890625
-61665 2143.656982421875
-61655 2147.611083984375
-61645 2149.568115234375
-61635 2151.69189453125
-61625 2151.839111328125
-61615 2153.98388671875
-61605 2156.823974609375
-61595 2159.64208984375
-61585 2160.08203125
-61575 2156.823974609375
-61565 2153.14306640625
-61555 2153.31201171875
-61545 2155.2470703125
-61535 2158.633056640625
-61525 2160.16796875
-61515 2160.673095703125
-61505 2159.429931640625
-61495 2159.305908203125
-61485 2160.39990234375
-61475 2162.945068359375
-61465 2165.802978515625
-61455 2167.593017578125
-61445 2170.97900390625
-61435 2169.864990234375
-61425 2170.347900390625
-61415 2174.575927734375
-61405 2178.278076171875
-61395 2184.35595703125
-61385 2190.876953125
-61375 2194.72607421875
-61365 2198.175048828125
-61355 2202.466064453125
-61345 2207.197998046875
-61335 2211.216064453125
-61325 2216.052978515625
-61315 2221.3330078125
-61305 2226.612060546875
-61295 2231.239013671875
-61285 2235.697998046875
-61275 2239.821044921875
-61265 2242.617919921875
-61255 2242.386962890625
-61245 2242.531982421875
-61235 2243.669921875
-61225 2249.34912109375
-61215 2260.178955078125
-61205 2265.27099609375
-61195 2269.30908203125
-61185 2273.410888671875
-61175 2277.364990234375
-61165 2281.319091796875
-61155 2284.303955078125
-61145 2290.280029296875
-61135 2294.990966796875
-61125 2299.638916015625
-61115 2302.64697265625
-61105 2305.508056640625
-61095 2311.166015625
-61085 2316.592041015625
-61075 2321.9560546875
-61065 2326.3720703125
-61055 2329.3779296875
-61045 2331.31298828125
-61035 2335.291015625
-61025 2337.5830078125
-61015 2339.93896484375
-61005 2341.55810546875
-60995 2340.612060546875
-60985 2338.677001953125
-60975 2336.614990234375
-60965 2335.7509765625
-60955 2333.986083984375
-60945 2331.0419921875
-60935 2325.153076171875
-60925 2319.873046875
-60915 2309.44091796875
-60905 2295.68505859375
-60895 2288.912109375
-60885 2282.139892578125
-60875 2276.839111328125
-60865 2272.989990234375
-60855 2269.81201171875
-60845 2267.1640625
-60835 2264.85009765625
-60825 2263.673095703125
-60815 2263.3359375
-60805 2269.72802734375
-60795 2275.681884765625
-60785 2278.1220703125
-60775 2277.638916015625
-60765 2279.762939453125
-60755 2279.907958984375
-60745 2276.987060546875
-60735 2275.010009765625
-60725 2274.2080078125
-60715 2277.029052734375
-60705 2277.405029296875
-60695 2285.652099609375
-60685 2289.375
-60675 2291.56298828125
-60665 2294.864990234375
-60655 2298.756103515625
-60645 2296.884033203125
-60635 2298.208984375
-60625 2299.89208984375
-60615 2307.737060546875
-60605 2318.611083984375
-60595 2324.9609375
-60585 2334.8701171875
-60575 2338.446044921875
-60565 2336.321044921875
-60555 2335.3330078125
-60545 2336.405029296875
-60535 2334.764892578125
-60525 2332.618896484375
-60515 2334.155029296875
-60505 2332.93505859375
-60495 2330.284912109375
-60485 2333.5029296875
-60475 2337.3310546875
-60465 2348.73095703125
-60455 2356.89208984375
-60445 2362.822998046875
-60435 2367.87109375
-60425 2375.65087890625
-60415 2381.9189453125
-60405 2387.030029296875
-60395 2395.10888671875
-60385 2397.947998046875
-60375 2405.60400390625
-60365 2408.402099609375
-60355 2410.2529296875
-60345 2414.123046875
-60335 2416.3310546875
-60325 2417.803955078125
-60315 2422.283935546875
-60305 2429.77099609375
-60295 2432.714111328125
-60285 2435.9970703125
-60275 2438.10107421875
-60265 2439.593994140625
-60255 2441.822998046875
-60245 2441.256103515625
-60235 2441.760009765625
-60225 2443.569091796875
-60215 2443.31689453125
-60205 2443.738037109375
-60195 2443.675048828125
-60185 2447.2080078125
-60175 2454.591064453125
-60165 2462.751953125
-60155 2465.759033203125
-60145 2470.89111328125
-60135 2475.3291015625
-60125 2479.7890625
-60115 2482.56494140625
-60105 2484.013916015625
-60095 2484.26904296875
-60085 2485.257080078125
-60075 2487.529052734375
-60065 2490.72607421875
-60055 2493.77587890625
-60045 2497.7509765625
-60035 2501.114013671875
-60025 2505.112060546875
-60015 2509.443115234375
-60005 2513.868896484375
-59995 2519.449951171875
-59985 2523.760986328125
-59975 2529.217041015625
-59965 2533.9208984375
-59955 2537.41796875
-59945 2540.64697265625
-59935 2546.47802734375
-59925 2551.56689453125
-59915 2557.4169921875
-59905 2559.778076171875
-59895 2564.097900390625
-59885 2565.56494140625
-59875 2569.660888671875
-59865 2575.39404296875
-59855 2583.97998046875
-59845 2590.330078125
-59835 2597.261962890625
-59825 2607.573974609375
-59815 2620.319091796875
-59805 2627.053955078125
-59795 2635.764892578125
-59785 2640.949951171875
-59775 2647.552978515625
-59765 2639.7451171875
-59755 2628.22607421875
-59745 2602.97705078125
-59735 2591.304931640625
-59725 2564.097900390625
-59715 2557.532958984375
-59705 2551.800048828125
-59695 2546.576904296875
-59685 2541.013916015625
-59675 2535.093017578125
-59665 2532.2490234375
-59655 2532.14990234375
-59645 2531.77392578125
-59635 2528.992919921875
-59625 2528.322021484375
-59615 2527.65087890625
-59605 2526.720947265625
-59595 2525.137939453125
-59585 2523.010009765625
-59575 2519.699951171875
-59565 2517.840087890625
-59555 2516.7490234375
-59545 2516.10498046875
-59535 2515.701904296875
-59525 2514.486083984375
-59515 2512.840087890625
-59505 2510.093994140625
-59495 2507.64404296875
-59485 2501.096923828125
-59475 2496.991943359375
-59465 2496.26708984375
-59455 2496.321044921875
-59445 2496.302978515625
-59435 2493.674072265625
-59425 2492.2509765625
-59415 2489.881103515625
-59405 2488.987060546875
-59395 2487.028076171875
-59385 2484.81005859375
-59375 2481.822998046875
-59365 2480.76708984375
-59355 2478.4599609375
-59345 2475.04296875
-59335 2472.368896484375
-59325 2471.26904296875
-59315 2469.3369140625
-59305 2466.626953125
-59295 2464.320068359375
-59285 2463.075927734375
-59275 2462.611083984375
-59265 2461.179931640625
-59255 2458.631103515625
-59245 2453.64111328125
-59235 2453.193115234375
-59225 2454.597900390625
-59215 2455.240966796875
-59205 2453.962890625
-59195 2452.208984375
-59185 2450.867919921875
-59175 2452.863037109375
-59165 2452.39697265625
-59155 2452.387939453125
-59145 2452.513916015625
-59135 2452.52197265625
-59125 2451.386962890625
-59115 2451.548095703125
-59105 2451.493896484375
-59095 2449.875
-59085 2446.924072265625
-59075 2445.654052734375
-59065 2444.597900390625
-59055 2442.8359375
-59045 2437.406982421875
-59035 2429.947998046875
-59025 2423.212890625
-59015 2417.5791015625
-59005 2414.6630859375
-58995 2410.208984375
-58985 2407.16796875
-58975 2404.47607421875
-58965 2400.200927734375
-58955 2397.159912109375
-58945 2395.6298828125
-58935 2392.7060546875
-58925 2387.071044921875
-58915 2379.825927734375
-58905 2370.572998046875
-58895 2359.740966796875
-58885 2334.385009765625
-58875 2326.806884765625
-58865 2318.489013671875
-58855 2310.9609375
-58845 2304.679931640625
-58835 2298.8330078125
-58825 2294.028076171875
-58815 2288.699951171875
-58805 2283.635009765625
-58795 2279.3330078125
-58785 2274.56005859375
-58775 2270.89892578125
-58765 2268.0400390625
-58755 2263.701904296875
-58745 2258.826904296875
-58735 2254.239013671875
-58725 2249.633056640625
-58715 2243.05908203125
-58705 2236.468017578125
-58695 2230.153076171875
-58685 2222.702880859375
-58675 2212.783935546875
-58665 2208.034912109375
-58655 2201.39794921875
-58645 2195.968994140625
-58635 2189.029052734375
-58625 2182.214111328125
-58615 2175.443115234375
-58605 2168.9140625
-58595 2165.426025390625
-58585 2161.777099609375
-58575 2160.077880859375
-58565 2160.1669921875
-58555 2159.31689453125
-58545 2158.136962890625
-58535 2157.447998046875
-58525 2156.634033203125
-58515 2152.072998046875
-58505 2148.77197265625
-58495 2146.428955078125
-58485 2142.242919921875
-58475 2136.072021484375
-58465 2133.52294921875
-58455 2129.29296875
-58445 2128.639892578125
-58435 2123.926025390625
-58425 2117.22705078125
-58415 2112.951904296875
-58405 2104.339111328125
-58395 2096.39697265625
-58385 2089.947998046875
-58375 2082.114013671875
-58365 2075.906005859375
-58355 2069.64599609375
-58345 2064.0380859375
-58335 2057.35693359375
-58325 2051.257080078125
-58315 2045.927001953125
-58305 2041.3380126953125
-58295 2036.0699462890625
-58285 2031.697021484375
-58275 2029.166015625
-58265 2026.81298828125
-58255 2022.4129638671875
-58245 2020.0880126953125
-58235 2017.27001953125
-58225 2016.4300537109375
-58215 2019.998046875
-58205 2021.9930419921875
-58195 2021.197021484375
-58185 2019.0860595703125
-58175 2019.739013671875
-58165 2020.0970458984375
-58155 2022.385986328125
-58145 2022.2430419921875
-58135 2025.0689697265625
-58125 2026.678955078125
-58115 2028.0830078125
-58105 2031.8399658203125
-58095 2033.9859619140625
-58085 2039.02197265625
-58075 2045.5780029296875
-58065 2047.1070556640625
-58055 2048.680908203125
-58045 2051.032958984375
-58035 2054.6201171875
-58025 2059.386962890625
-58015 2064.3330078125
-58005 2069.242919921875
-57995 2074.422119140625
-57985 2080.218017578125
-57975 2086.52294921875
-57965 2093.01611328125
-57955 2099.3310546875
-57945 2104.991943359375
-57935 2110.930908203125
-57925 2117.97900390625
-57915 2124.570068359375
-57905 2131.404052734375
-57895 2137.3779296875
-57885 2145.132080078125
-57875 2152.8779296875
-57865 2159.9169921875
-57855 2166.212890625
-57845 2171.73095703125
-57835 2178.9140625
-57825 2186.64990234375
-57815 2194.868896484375
-57805 2201.60400390625
-57795 2209.072021484375
-57785 2216.200927734375
-57775 2221.218017578125
-57765 2227.1298828125
-57755 2234.14208984375
-57745 2240.804931640625
-57735 2246.3330078125
-57725 2252.011962890625
-57715 2258.7109375
-57705 2263.55908203125
-57695 2267.97705078125
-57685 2273.173095703125
-57675 2282.990966796875
-57665 2291.0791015625
-57655 2297.64990234375
-57645 2304.215087890625
-57635 2308.659912109375
-57625 2312.625
-57615 2316.94189453125
-57605 2321.4580078125
-57595 2333.041015625
-57585 2337.8349609375
-57575 2342.4951171875
-57565 2348.450927734375
-57555 2353.27197265625
-57545 2359.281982421875
-57535 2365.322998046875
-57525 2370.945068359375
-57515 2376.705078125
-57505 2382.174072265625
-57495 2389.132080078125
-57485 2397.173095703125
-57475 2404.257080078125
-57465 2411.2109375
-57455 2417.760009765625
-57445 2424.424072265625
-57435 2431.176025390625
-57425 2437.362060546875
-57415 2443.041015625
-57405 2446.80810546875
-57395 2451.327880859375
-57385 2454.77587890625
-57375 2460.614990234375
-57365 2464.48291015625
-57355 2468.81494140625
-57345 2474.2919921875
-57335 2479.3330078125
-57325 2484.748046875
-57315 2489.343994140625
-57305 2493.590087890625
-57295 2497.844970703125
-57285 2502.02099609375
-57275 2505.555908203125
-57265 2509.68603515625
-57255 2514.467041015625
-57245 2519.489990234375
-57235 2524.303955078125
-57225 2530.833984375
-57215 2537.35400390625
-57205 2545.239013671875
-57195 2551.135009765625
-57185 2557.3330078125
-57175 2563.693115234375
-57165 2570.095947265625
-57155 2576.89501953125
-57145 2582.7880859375
-57135 2588.596923828125
-57125 2594.527099609375
-57115 2600.04296875
-57105 2605.3740234375
-57095 2610.155029296875
-57085 2613.97998046875
-57075 2628.2509765625
-57065 2631.873046875
-57055 2634.3359375
-57045 2639.4208984375
-57035 2644.988037109375
-57025 2654.907958984375
-57015 2668.06298828125
-57005 2689.955078125
-56995 2704.992919921875
-56985 2726.304931640625
-56975 2737.242919921875
-56965 2751.093994140625
-56955 2763.4951171875
-56945 2772.3759765625
-56935 2791.64501953125
-56925 2805.6259765625
-56915 2820.678955078125
-56905 2817.824951171875
-56895 2811.885009765625
-56885 2801.554931640625
-56875 2796.77392578125
-56865 2787.777099609375
-56855 2777.7509765625
-56845 2772.318115234375
-56835 2765.18994140625
-56825 2756.613037109375
-56815 2748.862060546875
-56805 2743.37109375
-56795 2737.18505859375
-56785 2731.926025390625
-56775 2728.623046875
-56765 2724.449951171875
-56755 2722.625
-56745 2724.14599609375
-56735 2723.218994140625
-56725 2723.23291015625
-56715 2721.625
-56705 2718.49609375
-56695 2717.886962890625
-56685 2716.06201171875
-56675 2714.554931640625
-56665 2711.81689453125
-56655 2711.512939453125
-56645 2711.60009765625
-56635 2712.759033203125
-56625 2715.220947265625
-56615 2718.945068359375
-56605 2719.4951171875
-56595 2717.712890625
-56585 2726
-56575 2723.116943359375
-56565 2725.943115234375
-56555 2725.6240234375
-56545 2722.842041015625
-56535 2726.94189453125
-56525 2731.98388671875
-56515 2733.882080078125
-56505 2738.373046875
-56495 2738.85107421875
-56485 2738.634033203125
-56475 2737.924072265625
-56465 2737.85205078125
-56455 2736.02587890625
-56445 2731.955078125
-56435 2727.7099609375
-56425 2732.506103515625
-56415 2731.98388671875
-56405 2733.172119140625
-56395 2734.09912109375
-56385 2732.6650390625
-56375 2732.216064453125
-56365 2732.4619140625
-56355 2733.114013671875
-56345 2733.4619140625
-56335 2732.33203125
-56325 2733.22998046875
-56315 2735.532958984375
-56305 2736.054931640625
-56295 2737.532958984375
-56285 2740.35791015625
-56275 2739.99609375
-56265 2742.4150390625
-56255 2742.488037109375
-56245 2741.386962890625
-56235 2744.805908203125
-56225 2743.73388671875
-56215 2741.864990234375
-56205 2740.416015625
-56195 2741.18408203125
-56185 2741.7919921875
-56175 2741.429931640625
-56165 2740.907958984375
-56155 2742.343017578125
-56145 2749.080078125
-56135 2756.715087890625
-56125 2756.91796875
-56115 2756.511962890625
-56105 2758.946044921875
-56095 2760.49609375
-56085 2760.553955078125
-56075 2762.35107421875
-56065 2762.843017578125
-56055 2765.23388671875
-56045 2764.133056640625
-56035 2764.001953125
-56025 2764.58203125
-56015 2767.363037109375
-56005 2768.2470703125
-55995 2769.43505859375
-55985 2770.593994140625
-55975 2774.635986328125
-55965 2782.69189453125
-55955 2782.634033203125
-55945 2788.181884765625
-55935 2788.138916015625
-55925 2791.051025390625
-55915 2789.804931640625
-55905 2790.615966796875
-55895 2791.25390625
-55885 2791.847900390625
-55875 2796.26708984375
-55865 2795.427001953125
-55855 2794.60107421875
-55845 2795.528076171875
-55835 2797.382080078125
-55825 2802.742919921875
-55815 2808.972900390625
-55805 2813.347900390625
-55795 2818.0849609375
-55785 2822.27197265625
-55775 2825.31494140625
-55765 2828.676025390625
-55755 2831.31298828125
-55745 2833.282958984375
-55735 2834.7470703125
-55725 2835.427001953125
-55715 2835.513916015625
-55705 2836.180908203125
-55695 2840.426025390625
-55685 2843.742919921875
-55675 2846.452880859375
-55665 2850.0458984375
-55655 2853.81298828125
-55645 2858.3759765625
-55635 2862.694091796875
-55625 2866.446044921875
-55615 2870.40087890625
-55605 2872.966064453125
-55595 2875.804931640625
-55585 2886.554931640625
-55575 2893.7119140625
-55565 2897.493896484375
-55555 2902.04296875
-55545 2908.02587890625
-55535 2920.35498046875
-55525 2953.02587890625
-55515 2961.73291015625
-55505 2967.528076171875
-55495 2976.741943359375
-55485 2983.333984375
-55475 2989.85400390625
-55465 2999.574951171875
-55455 3002.718994140625
-55445 2994.764892578125
-55435 2984.4208984375
-55425 2968.93310546875
-55415 2959.327880859375
-55405 2950.7080078125
-55395 2940.0439453125
-55385 2930.280029296875
-55375 2921.89111328125
-55365 2913.22705078125
-55355 2902.89697265625
-55345 2900.202880859375
-55335 2905.76611328125
-55325 2895.073974609375
-55315 2889.10498046875
-55305 2881.93408203125
-55295 2892.090087890625
-55285 2900.029052734375
-55275 2890.047119140625
-55265 2886.742919921875
-55255 2879.60107421875
-55245 2875.718017578125
-55235 2873.7041015625
-55225 2863.80908203125
-55215 2855.072998046875
-55205 2847.785888671875
-55195 2834.427978515625
-55185 2814.593994140625
-55175 2788.094970703125
-55165 2776.635009765625
-55155 2757.64208984375
-55145 2743.821044921875
-55135 2735.56298828125
-55125 2723.5810546875
-55115 2716.48193359375
-55105 2709.512939453125
-55095 2702.385009765625
-55085 2695.547119140625
-55075 2687.839111328125
-55065 2680.509033203125
-55055 2673.177978515625
-55045 2665.513916015625
-55035 2658.4150390625
-55025 2651.85205078125
-55015 2645.58203125
-55005 2638.735107421875
-54995 2631.7958984375
-54985 2624.7060546875
-54975 2617.492919921875
-54965 2610.89404296875
-54955 2603.62890625
-54945 2596.73193359375
-54935 2589.041015625
-54925 2581.44189453125
-54915 2574.264892578125
-54905 2567.75390625
-54895 2560.803955078125
-54885 2553.047119140625
-54875 2546.114990234375
-54865 2537.551025390625
-54855 2529.512939453125
-54845 2520.948974609375
-54835 2514.31494140625
-54825 2507.6640625
-54815 2500.76708984375
-54805 2492.905029296875
-54795 2485.656982421875
-54785 2477.426025390625
-54775 2470.493896484375
-54765 2463.22900390625
-54755 2456.7529296875
-54745 2450.118896484375
-54735 2443.06396484375
-54725 2436.781005859375
-54715 2430.512939453125
-54705 2421.49609375
-54695 2414.0859375
-54685 2405.802978515625
-54675 2400.4150390625
-54665 2387.462890625
-54655 2381.1630859375
-54645 2375.0380859375
-54635 2366.719970703125
-54625 2358.612060546875
-54615 2355.575927734375
-54605 2367.614990234375
-54595 2376.091064453125
-54585 2373.721923828125
-54575 2367.404052734375
-54565 2351.487060546875
-54555 2338.64111328125
-54545 2328.3740234375
-54535 2318.02001953125
-54525 2311.64892578125
-54515 2280.126953125
-54505 2267.614013671875
-54495 2253.259033203125
-54485 2245.537109375
-54475 2238.27099609375
-54465 2231.91796875
-54455 2225.197021484375
-54445 2217.9140625
-54435 2210.64794921875
-54425 2203.64599609375
-54415 2196.819091796875
-54405 2190.2548828125
-54395 2183.780029296875
-54385 2177.742919921875
-54375 2172.092041015625
-54365 2166.529052734375
-54355 2163.3701171875
-54345 2160.527099609375
-54335 2158.737060546875
-54325 2157.613037109375
-54315 2156.366943359375
-54305 2154.889892578125
-54295 2154.27490234375
-54285 2153.344970703125
-54275 2153.89306640625
-54265 2152.712890625
-54255 2152.6640625
-54245 2153.050048828125
-54235 2152.2919921875
-54225 2153.10009765625
-54215 2157.662109375
-54205 2161.404052734375
-54195 2165.68603515625
-54185 2169.58203125
-54175 2173.215087890625
-54165 2176.70703125
-54155 2180.743896484375
-54145 2186.2890625
-54135 2189.7109375
-54125 2192.467041015625
-54115 2193.09912109375
-54105 2191.044921875
-54095 2191.887939453125
-54085 2196.924072265625
-54075 2200.662109375
-54065 2205.945068359375
-54055 2212.490966796875
-54045 2218.281982421875
-54035 2227.617919921875
-54025 2235.39306640625
-54015 2240.342041015625
-54005 2245.256103515625
-53995 2251.416015625
-53985 2255.944091796875
-53975 2260.3310546875
-53965 2268.806884765625
-53955 2281.639892578125
-53945 2287.462890625
-53935 2291.35888671875
-53925 2294.7099609375
-53915 2301.9970703125
-53905 2307.73193359375
-53895 2328.303955078125
-53885 2331.779052734375
-53875 2336.06103515625
-53865 2340.72900390625
-53855 2355.470947265625
-53845 2361.174072265625
-53835 2365.176025390625
-53825 2369.0009765625
-53815 2380.81201171875
-53805 2389.166015625
-53795 2398.010986328125
-53785 2405.382080078125
-53775 2409.593994140625
-53765 2414.069091796875
-53755 2419.614013671875
-53745 2425.406005859375
-53735 2434.2890625
-53725 2450.382080078125
-53715 2469.22998046875
-53705 2474.178955078125
-53695 2479.952880859375
-53685 2489.27197265625
-53675 2495.4140625
-53665 2497.73095703125
-53655 2503.64501953125
-53645 2506.083984375
-53635 2508.278076171875
-53625 2512.402099609375
-53615 2518.087890625
-53605 2520.4580078125
-53595 2524.177978515625
-53585 2533.550048828125
-53575 2541.04296875
-53565 2542.81591796875
-53555 2544.429931640625
-53545 2549.2041015625
-53535 2551.116943359375
-53525 2556.154052734375
-53515 2559.76904296875
-53505 2559.346923828125
-53495 2560.611083984375
-53485 2565.248046875
-53475 2568.02099609375
-53465 2570.806884765625
-53455 2574.68896484375
-53445 2578.498046875
-53435 2581.635009765625
-53425 2583.447021484375
-53415 2584.534912109375
-53405 2584.14794921875
-53395 2585.552001953125
-53385 2587.0791015625
-53375 2592.2919921875
-53365 2594.6259765625
-53355 2597.486083984375
-53345 2602.260009765625
-53335 2605.347900390625
-53325 2608.68310546875
-53315 2607.946044921875
-53305 2608.243896484375
-53295 2609.1220703125
-53285 2612.4560546875
-53275 2614.333984375
-53265 2617.035888671875
-53255 2618.77392578125
-53245 2620.02001953125
-53235 2622.635009765625
-53225 2625.073974609375
-53215 2628.636962890625
-53205 2631.847900390625
-53195 2636.569091796875
-53185 2642.4130859375
-53175 2649.344970703125
-53165 2655.574951171875
-53155 2662.0859375
-53145 2668.14111328125
-53135 2674.406005859375
-53125 2678.653076171875
-53115 2683.285888671875
-53105 2685.4970703125
-53095 2687.076904296875
-53085 2687.462890625
-53075 2686.656005859375
-53065 2685.91796875
-53055 2683.883056640625
-53045 2683.3740234375
-53035 2682.0048828125
-53025 2681.074951171875
-53015 2679.4951171875
-53005 2676.986083984375
-52995 2674.493896484375
-52985 2670.702880859375
-52975 2666.718994140625
-52965 2666.052001953125
-52955 2662.964111328125
-52945 2662.507080078125
-52935 2660.384033203125
-52925 2659.64697265625
-52915 2659.909912109375
-52905 2656.43505859375
-52895 2650.030029296875
-52885 2639.867919921875
-52875 2630.093017578125
-52865 2626.162109375
-52855 2621.529052734375
-52845 2617.756103515625
-52835 2614.64990234375
-52825 2611.54296875
-52815 2608.471923828125
-52805 2606.279052734375
-52795 2603.364990234375
-52785 2598.592041015625
-52775 2594.4990234375
-52765 2590.361083984375
-52755 2585.882080078125
-52745 2582.446044921875
-52735 2578.181884765625
-52725 2573.68603515625
-52715 2570.527099609375
-52705 2566.366943359375
-52695 2563.279052734375
-52685 2559.821044921875
-52675 2556.280029296875
-52665 2552.660888671875
-52655 2549.010986328125
-52645 2545.905029296875
-52635 2540.9560546875
-52625 2535.006103515625
-52615 2530.512939453125
-52605 2523.406005859375
-52595 2517.176025390625
-52585 2504.135986328125
-52575 2496.554931640625
-52565 2492.291015625
-52555 2487.27099609375
-52545 2480.23388671875
-52535 2475.110107421875
-52525 2470.826904296875
-52515 2467.4580078125
-52505 2461.594970703125
-52495 2455.839111328125
-52485 2449.6298828125
-52475 2442.8798828125
