-76535 2887.56591796875
-76525 2889.655029296875
-76515 2891.81298828125
-76505 2894.510009765625
-76495 2897.220947265625
-76485 2900.169921875
-76475 2902.990966796875
-76465 2906.0869140625
-76455 2908.8720703125
-76445 2912.0048828125
-76435 2915.35693359375
-76425 2912.737060546875
-76415 2919.31396484375
-76405 2925.195068359375
-76395 2924.094970703125
-76385 2929.847900390625
-76375 2932.156005859375
-76365 2934.446044921875
-76355 2937.780029296875
-76345 2941.406982421875
-76335 2944.632080078125
-76325 2947.198974609375
-76315 2950.14599609375
-76305 2952.75
-76295 2954.362060546875
-76285 2955.0400390625
-76275 2954.985107421875
-76265 2954.929931640625
-76255 2955.076904296875
-76245 2956.194091796875
-76235 2956.8330078125
-76225 2960.77392578125
-76215 2963.35693359375
-76205 2965.93994140625
-76195 2968.742919921875
-76185 2971.85693359375
-76175 2975.173095703125
-76165 2978.452880859375
-76155 2981.822998046875
-76145 2984.4609375
-76135 2978.947021484375
-76125 2986.696044921875
-76115 2988.033935546875
-76105 2990.139892578125
-76095 2992.632080078125
-76085 2992.375
-76075 2989.95703125
-76065 2994.610107421875
-76055 2994.84912109375
-76045 2995.910888671875
-76035 2999.135009765625
-76025 3003.166015625
-76015 3012.343994140625
-76005 3021.030029296875
-75995 3031.527099609375
-75985 3041.090087890625
-75975 3045.926025390625
-75965 3050.048095703125
-75955 3059.02490234375
-75945 3073.75390625
-75935 3090.60791015625
-75925 3101.345947265625
-75915 3110.56103515625
-75905 3117.174072265625
-75895 3126.333984375
-75885 3135.695068359375
-75875 3138.827880859375
-75865 3144.89501953125
-75855 3151.10205078125
-75845 3159.989990234375
-75835 3162.426025390625
-75825 3163.56201171875
-75815 3163.451904296875
-75805 3161.89501953125
-75795 3158.429931640625
-75785 3157.219970703125
-75775 3158.155029296875
-75765 3159.952880859375
-75755 3161.822021484375
-75745 3163.81494140625
-75735 3165.486083984375
-75725 3168.324951171875
-75715 3170.780029296875
-75705 3172.94189453125
-75695 3181.91796875
-75685 3187.56103515625
-75675 3180.0859375
-75665 3196.464111328125
-75655 3198.075927734375
-75645 3201.0439453125
-75635 3203.51708984375
-75625 3206.302001953125
-75615 3209.305908203125
-75605 3209.416015625
-75595 3215.93798828125
-75585 3222.114013671875
-75575 3226.364990234375
-75565 3224.2548828125
-75555 3225.97705078125
-75545 3226.529052734375
-75535 3238.01611328125
-75525 3242.39404296875
-75515 3244.866943359375
-75505 3242.9619140625
-75495 3238.30908203125
-75485 3239.884033203125
-75475 3254.8701171875
-75465 3260.10888671875
-75455 3263.31494140625
-75445 3265.93505859375
-75435 3268.077880859375
-75425 3271.027099609375
-75415 3274.5810546875
-75405 3278.97802734375
-75395 3282.60498046875
-75385 3286.43701171875
-75375 3289.9150390625
-75365 3293.12109375
-75355 3296.696044921875
-75345 3300.195068359375
-75335 3303.56591796875
-75325 3307.907958984375
-75315 3313.73291015625
-75305 3321.904052734375
-75295 3325.7880859375
-75285 3330.531982421875
-75275 3336.9990234375
-75265 3343.9599609375
-75255 3347.294921875
-75245 3355.595947265625
-75235 3363.4560546875
-75225 3369.593017578125
-75215 3378.458984375
-75205 3384.5048828125
-75195 3389.10302734375
-75185 3393.37109375
-75175 3400.02099609375
-75165 3408.778076171875
-75155 3417.278076171875
-75145 3431.844970703125
-75135 3446.22607421875
-75125 3457.987060546875
-75115 3470.6279296875
-75105 3471.37890625
-75095 3461.39501953125
-75085 3451.777099609375
-75075 3438.843017578125
-75065 3427.866943359375
-75055 3420.447998046875
-75045 3411.672119140625
-75035 3401.614990234375
-75025 3392.47412109375
-75015 3386.94091796875
-75005 3380.8369140625
-74995 3371.617919921875
-74985 3364.782958984375
-74975 3356.867919921875
-74965 3349.072998046875
-74955 3337.7529296875
-74945 3333.580078125
-74935 3331.60205078125
-74925 3328.412109375
-74915 3325.221923828125
-74905 3322.320068359375
-74895 3320.784912109375
-74885 3319.610107421875
-74875 3318.43505859375
-74865 3317.1640625
-74855 3315.376953125
-74845 3313.3740234375
-74835 3311.443115234375
-74825 3309.452880859375
-74815 3307.27001953125
-74805 3303.264892578125
-74795 3298.587890625
-74785 3298.205078125
-74775 3297.23291015625
-74765 3297.653076171875
-74755 3299.343994140625
-74745 3300.843017578125
-74735 3301.64599609375
-74725 3301.610107421875
-74715 3299.52392578125
-74705 3296.694091796875
-74695 3294.89501953125
-74685 3294.091064453125
-74675 3296.033935546875
-74665 3299.846923828125
-74655 3302.114013671875
-74645 3304.248046875
-74635 3307.0419921875
-74625 3309.717041015625
-74615 3311.73095703125
-74605 3317.1640625
-74595 3327.212890625
-74585 3336.697998046875
-74575 3342.5859375
-74565 3347.5029296875
-74555 3350.763916015625
-74545 3355.452880859375
-74535 3361.62890625
-74525 3367.64892578125
-74515 3375.791015625
-74505 3379.281005859375
-74495 3386.98193359375
-74485 3392.5439453125
-74475 3395.80810546875
-74465 3402.737060546875
-74455 3416.35009765625
-74445 3425.29296875
-74435 3428.10205078125
-74425 3424.634033203125
-74415 3427.404052734375
-74405 3427.068115234375
-74395 3430.1259765625
-74385 3428.866943359375
-74375 3426.35107421875
-74365 3423.9169921875
-74355 3421.781982421875
-74345 3419.95703125
-74335 3418.26611328125
-74325 3416.51806640625
-74315 3414.35693359375
-74305 3412.47412109375
-74295 3410.5458984375
-74285 3409.034912109375
-74275 3407.535888671875
-74265 3406.4541015625
-74255 3405.760986328125
-74245 3405.051025390625
-74235 3404.513916015625
-74225 3403.912109375
-74215 3403.279052734375
-74205 3402.60498046875
-74195 3401.908935546875
-74185 3401.385009765625
-74175 3400.93798828125
-74165 3400.530029296875
-74155 3399.929931640625
-74145 3399.571044921875
-74135 3399.04296875
-74125 3398.805908203125
-74115 3398.74609375
-74105 3398.865966796875
-74095 3398.805908203125
-74085 3398.958984375
-74075 3399.15087890625
-74065 3399.55908203125
-74055 3400.030029296875
-74045 3400.4580078125
-74035 3400.889892578125
-74025 3401.154052734375
-74015 3401.344970703125
-74005 3401.512939453125
-73995 3401.39599609375
-73985 3401.010009765625
-73975 3400.553955078125
-73965 3399.571044921875
-73955 3398.10791015625
-73945 3396.12890625
-73935 3393.970947265625
-73925 3391.6201171875
-73915 3390.0849609375
-73905 3388.862060546875
-73895 3386.885986328125
-73885 3385.698974609375
-73875 3383.75390625
-73865 3381.81103515625
-73855 3380.035888671875
-73845 3378.35693359375
-73835 3376.81298828125
-73825 3375.35009765625
-73815 3373.656005859375
-73805 3371.8701171875
-73795 3369.9990234375
-73785 3368.22412109375
-73775 3366.330078125
-73765 3364.39892578125
-73755 3362.384033203125
-73745 3360.466064453125
-73735 3358.631103515625
-73725 3357.02392578125
-73715 3355.56103515625
-73705 3354.181884765625
-73695 3352.923095703125
-73685 3351.592041015625
-73675 3350.237060546875
-73665 3348.8701171875
-73655 3347.383056640625
-73645 3345.716064453125
-73635 3341.889892578125
-73625 3341.31494140625
-73615 3339.323974609375
-73605 3337.154052734375
-73595 3334.68310546875
-73585 3332.032958984375
-73575 3325.18603515625
-73565 3325.85693359375
-73555 3323.052001953125
-73545 3319.909912109375
-73535 3316.64794921875
-73525 3313.43408203125
-73515 3310.028076171875
-73505 3306.514892578125
-73495 3303.14501953125
-73485 3299.990966796875
-73475 3296.778076171875
-73465 3293.14404296875
-73455 3288.839111328125
-73445 3285.1220703125
-73435 3280.924072265625
-73425 3278.44189453125
-73415 3274.509033203125
-73405 3270.574951171875
-73395 3266.449951171875
-73385 3262.240966796875
-73375 3257.864013671875
-73365 3253.702880859375
-73355 3249.56591796875
-73345 3245.596923828125
-73335 3241.950927734375
-73325 3238.498046875
-73315 3235.30810546875
-73305 3232.466064453125
-73295 3229.924072265625
-73285 3227.717041015625
-73275 3225.8701171875
-73265 3224.239990234375
-73255 3222.97998046875
-73245 3221.781005859375
-73235 3218.35205078125
-73225 3218.675048828125
-73215 3216.552978515625
-73205 3214.946044921875
-73195 3212.248046875
-73185 3210.6650390625
-73175 3207.306884765625
-73165 3197.882080078125
-73155 3202.64208984375
-73145 3199.056884765625
-73135 3195.698974609375
-73125 3192.760986328125
-73115 3189.631103515625
-73105 3186.285888671875
-73095 3183.035888671875
-73085 3180.134033203125
-73075 3177.735107421875
-73065 3175.56494140625
-73055 3171.43994140625
-73045 3172.14697265625
-73035 3168.35791015625
-73025 3168.908935546875
-73015 3154.89111328125
-73005 3163.98095703125
-72995 3151.72509765625
-72985 3150.513916015625
-72975 3145.070068359375
-72965 3138.68994140625
-72955 3138.8701171875
-72945 3138.761962890625
-72935 3132.131103515625
-72925 3127.466064453125
-72915 3120.2109375
-72905 3116.2060546875
-72895 3108.0390625
-72885 3105.712890625
-72875 3104.10595703125
-72865 3098.385986328125
-72855 3093.181884765625
-72845 3087.006103515625
-72835 3090.075927734375
-72825 3086.155029296875
-72815 3080.14599609375
-72805 3076.489013671875
-72795 3073.742919921875
-72785 3070.22900390625
-72775 3066.1640625
-72765 3060
-72755 3055.072021484375
-72745 3054.93994140625
-72735 3049.927001953125
-72725 3047.180908203125
-72715 3042.625
-72705 3038.7509765625
-72695 3035.04296875
-72685 3031.256103515625
-72675 3027.69189453125
-72665 3024.14501953125
-72655 3020.967041015625
-72645 3018.052978515625
-72635 3013.02587890625
-72625 3012.717041015625
-72615 3007.549072265625
-72605 3005.4951171875
-72595 3004.404052734375
-72585 2999.285888671875
-72575 2998.156005859375
-72565 2996.552001953125
-72555 2994.175048828125
-72545 2992.091064453125
-72535 2989.60595703125
-72525 2986.656005859375
-72515 2984.27001953125
-72505 2981.576904296875
-72495 2978.93408203125
-72485 2976.14599609375
-72475 2973.3359375
-72465 2970.486083984375
-72455 2966.508056640625
-72445 2965.362060546875
-72435 2962.93994140625
-72425 2960.43798828125
-72415 2954.470947265625
-72405 2954.02001953125
-72395 2953.281982421875
-72385 2948.73193359375
-72375 2939.297119140625
-72365 2936.85693359375
-72355 2931.035888671875
-72345 2929.375
-72335 2924.02294921875
-72325 2919.758056640625
-72315 2915.697998046875
-72305 2911.843017578125
-72295 2908.23388671875
-72285 2904.70703125
-72275 2901.64892578125
-72265 2895.950927734375
-72255 2892.64990234375
-72245 2891.091064453125
-72235 2886.968994140625
-72225 2883.955078125
-72215 2880.91796875
-72205 2878.070068359375
-72195 2874.81005859375
-72185 2870.955078125
-72175 2867.756103515625
-72165 2862.85498046875
-72155 2858.93798828125
-72145 2854.571044921875
-72135 2850.448974609375
-72125 2846.18408203125
-72115 2842.3701171875
-72105 2838.802001953125
-72095 2835.35693359375
-72085 2832.239990234375
-72075 2828.712890625
-72065 2825.248046875
-72055 2820.552001953125
-72045 2817.18896484375
-72035 2812.39111328125
-72025 2807.85888671875
-72015 2802.85595703125
-72005 2798.139892578125
-71995 2793.95703125
-71985 2790.18408203125
-71975 2787.0048828125
-71965 2784.44189453125
-71955 2782.26904296875
-71945 2780.321044921875
-71935 2778.740966796875
-71925 2775.194091796875
-71915 2774.6201171875
-71905 2770.764892578125
-71895 2770.743896484375
-71885 2768.180908203125
-71875 2763.424072265625
-71865 2762.76806640625
-71855 2758.7900390625
-71845 2756.3701171875
-71835 2753.970947265625
-71825 2751.919921875
-71815 2749.43896484375
-71805 2747.347900390625
-71795 2745.133056640625
-71785 2743.697998046875
-71775 2742.077880859375
-71765 2740.764892578125
-71755 2728.89306640625
-71745 2731.4150390625
-71735 2732.972900390625
-71725 2726.554931640625
-71715 2720.156982421875
-71705 2722.06396484375
-71695 2717.327880859375
-71685 2718.14794921875
-71675 2715.60498046875
-71665 2703.219970703125
-71655 2704.1630859375
-71645 2699.549072265625
-71635 2697.47802734375
-71625 2695.468994140625
-71615 2687.34912109375
-71605 2680.35595703125
-71595 2677.916015625
-71585 2678.243896484375
-71575 2669.716064453125
-71565 2664.053955078125
-71555 2660.486083984375
-71545 2658.0869140625
-71535 2654.72412109375
-71525 2651.5048828125
-71515 2648.821044921875
-71505 2641.47802734375
-71495 2635.85888671875
-71485 2629.5048828125
-71475 2625.568115234375
-71465 2620.7080078125
-71455 2615.2509765625
-71445 2609.717041015625
-71435 2599.875
-71425 2596.758056640625
-71415 2588.330078125
-71405 2581.72705078125
-71395 2574.160888671875
-71385 2566.02001953125
-71375 2560.66796875
-71365 2555.214111328125
-71355 2549
-71345 2544.10009765625
-71335 2539.445068359375
-71325 2535.610107421875
-71315 2530.443115234375
-71305 2525.992919921875
-71295 2522.6708984375
-71285 2519.801025390625
-71275 2516.110107421875
-71265 2511.906005859375
-71255 2507.886962890625
-71245 2503.39599609375
-71235 2499.3359375
-71225 2495.54296875
-71215 2490.64208984375
-71205 2486.172119140625
-71195 2482.194091796875
-71185 2477.51806640625
-71175 2471.98193359375
-71165 2466.034912109375
-71155 2459.925048828125
-71145 2453.62890625
-71135 2447.35498046875
-71125 2441.695068359375
-71115 2436.466064453125
-71105 2431.50390625
-71095 2426.7060546875
-71085 2421.5791015625
-71075 2416.20703125
-71065 2411.552001953125
-71055 2407.759033203125
-71045 2404.087890625
-71035 2400.376953125
-71025 2396.56298828125
-71015 2392.68701171875
-71005 2389.200927734375
-70995 2383.43896484375
-70985 2383.31591796875
-70975 2379.912109375
-70965 2376.261962890625
-70955 2372.468994140625
-70945 2368.0810546875
-70935 2364.820068359375
-70925 2360.822021484375
-70915 2356.987060546875
-70905 2352.823974609375
-70895 2348.989990234375
-70885 2345.093994140625
-70875 2340.992919921875
-70865 2337.384033203125
-70855 2334.409912109375
-70845 2331.5830078125
-70835 2329.18408203125
-70825 2326.885009765625
-70815 2324.62890625
-70805 2322.906982421875
-70795 2321.596923828125
-70785 2320.385009765625
-70775 2319.175048828125
-70765 2318.14990234375
-70755 2316.85791015625
-70745 2315.6708984375
-70735 2314.54296875
-70725 2313.3310546875
-70715 2312.366943359375
-70705 2311.280029296875
-70695 2310.7880859375
-70685 2309.6630859375
-70675 2308.986083984375
-70665 2307.797119140625
-70655 2306.85107421875
-70645 2305.623046875
-70635 2304.802978515625
-70625 2303.757080078125
-70615 2303.01904296875
-70605 2302.239990234375
-70595 2301.2529296875
-70585 2299.94091796875
-70575 2298.426025390625
-70565 2296.577880859375
-70555 2294.548095703125
-70545 2292.2099609375
-70535 2288.5009765625
-70525 2284.008056640625
-70515 2285.65087890625
-70505 2286.635009765625
-70495 2287.06591796875
-70485 2287.698974609375
-70475 2289.013916015625
-70465 2290.81591796875
-70455 2294.260986328125
-70445 2296.455078125
-70435 2299.263916015625
-70425 2299.94091796875
-70415 2301.60400390625
-70405 2304.451904296875
-70395 2305.889892578125
-70385 2308.593994140625
-70375 2311.916015625
-70365 2308.330078125
-70355 2305.76708984375
-70345 2306.35888671875
-70335 2307.384033203125
-70325 2308.511962890625
-70315 2308.452880859375
-70305 2308.330078125
-70295 2305.333984375
-70285 2303.9189453125
-70275 2302.64990234375
-70265 2302.322021484375
-70255 2301.112060546875
-70245 2300.02294921875
-70235 2298.156982421875
-70225 2297.339111328125
-70215 2299.1640625
-70205 2297.7490234375
-70195 2293.174072265625
-70185 2294.694091796875
-70175 2292.827880859375
-70165 2290.81591796875
-70155 2290.179931640625
-70145 2287.47607421875
-70135 2285.135986328125
-70125 2283.580078125
-70115 2284.277099609375
-70105 2287.39404296875
-70095 2289.93701171875
-70085 2292.41796875
-70075 2295.554931640625
-70065 2299
-70055 2301.1298828125
-70045 2301.3349609375
-70035 2302.034912109375
-70025 2301.153076171875
-70015 2300.742919921875
-70005 2299.7060546875
-69995 2298.39501953125
-69985 2295.55810546875
-69975 2292.346923828125
-69965 2286.39697265625
-69955 2281.802001953125
-69945 2280.763916015625
-69935 2279.87890625
-69925 2279.656982421875
-69915 2275.616943359375
-69905 2270.73193359375
-69895 2266.373046875
-69885 2262.7890625
-69875 2259.24609375
-69865 2257.364013671875
-69855 2255.759033203125
-69845 2254.886962890625
-69835 2252.326904296875
-69825 2248.72900390625
-69815 2249.323974609375
-69805 2247.593994140625
-69795 2244.535888671875
-69785 2243.1240234375
-69775 2243.27587890625
-69765 2242.05908203125
-69755 2240.716064453125
-69745 2237.64404296875
-69735 2239.8720703125
-69725 2240.882080078125
-69715 2241.93408203125
-69705 2239.65087890625
-69695 2236.634033203125
-69685 2234.697021484375
-69675 2235.04296875
-69665 2235.236083984375
-69655 2236.39892578125
-69645 2235.055908203125
-69635 2233.64501953125
-69625 2232.19189453125
-69615 2229.037109375
-69605 2228.81494140625
-69595 2226.365966796875
-69585 2222.034912109375
-69575 2219.738037109375
-69565 2222.200927734375
-69555 2222.532958984375
-69545 2222.5048828125
-69535 2222.283935546875
-69525 2226.18603515625
-69515 2227.3759765625
-69505 2228.74609375
-69495 2220.719970703125
-69485 2223.239013671875
-69475 2227.09912109375
-69465 2226.9609375
-69455 2226.781005859375
-69445 2229.756103515625
-69435 2232.8701171875
-69425 2233.14697265625
-69415 2234.614013671875
-69405 2236.093994140625
-69395 2239.25
-69385 2241.39501953125
-69375 2239.428955078125
-69365 2235.6650390625
-69355 2234.26806640625
-69345 2235.014892578125
-69335 2231.554931640625
-69325 2231.95703125
-69315 2231.7490234375
-69305 2231.528076171875
-69295 2232.967041015625
-69285 2234.364990234375
-69275 2236.1640625
-69265 2237.506103515625
-69255 2238.655029296875
-69245 2236.135986328125
-69235 2232.19189453125
-69225 2229.243896484375
-69215 2228.136962890625
-69205 2228.301025390625
-69195 2228.468994140625
-69185 2228.35888671875
-69175 2228.39990234375
-69165 2229.009033203125
-69155 2229.326904296875
-69145 2229.617919921875
-69135 2230.89111328125
-69125 2230.9580078125
-69115 2231.471923828125
-69105 2232.60693359375
-69095 2232.455078125
-69085 2232.85595703125
-69075 2233.658935546875
-69065 2233.781005859375
-69055 2234.322998046875
-69045 2234.806884765625
-69035 2233.93603515625
-69025 2237.159912109375
-69015 2240.633056640625
-69005 2243.193115234375
-68995 2246.09912109375
-68985 2248.383056640625
-68975 2249.76708984375
-68965 2252.450927734375
-68955 2251.35791015625
-68945 2251.48291015625
-68935 2254.486083984375
-68925 2256.283935546875
-68915 2258.416015625
-68905 2259.68896484375
-68895 2261.639892578125
-68885 2264.2548828125
-68875 2266.468994140625
-68865 2272.322998046875
-68855 2273.652099609375
-68845 2271.258056640625
-68835 2271.341064453125
-68825 2272.60009765625
-68815 2276.5439453125
-68805 2280.405029296875
-68795 2283.074951171875
-68785 2282.60498046875
-68775 2278.27294921875
-68765 2276.00390625
-68755 2272.806884765625
-68745 2275.22900390625
-68735 2276.405029296875
-68725 2280.251953125
-68715 2282.35595703125
-68705 2291.43408203125
-68695 2290.299072265625
-68685 2294.506103515625
-68675 2304.81494140625
-68665 2306.074951171875
-68655 2311.097900390625
-68645 2308.2060546875
-68635 2308.02587890625
-68625 2306.37890625
-68615 2306.157958984375
-68605 2304.385986328125
-68595 2303.155029296875
-68585 2301.89599609375
-68575 2303.030029296875
-68565 2304.77392578125
-68555 2307.5
-68545 2308.49609375
-68535 2311.236083984375
-68525 2313.10400390625
-68515 2309.590087890625
-68505 2307.611083984375
-68495 2311.375
-68485 2316.0380859375
-68475 2323.580078125
-68465 2326.388916015625
-68455 2328.590087890625
-68445 2329.6689453125
-68435 2332.034912109375
-68425 2332.906982421875
-68415 2336.656982421875
-68405 2342.843017578125
-68395 2347.465087890625
-68385 2340.5458984375
-68375 2336.43603515625
-68365 2333.55810546875
-68355 2334.9140625
-68345 2337.54296875
-68335 2339.674072265625
-68325 2341.721923828125
-68315 2340.906005859375
-68305 2340.656982421875
-68295 2338.7060546875
-68285 2341.902099609375
-68275 2343.451904296875
-68265 2342.52490234375
-68255 2340.365966796875
-68245 2334.8720703125
-68235 2332.034912109375
-68225 2332.97607421875
-68215 2325.2958984375
-68205 2326.01611328125
-68195 2325.60107421875
-68185 2323.9951171875
-68175 2325.240966796875
-68165 2333.10107421875
-68155 2338.85791015625
-68145 2337.778076171875
-68135 2334.843994140625
-68125 2334.3740234375
-68115 2336.339111328125
-68105 2336.366943359375
-68095 2337.044921875
-68085 2339.89599609375
-68075 2339.2041015625
-68065 2338.552978515625
-68055 2337.529052734375
-68045 2335.56396484375
-68035 2330.735107421875
-68025 2333.26708984375
-68015 2334.221923828125
-68005 2330.4990234375
-67995 2331.19091796875
-67985 2336.8369140625
-67975 2339.923095703125
-67965 2343.798095703125
-67955 2344.323974609375
-67945 2346.801025390625
-67935 2347.590087890625
-67925 2349.652099609375
-67915 2350.993896484375
-67905 2349.112060546875
-67895 2346.52392578125
-67885 2345.8740234375
-67875 2346.06689453125
-67865 2345.001953125
-67855 2342.580078125
-67845 2341.555908203125
-67835 2340.048095703125
-67825 2341.778076171875
-67815 2339.950927734375
-67805 2339.0380859375
-67795 2337.031005859375
-67785 2336.93408203125
-67775 2336.89306640625
-67765 2336.822998046875
-67755 2334.443115234375
-67745 2335.0380859375
-67735 2336.587890625
-67725 2336.298095703125
-67715 2338.511962890625
-67705 2338.5810546875
-67695 2336.97607421875
-67685 2334.7890625
-67675 2332.865966796875
-67665 2332.464111328125
-67655 2335.535888671875
-67645 2336.573974609375
-67635 2338.054931640625
-67625 2338.041015625
-67615 2339.327880859375
-67605 2338.110107421875
-67595 2335.826904296875
-67585 2335.702880859375
-67575 2333.806884765625
-67565 2334.98291015625
-67555 2336.14501953125
-67545 2332.18798828125
-67535 2335.52294921875
-67525 2335.81298828125
-67515 2335.550048828125
-67505 2334.4169921875
-67495 2334.55810546875
-67485 2333.511962890625
-67475 2334.696044921875
-67465 2335.40087890625
-67455 2337.5458984375
-67445 2336.50390625
-67435 2334.052001953125
-67425 2330.93798828125
-67415 2329.071044921875
-67405 2327.660888671875
-67395 2326.404052734375
-67385 2323.322998046875
-67375 2321.592041015625
-67365 2319.673095703125
-67355 2319.93603515625
-67345 2319.35400390625
-67335 2318.572021484375
-67325 2318.756103515625
-67315 2319.947998046875
-67305 2321.12890625
-67295 2322.051025390625
-67285 2322.572998046875
-67275 2321.944091796875
-67265 2325.54296875
-67255 2323.4609375
-67245 2324.51904296875
-67235 2327.261962890625
-67225 2328.1669921875
-67215 2328.116943359375
-67205 2324.1201171875
-67195 2320.166015625
-67185 2321.8798828125
-67175 2321.575927734375
-67165 2319.56494140625
-67155 2321.193115234375
-67145 2319.077880859375
-67135 2314.2041015625
-67125 2312.7939453125
-67115 2312.531005859375
-67105 2308.97509765625
-67095 2318.847900390625
-67085 2322.43505859375
-67075 2325.805908203125
-67065 2322.77197265625
-67055 2319.507080078125
-67045 2316.945068359375
-67035 2315.06298828125
-67025 2312.81005859375
-67015 2312.14990234375
-67005 2310.47998046875
-66995 2304.1650390625
-66985 2306.034912109375
-66975 2302.950927734375
-66965 2299.333984375
-66955 2300.43798828125
-66945 2295.824951171875
-66935 2294.64501953125
-66925 2291.535888671875
-66915 2288.804931640625
-66905 2286.24609375
-66895 2284.513916015625
-66885 2286.279052734375
-66875 2287.6708984375
-66865 2289.19091796875
-66855 2289.529052734375
-66845 2290.614013671875
-66835 2290.8310546875
-66825 2289.633056640625
-66815 2287.625
-66805 2285.264892578125
-66795 2283.625
-66785 2283.700927734375
-66775 2285.555908203125
-66765 2287.656005859375
-66755 2289.529052734375
-66745 2291.51806640625
-66735 2294.2490234375
-66725 2298.093017578125
-66715 2302.721923828125
-66705 2305.422119140625
-66695 2312.701904296875
-66685 2316.410888671875
-66675 2318.986083984375
-66665 2322.925048828125
-66655 2324.35009765625
-66645 2325.9140625
-66635 2331.155029296875
-66625 2333.806884765625
-66615 2333.637939453125
-66605 2335.01708984375
-66595 2337.346923828125
-66585 2345.346923828125
-66575 2346.43603515625
-66565 2345.485107421875
-66555 2347.201904296875
-66545 2348.735107421875
-66535 2350.35888671875
-66525 2351.080078125
-66515 2350.12890625
-66505 2351.218017578125
-66495 2352.16796875
-66485 2353.22509765625
-66475 2354.405029296875
-66465 2355.35595703125
-66455 2356.56591796875
-66445 2356.873046875
-66435 2356.366943359375
-66425 2357.134033203125
-66415 2356.153076171875
-66405 2354.988037109375
-66395 2352.1220703125
-66385 2351.248046875
-66375 2348.27490234375
-66365 2344.443115234375
-66355 2337.928955078125
-66345 2337.285888671875
-66335 2337.715087890625
-66325 2338.2509765625
-66315 2338.205078125
-66305 2338.5419921875
-66295 2339.614990234375
-66285 2341.10205078125
-66275 2345.654052734375
-66265 2351.18701171875
-66255 2355.615966796875
-66245 2357.5009765625
-66235 2367.2490234375
-66225 2371.785888671875
-66215 2375.9541015625
-66205 2380.781982421875
-66195 2387.924072265625
-66185 2395.02099609375
-66175 2401.381103515625
-66165 2407.297119140625
-66155 2416.29296875
-66145 2426.363037109375
-66135 2431.26708984375
-66125 2443.3291015625
-66115 2450.426025390625
-66105 2458.532958984375
-66095 2463.345947265625
-66085 2468.60302734375
-66075 2473.552978515625
-66065 2476.847900390625
-66055 2484.77197265625
-66045 2482.794921875
-66035 2483.97509765625
-66025 2485.844970703125
-66015 2490.093017578125
-66005 2494.507080078125
-65995 2498.508056640625
-65985 2502.47705078125
-65975 2507.0439453125
-65965 2511.0419921875
-65955 2516.14794921875
-65945 2521.2060546875
-65935 2529.237060546875
-65925 2534.554931640625
-65915 2539.64404296875
-65905 2544.56298828125
-65895 2549.743896484375
-65885 2553.97412109375
-65875 2556.073974609375
-65865 2559.384033203125
-65855 2562.908935546875
-65845 2566.2041015625
-65835 2569.805908203125
-65825 2571.278076171875
-65815 2572.550048828125
-65805 2574.174072265625
-65795 2575.875
-65785 2577.423095703125
-65775 2577.116943359375
-65765 2576.0439453125
-65755 2574.49609375
-65745 2573.575927734375
-65735 2572.718017578125
-65725 2572.594970703125
-65715 2572.27392578125
-65705 2570.72607421875
-65695 2569.5458984375
-65685 2568.15087890625
-65675 2566.587890625
-65665 2565.27001953125
-65655 2563.138916015625
-65645 2563.35400390625
-65635 2564.427001953125
-65625 2563.676025390625
-65615 2564.3349609375
-65605 2564.364990234375
-65595 2563.23095703125
-65585 2561.115966796875
-65575 2557.468017578125
-65565 2551.9970703125
-65555 2547.10791015625
-65545 2543.2919921875
-65535 2539.39794921875
-65525 2535.873046875
-65515 2532.577880859375
-65505 2528.02587890625
-65495 2524.31689453125
-65485 2522.552001953125
-65475 2522.123046875
-65465 2522.431884765625
-65455 2520.3779296875
-65445 2516.51611328125
-65435 2514.843017578125
-65425 2512.822998046875
-65415 2510.489990234375
-65405 2508.9140625
-65395 2507.486083984375
-65385 2508.31298828125
-65375 2507.469970703125
-65365 2506.596923828125
-65355 2504.85009765625
-65345 2503.73095703125
-65335 2501.98388671875
-65325 2499.993896484375
-65315 2498.626953125
-65305 2497.570068359375
-65295 2498.825927734375
-65285 2499.533935546875
-65275 2498.948974609375
-65265 2498.64599609375
-65255 2498.967041015625
-65245 2500.43603515625
-65235 2501.1279296875
-65225 2500.14697265625
-65215 2501.035888671875
-65205 2500.450927734375
-65195 2498.446044921875
-65185 2496.468994140625
-65175 2491.760986328125
-65165 2489.032958984375
-65155 2484.468994140625
-65145 2479.10107421875
-65135 2474.18505859375
-65125 2468.0048828125
-65115 2446.134033203125
-65105 2430.9609375
-65095 2414.0859375
-65085 2390.4990234375
-65075 2371.801025390625
-65065 2361.9150390625
-65055 2354.467041015625
-65045 2345.39404296875
-65035 2336.841064453125
-65025 2329.48095703125
-65015 2323.10888671875
-65005 2316.75
-64995 2310.344970703125
-64985 2303.85693359375
-64975 2297.215087890625
-64965 2290.051025390625
-64955 2283.199951171875
-64945 2276.69189453125
-64935 2270.089111328125
-64925 2263.964111328125
-64915 2257.47607421875
-64905 2252.31689453125
-64895 2243.73388671875
-64885 2239.160888671875
-64875 2234.791015625
-64865 2228.841064453125
-64855 2222.488037109375
-64845 2218.0048828125
-64835 2217.083984375
-64825 2214.740966796875
-64815 2213.412109375
-64805 2206.677001953125
-64795 2202.032958984375
-64785 2198.31494140625
-64775 2194.240966796875
-64765 2191.85302734375
-64755 2186.06103515625
-64745 2180.428955078125
-64735 2176.93701171875
-64725 2171.825927734375
-64715 2165.447998046875
-64705 2155.51611328125
-64695 2144.343017578125
-64685 2135.376953125
-64675 2128.614990234375
-64665 2122.94091796875
-64655 2118.5029296875
-64645 2111.876953125
-64635 2102.010009765625
-64625 2092.552001953125
-64615 2084.95703125
-64605 2077.072021484375
-64595 2062.833984375
-64585 2055.489990234375
-64575 2050.715087890625
-64565 2047.989013671875
-64555 2042.9649658203125
-64545 2033.9320068359375
-64535 2024.56005859375
-64525 2019.739013671875
-64515 2013.927001953125
-64505 2010.3680419921875
-64495 2004.06005859375
-64485 1998
-64475 1994.6209716796875
-64465 1988.3360595703125
-64455 1979.864990234375
-64445 1975.31494140625
-64435 1969.9530029296875
-64425 1962.698974609375
-64415 1956.593994140625
-64405 1950.2640380859375
-64395 1944.5870361328125
-64385 1940.64501953125
-64375 1937.9639892578125
-64365 1930.9129638671875
-64355 1928.614990234375
-64345 1925.302978515625
-64335 1921.3160400390625
-64325 1916.56298828125
-64315 1911.989990234375
-64305 1908.0699462890625
-64295 1904.3299560546875
-64285 1900.77099609375
-64275 1897.4139404296875
-64265 1892.9990234375
-64255 1888.718994140625
-64245 1884.97900390625
-64235 1879.6400146484375
-64225 1874.9990234375
-64215 1869.2099609375
-64205 1864.365966796875
-64195 1859.5
-64185 1854.9949951171875
-64175 1850.0389404296875
-64165 1844.4739990234375
-64155 1840.239013671875
-64145 1836.5
-64135 1831.81396484375
-64125 1826.2490234375
-64115 1819.5360107421875
-64105 1814.197021484375
-64095 1810.47998046875
-64085 1807.010986328125
-64075 1802.572998046875
-64065 1797.593994140625
-64055 1792.0069580078125
-64045 1786.5560302734375
-64035 1783.1090087890625
-64025 1777.47705078125
-64015 1771.7779541015625
-64005 1763.9610595703125
-63995 1757.3599853515625
-63985 1750.3089599609375
-63975 1744.4520263671875
-63965 1739.541015625
-63955 1735.8690185546875
-63945 1732.5350341796875
-63935 1729.426025390625
-63925 1723.7490234375
-63915 1717.509033203125
-63905 1704.3299560546875
-63895 1702.6400146484375
-63885 1714.4219970703125
-63875 1716.2239990234375
-63865 1714.31005859375
-63855 1713.115966796875
-63845 1712.3499755859375
-63835 1709.3990478515625
-63825 1708.81298828125
-63815 1708.970947265625
-63805 1708.7449951171875
-63795 1706.3800048828125
-63785 1704.8709716796875
-63775 1702.72998046875
-63765 1703.428955078125
-63755 1703.7889404296875
-63745 1702.7080078125
-63735 1700.5899658203125
-63725 1698.4949951171875
-63715 1698.9229736328125
-63705 1697.4820556640625
-63695 1699.260986328125
-63685 1698.156982421875
-63675 1697.6839599609375
-63665 1697.0760498046875
-63655 1697.4820556640625
-63645 1695.9949951171875
-63635 1692.0069580078125
-63625 1691.9169921875
-63615 1690.656005859375
-63605 1687.501953125
-63595 1685.6319580078125
-63585 1683.177001953125
-63575 1680.5860595703125
-63565 1674.8189697265625
-63555 1669.6820068359375
-63545 1662.406005859375
-63535 1656.8189697265625
-63525 1650.7139892578125
-63515 1644.925048828125
-63505 1638.3919677734375
-63495 1631.22802734375
-63485 1622.9599609375
-63475 1619.4010009765625
-63465 1615.052978515625
-63455 1607.95703125
-63445 1598
-63435 1587.029052734375
-63425 1582.2979736328125
-63415 1579.4139404296875
-63405 1576.98095703125
-63395 1574.9090576171875
-63385 1570.3580322265625
-63375 1563.780029296875
-63365 1559.5
-63355 1553.3719482421875
-63345 1542.1309814453125
-63335 1534.0889892578125
-63325 1527.262939453125
-63315 1520.323974609375
-63305 1510.8399658203125
-63295 1506.718017578125
-63285 1505.4110107421875
-63275 1504.9610595703125
-63265 1504.0369873046875
-63255 1502.72998046875
-63245 1502.4830322265625
-63235 1501.761962890625
-63225 1500.5899658203125
-63215 1498.990966796875
-63205 1498.968017578125
-63195 1498.0670166015625
-63185 1497.18798828125
-63175 1498.8330078125
-63165 1498.427001953125
-63155 1498.2469482421875
-63145 1498.112060546875
-63135 1497.9539794921875
-63125 1497.886962890625
-63115 1497.7740478515625
-63105 1497.7969970703125
-63095 1497.751953125
-63085 1497.7969970703125
-63075 1497.72900390625
-63065 1497.70703125
-63055 1499.3509521484375
-63045 1498.697998046875
-63035 1498.5400390625
-63025 1498.7879638671875
-63015 1498.946044921875
-63005 1499.823974609375
-62995 1500.342041015625
-62985 1501.197998046875
-62975 1502.280029296875
-62965 1503.81201171875
-62955 1505.2530517578125
-62945 1506.9429931640625
-62935 1508.27197265625
-62925 1510.5469970703125
-62915 1512.3270263671875
-62905 1514.1519775390625
-62895 1515.8409423828125
-62885 1517.531005859375
-62875 1518.7469482421875
-62865 1522.126953125
-62855 1524.9649658203125
-62845 1527.1729736328125
-62835 1530.6199951171875
-62825 1533.47998046875
-62815 1537.06201171875
-62805 1542.041015625
-62795 1547.3580322265625
-62785 1553.3499755859375
-62775 1556.2110595703125
-62765 1558.4639892578125
-62755 1561.594970703125
-62745 1566.97900390625
-62735 1574.0980224609375
-62725 1580.157958984375
-62715 1586.623046875
-62705 1593.583984375
-62695 1601.7840576171875
-62685 1609.510986328125
-62675 1613.1610107421875
-62665 1621.29296875
-62655 1628.6820068359375
-62645 1635.3499755859375
-62635 1641.4329833984375
-62625 1649.4749755859375
-62615 1657.85498046875
-62605 1665.154052734375
-62595 1671.822998046875
-62585 1679.458984375
-62575 1688.0419921875
-62565 1694.552978515625
-62555 1700.7259521484375
-62545 1706.85302734375
-62535 1713.4990234375
-62525 1720.72998046875
-62515 1728.052001953125
-62505 1734.7569580078125
-62495 1741.31298828125
-62485 1748.822021484375
-62475 1756.81494140625
-62465 1763.376953125
-62455 1770.0030517578125
-62445 1777.385009765625
-62435 1785.27294921875
-62425 1794.3170166015625
-62415 1803.970947265625
-62405 1812.9949951171875
-62395 1821.512939453125
-62385 1832.5970458984375
-62375 1840.758056640625
-62365 1848.9610595703125
-62355 1855.25
-62345 1863.4110107421875
-62335 1870.73095703125
-62325 1878.470947265625
-62315 1885.89599609375
-62305 1899.125
-62295 1919.2540283203125
-62285 1928.928955078125
-62275 1940.2659912109375
-62265 1953.875
-62255 1962.9820556640625
-62245 1972.1739501953125
-62235 1980.8389892578125
-62225 1983.9520263671875
-62215 1989.5469970703125
-62205 2003.9339599609375
-62195 2015.06005859375
-62185 2026.31298828125
-62175 2043.85498046875
-62165 2055.465087890625
-62155 2060.85009765625
-62145 2064.215087890625
-62135 2071.8291015625
-62125 2078.096923828125
-62115 2085.080078125
-62105 2090.569091796875
-62095 2095.658935546875
-62085 2100.37109375
-62075 2106.701904296875
-62065 2113.89501953125
-62055 2123.968017578125
-62045 2130.763916015625
-62035 2134.760009765625
-62025 2139.87109375
-62015 2145.214111328125
-62005 2150.639892578125
-61995 2156.718994140625
-61985 2165.825927734375
-61975 2174.657958984375
-61965 2181.6640625
-61955 2186.01806640625
-61945 2190.77099609375
-61935 2196.9130859375
-61925 2204.611083984375
-61915 2213.907958984375
-61905 2220.722900390625
-61895 2224.341064453125
-61885 2230.840087890625
-61875 2239.1689453125
-61865 2246.089111328125
-61855 2250.422119140625
-61845 2251.7890625
-61835 2255.133056640625
-61825 2257.044921875
-61815 2258.541015625
-61805 2261.40087890625
-61795 2266.302001953125
-61785 2270.614013671875
-61775 2273.199951171875
-61765 2275.998046875
-61755 2280.014892578125
-61745 2285.37890625
-61735 2292.10888671875
-61725 2300.8798828125
-61715 2308.470947265625
-61705 2311.48095703125
-61695 2314.593994140625
-61685 2313.0791015625
-61675 2308.199951171875
-61665 2309.35693359375
-61655 2310.87109375
-61645 2310.239990234375
-61635 2311.10205078125
-61625 2312.133056640625
-61615 2307.2529296875
-61605 2302.12109375
-61595 2303.089111328125
-61585 2305.781005859375
-61575 2307.968994140625
-61565 2310.218994140625
-61555 2313.5
-61545 2316.382080078125
-61535 2320.31494140625
-61525 2323.112060546875
-61515 2325.047119140625
-61505 2327.781982421875
-61495 2327.298095703125
-61485 2327.802978515625
-61475 2326.89599609375
-61465 2327.991943359375
-61455 2329.843017578125
-61445 2333.3759765625
-61435 2335.14306640625
-61425 2340.02294921875
-61415 2343.9140625
-61405 2347.258056640625
-61395 2350.64501953125
-61385 2351.612060546875
-61375 2353.2109375
-61365 2355.3330078125
-61355 2360.572998046875
-61345 2365.010009765625
-61335 2368.10205078125
-61325 2371.761962890625
-61315 2374.7490234375
-61305 2379.60693359375
-61295 2385.220947265625
-61285 2389.177001953125
-61275 2395.403076171875
-61265 2398.347900390625
-61255 2402.680908203125
-61245 2406.551025390625
-61235 2410.35791015625
-61225 2411.85107421875
-61215 2414.919921875
-61205 2417.341064453125
-61195 2417.089111328125
-61185 2422.031005859375
-61175 2423.52490234375
-61165 2425.837890625
-61155 2427.416015625
-61145 2430.613037109375
-61135 2431.68603515625
-61125 2433.281982421875
-61115 2434.5439453125
-61105 2440.24609375
-61095 2445.841064453125
-61085 2448.742919921875
-61075 2451.117919921875
-61065 2452.760986328125
-61055 2452.530029296875
-61045 2451.47802734375
-61035 2453.26611328125
-61025 2454.968994140625
-61015 2456.35693359375
-61005 2459.575927734375
-60995 2464.77099609375
-60985 2467.48193359375
-60975 2470.428955078125
-60965 2474.887939453125
-60955 2477.55908203125
-60945 2477.580078125
-60935 2481.281982421875
-60925 2487.571044921875
-60915 2485.635986328125
-60905 2476.27587890625
-60895 2469.3349609375
-60885 2463.738037109375
-60875 2458.3349609375
-60865 2452.697998046875
-60855 2449.22705078125
-60845 2445.673095703125
-60835 2441.928955078125
-60825 2441.739990234375
-60815 2440.81396484375
-60805 2438.93994140625
-60795 2438.3720703125
-60785 2437.427978515625
-60775 2437.553955078125
-60765 2437.364990234375
-60755 2440.14111328125
-60745 2442.054931640625
-60735 2442.178955078125
-60725 2441.340087890625
-60715 2440.4560546875
-60705 2439.593994140625
-60695 2440.162109375
-60685 2440.34912109375
-60675 2439.972900390625
-60665 2443.39892578125
-60655 2443.10693359375
-60645 2442.5810546875
-60635 2443.169921875
-60625 2444.241943359375
-60615 2448.912109375
-60605 2453.096923828125
-60595 2455.85302734375
-60585 2460.77392578125
-60575 2461.427001953125
-60565 2462.72998046875
-60555 2463.822021484375
-60545 2464.91796875
-60535 2466.431884765625
-60525 2474.677001953125
-60515 2475.3720703125
-60505 2475.3720703125
-60495 2475.68701171875
-60485 2479.89404296875
-60475 2480.22802734375
-60465 2482.01806640625
-60455 2484.118896484375
-60445 2485.906982421875
-60435 2481.302978515625
-60425 2481.531982421875
-60415 2480.35400390625
-60405 2479.76708984375
-60395 2478.926025390625
-60385 2479.72509765625
-60375 2488.7490234375
-60365 2498.12890625
-60355 2500.041015625
-60345 2504.06103515625
-60335 2503.281982421875
-60325 2504.166015625
-60315 2506.56396484375
-60305 2509.422119140625
-60295 2512.157958984375
-60285 2512.618896484375
-60275 2514.427978515625
-60265 2516.680908203125
-60255 2516.806884765625
-60245 2518.447998046875
-60235 2524.821044921875
-60225 2532.097900390625
-60215 2534.261962890625
-60205 2537.861083984375
-60195 2540.238037109375
-60185 2538.87109375
-60175 2542.948974609375
-60165 2542.782958984375
-60155 2544.14794921875
-60145 2543.72900390625
-60135 2545.34912109375
-60125 2549.447998046875
-60115 2554.35107421875
-60105 2559.967041015625
-60095 2565.5830078125
-60085 2569.89501953125
-60075 2577.14892578125
-60065 2582.556884765625
-60055 2581.06103515625
-60045 2581.56591796875
-60035 2584.617919921875
-60025 2585.60400390625
-60015 2587.037109375
-60005 2587.7099609375
-59995 2589.257080078125
-59985 2589.712890625
-59975 2591.054931640625
-59965 2594.0869140625
-59955 2597.06494140625
-59945 2601.053955078125
-59935 2605.2041015625
-59925 2608.50390625
-59915 2610.070068359375
-59905 2610.48095703125
-59895 2611.214111328125
-59885 2613.39697265625
-59875 2616.071044921875
-59865 2618.468017578125
-59855 2623.9951171875
-59845 2631.98193359375
-59835 2644.2890625
-59825 2673.3359375
-59815 2678.89892578125
-59805 2683.0400390625
-59795 2687.5390625
-59785 2691.243896484375
-59775 2696.590087890625
-59765 2698.248046875
-59755 2678.65087890625
-59745 2669.158935546875
-59735 2655.617919921875
-59725 2648.77587890625
-59715 2640.986083984375
-59705 2634.135009765625
-59695 2628.365966796875
-59685 2621.73193359375
-59675 2616.803955078125
-59665 2614.22900390625
-59655 2612.60693359375
-59645 2612.60693359375
-59635 2610.81201171875
-59625 2608.8798828125
-59615 2609.22900390625
-59605 2609.77392578125
-59595 2608.048095703125
-59585 2608.074951171875
-59575 2607.8779296875
-59565 2607.68994140625
-59555 2607.780029296875
-59545 2607.735107421875
-59535 2608.333984375
-59525 2607.342041015625
-59515 2603.89794921875
-59505 2598.9970703125
-59495 2594.2119140625
-59485 2588.819091796875
-59475 2584.6689453125
-59465 2581.31494140625
-59455 2577.969970703125
-59445 2574.6689453125
-59435 2572.719970703125
-59425 2569.375
-59415 2565.9130859375
-59405 2563.239013671875
-59395 2562.469970703125
-59385 2560.68994140625
-59375 2557.81005859375
-59365 2555.297119140625
-59355 2554.83203125
-59345 2554.152099609375
-59335 2552.1669921875
-59325 2551.406005859375
-59315 2550.530029296875
-59305 2548.722900390625
-59295 2547.131103515625
-59285 2546.638916015625
-59275 2544.867919921875
-59265 2542.989990234375
-59255 2540.887939453125
-59245 2539.2958984375
-59235 2535.968994140625
-59225 2531.739013671875
-59215 2527.087890625
-59205 2522.1240234375
-59195 2519.987060546875
-59185 2518.948974609375
-59175 2519.423095703125
-59165 2518.322998046875
-59155 2517.740966796875
-59145 2517.4189453125
-59135 2516.81103515625
-59125 2518.697998046875
-59115 2516.47998046875
-59105 2515.8359375
-59095 2513.7880859375
-59085 2509.1201171875
-59075 2504.93408203125
-59065 2499.362060546875
-59055 2492.09912109375
-59045 2487.1708984375
-59035 2484.138916015625
-59025 2484.488037109375
-59015 2484.569091796875
-59005 2478.60302734375
-58995 2464.41796875
-58985 2455.5810546875
-58975 2449.087890625
-58965 2443.3369140625
-58955 2440.64501953125
-58945 2440.18896484375
-58935 2440.529052734375
-58925 2443.364013671875
-58915 2446.81591796875
-58905 2448.882080078125
-58895 2449.81298828125
-58885 2449.39208984375
-58875 2446.4140625
-58865 2442.64794921875
-58855 2440.8330078125
-58845 2438.739990234375
-58835 2436.825927734375
-58825 2434.303955078125
-58815 2431.39697265625
-58805 2428.955078125
-58795 2423.634033203125
-58785 2416.406982421875
-58775 2410.35205078125
-58765 2404.029052734375
-58755 2400.137939453125
-58745 2395.6298828125
-58735 2381.18603515625
-58725 2373.681884765625
-58715 2370.051025390625
-58705 2367.2958984375
-58695 2359.238037109375
-58685 2354.970947265625
-58675 2353.468994140625
-58665 2351.760009765625
-58655 2347.636962890625
-58645 2341.56396484375
-58635 2330.044921875
-58625 2321.819091796875
-58615 2317.02490234375
-58605 2313.72509765625
-58595 2304.992919921875
-58585 2301.02197265625
-58575 2296.22802734375
-58565 2286.722900390625
-58555 2280.35498046875
-58545 2275.387939453125
-58535 2270.007080078125
-58525 2264.2919921875
-58515 2258.948974609375
-58505 2252.80810546875
-58495 2248.694091796875
-58485 2244.76806640625
-58475 2242.93408203125
-58465 2240.287109375
-58455 2238.364013671875
-58445 2236.77197265625
-58435 2235.822998046875
-58425 2234.64306640625
-58415 2231.0390625
-58405 2225.448974609375
-58395 2216.47802734375
-58385 2210.180908203125
-58375 2205.39599609375
-58365 2199.18896484375
-58355 2197.087890625
-58345 2197.14990234375
-58335 2197.26611328125
-58325 2192.427978515625
-58315 2189.261962890625
-58305 2185.031005859375
-58295 2168.217041015625
-58285 2158.073974609375
-58275 2149.4609375
-58265 2141.7958984375
-58255 2137.583984375
-58245 2131.179931640625
-58235 2125.787109375
-58225 2120.56298828125
-58215 2117.0400390625
-58205 2110.01904296875
-58195 2103.570068359375
-58185 2099.527099609375
-58175 2095.430908203125
-58165 2091.693115234375
-58155 2088.339111328125
-58145 2083.76806640625
-58135 2080.81689453125
-58125 2078.912109375
-58115 2077.427001953125
-58105 2077.51611328125
-58095 2080.343017578125
-58085 2081.782958984375
-58075 2082.220947265625
-58065 2084.626953125
-58055 2086.075927734375
-58045 2087.39111328125
-58035 2090.681884765625
-58025 2091.818115234375
-58015 2092.076904296875
-58005 2093.446044921875
-57995 2094.277099609375
-57985 2097.381103515625
-57975 2098.89208984375
-57965 2101.199951171875
-57955 2103.77587890625
-57945 2106.5390625
-57935 2109.347900390625
-57925 2112.612060546875
-57915 2115.510009765625
-57905 2119.06103515625
-57895 2123.12109375
-57885 2126.197998046875
-57875 2129.77587890625
-57865 2133.06689453125
-57855 2136.967041015625
-57845 2140.2041015625
-57835 2144.864013671875
-57825 2148.781005859375
-57815 2152.18896484375
-57805 2157.197998046875
-57795 2161.384033203125
-57785 2165.031982421875
-57775 2169.575927734375
-57765 2174.39697265625
-57755 2179.449951171875
-57745 2184.85205078125
-57735 2190.083984375
-57725 2195.64697265625
-57715 2199.0458984375
-57705 2202.9189453125
-57695 2210.548095703125
-57685 2218.990966796875
-57675 2226.799072265625
-57665 2233.18505859375
-57655 2238.623046875
-57645 2245.43798828125
-57635 2251.4580078125
-57625 2257.924072265625
-57615 2263.738037109375
-57605 2268.44189453125
-57595 2273.799072265625
-57585 2280.81201171875
-57575 2289.429931640625
-57565 2299.260009765625
-57555 2308.552001953125
-57545 2317.10302734375
-57535 2325.385009765625
-57525 2332.22705078125
-57515 2337.60498046875
-57505 2343.972900390625
-57495 2349.680908203125
-57485 2354.534912109375
-57475 2359.909912109375
-57465 2366.472900390625
-57455 2375.68701171875
-57445 2384.958984375
-57435 2390.610107421875
-57425 2396.14404296875
-57415 2400.837890625
-57405 2407.64697265625
-57395 2414.44189453125
-57385 2419.625
-57375 2433.044921875
-57365 2441.302978515625
-57355 2450.64697265625
-57345 2457.862060546875
-57335 2463.875
-57325 2469.989013671875
-57315 2476.3740234375
-57305 2482.4189453125
-57295 2489.083984375
-57285 2495.410888671875
-57275 2501.717041015625
-57265 2508.0009765625
-57255 2513.14501953125
-57245 2518.375
-57235 2520.952880859375
-57225 2524.419921875
-57215 2527.8349609375
-57205 2530.949951171875
-57195 2533.658935546875
-57185 2537.166015625
-57175 2540.35302734375
-57165 2544.35107421875
-57155 2550.509033203125
-57145 2556.969970703125
-57135 2563.9140625
-57125 2570.632080078125
-57115 2577.905029296875
-57105 2584.802001953125
-57095 2588.29296875
-57085 2590.407958984375
-57075 2590.972900390625
-57065 2591.39404296875
-57055 2590.466064453125
-57045 2589.77099609375
-57035 2590.031982421875
-57025 2590.916015625
-57015 2592.160888671875
-57005 2593.595947265625
-56995 2595.159912109375
-56985 2598.14501953125
-56975 2599.19189453125
-56965 2599.550048828125
-56955 2600.534912109375
-56945 2602.133056640625
-56935 2603.694091796875
-56925 2605.248046875
-56915 2606.489990234375
-56905 2608.113037109375
-56895 2610.373046875
-56885 2612.705078125
-56875 2614.993896484375
-56865 2617.89599609375
-56855 2621.180908203125
-56845 2624.77392578125
-56835 2630.64501953125
-56825 2635.39306640625
-56815 2640.174072265625
-56805 2647.721923828125
-56795 2659.572998046875
-56785 2663.615966796875
-56775 2667.68701171875
-56765 2673.5400390625
-56755 2676.972900390625
-56745 2679.783935546875
-56735 2684.04296875
-56725 2687.722900390625
-56715 2693.548095703125
-56705 2697.7060546875
-56695 2702.385009765625
-56685 2706.702880859375
-56675 2711.194091796875
-56665 2715.236083984375
-56655 2718.988037109375
-56645 2723.364013671875
-56635 2728.319091796875
-56625 2733.60693359375
-56615 2739.343994140625
-56605 2745.2109375
-56595 2750.6298828125
-56585 2755.35302734375
-56575 2758.758056640625
-56565 2791.77490234375
-56555 2809.291015625
-56545 2822.3740234375
-56535 2832.4140625
-56525 2844.946044921875
-56515 2854.23291015625
-56505 2862.85302734375
-56495 2871.9951171875
-56485 2882.006103515625
-56475 2885.81591796875
-56465 2886.742919921875
-56455 2885.221923828125
-56445 2884.237060546875
-56435 2882.006103515625
-56425 2879.701904296875
-56415 2875.60205078125
-56405 2872.87890625
-56395 2869.967041015625
-56385 2866.547119140625
-56375 2863.114013671875
-56365 2860.318115234375
-56355 2858.0859375
-56345 2857.56494140625
-56335 2855.884033203125
-56325 2854.333984375
-56315 2854.60888671875
-56305 2856.60888671875
-56295 2856.797119140625
-56285 2858.217041015625
-56275 2863.98291015625
-56265 2869.212890625
-56255 2872.60302734375
-56245 2878.196044921875
-56235 2881.10791015625
-56225 2881.006103515625
-56215 2884.06298828125
-56205 2886.715087890625
-56195 2887.10595703125
-56185 2887.8740234375
-56175 2888.177978515625
-56165 2887.68505859375
-56155 2885.583984375
-56145 2885.931884765625
-56135 2888.3369140625
-56125 2887.989990234375
-56115 2888.613037109375
-56105 2889.467041015625
-56095 2891.39404296875
-56085 2895.14599609375
-56075 2898.797119140625
-56065 2902.43408203125
-56055 2904.302978515625
-56045 2907.054931640625
-56035 2910.169921875
-56025 2915.1689453125
-56015 2918.1240234375
-56005 2919.31201171875
-55995 2921.152099609375
-55985 2924.947998046875
-55975 2928.0048828125
-55965 2928.77294921875
-55955 2930.193115234375
-55945 2932.5830078125
-55935 2935.219970703125
-55925 2938.77001953125
-55915 2943.419921875
-55905 2948.0849609375
-55895 2954.531982421875
-55885 2965.5869140625
-55875 2973.97509765625
-55865 2981.66796875
-55855 2990.926025390625
-55845 2991.89599609375
-55835 2994.31591796875
-55825 2994.51904296875
-55815 2994.4609375
-55805 2993.76611328125
-55795 2992.693115234375
-55785 2993.22900390625
-55775 2993.287109375
-55765 2994.31591796875
-55755 2994.27294921875
-55745 2994.635009765625
-55735 2995.083984375
-55725 2998.47412109375
-55715 2998.967041015625
-55705 3003.60302734375
-55695 3013.555908203125
-55685 3022.611083984375
-55675 3035.215087890625
-55665 3047.471923828125
-55655 3049.906005859375
-55645 3036.447021484375
-55635 3023.509033203125
-55625 3015.14990234375
-55615 3011.383056640625
-55605 3006.486083984375
-55595 2997.14111328125
-55585 2988.462890625
-55575 2980.14697265625
-55565 2973.135009765625
-55555 2966.22412109375
-55545 2962.804931640625
-55535 2955.35791015625
-55525 2950.27294921875
-55515 2951.083984375
-55505 2942.95703125
-55495 2936.321044921875
-55485 2933.10498046875
-55475 2928.527099609375
-55465 2917.7041015625
-55455 2906.9541015625
-55445 2896.073974609375
-55435 2887.468017578125
-55425 2878.919921875
-55415 2873.906982421875
-55405 2877.702880859375
-55395 2879.297119140625
-55385 2873.93603515625
-55375 2864.89599609375
-55365 2855.23193359375
-55355 2842.947021484375
-55345 2840.281005859375
-55335 2839.35400390625
-55325 2831.31298828125
-55315 2819.47607421875
-55305 2811.030029296875
-55295 2802.656005859375
-55285 2794.657958984375
-55275 2789.45703125
-55265 2784.7919921875
-55255 2782.198974609375
-55245 2777.0849609375
-55235 2777.823974609375
-55225 2753.83203125
-55215 2741.719970703125
-55205 2734.011962890625
-55195 2728.43408203125
-55185 2718.553955078125
-55175 2712.9609375
-55165 2701.791015625
-55155 2684.174072265625
-55145 2667.555908203125
-55135 2652.590087890625
-55125 2637.364013671875
-55115 2620.35498046875
-55105 2591.031005859375
-55095 2579.83203125
-55085 2572.2119140625
-55075 2560.407958984375
-55065 2550.281005859375
-55055 2531.952880859375
-55045 2522.985107421875
-55035 2514.697998046875
-55025 2507.904052734375
-55015 2500.77490234375
-55005 2495.76904296875
-54995 2492.30810546875
-54985 2486.569091796875
-54975 2479.5849609375
-54965 2473.091064453125
-54955 2465.66796875
-54945 2459.01708984375
-54935 2451.803955078125
-54925 2448.60595703125
-54915 2446.697021484375
-54905 2448.97802734375
-54895 2445.239990234375
-54885 2435.583984375
-54875 2421.614990234375
-54865 2421.633056640625
-54855 2413.2958984375
-54845 2407.22412109375
-54835 2401.221923828125
-54825 2394.2548828125
-54815 2387.199951171875
-54805 2380.093017578125
-54795 2374.055908203125
-54785 2368.80810546875
-54775 2364.56103515625
-54765 2360.402099609375
-54755 2358.068115234375
-54745 2355.787109375
-54735 2351.31103515625
-54725 2335.236083984375
-54715 2327.81298828125
-54705 2321.0029296875
-54695 2317.282958984375
-54685 2311.965087890625
-54675 2306.9990234375
-54665 2302.014892578125
-54655 2296.343017578125
-54645 2290.02490234375
-54635 2283.904052734375
-54625 2278.1650390625
-54615 2270.35205078125
-54605 2263.56005859375
-54595 2259.52392578125
-54585 2255.5048828125
-54575 2250.85400390625
-54565 2245.7470703125
-54555 2240.009033203125
-54545 2233.075927734375
-54535 2227.073974609375
-54525 2222.177978515625
-54515 2216.596923828125
-54505 2212.22802734375
-54495 2208.208984375
-54485 2206.89306640625
-54475 2207.051025390625
-54465 2206.52392578125
-54455 2205.97998046875
-54445 2205.85693359375
-54435 2204.55810546875
-54425 2203.716064453125
-54415 2203.43505859375
-54405 2202.55810546875
-54395 2202.154052734375
-54385 2202.031005859375
-54375 2202.135986328125
-54365 2203.277099609375
-54355 2205.9619140625
-54345 2208.137939453125
-54335 2210.385009765625
-54325 2214.701904296875
-54315 2218.66796875
-54305 2222.054931640625
-54295 2226.47802734375
-54285 2229.60205078125
-54275 2233.884033203125
-54265 2239.200927734375
-54255 2243.2548828125
-54245 2245.93994140625
-54235 2248.501953125
-54225 2251.258056640625
-54215 2253.345947265625
-54205 2255.697998046875
-54195 2259.031982421875
-54185 2263.6650390625
-54175 2270.087890625
-54165 2275.10791015625
-54155 2281.675048828125
-54145 2286.075927734375
-54135 2291.343994140625
-54125 2297.592041015625
-54115 2304.12109375
-54105 2310.595947265625
-54095 2317.492919921875
-54085 2327.847900390625
-54075 2331.989013671875
-54065 2337.904052734375
-54055 2345.257080078125
-54045 2349.925048828125
-54035 2355.39990234375
-54025 2359.402099609375
-54015 2373.47705078125
-54005 2372.529052734375
-53995 2375.881103515625
-53985 2382.7080078125
-53975 2407.4169921875
-53965 2412.137939453125
-53955 2415.594970703125
-53945 2420.2109375
-53935 2424.969970703125
-53925 2429.1650390625
-53915 2433.27099609375
-53905 2441.695068359375
-53895 2445.9599609375
-53885 2449.487060546875
-53875 2452.575927734375
-53865 2455.840087890625
-53855 2463.45703125
-53845 2471.02099609375
-53835 2474.178955078125
-53825 2479.864990234375
-53815 2485.989990234375
-53805 2490.51806640625
-53795 2494.818115234375
-53785 2501.873046875
-53775 2509.489013671875
-53765 2523.58203125
-53755 2527.93408203125
-53745 2532.339111328125
-53735 2536.743896484375
-53725 2538.14794921875
-53715 2539.674072265625
-53705 2542.201904296875
-53695 2545.1669921875
-53685 2548.362060546875
-53675 2552.888916015625
-53665 2555.925048828125
-53655 2558.785888671875
-53645 2560.716064453125
-53635 2563.507080078125
-53625 2567.033935546875
-53615 2570.77197265625
-53605 2575.111083984375
-53595 2581.007080078125
-53585 2587.14892578125
-53575 2594.4150390625
-53565 2612.5439453125
-53555 2625.68798828125
-53545 2641.922119140625
-53535 2651.697021484375
-53525 2673.843994140625
-53515 2679.653076171875
-53505 2685.075927734375
-53495 2687.076904296875
-53485 2687.8310546875
-53475 2688.498046875
-53465 2689.656005859375
-53455 2690.1298828125
-53445 2691.04296875
-53435 2692.166015625
-53425 2691.85009765625
-53415 2691.761962890625
-53405 2692.675048828125
-53395 2692.7099609375
-53385 2691.9560546875
-53375 2690.761962890625
-53365 2687.9189453125
-53355 2683.952880859375
-53345 2678.14404296875
-53335 2672.739013671875
-53325 2667.596923828125
-53315 2659.751953125
-53305 2653.73291015625
-53295 2646.993896484375
-53285 2641.886962890625
-53275 2634.902099609375
-53265 2629.2509765625
-53255 2621.9150390625
-53245 2616.194091796875
-53235 2609.01611328125
-53225 2604.347900390625
-53215 2599.592041015625
-53205 2594.2041015625
-53195 2591.85302734375
-53185 2587.85205078125
-53175 2582.02099609375
-53165 2578.35400390625
-53155 2574.760009765625
-53145 2574.9169921875
-53135 2572.31689453125
-53125 2566.366943359375
-53115 2567.56103515625
-53105 2563.242919921875
-53095 2558.469970703125
-53085 2554.9599609375
-53075 2552.39794921875
-53065 2550.029052734375
-53055 2549.18603515625
-53045 2548.7119140625
-53035 2547.37890625
-53025 2543.324951171875
-53015 2545.886962890625
-53005 2545.51806640625
-52995 2543.60498046875
-52985 2538.656005859375
-52975 2535.02392578125
-52965 2533.26904296875
-52955 2529.951904296875
-52945 2525.844970703125
-52935 2517.281005859375
-52925 2509.822998046875
-52915 2511.31396484375
-52905 2504.31201171875
-52895 2495.677978515625
-52885 2480.5849609375
-52875 2473.93408203125
-52865 2470.705078125
-52855 2465.281982421875
-52845 2460.31494140625
-52835 2455.77001953125
-52825 2449.610107421875
-52815 2442.748046875
-52805 2422.333984375
-52795 2409.908935546875
-52785 2407.85595703125
-52775 2404.5390625
-52765 2404.99609375
-52755 2401.327880859375
-52745 2396.64208984375
-52735 2393.360107421875
-52725 2389.552001953125
-52715 2385.287109375
-52705 2381.636962890625
