-74735 3192.862060546875
-74725 3193.592041015625
-74715 3194.376953125
-74705 3195.1650390625
-74695 3195.970947265625
-74685 3196.737060546875
-74675 3197.5458984375
-74665 3198.33203125
-74655 3199.111083984375
-74645 3199.93505859375
-74635 3200.698974609375
-74625 3201.409912109375
-74615 3202.097900390625
-74605 3202.81298828125
-74595 3203.47900390625
-74585 3204.10205078125
-74575 3204.62109375
-74565 3205.177978515625
-74555 3205.72705078125
-74545 3206.20703125
-74535 3206.64111328125
-74525 3207.05810546875
-74515 3207.532958984375
-74505 3208.035888671875
-74495 3208.544921875
-74485 3209.197998046875
-74475 3209.89306640625
-74465 3210.714111328125
-74455 3211.537109375
-74445 3212.408935546875
-74435 3213.35400390625
-74425 3214.217041015625
-74415 3215.179931640625
-74405 3216.15087890625
-74395 3217.302001953125
-74385 3218.612060546875
-74375 3220.235107421875
-74365 3222.262939453125
-74355 3224.5869140625
-74345 3227.27294921875
-74335 3230.2080078125
-74325 3233.35498046875
-74315 3236.56005859375
-74305 3239.763916015625
-74295 3242.77587890625
-74285 3245.64501953125
-74275 3248.4599609375
-74265 3251.1689453125
-74255 3254.031982421875
-74245 3256.8310546875
-74235 3259.43310546875
-74225 3262.138916015625
-74215 3264.47802734375
-74205 3266.656982421875
-74195 3268.85400390625
-74185 3270.7509765625
-74175 3272.4970703125
-74165 3275.8701171875
-74155 3284.14404296875
-74145 3296.26904296875
-74135 3307.85791015625
-74125 3318.405029296875
-74115 3330.803955078125
-74105 3341.10205078125
-74095 3351.00390625
-74085 3358.85302734375
-74075 3367.572998046875
-74065 3378.174072265625
-74055 3387.881103515625
-74045 3398.02099609375
-74035 3407.830078125
-74025 3411.26904296875
-74015 3414.443115234375
-74005 3417.219970703125
-73995 3419.4541015625
-73985 3421.35302734375
-73975 3423.074951171875
-73965 3424.8701171875
-73955 3426.423095703125
-73945 3427.739990234375
-73935 3428.9169921875
-73925 3429.85888671875
-73915 3430.47705078125
-73905 3430.80908203125
-73895 3431.10595703125
-73885 3431.0791015625
-73875 3430.8798828125
-73865 3430.498046875
-73855 3429.66796875
-73845 3428.845947265625
-73835 3427.77001953125
-73825 3426.55810546875
-73815 3425.032958984375
-73805 3423.302978515625
-73795 3421.049072265625
-73785 3418.362060546875
-73775 3415.214111328125
-73765 3412.18896484375
-73755 3409.509033203125
-73745 3406.781005859375
-73735 3403.93896484375
-73725 3401.550048828125
-73715 3399.375
-73705 3396.885986328125
-73695 3394.235107421875
-73685 3391.464111328125
-73675 3388.60107421875
-73665 3385.72900390625
-73655 3382.8779296875
-73645 3379.85400390625
-73635 3376.69091796875
-73625 3373.507080078125
-73615 3370.19189453125
-73605 3366.8720703125
-73595 3363.385986328125
-73585 3359.9140625
-73575 3356.194091796875
-73565 3352.7080078125
-73555 3349.408935546875
-73545 3345.907958984375
-73535 3342.412109375
-73525 3338.820068359375
-73515 3335.1630859375
-73505 3331.462890625
-73495 3326.83203125
-73485 3323.9599609375
-73475 3320.430908203125
-73465 3316.887939453125
-73455 3313.076904296875
-73445 3309.52392578125
-73435 3305.7109375
-73425 3302.2041015625
-73415 3298.783935546875
-73405 3295.341064453125
-73395 3291.905029296875
-73385 3288.6298828125
-73375 3285.304931640625
-73365 3281.823974609375
-73355 3278.513916015625
-73345 3274.9970703125
-73335 3271.489990234375
-73325 3267.951904296875
-73315 3264.41796875
-73305 3260.5029296875
-73295 3257.198974609375
-73285 3253.64990234375
-73275 3250.22607421875
-73265 3246.89404296875
-73255 3243.6279296875
-73245 3240.2529296875
-73235 3236.4951171875
-73225 3232.0009765625
-73215 3228.47802734375
-73205 3225.885009765625
-73195 3222.77294921875
-73185 3217.14697265625
-73175 3215.14697265625
-73165 3212.2509765625
-73155 3208.1650390625
-73145 3204.840087890625
-73135 3200.948974609375
-73125 3196.819091796875
-73115 3192.9169921875
-73105 3188.695068359375
-73095 3184.093017578125
-73085 3180.19091796875
-73075 3176.43798828125
-73065 3172.39111328125
-73055 3168.235107421875
-73045 3164.10205078125
-73035 3160.077880859375
-73025 3155.910888671875
-73015 3150.0458984375
-73005 3147.056884765625
-72995 3142.3359375
-72985 3137.594970703125
-72975 3133.114990234375
-72965 3128.802978515625
-72955 3124.779052734375
-72945 3120.6669921875
-72935 3116.376953125
-72925 3112.090087890625
-72915 3107.7041015625
-72905 3103.196044921875
-72895 3098.928955078125
-72885 3095.052001953125
-72875 3091.98193359375
-72865 3089.402099609375
-72855 3087.239013671875
-72845 3085.468017578125
-72835 3083.873046875
-72825 3081.324951171875
-72815 3080.945068359375
-72805 3078.029052734375
-72795 3077.240966796875
-72785 3072.014892578125
-72775 3062.569091796875
-72765 3057.9140625
-72755 3053.22509765625
-72745 3063.5
-72735 3057.507080078125
-72725 3053.56396484375
-72715 3049.49609375
-72705 3042.969970703125
-72695 3041.47802734375
-72685 3036.89501953125
-72675 3033.056884765625
-72665 3029.56201171875
-72655 3026.4169921875
-72645 3023.426025390625
-72635 3020.45703125
-72625 3015.29296875
-72615 3014.7080078125
-72605 3011.8349609375
-72595 3007.18701171875
-72585 3004.677001953125
-72575 3001.450927734375
-72565 2997.634033203125
-72555 2994.89697265625
-72545 2992.592041015625
-72535 2990.240966796875
-72525 2988.72900390625
-72515 2986.81201171875
-72505 2984.908935546875
-72495 2983.114990234375
-72485 2981.205078125
-72475 2978.593994140625
-72465 2972.527099609375
-72455 2966.219970703125
-72445 2971.675048828125
-72435 2965.672119140625
-72425 2962.404052734375
-72415 2959.7900390625
-72405 2954.77587890625
-72395 2950.489990234375
-72385 2945.614013671875
-72375 2941.2080078125
-72365 2937.301025390625
-72355 2933.450927734375
-72345 2930.18408203125
-72335 2926.5810546875
-72325 2923.3310546875
-72315 2919.993896484375
-72305 2916.992919921875
-72295 2914.263916015625
-72285 2911.77587890625
-72275 2908.45703125
-72265 2906.60888671875
-72255 2902.594970703125
-72245 2900.285888671875
-72235 2898.06298828125
-72225 2895.18505859375
-72215 2892.60595703125
-72205 2890.347900390625
-72195 2887.97802734375
-72185 2884.156005859375
-72175 2882.81103515625
-72165 2879.52099609375
-72155 2875.26708984375
-72145 2871.6669921875
-72135 2868.43310546875
-72125 2863.89208984375
-72115 2859.48291015625
-72105 2854.3701171875
-72095 2849.41796875
-72085 2843.81591796875
-72075 2837.468017578125
-72065 2831.64306640625
-72055 2828.239013671875
-72045 2824.927001953125
-72035 2821.552001953125
-72025 2817.14501953125
-72015 2812.114013671875
-72005 2806.322998046875
-71995 2799.31103515625
-71985 2793.656982421875
-71975 2789.242919921875
-71965 2785.24609375
-71955 2781.68896484375
-71945 2778.363037109375
-71935 2774.97607421875
-71925 2771.51904296875
-71915 2767.866943359375
-71905 2764.47802734375
-71895 2760.68896484375
-71885 2757.10595703125
-71875 2754.468017578125
-71865 2749.00390625
-71855 2745.01806640625
-71845 2741.990966796875
-71835 2737.114990234375
-71825 2731.491943359375
-71815 2725.85107421875
-71805 2720.41796875
-71795 2715.236083984375
-71785 2710.3330078125
-71775 2705.928955078125
-71765 2701.58203125
-71755 2697.299072265625
-71745 2692.757080078125
-71735 2689.034912109375
-71725 2685.52587890625
-71715 2682.199951171875
-71705 2678.485107421875
-71695 2668.530029296875
-71685 2668.77587890625
-71675 2663.9541015625
-71665 2659.43798828125
-71655 2654.826904296875
-71645 2650.319091796875
-71635 2646.487060546875
-71625 2642.77392578125
-71615 2639.23193359375
-71605 2629.943115234375
-71595 2626.614013671875
-71585 2622.4951171875
-71575 2617.47607421875
-71565 2611.947021484375
-71555 2606.889892578125
-71545 2599.2958984375
-71535 2593.14599609375
-71525 2585.194091796875
-71515 2577.294921875
-71505 2570.385986328125
-71495 2562.949951171875
-71485 2556.757080078125
-71475 2551.259033203125
-71465 2546.39111328125
-71455 2541.327880859375
-71445 2536.05908203125
-71435 2534.41796875
-71425 2529.471923828125
-71415 2523.218994140625
-71405 2517.1708984375
-71395 2516.2119140625
-71385 2510.64599609375
-71375 2502.5
-71365 2491.696044921875
-71355 2481.22802734375
-71345 2469.006103515625
-71335 2453.2119140625
-71325 2441.720947265625
-71315 2433.761962890625
-71305 2427.863037109375
-71295 2415.55908203125
-71285 2407.236083984375
-71275 2406.570068359375
-71265 2404.368896484375
-71255 2401.56591796875
-71245 2399.26708984375
-71235 2396.72509765625
-71225 2394.721923828125
-71215 2393.54296875
-71205 2391.6669921875
-71195 2388.5830078125
-71185 2383.216064453125
-71175 2378.888916015625
-71165 2373.2919921875
-71155 2369.85400390625
-71145 2369.010009765625
-71135 2371.64599609375
-71125 2371.6201171875
-71115 2369.804931640625
-71105 2367.033935546875
-71095 2364.923095703125
-71085 2362.237060546875
-71075 2360.677978515625
-71065 2359.55908203125
-71055 2358.64404296875
-71045 2357.22607421875
-71035 2356.864013671875
-71025 2353.89501953125
-71015 2353.501953125
-71005 2351.0390625
-70995 2348.7060546875
-70985 2347.138916015625
-70975 2345.717041015625
-70965 2345.137939453125
-70955 2344.304931640625
-70945 2342.905029296875
-70935 2340.5
-70925 2338.199951171875
-70915 2335.952880859375
-70905 2333.735107421875
-70895 2331.43408203125
-70885 2329.125
-70875 2327.113037109375
-70865 2324.778076171875
-70855 2322.6669921875
-70845 2320.638916015625
-70835 2318.56005859375
-70825 2316.882080078125
-70815 2315.662109375
-70805 2314.925048828125
-70795 2314.14501953125
-70785 2313.325927734375
-70775 2312.760009765625
-70765 2312.301025390625
-70755 2311.72705078125
-70745 2311.034912109375
-70735 2310.47802734375
-70725 2309.35498046875
-70715 2308.135009765625
-70705 2306.7119140625
-70695 2305.197998046875
-70685 2304.278076171875
-70675 2303.222900390625
-70665 2302.741943359375
-70655 2302.343017578125
-70645 2301.94189453125
-70635 2301.544921875
-70625 2301.22998046875
-70615 2300.5791015625
-70605 2299.9560546875
-70595 2299.631103515625
-70585 2299.24609375
-70575 2299.090087890625
-70565 2297.97998046875
-70555 2297.7060546875
-70545 2297.235107421875
-70535 2296.47607421875
-70525 2296.3291015625
-70515 2295.89306640625
-70505 2295.636962890625
-70495 2295.532958984375
-70485 2295.799072265625
-70475 2295.431884765625
-70465 2295.2451171875
-70455 2295.037109375
-70445 2294.737060546875
-70435 2294.283935546875
-70425 2293.72900390625
-70415 2293.697021484375
-70405 2292.841064453125
-70395 2291.844970703125
-70385 2291.10302734375
-70375 2289.39990234375
-70365 2288.416015625
-70355 2287.552001953125
-70345 2286.06298828125
-70335 2284.8740234375
-70325 2282.694091796875
-70315 2281.83203125
-70305 2280.365966796875
-70295 2278.98095703125
-70285 2276.903076171875
-70275 2275.321044921875
-70265 2273.97802734375
-70255 2272.052978515625
-70245 2270.427978515625
-70235 2268.407958984375
-70225 2266.14306640625
-70215 2263.722900390625
-70205 2261.593017578125
-70195 2258.931884765625
-70185 2256.50390625
-70175 2253.927978515625
-70165 2250.93505859375
-70155 2247.48388671875
-70145 2244.196044921875
-70135 2241.318115234375
-70125 2237.803955078125
-70115 2234.39990234375
-70105 2230.9189453125
-70095 2227.924072265625
-70085 2225.177978515625
-70075 2223.16796875
-70065 2220.8330078125
-70055 2218.659912109375
-70045 2216.23095703125
-70035 2213.81201171875
-70025 2211.610107421875
-70015 2210.0029296875
-70005 2206.22802734375
-69995 2204.927978515625
-69985 2203.508056640625
-69975 2201.950927734375
-69965 2200.37109375
-69955 2199.132080078125
-69945 2196.780029296875
-69935 2194.157958984375
-69925 2192.76904296875
-69915 2192.73095703125
-69905 2193.779052734375
-69895 2197.4619140625
-69885 2194.77294921875
-69875 2189.69189453125
-69865 2193.779052734375
-69855 2197.0830078125
-69845 2197.802978515625
-69835 2201.950927734375
-69825 2202.093994140625
-69815 2203.93408203125
-69805 2202.1240234375
-69795 2200.14208984375
-69785 2204.60205078125
-69775 2206.068115234375
-69765 2206.720947265625
-69755 2207.501953125
-69745 2207.4951171875
-69735 2207.01611328125
-69725 2205.406982421875
-69715 2203.8740234375
-69705 2200.8740234375
-69695 2200.904052734375
-69685 2200.3701171875
-69675 2199.27099609375
-69665 2196.2099609375
-69655 2193.048095703125
-69645 2189.98388671875
-69635 2189.427001953125
-69625 2188.782958984375
-69615 2185.279052734375
-69605 2184.322998046875
-69595 2184.0029296875
-69585 2181.748046875
-69575 2181.47509765625
-69565 2180.927978515625
-69555 2177.75390625
-69545 2174.083984375
-69535 2171.547119140625
-69525 2170.346923828125
-69515 2168.587890625
-69505 2165.4140625
-69495 2158.583984375
-69485 2152.89111328125
-69475 2151.041015625
-69465 2148.5009765625
-69455 2146.662109375
-69445 2144.2900390625
-69435 2140.60693359375
-69425 2136.6279296875
-69415 2134.7060546875
-69405 2132.820068359375
-69395 2130.969970703125
-69385 2128.77099609375
-69375 2126.26904296875
-69365 2123.556884765625
-69355 2121.862060546875
-69345 2119.5400390625
-69335 2117.777099609375
-69325 2114.072998046875
-69315 2111.093017578125
-69305 2108.656982421875
-69295 2107.0380859375
-69285 2106.833984375
-69275 2106.81005859375
-69265 2106.095947265625
-69255 2105.739990234375
-69245 2104.238037109375
-69235 2102.071044921875
-69225 2101.447998046875
-69215 2102.0439453125
-69205 2100.10498046875
-69195 2099.361083984375
-69185 2104.865966796875
-69175 2110.35693359375
-69165 2115.179931640625
-69155 2118.587890625
-69145 2123.47412109375
-69135 2127.90087890625
-69125 2133.39306640625
-69115 2138.427001953125
-69105 2141.718017578125
-69095 2144.801025390625
-69085 2147.722900390625
-69075 2149.10693359375
-69065 2148.240966796875
-69055 2149.448974609375
-69045 2150.3359375
-69035 2150.54296875
-69025 2146.97998046875
-69015 2147.784912109375
-69005 2145.64111328125
-68995 2144.549072265625
-68985 2144.5869140625
-68975 2143.447021484375
-68965 2145.758056640625
-68955 2149.076904296875
-68945 2151.6708984375
-68935 2155.51708984375
-68925 2159.114990234375
-68915 2162.406005859375
-68905 2165.85302734375
-68895 2160.537109375
-68885 2153.8369140625
-68875 2150.116943359375
-68865 2153.632080078125
-68855 2150.7080078125
-68845 2143.43798828125
-68835 2136.77197265625
-68825 2136.52099609375
-68815 2136.673095703125
-68805 2136.93896484375
-68795 2138.9580078125
-68785 2137.2109375
-68775 2136.4189453125
-68765 2136.240966796875
-68755 2136.1259765625
-68745 2135.23291015625
-68735 2133.77197265625
-68725 2133.31689453125
-68715 2132.800048828125
-68705 2132.47900390625
-68695 2133.705078125
-68685 2138.669921875
-68675 2141.427978515625
-68665 2144.419921875
-68655 2143.60693359375
-68645 2141.93603515625
-68635 2142.278076171875
-68625 2144.22998046875
-68615 2148.513916015625
-68605 2149.712890625
-68595 2150.905029296875
-68585 2152.174072265625
-68575 2156.60400390625
-68565 2161.27392578125
-68555 2161.27392578125
-68545 2159.906005859375
-68535 2160.626953125
-68525 2161.97998046875
-68515 2162.89111328125
-68505 2163.955078125
-68495 2163.85400390625
-68485 2164.181884765625
-68475 2164.31591796875
-68465 2166.278076171875
-68455 2167.7509765625
-68445 2167.006103515625
-68435 2167.174072265625
-68425 2167.993896484375
-68415 2168.806884765625
-68405 2167.498046875
-68395 2167.659912109375
-68385 2167.85693359375
-68375 2167.993896484375
-68365 2168.154052734375
-68355 2168.305908203125
-68345 2168.35205078125
-68335 2169.739990234375
-68325 2170.31005859375
-68315 2171.470947265625
-68305 2175.52001953125
-68295 2178.873046875
-68285 2178.587890625
-68275 2179.508056640625
-68265 2181.595947265625
-68255 2183.51806640625
-68245 2182.446044921875
-68235 2183.450927734375
-68225 2184.844970703125
-68215 2182.568115234375
-68205 2180.2451171875
-68195 2179.10009765625
-68185 2178.406005859375
-68175 2178.301025390625
-68165 2178.06494140625
-68155 2177.988037109375
-68145 2178.916015625
-68135 2179.712890625
-68125 2178.465087890625
-68115 2176.736083984375
-68105 2175.2490234375
-68095 2173.903076171875
-68085 2174.412109375
-68075 2175.56494140625
-68065 2174.7529296875
-68055 2174.0009765625
-68045 2171.06298828125
-68035 2168.637939453125
-68025 2165.633056640625
-68015 2160.925048828125
-68005 2160.89990234375
-67995 2160.6640625
-67985 2161.0380859375
-67975 2158.47900390625
-67965 2156.055908203125
-67955 2153.98095703125
-67945 2152.0830078125
-67935 2151.010009765625
-67925 2151.56201171875
-67915 2148.591064453125
-67905 2148.01904296875
-67895 2146.903076171875
-67885 2144.263916015625
-67875 2144.382080078125
-67865 2139.449951171875
-67855 2137.10595703125
-67845 2131.742919921875
-67835 2123.701904296875
-67825 2119.56201171875
-67815 2110.2099609375
-67805 2108.5048828125
-67795 2109.402099609375
-67785 2105.739990234375
-67775 2103.321044921875
-67765 2100.506103515625
-67755 2098.919921875
-67745 2098.160888671875
-67735 2097.782958984375
-67725 2096.22998046875
-67715 2094.31494140625
-67705 2090.45703125
-67695 2091.7490234375
-67685 2096.785888671875
-67675 2104.1669921875
-67665 2110.425048828125
-67655 2120.12890625
-67645 2124.408935546875
-67635 2128.113037109375
-67625 2129.54296875
-67615 2130.634033203125
-67605 2130.75
-67595 2130.675048828125
-67585 2129.77001953125
-67575 2127.909912109375
-67565 2125.258056640625
-67555 2121.530029296875
-67545 2115.824951171875
-67535 2115.97998046875
-67525 2114.366943359375
-67515 2111.333984375
-67505 2111.1669921875
-67495 2111.325927734375
-67485 2109.969970703125
-67475 2114.368896484375
-67465 2119.072021484375
-67455 2123.135009765625
-67445 2122.39697265625
-67435 2122.297119140625
-67425 2120.47802734375
-67415 2116.0849609375
-67405 2116.14501953125
-67395 2113.712890625
-67385 2119.4990234375
-67375 2125.927001953125
-67365 2133.455078125
-67355 2136.966064453125
-67345 2141.14599609375
-67335 2145.51611328125
-67325 2148.759033203125
-67315 2149.3369140625
-67305 2148.448974609375
-67295 2146.757080078125
-67285 2142.802001953125
-67275 2140.1240234375
-67265 2136.5810546875
-67255 2132.072021484375
-67245 2124.623046875
-67235 2119.261962890625
-67225 2114.402099609375
-67215 2107.946044921875
-67205 2104.77197265625
-67195 2101.22998046875
-67185 2106.2109375
-67175 2110.572021484375
-67165 2115.556884765625
-67155 2119.22998046875
-67145 2123.839111328125
-67135 2126.10302734375
-67125 2130.637939453125
-67115 2138.85400390625
-67105 2143.596923828125
-67095 2147.2509765625
-67085 2140.736083984375
-67075 2111.116943359375
-67065 2105.31396484375
-67055 2111.14111328125
-67045 2118.85400390625
-67035 2125.908935546875
-67025 2134.6708984375
-67015 2143.195068359375
-67005 2156.615966796875
-66995 2169.195068359375
-66985 2175.60693359375
-66975 2182.27099609375
-66965 2187.612060546875
-66955 2190.197998046875
-66945 2195.06298828125
-66935 2198.951904296875
-66925 2202.60107421875
-66915 2204.701904296875
-66905 2210.361083984375
-66895 2214.532958984375
-66885 2213.409912109375
-66875 2217.341064453125
-66865 2218.221923828125
-66855 2215.25390625
-66845 2220.364990234375
-66835 2223.37109375
-66825 2228.054931640625
-66815 2233.862060546875
-66805 2233.361083984375
-66795 2235.179931640625
-66785 2237.22412109375
-66775 2238.407958984375
-66765 2239.195068359375
-66755 2239.159912109375
-66745 2240.158935546875
-66735 2241.02001953125
-66725 2241.677001953125
-66715 2242.7900390625
-66705 2242.846923828125
-66695 2243.3779296875
-66685 2240.241943359375
-66675 2236.89794921875
-66665 2236.033935546875
-66655 2234.60107421875
-66645 2235.256103515625
-66635 2233.444091796875
-66625 2231.9970703125
-66615 2232.56201171875
-66605 2233.702880859375
-66595 2233.528076171875
-66585 2232.666015625
-66575 2233.26904296875
-66565 2234.65087890625
-66555 2236.49609375
-66545 2238.909912109375
-66535 2241.472900390625
-66525 2243.0439453125
-66515 2244.34912109375
-66505 2248.466064453125
-66495 2252.22998046875
-66485 2256.0830078125
-66475 2259.554931640625
-66465 2260.4169921875
-66455 2261.381103515625
-66445 2262.888916015625
-66435 2266.445068359375
-66425 2269.68798828125
-66415 2273.695068359375
-66405 2276.739013671875
-66395 2280.208984375
-66385 2284.27490234375
-66375 2289.302001953125
-66365 2293.216064453125
-66355 2294.19091796875
-66345 2293.39990234375
-66335 2294.52392578125
-66325 2296.56298828125
-66315 2297.738037109375
-66305 2300.8701171875
-66295 2304.6201171875
-66285 2309.721923828125
-66275 2313.0830078125
-66265 2314.6240234375
-66255 2317.634033203125
-66245 2321.98095703125
-66235 2322.1669921875
-66225 2327.7109375
-66215 2332.2099609375
-66205 2338.430908203125
-66195 2345.303955078125
-66185 2351.81689453125
-66175 2357.903076171875
-66165 2364.868896484375
-66155 2374.029052734375
-66145 2380.1650390625
-66135 2384.2958984375
-66125 2383.39404296875
-66115 2382.764892578125
-66105 2385.845947265625
-66095 2393.509033203125
-66085 2399.552001953125
-66075 2402.85498046875
-66065 2404.02099609375
-66055 2405.697998046875
-66045 2403.35107421875
-66035 2403.89501953125
-66025 2405.721923828125
-66015 2409.132080078125
-66005 2412.8798828125
-65995 2416.660888671875
-65985 2420.39697265625
-65975 2423.76806640625
-65965 2426.23291015625
-65955 2428.260009765625
-65945 2430.55908203125
-65935 2433.2060546875
-65925 2437.4169921875
-65915 2441.73193359375
-65905 2445.35302734375
-65895 2449.552001953125
-65885 2454.1630859375
-65875 2459.860107421875
-65865 2465.64599609375
-65855 2469.06494140625
-65845 2472.3759765625
-65835 2476.574951171875
-65825 2478.989013671875
-65815 2480.85205078125
-65805 2482.761962890625
-65795 2484.487060546875
-65785 2485.930908203125
-65775 2487.9970703125
-65765 2491.111083984375
-65755 2496.050048828125
-65745 2501.010986328125
-65735 2507.2958984375
-65725 2512.8779296875
-65715 2518.535888671875
-65705 2524.195068359375
-65695 2529.52490234375
-65685 2536.492919921875
-65675 2543.714111328125
-65665 2551.208984375
-65655 2555.427001953125
-65645 2560.321044921875
-65635 2565.929931640625
-65625 2572.7451171875
-65615 2578.31591796875
-65605 2583.97705078125
-65595 2589.221923828125
-65585 2593.489013671875
-65575 2600.37109375
-65565 2606.281005859375
-65555 2611.10693359375
-65545 2616.044921875
-65535 2619.56005859375
-65525 2622.657958984375
-65515 2625.23388671875
-65505 2625.5859375
-65495 2617.799072265625
-65485 2611.5
-65475 2602.902099609375
-65465 2598.2080078125
-65455 2594.0830078125
-65445 2589.819091796875
-65435 2585.845947265625
-65425 2581.93798828125
-65415 2577.715087890625
-65405 2576.35400390625
-65395 2574.697021484375
-65385 2571.134033203125
-65375 2568.30908203125
-65365 2565.76904296875
-65355 2563.447998046875
-65345 2561.236083984375
-65335 2559.626953125
-65325 2557.791015625
-65315 2558.6201171875
-65305 2557.35498046875
-65295 2556.365966796875
-65285 2555.14208984375
-65275 2552.8701171875
-65265 2551.237060546875
-65255 2550.48291015625
-65245 2549.047119140625
-65235 2547.990966796875
-65225 2546.75
-65215 2543.431884765625
-65205 2539.1630859375
-65195 2531.486083984375
-65185 2516.76904296875
-65175 2498.7470703125
-65165 2486.2041015625
-65155 2475.05810546875
-65145 2461.531005859375
-65135 2423.31201171875
-65125 2417.446044921875
-65115 2409.837890625
-65105 2403.4560546875
-65095 2403.60888671875
-65085 2403.44189453125
-65075 2397.221923828125
-65065 2388.194091796875
-65055 2377.699951171875
-65045 2372.0419921875
-65035 2365.64404296875
-65025 2362.22607421875
-65015 2352.157958984375
-65005 2342.705078125
-64995 2337.114013671875
-64985 2334.385009765625
-64975 2331.720947265625
-64965 2326.325927734375
-64955 2320.611083984375
-64945 2315.7080078125
-64935 2309.29296875
-64925 2303.9951171875
-64915 2298.551025390625
-64905 2292.530029296875
-64895 2283.8701171875
-64885 2280.861083984375
-64875 2274.825927734375
-64865 2272.781982421875
-64855 2269.866943359375
-64845 2269.52392578125
-64835 2271.56591796875
-64825 2265.466064453125
-64815 2256.68701171875
-64805 2248.097900390625
-64795 2246.387939453125
-64785 2243.85888671875
-64775 2243.1201171875
-64765 2240.93603515625
-64755 2237.697021484375
-64745 2235.218994140625
-64735 2232.345947265625
-64725 2230.27099609375
-64715 2227.805908203125
-64705 2227.7529296875
-64695 2225.94189453125
-64685 2223.26708984375
-64675 2221.7890625
-64665 2218.884033203125
-64655 2217.821044921875
-64645 2216.531005859375
-64635 2215.4169921875
-64625 2215.884033203125
-64615 2215.864990234375
-64605 2216.47802734375
-64595 2217.60302734375
-64585 2218.56298828125
-64575 2217.863037109375
-64565 2217.406005859375
-64555 2215.458984375
-64545 2215.072021484375
-64535 2214.906005859375
-64525 2212.325927734375
-64515 2208.537109375
-64505 2202.330078125
-64495 2197.217041015625
-64485 2190.1669921875
-64475 2181.47509765625
-64465 2166.485107421875
-64455 2145.068115234375
-64445 2135.239990234375
-64435 2117.85009765625
-64425 2104.43408203125
-64415 2085.217041015625
-64405 2074.240966796875
-64395 2070.35791015625
-64385 2067.35009765625
-64375 2065.299072265625
-64365 2066.37109375
-64355 2061.81103515625
-64345 2049.452880859375
-64335 2022.133056640625
-64325 2007.9840087890625
-64315 2000.3330078125
-64305 1994.365966796875
-64295 1983.56201171875
-64285 1972.8260498046875
-64275 1958.156005859375
-64265 1945.8189697265625
-64255 1935.833984375
-64245 1922.842041015625
-64235 1914.6610107421875
-64225 1906.20703125
-64215 1897.594970703125
-64205 1888.35205078125
-64195 1876.887939453125
-64185 1859.5830078125
-64175 1847.2889404296875
-64165 1834.2740478515625
-64155 1819.198974609375
-64145 1811.2239990234375
-64135 1801.54296875
-64125 1789.8900146484375
-64115 1780.5140380859375
-64105 1770.5899658203125
-64095 1752.8480224609375
-64085 1742.7490234375
-64075 1734.2230224609375
-64065 1727.321044921875
-64055 1721.512939453125
-64045 1712.2860107421875
-64035 1705.9539794921875
-64025 1697.2120361328125
-64015 1691.4649658203125
-64005 1683.843017578125
-63995 1677.1180419921875
-63985 1668.76904296875
-63975 1668.0379638671875
-63965 1666.18701171875
-63955 1666.113037109375
-63945 1669.7559814453125
-63935 1671.7349853515625
-63925 1667.530029296875
-63915 1661.907958984375
-63905 1656.2650146484375
-63895 1650.7979736328125
-63885 1644.781005859375
-63875 1639.5240478515625
-63865 1634.1820068359375
-63855 1630.0269775390625
-63845 1625.552001953125
-63835 1622.157958984375
-63825 1619.574951171875
-63815 1615.2969970703125
-63805 1610.008056640625
-63795 1605.238037109375
-63785 1600.490966796875
-63775 1596.8690185546875
-63765 1592.9959716796875
-63755 1589.8289794921875
-63745 1585.791015625
-63735 1581.5030517578125
-63725 1576.2340087890625
-63715 1570.6529541015625
-63705 1562.7110595703125
-63695 1558.637939453125
-63685 1552.7659912109375
-63675 1548.072998046875
-63665 1544.344970703125
-63655 1540.5550537109375
-63645 1535.2860107421875
-63635 1528.635986328125
-63625 1522.02294921875
-63615 1519.7120361328125
-63605 1519.137939453125
-63595 1515.7249755859375
-63585 1517.7249755859375
-63575 1516.9510498046875
-63565 1515.4539794921875
-63555 1513.4859619140625
-63545 1512.2979736328125
-63535 1510.7569580078125
-63525 1509.530029296875
-63515 1508.8330078125
-63505 1507.76904296875
-63495 1506.907958984375
-63485 1505.5830078125
-63475 1504.760009765625
-63465 1504.0419921875
-63455 1502.60400390625
-63445 1502.552978515625
-63435 1501.97998046875
-63425 1501.844970703125
-63415 1501.1600341796875
-63405 1501.31396484375
-63395 1501.31396484375
-63385 1501.178955078125
-63375 1501.0009765625
-63365 1500.741943359375
-63355 1501.0350341796875
-63345 1500.8890380859375
-63335 1500.844970703125
-63325 1500.8280029296875
-63315 1500.616943359375
-63305 1500.512939453125
-63295 1500.5760498046875
-63285 1500.6800537109375
-63275 1500.64794921875
-63265 1500.595947265625
-63255 1500.616943359375
-63245 1500.637939453125
-63235 1500.6080322265625
-63225 1500.6590576171875
-63215 1500.7540283203125
-63205 1500.9189453125
-63195 1501.322998046875
-63185 1500.1259765625
-63175 1501.677978515625
-63165 1501.470947265625
-63155 1501.593994140625
-63145 1502.011962890625
-63135 1501.8680419921875
-63125 1500.907958984375
-63115 1502.053955078125
-63105 1502.823974609375
-63095 1503.47900390625
-63085 1503.719970703125
-63075 1504.14697265625
-63065 1504.969970703125
-63055 1505.54296875
-63045 1506.531982421875
-63035 1508.3330078125
-63025 1509.321044921875
-63015 1512.68505859375
-63005 1515.5889892578125
-62995 1517.9620361328125
-62985 1521.001953125
-62975 1525.1669921875
-62965 1528.926025390625
-62955 1532.4439697265625
-62945 1534.6429443359375
-62935 1537.1300048828125
-62925 1539.6070556640625
-62915 1541.0030517578125
-62905 1543.656005859375
-62895 1547.85302734375
-62885 1550.1319580078125
-62875 1551.0810546875
-62865 1550.800048828125
-62855 1550.196044921875
-62845 1548.458984375
-62835 1555.6309814453125
-62825 1562.29296875
-62815 1573.31494140625
-62805 1582.760986328125
-62795 1591.0069580078125
-62785 1600.5350341796875
-62775 1606.0830078125
-62765 1609.362060546875
-62755 1613.6629638671875
-62745 1619.802978515625
-62735 1626.0400390625
-62725 1627.5069580078125
-62715 1627.697021484375
-62705 1636.073974609375
-62695 1640.93896484375
-62685 1646.72802734375
-62675 1650.9139404296875
-62665 1655.5989990234375
-62655 1661.72998046875
-62645 1668.196044921875
-62635 1674.5799560546875
-62625 1680.115966796875
-62615 1685.385009765625
-62605 1689.7130126953125
-62595 1695.8990478515625
-62585 1701.64697265625
-62575 1707.7349853515625
-62565 1714.4000244140625
-62555 1720.0340576171875
-62545 1725.280029296875
-62535 1731.0159912109375
-62525 1737.407958984375
-62515 1743.885009765625
-62505 1750.760009765625
-62495 1756.7030029296875
-62485 1763.9210205078125
-62475 1770.7850341796875
-62465 1777.196044921875
-62455 1782.136962890625
-62445 1787.4189453125
-62435 1792.4110107421875
-62425 1799.2760009765625
-62415 1806.1400146484375
-62405 1812.6009521484375
-62395 1818.0970458984375
-62385 1823.1109619140625
-62375 1829.0579833984375
-62365 1834.991943359375
-62355 1839.8470458984375
-62345 1845.6590576171875
-62335 1850.553955078125
-62325 1856.1519775390625
-62315 1860.762939453125
-62305 1865.697998046875
-62295 1870.655029296875
-62285 1876.9100341796875
-62275 1883.071044921875
-62265 1890.5279541015625
-62255 1896.85595703125
-62245 1904.5169677734375
-62235 1912.031982421875
-62225 1919.48095703125
-62215 1927.2039794921875
-62205 1935.248046875
-62195 1942.93896484375
-62185 1950.5810546875
-62175 1958.7110595703125
-62165 1966.8060302734375
-62155 1974.93505859375
-62145 1982.68896484375
-62135 1990.1400146484375
-62125 1998.1839599609375
-62115 2005.73095703125
-62105 2014.4150390625
-62095 2025.7979736328125
-62085 2056.0009765625
-62075 2073.467041015625
-62065 2081.989990234375
-62055 2092.279052734375
-62045 2100.614013671875
-62035 2111.72998046875
-62025 2122.35302734375
-62015 2132.84912109375
-62005 2146.410888671875
-61995 2153.16796875
-61985 2157.281982421875
-61975 2167.617919921875
-61965 2175.073974609375
-61955 2177.841064453125
-61945 2182.25
-61935 2190.405029296875
-61925 2195.345947265625
-61915 2201.569091796875
-61905 2212.114990234375
-61895 2220.177001953125
-61885 2229.548095703125
-61875 2246.840087890625
-61865 2255.10400390625
-61855 2258.73193359375
-61845 2265.4541015625
-61835 2270.048095703125
-61825 2273.967041015625
-61815 2282.384033203125
-61805 2286.3291015625
-61795 2288.98095703125
-61785 2288.527099609375
-61775 2292.738037109375
-61765 2303.952880859375
-61755 2311.757080078125
-61745 2310.117919921875
-61735 2318.785888671875
-61725 2320.2939453125
-61715 2322.35009765625
-61705 2330.1201171875
-61695 2330.487060546875
-61685 2329.594970703125
-61675 2334.27197265625
-61665 2342.008056640625
-61655 2338.403076171875
-61645 2331.632080078125
-61635 2321.97412109375
-61625 2317.6669921875
-61615 2316.737060546875
-61605 2313.8291015625
-61595 2317.136962890625
-61585 2321.5048828125
-61575 2324.052001953125
-61565 2325.0830078125
-61555 2326.416015625
-61545 2327.14501953125
-61535 2328.125
-61525 2328.779052734375
-61515 2330.60107421875
-61505 2332.5390625
-61495 2339.966064453125
-61485 2341.01806640625
-61475 2343.303955078125
-61465 2346.656005859375
-61455 2352.113037109375
-61445 2358.156005859375
-61435 2363.31103515625
-61425 2370.60888671875
-61415 2371.31298828125
-61405 2372.5029296875
-61395 2372.51904296875
-61385 2364.60498046875
-61375 2365.035888671875
-61365 2370.590087890625
-61355 2372.3798828125
-61345 2375.02392578125
-61335 2383.757080078125
-61325 2383.737060546875
-61315 2379.239013671875
-61305 2382.43603515625
-61295 2385.7939453125
-61285 2385.819091796875
-61275 2384.55908203125
-61265 2387.1669921875
-61255 2388.763916015625
-61245 2393.1669921875
-61235 2397.011962890625
-61225 2400.197021484375
-61215 2405.35693359375
-61205 2411.7060546875
-61195 2416.330078125
-61185 2414.032958984375
-61175 2413.7490234375
-61165 2416.75390625
-61155 2416.263916015625
-61145 2414.81005859375
-61135 2419.342041015625
-61125 2420.137939453125
-61115 2423.125
-61105 2432.04296875
-61095 2438.199951171875
-61085 2440.946044921875
-61075 2446.554931640625
-61065 2447.4541015625
-61055 2457.282958984375
-61045 2465.1689453125
-61035 2478.325927734375
-61025 2490.2041015625
-61015 2492.93505859375
-61005 2495.419921875
-60995 2498.069091796875
-60985 2497.89599609375
-60975 2499.197998046875
-60965 2502.133056640625
-60955 2501.115966796875
-60945 2500.033935546875
-60935 2499.803955078125
-60925 2498.73388671875
-60915 2498.15087890625
-60905 2499.375
-60895 2500.947998046875
-60885 2501.493896484375
-60875 2501.1259765625
-60865 2500.549072265625
-60855 2500.501953125
-60845 2503.5810546875
-60835 2502.988037109375
-60825 2501.52392578125
-60815 2498.625
-60805 2497.179931640625
-60795 2496.405029296875
-60785 2495.659912109375
-60775 2494.798095703125
-60765 2495.781005859375
-60755 2493.260009765625
-60745 2492.613037109375
-60735 2493.24609375
-60725 2490.764892578125
-60715 2488.39208984375
-60705 2486.583984375
-60695 2484.60107421875
-60685 2486.0400390625
-60675 2485.451904296875
-60665 2481.39697265625
-60655 2478.35791015625
-60645 2477.698974609375
-60635 2478.259033203125
-60625 2480.117919921875
-60615 2480.593994140625
-60605 2480.22998046875
-60595 2480.1240234375
-60585 2478.64794921875
-60575 2479.635009765625
-60565 2479.822998046875
-60555 2479.429931640625
-60545 2482.529052734375
-60535 2489.0009765625
-60525 2492.178955078125
-60515 2495.240966796875
-60505 2499.52392578125
-60495 2506.68505859375
-60485 2511.363037109375
-60475 2520.2099609375
-60465 2523.761962890625
-60455 2527.1669921875
-60445 2528.6650390625
-60435 2529.422119140625
-60425 2530.131103515625
-60415 2531.35498046875
-60405 2530.60107421875
-60395 2532.27197265625
-60385 2536.656005859375
-60375 2545.35595703125
-60365 2548.715087890625
-60355 2551.950927734375
-60345 2554.802978515625
-60335 2560.133056640625
-60325 2565.39404296875
-60315 2570.5029296875
-60305 2579.56201171875
-60295 2582.98291015625
-60285 2588.821044921875
-60275 2582.8759765625
-60265 2584.06298828125
-60255 2585.39208984375
-60245 2590.7919921875
-60235 2591.409912109375
-60225 2590.572021484375
-60215 2590.33203125
-60205 2589.81298828125
-60195 2588.673095703125
-60185 2587.345947265625
-60175 2585.27587890625
-60165 2583.98193359375
-60155 2582.43603515625
-60145 2582.59912109375
-60135 2582.93603515625
-60125 2582.864990234375
-60115 2581.73095703125
-60105 2580.10400390625
-60095 2578.77099609375
-60085 2578.260986328125
-60075 2578.200927734375
-60065 2578.616943359375
-60055 2579.388916015625
-60045 2580.669921875
-60035 2583.55908203125
-60025 2583.464111328125
-60015 2585.742919921875
-60005 2588.5009765625
-59995 2591.5380859375
-59985 2594.9208984375
-59975 2599.4951171875
-59965 2605.8701171875
-59955 2612.424072265625
-59945 2619.281982421875
-59935 2627.27197265625
-59925 2632.93310546875
-59915 2637.055908203125
-59905 2642.8759765625
-59895 2647.26708984375
-59885 2654.998046875
-59875 2662.68603515625
-59865 2668.092041015625
-59855 2668.007080078125
-59845 2664.27490234375
-59835 2665.09912109375
-59825 2669.387939453125
-59815 2677.52099609375
-59805 2685.501953125
-59795 2692.910888671875
-59785 2692.962890625
-59775 2705.011962890625
-59765 2719.551025390625
-59755 2748.72705078125
-59745 2765.1630859375
-59735 2759.139892578125
-59725 2752.422119140625
-59715 2745.695068359375
-59705 2739.154052734375
-59695 2732.10107421875
-59685 2722.756103515625
-59675 2712.653076171875
-59665 2704.568115234375
-59655 2695.284912109375
-59645 2685.178955078125
-59635 2679.06298828125
-59625 2672.986083984375
-59615 2666.320068359375
-59605 2661.443115234375
-59595 2657.673095703125
-59585 2653.924072265625
-59575 2650.237060546875
-59565 2648.157958984375
-59555 2645.02392578125
-59545 2641.0400390625
-59535 2635.27392578125
-59525 2629.76708984375
-59515 2626.587890625
-59505 2623.7451171875
-59495 2622.220947265625
-59485 2621.06201171875
-59475 2619.02197265625
-59465 2617.43603515625
-59455 2615.157958984375
-59445 2614.14697265625
-59435 2613.885986328125
-59425 2612.743896484375
-59415 2611.87890625
-59405 2609.804931640625
-59395 2609.240966796875
-59385 2608.51708984375
-59375 2609.02001953125
-59365 2609.876953125
-59355 2611.916015625
-59345 2612.406982421875
-59335 2611.958984375
-59325 2610.23291015625
-59315 2610.260009765625
-59305 2610.8740234375
-59295 2610.8740234375
-59285 2610.922119140625
-59275 2610.618896484375
-59265 2608.883056640625
-59255 2609.243896484375
-59245 2606.16796875
-59235 2604.530029296875
-59225 2599.306884765625
-59215 2596.60400390625
-59205 2596.30908203125
-59195 2596.06591796875
-59185 2595.424072265625
-59175 2594.962890625
-59165 2590.52587890625
-59155 2588.297119140625
-59145 2586.492919921875
-59135 2585.052978515625
-59125 2582.22705078125
-59115 2581.3291015625
-59105 2581.635986328125
-59095 2581.756103515625
-59085 2581.259033203125
-59075 2580.258056640625
-59065 2581.052001953125
-59055 2581.177978515625
-59045 2580.56591796875
-59035 2579.302978515625
-59025 2578.7119140625
-59015 2576.568115234375
-59005 2571.655029296875
-58995 2567.050048828125
-58985 2561.655029296875
-58975 2561.89208984375
-58965 2557.572998046875
-58955 2555.31494140625
-58945 2550.2119140625
-58935 2546.760009765625
-58925 2546.903076171875
-58915 2542.805908203125
-58905 2539.903076171875
-58895 2536.885009765625
-58885 2535.720947265625
-58875 2531.632080078125
-58865 2526.8779296875
-58855 2523.487060546875
-58845 2521.822998046875
-58835 2520.112060546875
-58825 2514.305908203125
-58815 2510.873046875
-58805 2506.05908203125
-58795 2498.1689453125
-58785 2490.10595703125
-58775 2483.14111328125
-58765 2473.445068359375
-58755 2459.26611328125
-58745 2455.31005859375
-58735 2453.60107421875
-58725 2455.014892578125
-58715 2453.962890625
-58705 2449.739990234375
-58695 2444.847900390625
-58685 2441.76611328125
-58675 2432.819091796875
-58665 2430.160888671875
-58655 2423.166015625
-58645 2414.278076171875
-58635 2411.092041015625
-58625 2409.693115234375
-58615 2406.217041015625
-58605 2399.589111328125
-58595 2396.77490234375
-58585 2394.448974609375
-58575 2375.969970703125
-58565 2356.873046875
-58555 2347.4580078125
-58545 2341.05908203125
-58535 2331.237060546875
-58525 2323.946044921875
-58515 2317.508056640625
-58505 2312.156982421875
-58495 2308.763916015625
-58485 2308.575927734375
-58475 2306.843994140625
-58465 2305.427978515625
-58455 2304.080078125
-58445 2299.9130859375
-58435 2294.7548828125
-58425 2288.76904296875
-58415 2285.4580078125
-58405 2281.237060546875
-58395 2277.156005859375
-58385 2272.37109375
-58375 2265.76806640625
-58365 2260.343994140625
-58355 2257.118896484375
-58345 2256.922119140625
-58335 2261.3759765625
-58325 2264.4169921875
-58315 2265.427978515625
-58305 2264.12109375
-58295 2260.10400390625
-58285 2254.54296875
-58275 2252.791015625
-58265 2249.39794921875
-58255 2246.743896484375
-58245 2245.47900390625
-58235 2243.376953125
-58225 2241.43798828125
-58215 2238.9580078125
-58205 2234.490966796875
-58195 2227.052001953125
-58185 2217.883056640625
-58175 2201.384033203125
-58165 2189.738037109375
-58155 2185.717041015625
-58145 2181.10009765625
-58135 2175.7529296875
-58125 2171.136962890625
-58115 2165.6650390625
-58105 2160.7900390625
-58095 2155.427001953125
-58085 2149.33203125
-58075 2144.212890625
-58065 2138.373046875
-58055 2136.176025390625
-58045 2135.5439453125
-58035 2129.319091796875
-58025 2126.43994140625
-58015 2124.388916015625
-58005 2123.451904296875
-57995 2121.626953125
-57985 2119.927001953125
-57975 2118.72900390625
-57965 2119.404052734375
-57955 2121.23388671875
-57945 2123.02294921875
-57935 2125.35693359375
-57925 2127.468994140625
-57915 2130.029052734375
-57905 2133.55810546875
-57895 2135.30810546875
-57885 2137.577880859375
-57875 2140.1630859375
-57865 2142.43994140625
-57855 2145.214111328125
-57845 2148.85400390625
-57835 2152.43310546875
-57825 2158.155029296875
-57815 2164.2958984375
-57805 2172.33203125
-57795 2182.551025390625
-57785 2189.114990234375
-57775 2193.60498046875
-57765 2197.5400390625
-57755 2203.052001953125
-57745 2209.037109375
-57735 2214.587890625
-57725 2220.1240234375
-57715 2224.595947265625
-57705 2229.35009765625
-57695 2234.81298828125
-57685 2240.554931640625
-57675 2247.3701171875
-57665 2252.712890625
-57655 2258.513916015625
-57645 2266.31591796875
-57635 2272.27001953125
-57625 2277.2548828125
-57615 2285.2041015625
-57605 2295.031982421875
-57595 2299.886962890625
-57585 2306.693115234375
-57575 2313.10791015625
-57565 2318.030029296875
-57555 2323.97509765625
-57545 2329.363037109375
-57535 2334.98095703125
-57525 2340.74609375
-57515 2345.0830078125
-57505 2349.385009765625
-57495 2353.157958984375
-57485 2358.048095703125
-57475 2363.677001953125
-57465 2369.27197265625
-57455 2374.9169921875
-57445 2380.72509765625
-57435 2386.56396484375
-57425 2392.5458984375
-57415 2398.583984375
-57405 2404.431884765625
-57395 2409.8779296875
-57385 2413.031982421875
-57375 2421.4150390625
-57365 2433.5048828125
-57355 2439.5859375
-57345 2445.00390625
-57335 2450.76806640625
-57325 2454.074951171875
-57315 2457.8798828125
-57305 2463.110107421875
-57295 2468.77099609375
-57285 2472.06201171875
-57275 2475.243896484375
-57265 2479.138916015625
-57255 2484.001953125
-57245 2487.80908203125
-57235 2492.632080078125
-57225 2502.448974609375
-57215 2509.903076171875
-57205 2514.47412109375
-57195 2517.9140625
-57185 2521.840087890625
-57175 2526.97802734375
-57165 2532.580078125
-57155 2538.049072265625
-57145 2544.62109375
-57135 2547.7890625
-57125 2553.458984375
-57115 2552.6240234375
-57105 2552.85595703125
-57095 2559.666015625
-57085 2566.50390625
-57075 2570.422119140625
-57065 2577.448974609375
-57055 2583.179931640625
-57045 2585.6279296875
-57035 2591.196044921875
-57025 2592.12890625
-57015 2592.64208984375
-57005 2594.35498046875
-56995 2597.76708984375
-56985 2599.922119140625
-56975 2607.81494140625
-56965 2611.93505859375
-56955 2616.906982421875
-56945 2627.555908203125
-56935 2626.60791015625
-56925 2629.31103515625
-56915 2634.126953125
-56905 2640.0400390625
-56895 2641.23193359375
-56885 2640.986083984375
-56875 2640.431884765625
-56865 2640.153076171875
-56855 2640.304931640625
-56845 2641.611083984375
-56835 2647.200927734375
-56825 2648.9140625
-56815 2650.218017578125
-56805 2653.054931640625
-56795 2655.806884765625
-56785 2661.6201171875
-56775 2662.006103515625
-56765 2661.80908203125
-56755 2662.160888671875
-56745 2660.952880859375
-56735 2663.0380859375
-56725 2668.471923828125
-56715 2669.904052734375
-56705 2670.135986328125
-56695 2669.97607421875
-56685 2672.39111328125
-56675 2673.596923828125
-56665 2675.89990234375
-56655 2676.77099609375
-56645 2679.55908203125
-56635 2683.93798828125
-56625 2687.43505859375
-56615 2689.1220703125
-56605 2692.070068359375
-56595 2694.989013671875
-56585 2698.31689453125
-56575 2702.493896484375
-56565 2707.677001953125
-56555 2713.0439453125
-56545 2718.18505859375
-56535 2723.35888671875
-56525 2728.6669921875
-56515 2733.736083984375
-56505 2738.7490234375
-56495 2743.676025390625
-56485 2748.81689453125
-56475 2753.2109375
-56465 2757.81689453125
-56455 2762.5830078125
-56445 2767.30908203125
-56435 2772.24609375
-56425 2777.154052734375
-56415 2782.340087890625
-56405 2787.577880859375
-56395 2792.9130859375
-56385 2798.135986328125
-56375 2803.5791015625
-56365 2809.031005859375
-56355 2814.241943359375
-56345 2819.1279296875
-56335 2824.5830078125
-56325 2829.93994140625
-56315 2835.739013671875
-56305 2841.18701171875
-56295 2846.718994140625
-56285 2852.154052734375
-56275 2857.376953125
-56265 2862.4619140625
-56255 2867.424072265625
-56245 2872.302978515625
-56235 2877.10498046875
-56225 2882.068115234375
-56215 2887.094970703125
-56205 2892.135986328125
-56195 2897.5419921875
-56185 2903.157958984375
-56175 2909.083984375
-56165 2915.445068359375
-56155 2922.1640625
-56145 2929.324951171875
-56135 2939.7880859375
-56125 2950.73095703125
-56115 2961.051025390625
-56105 2982.466064453125
-56095 2997.256103515625
-56085 3011.64404296875
-56075 3027.4208984375
-56065 3023.409912109375
-56055 3013.64306640625
-56045 3005.14306640625
-56035 2987.623046875
-56025 2976.72900390625
-56015 2969.343017578125
-56005 2953.868896484375
-55995 2942.299072265625
-55985 2929.632080078125
-55975 2915.791015625
-55965 2907.406005859375
-55955 2899.23388671875
-55945 2892.4169921875
-55935 2886.80810546875
-55925 2881.06396484375
-55915 2876.59912109375
-55905 2872.469970703125
-55895 2868.155029296875
-55885 2864.375
-55875 2860.68408203125
-55865 2857.958984375
-55855 2855.404052734375
-55845 2853.072998046875
-55835 2850.8349609375
-55825 2848.25
-55815 2845.616943359375
-55805 2842.240966796875
-55795 2838.44189453125
-55785 2835.14990234375
-55775 2830.699951171875
-55765 2826.1279296875
-55755 2821.68603515625
-55745 2817.114990234375
-55735 2812.388916015625
-55725 2807.450927734375
-55715 2802.327880859375
-55705 2795.794921875
-55695 2792.31201171875
-55685 2787.10009765625
-55675 2782.01708984375
-55665 2776.906005859375
-55655 2771.760009765625
-55645 2766.466064453125
-55635 2760.94091796875
-55625 2755.528076171875
-55615 2750.199951171875
-55605 2745.06591796875
-55595 2739.64111328125
-55585 2734.403076171875
-55575 2728.919921875
-55565 2723.843994140625
-55555 2718.7958984375
-55545 2713.966064453125
-55535 2709.7890625
-55525 2705.470947265625
-55515 2701.544921875
-55505 2698.197998046875
-55495 2695.173095703125
-55485 2692.180908203125
-55475 2689.1220703125
-55465 2686.02197265625
-55455 2684.618896484375
-55445 2681.3740234375
-55435 2677.14306640625
-55425 2671.576904296875
-55415 2665.326904296875
-55405 2659.702880859375
-55395 2655.68798828125
-55385 2651.51708984375
-55375 2645.06494140625
-55365 2638.5009765625
-55355 2632.779052734375
-55345 2626.93896484375
-55335 2616.9970703125
-55325 2603.341064453125
-55315 2595.485107421875
-55305 2589.862060546875
-55295 2585.199951171875
-55285 2575.97509765625
-55275 2574.6640625
-55265 2579.654052734375
-55255 2574.39501953125
-55245 2571.60107421875
-55235 2564.529052734375
-55225 2554.239013671875
-55215 2537.5
-55205 2526.94091796875
-55195 2519.907958984375
-55185 2514.904052734375
-55175 2510.39501953125
-55165 2503.865966796875
-55155 2497.842041015625
-55145 2496.577880859375
-55135 2491.551025390625
-55125 2486.31396484375
-55115 2483.0419921875
-55105 2477.06591796875
-55095 2470.791015625
-55085 2464.508056640625
-55075 2458.427978515625
-55065 2453.092041015625
-55055 2447.623046875
-55045 2443.2919921875
-55035 2437.675048828125
-55025 2432.531005859375
-55015 2427.010009765625
-55005 2421.31298828125
-54995 2416.051025390625
-54985 2409.76611328125
-54975 2404.864013671875
-54965 2400.780029296875
-54955 2396.760986328125
-54945 2395.424072265625
-54935 2393.125
-54925 2390.4130859375
-54915 2386.6240234375
-54905 2385.076904296875
-54895 2381.23291015625
-54885 2377.823974609375
-54875 2374.27392578125
-54865 2370.990966796875
-54855 2366.136962890625
-54845 2363.708984375
-54835 2359.366943359375
-54825 2355.875
-54815 2352.114013671875
-54805 2349.10302734375
-54795 2345.791015625
-54785 2342.842041015625
-54775 2340.291015625
-54765 2337.761962890625
-54755 2334.422119140625
-54745 2330.3779296875
-54735 2325.24609375
-54725 2319.571044921875
-54715 2313.428955078125
-54705 2307.56298828125
-54695 2302.2080078125
-54685 2298.673095703125
-54675 2295.1650390625
-54665 2290.9970703125
-54655 2288.006103515625
-54645 2285.85498046875
-54635 2283.9169921875
-54625 2280.876953125
-54615 2279.110107421875
-54605 2276.406005859375
-54595 2275.43994140625
-54585 2273.614013671875
-54575 2271.4599609375
-54565 2269.090087890625
-54555 2267.875
-54545 2266.798095703125
-54535 2264.51806640625
-54525 2264.76708984375
-54515 2267.2109375
-54505 2270.930908203125
-54495 2274.1279296875
-54485 2276.160888671875
-54475 2278.89990234375
-54465 2282.81591796875
-54455 2285.576904296875
-54445 2288.22802734375
-54435 2289.596923828125
-54425 2291.31005859375
-54415 2293.18408203125
-54405 2295.552978515625
-54395 2298.76806640625
-54385 2302.431884765625
-54375 2306.2509765625
-54365 2309.322021484375
-54355 2312.113037109375
-54345 2314.10302734375
-54335 2315.862060546875
-54325 2318.261962890625
-54315 2321.3369140625
-54305 2323.905029296875
-54295 2326.66796875
-54285 2329.56396484375
-54275 2332.760986328125
-54265 2336.31298828125
-54255 2340.445068359375
-54245 2343.04296875
-54235 2346.594970703125
-54225 2351.305908203125
-54215 2355.01708984375
-54205 2358.25390625
-54195 2361.280029296875
-54185 2365.593017578125
-54175 2370.008056640625
-54165 2374.375
-54155 2380.2919921875
-54145 2386.77099609375
-54135 2390.7490234375
-54125 2391.673095703125
-54115 2390.26708984375
-54105 2389.4150390625
-54095 2388.3759765625
-54085 2391.344970703125
-54075 2397.0810546875
-54065 2400.194091796875
-54055 2403.68994140625
-54045 2408.31689453125
-54035 2416.178955078125
-54025 2423.072998046875
-54015 2430.64990234375
-54005 2437.242919921875
-53995 2442.281005859375
-53985 2449.091064453125
-53975 2455.197998046875
-53965 2466.09912109375
-53955 2471.7451171875
-53945 2477.248046875
-53935 2479.285888671875
-53925 2481.79296875
-53915 2489.43701171875
-53905 2495.76611328125
-53895 2500.125
-53885 2504.83203125
-53875 2512.31689453125
-53865 2517.326904296875
-53855 2524.610107421875
-53845 2529.951904296875
-53835 2532.740966796875
-53825 2535.662109375
-53815 2538.60693359375
-53805 2542.22412109375
-53795 2545.58203125
-53785 2549.527099609375
-53775 2558.989013671875
-53765 2566.033935546875
-53755 2570.56494140625
-53745 2577.988037109375
-53735 2584.550048828125
-53725 2586.512939453125
-53715 2589.3359375
-53705 2593.326904296875
-53695 2594.094970703125
-53685 2590.22900390625
-53675 2588.367919921875
-53665 2587.85888671875
-53655 2589.139892578125
-53645 2589.093994140625
-53635 2588.68310546875
-53625 2591.365966796875
-53615 2594.97705078125
-53605 2598.676025390625
-53595 2602.697021484375
-53585 2607.79296875
-53575 2610.81298828125
-53565 2610.822021484375
-53555 2610.376953125
-53545 2612.673095703125
-53535 2615.14697265625
-53525 2617.97998046875
-53515 2620.68408203125
-53505 2622.945068359375
-53495 2625.447021484375
-53485 2628.04296875
-53475 2629.2958984375
-53465 2630.218994140625
-53455 2631.568115234375
-53445 2631.742919921875
-53435 2632.3779296875
-53425 2632.549072265625
-53415 2632.43798828125
-53405 2630.339111328125
-53395 2627.85009765625
-53385 2625.988037109375
-53375 2627.7529296875
-53365 2631.7041015625
-53355 2635.638916015625
-53345 2643.033935546875
-53335 2625.6669921875
-53325 2614.717041015625
-53315 2605.64306640625
-53305 2598.264892578125
-53295 2590.916015625
-53285 2583.735107421875
-53275 2576.35693359375
-53265 2569.64208984375
-53255 2562.85693359375
-53245 2555.72509765625
-53235 2548.26708984375
-53225 2541.48193359375
-53215 2534.5791015625
-53205 2527.344970703125
-53195 2519.98193359375
-53185 2513.341064453125
-53175 2507.176025390625
-53165 2500.5009765625
-53155 2493.818115234375
-53145 2486.867919921875
-53135 2479.94189453125
-53125 2472.2900390625
-53115 2459.468994140625
-53105 2441.60693359375
-53095 2434.638916015625
-53085 2427.763916015625
-53075 2421.7099609375
-53065 2417.458984375
-53055 2413.39501953125
-53045 2408.7890625
-53035 2404.322021484375
-53025 2399.10888671875
-53015 2393.613037109375
-53005 2388.9169921875
-52995 2384.763916015625
-52985 2380.873046875
-52975 2377.152099609375
-52965 2373.60400390625
-52955 2369.2890625
-52945 2364.89501953125
