-74645 3069.2080078125
-74635 3069.742919921875
-74625 3070.262939453125
-74615 3070.73095703125
-74605 3071.18408203125
-74595 3071.548095703125
-74585 3071.909912109375
-74575 3072.27392578125
-74565 3072.675048828125
-74555 3073.2099609375
-74545 3073.833984375
-74535 3074.580078125
-74525 3075.464111328125
-74515 3076.4169921875
-74505 3077.47412109375
-74495 3078.56591796875
-74485 3079.761962890625
-74475 3081.044921875
-74465 3082.587890625
-74455 3084.511962890625
-74445 3086.76611328125
-74435 3089.469970703125
-74425 3092.60693359375
-74415 3095.952880859375
-74405 3099.367919921875
-74395 3102.800048828125
-74385 3106.319091796875
-74375 3109.64501953125
-74365 3112.924072265625
-74355 3116.9970703125
-74345 3121.20703125
-74335 3125.0380859375
-74325 3127.447998046875
-74315 3130.98388671875
-74305 3134.5029296875
-74295 3137.587890625
-74285 3140.5869140625
-74275 3146.39404296875
-74265 3150.797119140625
-74255 3159.031005859375
-74245 3171.215087890625
-74235 3182.083984375
-74225 3190.26611328125
-74215 3196.506103515625
-74205 3202.555908203125
-74195 3212.262939453125
-74185 3223.2880859375
-74175 3232.54296875
-74165 3245.52587890625
-74155 3257.573974609375
-74145 3253.4130859375
-74135 3240.429931640625
-74125 3229.23388671875
-74115 3218.451904296875
-74105 3207.964111328125
-74095 3196.905029296875
-74085 3186.156982421875
-74075 3176.91796875
-74065 3168.35498046875
-74055 3159.759033203125
-74045 3150.39892578125
-74035 3137.72705078125
-74025 3133.653076171875
-74015 3127.10107421875
-74005 3121.4150390625
-73995 3117.205078125
-73985 3113.944091796875
-73975 3110.029052734375
-73965 3106.007080078125
-73955 3102.33203125
-73945 3098.39697265625
-73935 3094.201904296875
-73925 3090.25
-73915 3086.31494140625
-73905 3082.344970703125
-73895 3077.925048828125
-73885 3065.89697265625
-73875 3063.297119140625
-73865 3061.02392578125
-73855 3048.875
-73845 3052.758056640625
-73835 3056.48388671875
-73825 3054.05810546875
-73815 3046.637939453125
-73805 3049.68896484375
-73795 3047.41796875
-73785 3046.117919921875
-73775 3043.674072265625
-73765 3041.1259765625
-73755 3038.509033203125
-73745 3032.6669921875
-73735 3024.2939453125
-73725 3020.135986328125
-73715 3023.445068359375
-73705 3021.486083984375
-73695 3020.324951171875
-73685 3021.278076171875
-73675 3022.958984375
-73665 3022.802978515625
-73655 3022.47412109375
-73645 3022.6650390625
-73635 3022.594970703125
-73625 3022.3349609375
-73615 3021.9541015625
-73605 3021.762939453125
-73595 3021.5380859375
-73585 3021.242919921875
-73575 3019.23193359375
-73565 3019.735107421875
-73555 3019.387939453125
-73545 3018.60791015625
-73535 3017.447021484375
-73525 3015.886962890625
-73515 3014.60400390625
-73505 3013.927978515625
-73495 3013.653076171875
-73485 3013.1669921875
-73475 3013.341064453125
-73465 3013.8759765625
-73455 3015.0029296875
-73445 3015.404052734375
-73435 3016.216064453125
-73425 3017.152099609375
-73415 3019.075927734375
-73405 3020.636962890625
-73395 3036.134033203125
-73385 3042.738037109375
-73375 3047.972900390625
-73365 3053.156005859375
-73355 3056.779052734375
-73345 3061.3359375
-73335 3065.98388671875
-73325 3069.884033203125
-73315 3073.885986328125
-73305 3080.472900390625
-73295 3087.9619140625
-73285 3094.68798828125
-73275 3100.927978515625
-73265 3105.50390625
-73255 3108.5380859375
-73245 3109.45703125
-73235 3106.215087890625
-73225 3105.22705078125
-73215 3105.885986328125
-73205 3105.903076171875
-73195 3105.64306640625
-73185 3103.9619140625
-73175 3102.1240234375
-73165 3100.35595703125
-73155 3102.297119140625
-73145 3101.89892578125
-73135 3097.964111328125
-73125 3091.826904296875
-73115 3087.302978515625
-73105 3085.031982421875
-73095 3088.863037109375
-73085 3093.97705078125
-73075 3103.458984375
-73065 3113.06005859375
-73055 3119.906982421875
-73045 3109.821044921875
-73035 3108.136962890625
-73025 3109.43701171875
-73015 3115.52392578125
-73005 3123.166015625
-72995 3129.424072265625
-72985 3139.910888671875
-72975 3149.39306640625
-72965 3156.60400390625
-72955 3160.43505859375
-72945 3154.76708984375
-72935 3152.6689453125
-72925 3143.968017578125
-72915 3135.56005859375
-72905 3127.51708984375
-72895 3120.1669921875
-72885 3113.7880859375
-72875 3107.876953125
-72865 3102.592041015625
-72855 3098.136962890625
-72845 3093.993896484375
-72835 3089.2099609375
-72825 3082.89990234375
-72815 3074.544921875
-72805 3066.155029296875
-72795 3053.658935546875
-72785 3049.412109375
-72775 3040.952880859375
-72765 3032.1640625
-72755 3023.8779296875
-72745 3012.041015625
-72735 3009.160888671875
-72725 3004.674072265625
-72715 3000.739013671875
-72705 2996.94189453125
-72695 2992.280029296875
-72685 2986.906005859375
-72675 2981.18505859375
-72665 2975.552001953125
-72655 2969.693115234375
-72645 2963.60791015625
-72635 2957.821044921875
-72625 2952.447021484375
-72615 2947.507080078125
-72605 2942.825927734375
-72595 2938.77001953125
-72585 2934.904052734375
-72575 2931.367919921875
-72565 2927.485107421875
-72555 2924.139892578125
-72545 2920.551025390625
-72535 2917.135986328125
-72525 2914.032958984375
-72515 2910.861083984375
-72505 2907.864990234375
-72495 2905.093017578125
-72485 2902.333984375
-72475 2899.574951171875
-72465 2897.1240234375
-72455 2894.511962890625
-72445 2891.972900390625
-72435 2889.43408203125
-72425 2886.8369140625
-72415 2884.22412109375
-72405 2882.405029296875
-72395 2880.176025390625
-72385 2877.472900390625
-72375 2875.27197265625
-72365 2872.98291015625
-72355 2870.943115234375
-72345 2872.205078125
-72335 2872.35205078125
-72325 2872.29296875
-72315 2872.89501953125
-72305 2875.257080078125
-72295 2878.837890625
-72285 2881.93505859375
-72275 2890.284912109375
-72265 2900.572998046875
-72255 2908.674072265625
-72245 2912.51904296875
-72235 2905.944091796875
-72225 2898.25390625
-72215 2890.947998046875
-72205 2882.155029296875
-72195 2872.6298828125
-72185 2866.041015625
-72175 2860.962890625
-72165 2856.385009765625
-72155 2852.010986328125
-72145 2848.15087890625
-72135 2845.069091796875
-72125 2841.841064453125
-72115 2839.9619140625
-72105 2836.7041015625
-72095 2835.10400390625
-72085 2828.633056640625
-72075 2825.212890625
-72065 2819.782958984375
-72055 2816.304931640625
-72045 2811.31494140625
-72035 2805.944091796875
-72025 2804.051025390625
-72015 2802.5830078125
-72005 2801.99609375
-71995 2800.30810546875
-71985 2800.132080078125
-71975 2797.256103515625
-71965 2795.715087890625
-71955 2794.011962890625
-71945 2791.7958984375
-71935 2789.66796875
-71925 2787.554931640625
-71915 2783.533935546875
-71905 2781.259033203125
-71895 2775.697021484375
-71885 2770.986083984375
-71875 2767.27294921875
-71865 2764.044921875
-71855 2762.885009765625
-71845 2759.613037109375
-71835 2755.694091796875
-71825 2752.510009765625
-71815 2749.677001953125
-71805 2746.18408203125
-71795 2742.294921875
-71785 2738.656005859375
-71775 2736.160888671875
-71765 2731.905029296875
-71755 2728.514892578125
-71745 2726.343017578125
-71735 2721.955078125
-71725 2715.3359375
-71715 2710.785888671875
-71705 2705.076904296875
-71695 2700.3369140625
-71685 2692.985107421875
-71675 2689.110107421875
-71665 2686.718017578125
-71655 2685.572998046875
-71645 2685.367919921875
-71635 2685.616943359375
-71625 2686.8349609375
-71615 2684.89794921875
-71605 2681.81591796875
-71595 2679.2919921875
-71585 2677.340087890625
-71575 2674.844970703125
-71565 2671.279052734375
-71555 2667.492919921875
-71545 2663.26611328125
-71535 2658.804931640625
-71525 2654.696044921875
-71515 2651.0849609375
-71505 2650.528076171875
-71495 2650.675048828125
-71485 2652.215087890625
-71475 2653.903076171875
-71465 2654.97412109375
-71455 2655.694091796875
-71445 2656.221923828125
-71435 2653.56591796875
-71425 2650.7919921875
-71415 2645.81689453125
-71405 2641.737060546875
-71395 2641.751953125
-71385 2642.427001953125
-71375 2643.260986328125
-71365 2643.322021484375
-71355 2643.14599609375
-71345 2640.842041015625
-71335 2640.532958984375
-71325 2637.89208984375
-71315 2637.02587890625
-71305 2635.14697265625
-71295 2632.653076171875
-71285 2629.85009765625
-71275 2629.056884765625
-71265 2627.31103515625
-71255 2625.60595703125
-71245 2626.136962890625
-71235 2627.135009765625
-71225 2628.89599609375
-71215 2630.68603515625
-71205 2633.445068359375
-71195 2634.26708984375
-71185 2635.30908203125
-71175 2634.970947265625
-71165 2635.236083984375
-71155 2632.02099609375
-71145 2626.10498046875
-71135 2621.925048828125
-71125 2619.64990234375
-71115 2616.507080078125
-71105 2615.701904296875
-71095 2610.989013671875
-71085 2608.2470703125
-71075 2604.14990234375
-71065 2599.5
-71055 2597.327880859375
-71045 2598.488037109375
-71035 2603.81494140625
-71025 2603.491943359375
-71015 2601.068115234375
-71005 2600.52490234375
-70995 2600.8798828125
-70985 2599.882080078125
-70975 2597.47509765625
-70965 2595.905029296875
-70955 2592.4560546875
-70945 2590.35693359375
-70935 2589.550048828125
-70925 2588.639892578125
-70915 2587.260009765625
-70905 2585.14501953125
-70895 2582.946044921875
-70885 2579.68798828125
-70875 2579.4970703125
-70865 2580.93505859375
-70855 2578.62890625
-70845 2576.35400390625
-70835 2576.048095703125
-70825 2576.44189453125
-70815 2577.98291015625
-70805 2577.01708984375
-70795 2575.825927734375
-70785 2574.52197265625
-70775 2571.865966796875
-70765 2569.9580078125
-70755 2567.052001953125
-70745 2564.205078125
-70735 2559.5380859375
-70725 2555.781005859375
-70715 2553.489013671875
-70705 2554.721923828125
-70695 2552.93408203125
-70685 2550.718017578125
-70675 2547.988037109375
-70665 2546.22705078125
-70655 2544.1259765625
-70645 2543.47998046875
-70635 2539.694091796875
-70625 2538.43408203125
-70615 2537.083984375
-70605 2533.177978515625
-70595 2530.198974609375
-70585 2527.677001953125
-70575 2518.989013671875
-70565 2511.075927734375
-70555 2506.80810546875
-70545 2510.197998046875
-70535 2509.72607421875
-70525 2507.9208984375
-70515 2502.3759765625
-70505 2501.56591796875
-70495 2498.072998046875
-70485 2495.006103515625
-70475 2491.4990234375
-70465 2488.006103515625
-70455 2488.7099609375
-70445 2486.905029296875
-70435 2485.49609375
-70425 2482.943115234375
-70415 2478.217041015625
-70405 2473.301025390625
-70395 2468.031982421875
-70385 2461.531005859375
-70375 2457.656005859375
-70365 2457.553955078125
-70355 2460.327880859375
-70345 2462.30908203125
-70335 2463.072021484375
-70325 2464.466064453125
-70315 2466.285888671875
-70305 2467.72412109375
-70295 2471.0849609375
-70285 2474.3720703125
-70275 2474.06396484375
-70265 2469.79296875
-70255 2466.534912109375
-70245 2468.3720703125
-70235 2474.10791015625
-70225 2477.04296875
-70215 2477.322021484375
-70205 2479.8759765625
-70195 2482.076904296875
-70185 2484.219970703125
-70175 2487.462890625
-70165 2489.56201171875
-70155 2491.865966796875
-70145 2493.83203125
-70135 2492.64404296875
-70125 2486.861083984375
-70115 2481.6220703125
-70105 2477.306884765625
-70095 2471.803955078125
-70085 2468.26708984375
-70075 2464.862060546875
-70065 2460.72412109375
-70055 2458.052978515625
-70045 2453.4150390625
-70035 2450.846923828125
-70025 2447.780029296875
-70015 2444.18408203125
-70005 2442.10498046875
-69995 2441.031982421875
-69985 2438.910888671875
-69975 2434.5
-69965 2428.7939453125
-69955 2422.549072265625
-69945 2420.376953125
-69935 2414.93994140625
-69925 2410.47900390625
-69915 2407.14599609375
-69905 2403.611083984375
-69895 2400.447021484375
-69885 2394.656005859375
-69875 2390.73388671875
-69865 2387.23193359375
-69855 2382.14892578125
-69845 2370.955078125
-69835 2364.64208984375
-69825 2359.27197265625
-69815 2349.947021484375
-69805 2341.781982421875
-69795 2336.968017578125
-69785 2332.154052734375
-69775 2329.47705078125
-69765 2325.134033203125
-69755 2320.5048828125
-69745 2315.7080078125
-69735 2310.909912109375
-69725 2305.79296875
-69715 2297.9990234375
-69705 2290.8779296875
-69695 2286.384033203125
-69685 2279.196044921875
-69675 2272.344970703125
-69665 2266.0830078125
-69655 2259.5009765625
-69645 2256.16796875
-69635 2250.81494140625
-69625 2245.05810546875
-69615 2238.56005859375
-69605 2232.06298828125
-69595 2227.215087890625
-69585 2224.958984375
-69575 2218.595947265625
-69565 2217.468017578125
-69555 2213.361083984375
-69545 2209.35400390625
-69535 2201.10595703125
-69525 2190.5849609375
-69515 2181.511962890625
-69505 2173.903076171875
-69495 2163.77001953125
-69485 2152.4580078125
-69475 2144.511962890625
-69465 2134.89990234375
-69455 2126.60205078125
-69445 2119.93603515625
-69435 2114.14501953125
-69425 2107.596923828125
-69415 2100.89697265625
-69405 2093.873046875
-69395 2086.93798828125
-69385 2077.85205078125
-69375 2070.10888671875
-69365 2063.0009765625
-69355 2054.263916015625
-69345 2047.1939697265625
-69335 2038.967041015625
-69325 2032.7509765625
-69315 2026.64501953125
-69305 2019.8399658203125
-69295 2013.8809814453125
-69285 2007.366943359375
-69275 2002.501953125
-69265 1997.9739990234375
-69255 1994.0350341796875
-69245 1990.7020263671875
-69235 1983.7659912109375
-69225 1978.345947265625
-69215 1973.48095703125
-69205 1968.0269775390625
-69195 1958.885986328125
-69185 1954.98095703125
-69175 1952.708984375
-69165 1942.81103515625
-69155 1935.9429931640625
-69145 1932.10498046875
-69135 1932.9969482421875
-69125 1925.8260498046875
-69115 1908.656005859375
-69105 1898.572998046875
-69095 1890.56005859375
-69085 1885.98095703125
-69075 1883.741943359375
-69065 1882.2099609375
-69055 1881.3690185546875
-69045 1882.9169921875
-69035 1880.0560302734375
-69025 1871.9930419921875
-69015 1869.5350341796875
-69005 1869.60205078125
-68995 1869.366943359375
-68985 1870.02294921875
-68975 1870.175048828125
-68965 1868.0699462890625
-68955 1867.498046875
-68945 1865.6629638671875
-68935 1860.2769775390625
-68925 1859.5860595703125
-68915 1857.094970703125
-68905 1851.675048828125
-68895 1843.4100341796875
-68885 1839.7740478515625
-68875 1836.7939453125
-68865 1834.8409423828125
-68855 1832.3160400390625
-68845 1830.6839599609375
-68835 1830.3800048828125
-68825 1829.68994140625
-68815 1827.93994140625
-68805 1827.1490478515625
-68795 1828.7650146484375
-68785 1824.0849609375
-68775 1823.092041015625
-68765 1824.18603515625
-68755 1828.613037109375
-68745 1827.1319580078125
-68735 1826.4580078125
-68725 1826.89599609375
-68715 1829.3709716796875
-68705 1830.7850341796875
-68695 1830.8349609375
-68685 1830.178955078125
-68675 1827.68701171875
-68665 1826.2900390625
-68655 1822.68798828125
-68645 1820.281005859375
-68635 1814.741943359375
-68625 1810.887939453125
-68615 1807.6219482421875
-68605 1805.5849609375
-68595 1797.70703125
-68585 1794.4749755859375
-68575 1793.7010498046875
-68565 1792.824951171875
-68555 1793.06103515625
-68545 1790.738037109375
-68535 1793.010009765625
-68525 1799.053955078125
-68515 1802.656005859375
-68505 1808.4639892578125
-68495 1808.260986328125
-68485 1806.8480224609375
-68475 1805.989013671875
-68465 1802.3360595703125
-68455 1797.0340576171875
-68445 1796.7469482421875
-68435 1792.2530517578125
-68425 1787.8759765625
-68415 1783.2640380859375
-68405 1778.23095703125
-68395 1774.947998046875
-68385 1771.5980224609375
-68375 1762.72705078125
-68365 1756.5660400390625
-68355 1753.5030517578125
-68345 1751.4320068359375
-68335 1748.3680419921875
-68325 1746.85302734375
-68315 1746.66796875
-68305 1742.7459716796875
-68295 1739.6820068359375
-68285 1735.45703125
-68275 1732.9830322265625
-68265 1729.7840576171875
-68255 1727.529052734375
-68245 1726.4849853515625
-68235 1725.509033203125
-68225 1722.3780517578125
-68215 1721.41796875
-68205 1719.3310546875
-68195 1718.0679931640625
-68185 1716.95703125
-68175 1715.7960205078125
-68165 1715.20703125
-68155 1714.988037109375
-68145 1714.718994140625
-68135 1714.2469482421875
-68125 1713.52294921875
-68115 1712.428955078125
-68105 1711.5369873046875
-68095 1710.426025390625
-68085 1709.7860107421875
-68075 1708.9949951171875
-68065 1708.876953125
-68055 1708.675048828125
-68045 1708.573974609375
-68035 1708.657958984375
-68025 1708.6080322265625
-68015 1708.18701171875
-68005 1708.322021484375
-67995 1708.35498046875
-67985 1708.0689697265625
-67975 1707.91796875
-67965 1707.782958984375
-67955 1707.8170166015625
-67945 1707.47998046875
-67935 1707.344970703125
-67925 1707.009033203125
-67915 1706.77294921875
-67905 1706.4200439453125
-67895 1706.2850341796875
-67885 1705.81396484375
-67875 1705.4940185546875
-67865 1705.2919921875
-67855 1705.02197265625
-67845 1704.887939453125
-67835 1704.7530517578125
-67825 1704.4840087890625
-67815 1704.33203125
-67805 1703.97900390625
-67795 1704.2650146484375
-67785 1704.114013671875
-67775 1704.2139892578125
-67765 1704.06298828125
-67755 1704.248046875
-67745 1704.06298828125
-67735 1703.45703125
-67725 1703.1199951171875
-67715 1703.89501953125
-67705 1703.7769775390625
-67695 1703.5240478515625
-67685 1702.9859619140625
-67675 1702.56494140625
-67665 1702.4969482421875
-67655 1702.7159423828125
-67645 1702.04296875
-67635 1702.22802734375
-67625 1702.345947265625
-67615 1701.656005859375
-67605 1702.14404296875
-67595 1702.363037109375
-67585 1702.58203125
-67575 1702.8509521484375
-67565 1702.885009765625
-67555 1702.6490478515625
-67545 1702.1939697265625
-67535 1701.60498046875
-67525 1701.032958984375
-67515 1700.8480224609375
-67505 1700.8470458984375
-67495 1701.345947265625
-67485 1701.8270263671875
-67475 1702.0679931640625
-67465 1702.4189453125
-67455 1702.7149658203125
-67445 1703.4730224609375
-67435 1705.009033203125
-67425 1707.376953125
-67415 1709.301025390625
-67405 1710.447998046875
-67395 1712.833984375
-67385 1714.64697265625
-67375 1717.0889892578125
-67365 1714.8499755859375
-67355 1718.5689697265625
-67345 1721.43603515625
-67335 1723.989013671875
-67325 1725.9129638671875
-67315 1729.5570068359375
-67305 1734.2559814453125
-67295 1736.364990234375
-67285 1739.0469970703125
-67275 1740.842041015625
-67265 1744.0789794921875
-67255 1747.1689453125
-67245 1751.219970703125
-67235 1752.9219970703125
-67225 1753.3289794921875
-67215 1755.0489501953125
-67205 1755.697021484375
-67195 1755.7889404296875
-67185 1758.1199951171875
-67175 1760.1739501953125
-67165 1762.0789794921875
-67155 1762.2080078125
-67145 1761.5980224609375
-67135 1758.89697265625
-67125 1759.322998046875
-67115 1760.1920166015625
-67105 1762.22705078125
-67095 1761.89404296875
-67085 1760.302978515625
-67075 1759.6190185546875
-67065 1760.0439453125
-67055 1759.7110595703125
-67045 1760.1739501953125
-67035 1759.9329833984375
-67025 1759.8590087890625
-67015 1760.39599609375
-67005 1754.8089599609375
-66995 1751.1639404296875
-66985 1754.93798828125
-66975 1760.7469482421875
-66965 1762.9300537109375
-66955 1764.8170166015625
-66945 1767.5179443359375
-66935 1772.2349853515625
-66925 1775.5460205078125
-66915 1777.9139404296875
-66905 1778.8759765625
-66895 1780.375
-66885 1781.633056640625
-66875 1787.7559814453125
-66865 1789.717041015625
-66855 1793.2130126953125
-66845 1796.802001953125
-66835 1801.112060546875
-66825 1805.6629638671875
-66815 1811.176025390625
-66805 1818.85302734375
-66795 1825.10595703125
-66785 1830.7850341796875
-66775 1836.4090576171875
-66765 1834.18896484375
-66755 1842.8280029296875
-66745 1843.031982421875
-66735 1842.0140380859375
-66725 1848.248046875
-66715 1849.654052734375
-66705 1853.9649658203125
-66695 1858.2010498046875
-66685 1858.6820068359375
-66675 1863.177001953125
-66665 1868.89404296875
-66655 1874.092041015625
-66645 1877.4959716796875
-66635 1877.4029541015625
-66625 1882.3800048828125
-66615 1887.1710205078125
-66605 1892.906005859375
-66595 1895.60595703125
-66585 1898.1590576171875
-66575 1902.5989990234375
-66565 1906.594970703125
-66555 1910.6280517578125
-66545 1915.4930419921875
-66535 1918.23095703125
-66525 1921.708984375
-66515 1925.001953125
-66505 1928.9239501953125
-66495 1933.177978515625
-66485 1937.8399658203125
-66475 1943.6300048828125
-66465 1949.125
-66455 1954.969970703125
-66445 1959.261962890625
-66435 1961.2049560546875
-66425 1962.98095703125
-66415 1965.404052734375
-66405 1967.383056640625
-66395 1958.9110107421875
-66385 1961.2049560546875
-66375 1966.884033203125
-66365 1974.654052734375
-66355 1982.1090087890625
-66345 1990.8399658203125
-66335 1999.2950439453125
-66325 2008.3780517578125
-66315 2015.01904296875
-66305 2021.0870361328125
-66295 2028.1529541015625
-66285 2035.81201171875
-66275 2043.137939453125
-66265 2048.85400390625
-66255 2054.514892578125
-66245 2057.659912109375
-66235 2062.56201171875
-66225 2068.48193359375
-66215 2073.218017578125
-66205 2077.712890625
-66195 2081.35693359375
-66185 2084.81689453125
-66175 2087.739990234375
-66165 2091.60595703125
-66155 2096.803955078125
-66145 2095.87890625
-66135 2090.385009765625
-66125 2092.864013671875
-66115 2096.285888671875
-66105 2099.282958984375
-66095 2109.27294921875
-66085 2119.7060546875
-66075 2127.883056640625
-66065 2134.930908203125
-66055 2142.81201171875
-66045 2150.284912109375
-66035 2157.8701171875
-66025 2165.010986328125
-66015 2172.22998046875
-66005 2177.47900390625
-65995 2182.4599609375
-65985 2185.027099609375
-65975 2187.824951171875
-65965 2188.5419921875
-65955 2188.486083984375
-65945 2189.485107421875
-65935 2193.554931640625
-65925 2198.80908203125
-65915 2201.1259765625
-65905 2201.10302734375
-65895 2202.527099609375
-65885 2202.1201171875
-65875 2202.7490234375
-65865 2201.884033203125
-65855 2201.43603515625
-65845 2202.550048828125
-65835 2203.06396484375
-65825 2201.532958984375
-65815 2200.991943359375
-65805 2201.3798828125
-65795 2199.97900390625
-65785 2200.2890625
-65775 2200.991943359375
-65765 2201.56494140625
-65755 2200.2890625
-65745 2199.239013671875
-65735 2198.993896484375
-65725 2197.551025390625
-65715 2195.81201171875
-65705 2195.094970703125
-65695 2195.575927734375
-65685 2195.05810546875
-65675 2194.553955078125
-65665 2192.208984375
-65655 2191.06201171875
-65645 2190.22509765625
-65635 2189.22607421875
-65625 2188.263916015625
-65615 2189.077880859375
-65605 2187.635009765625
-65595 2183.76904296875
-65585 2187.39501953125
-65575 2190.7060546875
-65565 2191.85302734375
-65555 2193.35595703125
-65545 2195.946044921875
-65535 2197.240966796875
-65525 2198.5869140625
-65515 2199.216064453125
-65505 2198.291015625
-65495 2192.16796875
-65485 2185.489990234375
-65475 2179.052001953125
-65465 2172.594970703125
-65455 2182.030029296875
-65445 2187.930908203125
-65435 2193.429931640625
-65425 2195.5390625
-65415 2198.31396484375
-65405 2198.883056640625
-65395 2197.7919921875
-65385 2201.324951171875
-65375 2204.177978515625
-65365 2207.508056640625
-65355 2209.2099609375
-65345 2213.718994140625
-65335 2215.573974609375
-65325 2216.258056640625
-65315 2216.531005859375
-65305 2218.44091796875
-65295 2218.27001953125
-65285 2219.81005859375
-65275 2222.673095703125
-65265 2225.3740234375
-65255 2226.507080078125
-65245 2226.373046875
-65235 2228.22705078125
-65225 2229.943115234375
-65215 2226.85400390625
-65205 2222.783935546875
-65195 2219.884033203125
-65185 2213.904052734375
-65175 2207.618896484375
-65165 2199.97900390625
-65155 2194.799072265625
-65145 2192.801025390625
-65135 2192.260009765625
-65125 2190.6689453125
-65115 2188.448974609375
-65105 2185.969970703125
-65095 2187.824951171875
-65085 2191.001953125
-65075 2192.468017578125
-65065 2194.998046875
-65055 2195.923095703125
-65045 2197.846923828125
-65035 2198.5869140625
-65025 2199.60400390625
-65015 2199.178955078125
-65005 2199.64404296875
-64995 2198.14990234375
-64985 2194.549072265625
-64975 2183.6708984375
-64965 2174.68896484375
-64955 2164.666015625
-64945 2148.169921875
-64935 2137.178955078125
-64925 2091.93798828125
-64915 2059.905029296875
-64905 2046.5880126953125
-64895 2048.175048828125
-64885 2057.466064453125
-64875 2059.93994140625
-64865 2060.31201171875
-64855 2058.4541015625
-64845 2052.801025390625
-64835 2051.02099609375
-64825 2045.2330322265625
-64815 2012.9410400390625
-64805 2010.31298828125
-64795 2032.4759521484375
-64785 2033.2889404296875
-64775 2031.0050048828125
-64765 2033.4439697265625
-64755 2028.446044921875
-64745 2027.8690185546875
-64735 2025.5469970703125
-64725 2026.572998046875
-64715 2025.948974609375
-64705 2027.4630126953125
-64695 2028.0589599609375
-64685 2025.8179931640625
-64675 2030.1300048828125
-64665 2031.5469970703125
-64655 2031.89599609375
-64645 2033.0760498046875
-64635 2032.2049560546875
-64625 2034.8570556640625
-64615 2029.2010498046875
-64605 2019.5260009765625
-64595 2004.0799560546875
-64585 1989.9100341796875
-64575 1979.9990234375
-64565 1964.6300048828125
-64555 1943.3370361328125
-64545 1932.0909423828125
-64535 1913.1400146484375
-64525 1893.551025390625
-64515 1877.7359619140625
-64505 1860.218017578125
-64495 1851.6429443359375
-64485 1837.0469970703125
-64475 1829.8470458984375
-64465 1819.0260009765625
-64455 1804.991943359375
-64445 1786.60302734375
-64435 1772.9169921875
-64425 1758.2249755859375
-64415 1749.2440185546875
-64405 1742.2950439453125
-64395 1733.157958984375
-64385 1718.2919921875
-64375 1705.9029541015625
-64365 1691.9659423828125
-64355 1685.1719970703125
-64345 1676.5770263671875
-64335 1668.60205078125
-64325 1659.6209716796875
-64315 1648.1810302734375
-64305 1629.946044921875
-64295 1597.7939453125
-64285 1592.083984375
-64275 1586.0439453125
-64265 1579.0760498046875
-64255 1572.998046875
-64245 1567.4420166015625
-64235 1562.157958984375
-64225 1557.4930419921875
-64215 1555.1700439453125
-64205 1555.5760498046875
-64195 1555.4019775390625
-64185 1554.0279541015625
-64175 1553.678955078125
-64165 1554.64697265625
-64155 1554.0660400390625
-64145 1552.9820556640625
-64135 1553.27294921875
-64125 1552.885986328125
-64115 1550.54296875
-64105 1548.3170166015625
-64095 1547.4659423828125
-64085 1543.8070068359375
-64075 1541.85205078125
-64065 1540.593994140625
-64055 1540.012939453125
-64045 1538.2130126953125
-64035 1535.4449462890625
-64025 1534.2640380859375
-64015 1531.7860107421875
-64005 1530.198974609375
-63995 1528.14697265625
-63985 1524.89501953125
-63975 1522.998046875
-63965 1520.7340087890625
-63955 1519.7850341796875
-63945 1518.1199951171875
-63935 1516.3590087890625
-63925 1515.0810546875
-63915 1514.2679443359375
-63905 1512.990966796875
-63895 1511.886962890625
-63885 1510.7840576171875
-63875 1510.0479736328125
-63865 1509.6810302734375
-63855 1509.5260009765625
-63845 1509.6419677734375
-63835 1509.623046875
-63825 1509.3709716796875
-63815 1509.2159423828125
-63805 1509.0810546875
-63795 1509.02294921875
-63785 1507.68701171875
-63775 1508.6929931640625
-63765 1508.6739501953125
-63755 1508.81005859375
-63745 1509.06103515625
-63735 1509.177001953125
-63725 1509.4100341796875
-63715 1509.89404296875
-63705 1508.3060302734375
-63695 1509.758056640625
-63685 1510.43603515625
-63675 1511.1319580078125
-63665 1511.791015625
-63655 1512.487060546875
-63645 1513.532958984375
-63635 1514.5780029296875
-63625 1515.3330078125
-63615 1515.9720458984375
-63605 1517.1529541015625
-63595 1519.030029296875
-63585 1521.4110107421875
-63575 1525.883056640625
-63565 1527.89599609375
-63555 1529.696044921875
-63545 1532.27001953125
-63535 1535.0379638671875
-63525 1537.5360107421875
-63515 1539.8580322265625
-63505 1543.072021484375
-63495 1544.9110107421875
-63485 1547.0789794921875
-63475 1550.6600341796875
-63465 1551.781982421875
-63455 1548.762939453125
-63445 1551.008056640625
-63435 1554.1829833984375
-63425 1563.8609619140625
-63415 1571.3330078125
-63405 1575.3590087890625
-63395 1578.998046875
-63385 1583.1409912109375
-63375 1586.876953125
-63365 1590.14794921875
-63355 1591.7740478515625
-63345 1594.4649658203125
-63335 1599.633056640625
-63325 1603.8919677734375
-63315 1609.001953125
-63305 1614.2860107421875
-63295 1618.31298828125
-63285 1621.31298828125
-63275 1624.6619873046875
-63265 1628.7850341796875
-63255 1633.6629638671875
-63245 1637.3990478515625
-63235 1641.3480224609375
-63225 1645.0450439453125
-63215 1649.5159912109375
-63205 1653.7550048828125
-63195 1658.594970703125
-63185 1663.821044921875
-63175 1670.866943359375
-63165 1672.8609619140625
-63155 1674.428955078125
-63145 1677.5059814453125
-63135 1680.0419921875
-63125 1682.2679443359375
-63115 1685.2110595703125
-63105 1688.3270263671875
-63095 1691.81103515625
-63085 1697.114990234375
-63075 1701.1409912109375
-63065 1704.1419677734375
-63055 1708.593994140625
-63045 1711.4010009765625
-63035 1716.3170166015625
-63025 1722.39599609375
-63015 1726.595947265625
-63005 1729.6929931640625
-62995 1733.1190185546875
-62985 1735.5970458984375
-62975 1736.4100341796875
-62965 1738.2879638671875
-62955 1741.1529541015625
-62945 1745.197998046875
-62935 1749.1280517578125
-62925 1750.7149658203125
-62915 1751.6829833984375
-62905 1753.7349853515625
-62895 1758.2060546875
-62885 1762.4840087890625
-62875 1765.7550048828125
-62865 1768.8330078125
-62855 1770.2659912109375
-62845 1773.614013671875
-62835 1777.2919921875
-62825 1780.7569580078125
-62815 1783.31201171875
-62805 1785.208984375
-62795 1785.5
-62785 1787.3580322265625
-62775 1789.468017578125
-62765 1791.5780029296875
-62755 1793.842041015625
-62745 1796.5909423828125
-62735 1798.9329833984375
-62725 1801.08203125
-62715 1804.0050048828125
-62705 1809.6190185546875
-62695 1812.987060546875
-62685 1817.4580078125
-62675 1823.0140380859375
-62665 1827.4659423828125
-62655 1831.008056640625
-62645 1833.136962890625
-62635 1834.7249755859375
-62625 1837.009033203125
-62615 1838.906005859375
-62605 1841.093017578125
-62595 1843.2220458984375
-62585 1846.4940185546875
-62575 1849.43603515625
-62565 1851.739990234375
-62555 1853.8489990234375
-62545 1857.1209716796875
-62535 1859.4439697265625
-62525 1861.4759521484375
-62515 1863.198974609375
-62505 1865.2879638671875
-62495 1867.198974609375
-62485 1869.926025390625
-62475 1873.2679443359375
-62465 1876.2030029296875
-62455 1878.6529541015625
-62445 1880.3680419921875
-62435 1881.6180419921875
-62425 1882.9759521484375
-62415 1883.363037109375
-62405 1884.6719970703125
-62395 1885.16796875
-62385 1886.0999755859375
-62375 1884.8699951171875
-62365 1884.0870361328125
-62355 1887.0419921875
-62345 1887.8160400390625
-62335 1888.68798828125
-62325 1889.6009521484375
-62315 1890.2249755859375
-62305 1888.7679443359375
-62295 1890.7110595703125
-62285 1891.3759765625
-62275 1892.5059814453125
-62265 1893.4580078125
-62255 1894.47900390625
-62245 1895.4119873046875
-62235 1895.282958984375
-62225 1898.0989990234375
-62215 1901.1429443359375
-62205 1902.343017578125
-62195 1903.7120361328125
-62185 1901.8480224609375
-62175 1904.9219970703125
-62165 1904.7130126953125
-62155 1905.9429931640625
-62145 1906.5980224609375
-62135 1912.072021484375
-62125 1915.4530029296875
-62115 1919.4200439453125
-62105 1921.780029296875
-62095 1923.634033203125
-62085 1921.6910400390625
-62075 1925.93505859375
-62065 1929.60400390625
-62055 1932.7080078125
-62045 1933.759033203125
-62035 1933.2039794921875
-62025 1935.22705078125
-62015 1940.2249755859375
-62005 1942.85302734375
-61995 1945.6190185546875
-61985 1949.041015625
-61975 1952.551025390625
-61965 1954.009033203125
-61955 1953.4830322265625
-61945 1956.85498046875
-61935 1958.97705078125
-61925 1961.0400390625
-61915 1962.031005859375
-61905 1964.6490478515625
-61895 1966.7020263671875
-61885 1968.1099853515625
-61875 1969.717041015625
-61865 1971.8780517578125
-61855 1975.1710205078125
-61845 1977.114013671875
-61835 1979.8509521484375
-61825 1982.1319580078125
-61815 1985.344970703125
-61805 1989.9759521484375
-61795 1996.5999755859375
-61785 2001.5389404296875
-61775 2003.8489990234375
-61765 2006.9429931640625
-61755 2010.6820068359375
-61745 2013.43896484375
-61735 2016.31494140625
-61725 2023.2659912109375
-61715 2030.6839599609375
-61705 2038.1610107421875
-61695 2044.5870361328125
-61685 2050.864013671875
-61675 2054.54296875
-61665 2056.93310546875
-61655 2059.431884765625
-61645 2062.138916015625
-61635 2065.212890625
-61625 2068.951904296875
-61615 2081.337890625
-61605 2086.068115234375
-61595 2086.653076171875
-61585 2086.573974609375
-61575 2084.56103515625
-61565 2081.803955078125
-61555 2082.160888671875
-61545 2084.212890625
-61535 2087.43603515625
-61525 2091.383056640625
-61515 2094.43798828125
-61505 2099.654052734375
-61495 2105.653076171875
-61485 2112.68408203125
-61475 2118.862060546875
-61465 2125.050048828125
-61455 2134.56005859375
-61445 2141.383056640625
-61435 2145.794921875
-61425 2150.278076171875
-61415 2151.904052734375
-61405 2153.927001953125
-61395 2157.72509765625
-61385 2162.009033203125
-61375 2165.738037109375
-61365 2170.964111328125
-61355 2177.7958984375
-61345 2183.14111328125
-61335 2188.030029296875
-61325 2189.31005859375
-61315 2190.966064453125
-61305 2193.455078125
-61295 2195.7060546875
-61285 2198.43310546875
-61275 2200.1279296875
-61265 2204.887939453125
-61255 2211.680908203125
-61245 2218.741943359375
-61235 2225.782958984375
-61225 2232.8330078125
-61215 2245.090087890625
-61205 2256.077880859375
-61195 2260.718994140625
-61185 2263.1279296875
-61175 2264.507080078125
-61165 2264.2490234375
-61155 2266.44091796875
-61145 2270.26904296875
-61135 2272.657958984375
-61125 2276.22802734375
-61115 2282.7529296875
-61105 2295.705078125
-61095 2307.56494140625
-61085 2314.258056640625
-61075 2320.56494140625
-61065 2326.09912109375
-61055 2331.236083984375
-61045 2334.15087890625
-61035 2339.10888671875
-61025 2346.139892578125
-61015 2351.485107421875
-61005 2357.89111328125
-60995 2363.5830078125
-60985 2368.39306640625
-60975 2372.993896484375
-60965 2376.842041015625
-60955 2378.81494140625
-60945 2382.3359375
-60935 2385.597900390625
-60925 2387.62109375
-60915 2387.780029296875
-60905 2387.760009765625
-60895 2387.72998046875
-60885 2387.58203125
-60875 2387.452880859375
-60865 2390.208984375
-60855 2390.794921875
-60845 2393.27392578125
-60835 2392.758056640625
-60825 2389.990966796875
-60815 2388.256103515625
-60805 2388.375
-60795 2386.6689453125
-60785 2386.073974609375
-60775 2386.44091796875
-60765 2384.68603515625
-60755 2384.716064453125
-60745 2385.64794921875
-60735 2389.218017578125
-60725 2393.31298828125
-60715 2396.715087890625
-60705 2399.799072265625
-60695 2399.48095703125
-60685 2399.7099609375
-60675 2399.93798828125
-60665 2399.431884765625
-60655 2398.66796875
-60645 2398.1630859375
-60635 2395.9208984375
-60625 2395.762939453125
-60615 2395.416015625
-60605 2395.722900390625
-60595 2396.010986328125
-60585 2397.64697265625
-60575 2396.972900390625
-60565 2396.64599609375
-60555 2397.74609375
-60545 2400.235107421875
-60535 2402.278076171875
-60525 2403.011962890625
-60515 2401.365966796875
-60505 2400.791015625
-60495 2401.85205078125
-60485 2402.318115234375
-60475 2400.989013671875
-60465 2401.27587890625
-60455 2402.2880859375
-60445 2402.327880859375
-60435 2401.85205078125
-60425 2403.22998046875
-60415 2405.174072265625
-60405 2406.97900390625
-60395 2410.389892578125
-60385 2412.611083984375
-60375 2415.337890625
-60365 2417.60888671875
-60355 2419.39404296875
-60345 2420.553955078125
-60335 2422.180908203125
-60325 2424.242919921875
-60315 2426.405029296875
-60305 2430.866943359375
-60295 2430.886962890625
-60285 2431.501953125
-60275 2431.423095703125
-60265 2431.195068359375
-60255 2430.60009765625
-60245 2430.31201171875
-60235 2434.575927734375
-60225 2431.531982421875
-60215 2432.85107421875
-60205 2433.882080078125
-60195 2436.073974609375
-60185 2437.7099609375
-60175 2438.464111328125
-60165 2440.376953125
-60155 2440.873046875
-60145 2440.60595703125
-60135 2438.781005859375
-60125 2438.552978515625
-60115 2437.135009765625
-60105 2436.133056640625
-60095 2436.718017578125
-60085 2438.037109375
-60075 2440.318115234375
-60065 2442.419921875
-60055 2443.72900390625
-60045 2445.85205078125
-60035 2448.35107421875
-60025 2450.115966796875
-60015 2451.43505859375
-60005 2452.35498046875
-59995 2453.672119140625
-59985 2455.072998046875
-59975 2456.136962890625
-59965 2457.0849609375
-59955 2457.864013671875
-59945 2458.39599609375
-59935 2458.56396484375
-59925 2459.4208984375
-59915 2460.861083984375
-59905 2462.509033203125
-59895 2464.64990234375
-59885 2467.712890625
-59875 2470.87890625
-59865 2474.73291015625
-59855 2480.625
-59845 2486.087890625
-59835 2490.215087890625
-59825 2496.5859375
-59815 2502.7890625
-59805 2508.822998046875
-59795 2514.0791015625
-59785 2520.294921875
-59775 2525.382080078125
-59765 2530.468994140625
-59755 2535.89306640625
-59745 2541.2548828125
-59735 2547.532958984375
-59725 2552.388916015625
-59715 2556.865966796875
-59705 2561.534912109375
-59695 2566.155029296875
-59685 2570.514892578125
-59675 2574.590087890625
-59665 2579.77099609375
-59655 2588.841064453125
-59645 2594.18798828125
-59635 2598.06396484375
-59625 2600.93603515625
-59615 2603.971923828125
-59605 2605.823974609375
-59595 2608.527099609375
-59585 2612.01806640625
-59575 2615.65087890625
-59565 2619.9208984375
-59555 2623.73193359375
-59545 2627.472900390625
-59535 2630.794921875
-59525 2633.866943359375
-59515 2639.56689453125
-59505 2643.3310546875
-59495 2647.7041015625
-59485 2650.8701171875
-59475 2655.031982421875
-59465 2660.77099609375
-59455 2666.5849609375
-59445 2670.47802734375
-59435 2674.785888671875
-59425 2682.844970703125
-59415 2685.362060546875
-59405 2691.14990234375
-59395 2696.5869140625
-59385 2702.2060546875
-59375 2707.136962890625
-59365 2712.197998046875
-59355 2717.27197265625
-59345 2722.152099609375
-59335 2727.537109375
-59325 2735.40087890625
-59315 2744.14697265625
-59305 2755.77392578125
-59295 2763.222900390625
-59285 2770.281982421875
-59275 2778.445068359375
-59265 2784.89404296875
-59255 2790.072021484375
-59245 2784.570068359375
-59235 2776.575927734375
-59225 2769.81494140625
-59215 2766.596923828125
-59205 2765.611083984375
-59195 2761.159912109375
-59185 2760.951904296875
-59175 2762.49609375
-59165 2765.117919921875
-59155 2765.156005859375
-59145 2764.52099609375
-59135 2761.22509765625
-59125 2762.846923828125
-59115 2765.93505859375
-59105 2768.64697265625
-59095 2771.06103515625
-59085 2771.385009765625
-59075 2777.39404296875
-59065 2777.48388671875
-59055 2774.408935546875
-59045 2770.126953125
-59035 2766.947021484375
-59025 2759.64111328125
-59015 2752.9970703125
-59005 2745.885986328125
-58995 2740.85107421875
-58985 2739.513916015625
-58975 2742.162109375
-58965 2745.445068359375
-58955 2746.444091796875
-58945 2747.2490234375
-58935 2748.027099609375
-58925 2748.93603515625
-58915 2749.947998046875
-58905 2751.011962890625
-58895 2751.60888671875
-58885 2752.81591796875
-58875 2753.85400390625
-58865 2755.60595703125
-58855 2756.735107421875
-58845 2756.125
-58835 2754.385986328125
-58825 2742.97900390625
-58815 2736.075927734375
-58805 2732.715087890625
-58795 2719.283935546875
-58785 2711.094970703125
-58775 2701.660888671875
-58765 2690.552978515625
-58755 2675.656005859375
-58745 2648.625
-58735 2618.972900390625
-58725 2604.297119140625
-58715 2592.592041015625
-58705 2582.375
-58695 2578.77099609375
-58685 2573.554931640625
-58675 2569.156005859375
-58665 2564.93505859375
-58655 2559.033935546875
-58645 2552.68505859375
-58635 2547.4970703125
-58625 2541.787109375
-58615 2537.514892578125
-58605 2533.885009765625
-58595 2530.923095703125
-58585 2528.45703125
-58575 2524.991943359375
-58565 2521.320068359375
-58555 2517.971923828125
-58545 2516.20703125
-58535 2514.5849609375
-58525 2511.341064453125
-58515 2506.760009765625
-58505 2502.010009765625
-58495 2496.053955078125
-58485 2492.862060546875
-58475 2488.6220703125
-58465 2483.625
-58455 2478.885986328125
-58445 2461.431884765625
-58435 2443.446044921875
-58425 2432.131103515625
-58415 2425.991943359375
-58405 2419.802978515625
-58395 2415.235107421875
-58385 2409.887939453125
-58375 2403.02392578125
-58365 2396.548095703125
-58355 2390.903076171875
-58345 2384.972900390625
-58335 2380.01611328125
-58325 2375.81103515625
-58315 2372.43798828125
-58305 2369.06298828125
-58295 2368.323974609375
-58285 2370.19189453125
-58275 2370.9580078125
-58265 2370.81494140625
-58255 2371.60693359375
-58245 2375.422119140625
-58235 2375.512939453125
-58225 2374.344970703125
-58215 2373.60498046875
-58205 2375.22802734375
-58195 2374.032958984375
-58185 2370.54296875
-58175 2364.989013671875
-58165 2365.132080078125
-58155 2365.4560546875
-58145 2365.093017578125
-58135 2363.534912109375
-58125 2361.01806640625
-58115 2357.56591796875
-58105 2353.465087890625
-58095 2344.693115234375
-58085 2342.992919921875
-58075 2339.60595703125
-58065 2333.196044921875
-58055 2330.7041015625
-58045 2325.73388671875
-58035 2319.427001953125
-58025 2316.248046875
-58015 2309.47412109375
-58005 2300.93603515625
-57995 2294.123046875
-57985 2289.969970703125
-57975 2285.3369140625
-57965 2280.678955078125
-57955 2275.513916015625
-57945 2269.986083984375
-57935 2268.10400390625
-57925 2264.7041015625
-57915 2259.837890625
-57905 2255.68603515625
-57895 2252.116943359375
-57885 2247.8740234375
-57875 2243.18896484375
-57865 2236.72607421875
-57855 2231.6259765625
-57845 2228.01904296875
-57835 2222.361083984375
-57825 2218.092041015625
-57815 2213.575927734375
-57805 2210.1240234375
-57795 2209.864990234375
-57785 2210.73388671875
-57775 2211.175048828125
-57765 2213.18701171875
-57755 2215.469970703125
-57745 2216.18408203125
-57735 2217.5859375
-57725 2219.364013671875
-57715 2220.778076171875
-57705 2222.7109375
-57695 2225.216064453125
-57685 2227.111083984375
-57675 2229.1220703125
-57665 2231.172119140625
-57655 2232.652099609375
-57645 2235.02587890625
-57635 2236.791015625
-57625 2239.10107421875
-57615 2241.177001953125
-57605 2243.14990234375
-57595 2245.264892578125
-57585 2248.0810546875
-57575 2250.001953125
-57565 2252.1689453125
-57555 2254.777099609375
-57545 2257.217041015625
-57535 2260.759033203125
-57525 2263.381103515625
-57515 2267.4169921875
-57505 2271.22509765625
-57495 2276.135009765625
-57485 2281.216064453125
-57475 2286.008056640625
-57465 2291.52392578125
-57455 2296.52294921875
-57445 2301.52294921875
-57435 2345.876953125
-57425 2332.241943359375
-57415 2332.596923828125
-57405 2365.39404296875
-57395 2383.864990234375
-57385 2384.072021484375
-57375 2384.385009765625
-57365 2430.1259765625
-57355 2435.112060546875
-57345 2444.76904296875
-57335 2456.06201171875
-57325 2464.125
-57315 2471.80810546875
-57305 2473.988037109375
-57295 2477.14794921875
-57285 2482.26904296875
-57275 2486.99609375
-57265 2495.468994140625
-57255 2500.576904296875
-57245 2507.345947265625
-57235 2513.93896484375
-57225 2520.31396484375
-57215 2527.166015625
-57205 2533.781982421875
-57195 2540.787109375
-57185 2548.030029296875
-57175 2554.013916015625
-57165 2556.506103515625
-57155 2559.81591796875
-57145 2565.087890625
-57135 2570.68603515625
-57125 2575.236083984375
-57115 2579.294921875
-57105 2582.001953125
-57095 2586.256103515625
-57085 2590.5048828125
-57075 2594.7548828125
-57065 2600.135986328125
-57055 2605.284912109375
-57045 2608.635986328125
-57035 2614.846923828125
-57025 2619.424072265625
-57015 2623.4150390625
-57005 2627.596923828125
-56995 2630.716064453125
-56985 2636.069091796875
-56975 2641.341064453125
-56965 2645.4140625
-56955 2649.14599609375
-56945 2653.572998046875
-56935 2659.116943359375
-56925 2663.27099609375
-56915 2668.555908203125
-56905 2672.7109375
-56895 2678.826904296875
-56885 2686.68701171875
-56875 2690.77294921875
-56865 2690.923095703125
-56855 2696.031005859375
-56845 2702.610107421875
-56835 2709.06689453125
-56825 2712.56689453125
-56815 2718.071044921875
-56805 2724.405029296875
-56795 2728.844970703125
-56785 2731.924072265625
-56775 2734.2529296875
-56765 2737.4951171875
-56755 2737.863037109375
-56745 2735.506103515625
-56735 2736.635986328125
-56725 2740.778076171875
-56715 2742.0439453125
-56705 2744.8779296875
-56695 2745.7900390625
-56685 2743.883056640625
-56675 2746.593994140625
-56665 2753.527099609375
-56655 2755.35302734375
-56645 2759.507080078125
-56635 2760.22900390625
-56625 2759.76611328125
-56615 2760.0380859375
-56605 2760.610107421875
-56595 2760.0791015625
-56585 2760.85498046875
-56575 2763.2939453125
-56565 2769.94091796875
-56555 2773.114990234375
-56545 2775.075927734375
-56535 2778.344970703125
-56525 2779.0810546875
-56515 2780.60693359375
-56505 2782.785888671875
-56495 2785.428955078125
-56485 2788.31591796875
-56475 2792.552978515625
-56465 2796.176025390625
-56455 2800.031005859375
-56445 2803.695068359375
-56435 2807.617919921875
-56425 2811.18701171875
-56415 2814.618896484375
-56405 2817.806884765625
-56395 2820.736083984375
-56385 2823.610107421875
-56375 2826.347900390625
-56365 2828.97705078125
-56355 2831.468994140625
-56345 2834.125
-56335 2836.72705078125
-56325 2839.35595703125
-56315 2842.06689453125
-56305 2844.94091796875
-56295 2847.991943359375
-56285 2851.219970703125
-56275 2854.1220703125
-56265 2857.39111328125
-56255 2860.3740234375
-56245 2863.20703125
-56235 2865.876953125
-56225 2868.35595703125
-56215 2871.14892578125
-56205 2873.845947265625
-56195 2877.073974609375
-56185 2880.2890625
-56175 2883.77587890625
-56165 2887.76708984375
-56155 2892.248046875
-56145 2897.302001953125
-56135 2902.51904296875
-56125 2907.5859375
-56115 2913.007080078125
-56105 2931.055908203125
-56095 2951.175048828125
-56085 2966.485107421875
-56075 2961.037109375
-56065 2940.25
-56055 2934.81494140625
-56045 2932.541015625
-56035 2930.593017578125
-56025 2927.964111328125
-56015 2924.8310546875
-56005 2921.220947265625
-55995 2917.298095703125
-55985 2912.993896484375
-55975 2908.363037109375
-55965 2903.117919921875
-55955 2897.738037109375
-55945 2892.0849609375
-55935 2886.35009765625
-55925 2880.52001953125
-55915 2874.784912109375
-55905 2869.06396484375
-55895 2863.466064453125
-55885 2857.826904296875
-55875 2852.569091796875
-55865 2847.73291015625
-55855 2843.305908203125
-55845 2839.260986328125
-55835 2835.5009765625
-55825 2831.60498046875
-55815 2828.3359375
-55805 2825.299072265625
-55795 2819.89111328125
-55785 2816.4580078125
-55775 2810.35595703125
-55765 2804.485107421875
-55755 2799.173095703125
-55745 2793.8740234375
-55735 2790.14208984375
-55725 2786.39599609375
-55715 2781.778076171875
-55705 2776.64306640625
-55695 2766.712890625
-55685 2754.534912109375
-55675 2738.73388671875
-55665 2730.1669921875
-55655 2725.888916015625
-55645 2720.8759765625
-55635 2718.166015625
-55625 2715.80908203125
-55615 2713.98388671875
-55605 2708.303955078125
-55595 2701.384033203125
-55585 2696.903076171875
-55575 2693.280029296875
-55565 2689.465087890625
-55555 2686.0869140625
-55545 2684.2080078125
-55535 2682.054931640625
-55525 2679.549072265625
-55515 2678.487060546875
-55505 2673.883056640625
-55495 2674.68603515625
-55485 2672.943115234375
-55475 2670.8720703125
-55465 2667.616943359375
-55455 2665.886962890625
-55445 2667.56201171875
-55435 2668.583984375
-55425 2666.076904296875
-55415 2660.968994140625
-55405 2659.347900390625
-55395 2656.81494140625
-55385 2652.3330078125
-55375 2648.955078125
-55365 2648.51904296875
-55355 2647.089111328125
-55345 2646.094970703125
-55335 2643.20703125
-55325 2640.56396484375
-55315 2637.363037109375
-55305 2634.70703125
-55295 2631.927978515625
-55285 2629.761962890625
-55275 2631.193115234375
-55265 2633.863037109375
-55255 2637.866943359375
-55245 2638.875
-55235 2642.034912109375
-55225 2640.905029296875
-55215 2636.737060546875
-55205 2629.680908203125
-55195 2619.763916015625
-55185 2594.987060546875
-55175 2586.705078125
-55165 2580.76611328125
-55155 2577.64697265625
-55145 2576.324951171875
-55135 2574.431884765625
-55125 2571.366943359375
-55115 2567.717041015625
-55105 2563.508056640625
-55095 2559.1630859375
-55085 2554.1630859375
-55075 2548.823974609375
-55065 2544.697021484375
-55055 2542.81298828125
-55045 2542.93896484375
-55035 2543.048095703125
-55025 2542.053955078125
-55015 2539.9970703125
-55005 2539.35302734375
-54995 2537.419921875
-54985 2535.089111328125
-54975 2532.31103515625
-54965 2527.998046875
-54955 2522.799072265625
-54945 2520.510009765625
-54935 2517.5791015625
-54925 2516.60205078125
-54915 2516.178955078125
-54905 2517.02099609375
-54895 2518.408935546875
-54885 2521.06103515625
-54875 2522.22998046875
-54865 2522.889892578125
-54855 2522.700927734375
-54845 2521.051025390625
-54835 2517.159912109375
-54825 2514.85009765625
-54815 2514.819091796875
-54805 2514.919921875
-54795 2514.85009765625
-54785 2514.9580078125
-54775 2514.989990234375
-54765 2513.548095703125
-54755 2517.2509765625
-54745 2540.409912109375
-54735 2551.9990234375
-54725 2565.489013671875
-54715 2571.550048828125
-54705 2577.6279296875
-54695 2587.14697265625
-54685 2599.5390625
-54675 2597.25
-54665 2591.049072265625
-54655 2592.18994140625
-54645 2598.5830078125
-54635 2597.9580078125
-54625 2602.989990234375
-54615 2580.839111328125
-54605 2567.407958984375
-54595 2553.010009765625
-54585 2552.089111328125
-54575 2536.7080078125
-54565 2526.720947265625
-54555 2527.697998046875
-54545 2526.05810546875
-54535 2526.22900390625
-54525 2526.77001953125
-54515 2527.847900390625
-54505 2529.4990234375
-54495 2531.490966796875
-54485 2534.18798828125
-54475 2541.279052734375
-54465 2550.577880859375
-54455 2560.327880859375
-54445 2569.1279296875
-54435 2583.239013671875
-54425 2588.048095703125
-54415 2594.89697265625
-54405 2604.950927734375
-54395 2613.81005859375
-54385 2622.72900390625
-54375 2633.94091796875
-54365 2646.321044921875
-54355 2654.81103515625
-54345 2658.10205078125
-54335 2668.15087890625
-54325 2660.02099609375
-54315 2652.341064453125
-54305 2644.39208984375
-54295 2634.552001953125
-54285 2622.85107421875
-54275 2611.970947265625
-54265 2595.636962890625
-54255 2582.0419921875
-54245 2574.80908203125
-54235 2568.27001953125
-54225 2561.907958984375
-54215 2555.5400390625
-54205 2549.029052734375
-54195 2541.60009765625
-54185 2532.7509765625
-54175 2523.447998046875
-54165 2514.65087890625
-54155 2507.12109375
-54145 2499.93994140625
-54135 2494.4609375
-54125 2489.240966796875
-54115 2485.780029296875
-54105 2482.781982421875
-54095 2480.450927734375
-54085 2478.660888671875
-54075 2477.7119140625
-54065 2477.0419921875
-54055 2476.341064453125
-54045 2475.010986328125
-54035 2473.39892578125
-54025 2472.159912109375
-54015 2471.030029296875
-54005 2467.341064453125
-53995 2465.509033203125
-53985 2461.402099609375
-53975 2450.131103515625
-53965 2439.820068359375
-53955 2433.751953125
-53945 2427.31103515625
-53935 2423.83203125
-53925 2424.48095703125
-53915 2428.35693359375
-53905 2433.5810546875
-53895 2435.419921875
-53885 2431.68603515625
-53875 2428.199951171875
-53865 2425.56201171875
-53855 2425.049072265625
-53845 2420.14306640625
-53835 2421.992919921875
-53825 2426.430908203125
-53815 2425.06298828125
-53805 2422.1220703125
-53795 2419.368896484375
-53785 2417.68701171875
-53775 2419.908935546875
-53765 2423.06689453125
-53755 2424.373046875
-53745 2424.60302734375
-53735 2429.3759765625
-53725 2437.9599609375
-53715 2443.592041015625
-53705 2447.531982421875
-53695 2453.431884765625
-53685 2457.030029296875
-53675 2462.362060546875
-53665 2467.593017578125
-53655 2470.64208984375
-53645 2474.930908203125
-53635 2479.052001953125
-53625 2484.10107421875
-53615 2495.179931640625
-53605 2507.882080078125
-53595 2508.10107421875
-53585 2511.199951171875
-53575 2516.839111328125
-53565 2518.779052734375
-53555 2520.0390625
-53545 2522.488037109375
-53535 2521.468994140625
-53525 2519.819091796875
