-74655 3047.089111328125
-74645 3048.0419921875
-74635 3048.7880859375
-74625 3049.568115234375
-74615 3050.243896484375
-74605 3050.8330078125
-74595 3051.25
-74585 3051.614013671875
-74575 3051.9580078125
-74565 3052.27001953125
-74555 3052.56689453125
-74545 3052.9140625
-74535 3053.294921875
-74525 3053.762939453125
-74515 3054.162109375
-74505 3054.508056640625
-74495 3054.802978515625
-74485 3055.0458984375
-74475 3055.35791015625
-74465 3055.947021484375
-74455 3057.2470703125
-74445 3059.136962890625
-74435 3061.373046875
-74425 3063.800048828125
-74415 3066.467041015625
-74405 3069.430908203125
-74395 3072.845947265625
-74385 3076.330078125
-74375 3080.056884765625
-74365 3083.87109375
-74355 3088.135009765625
-74345 3092.242919921875
-74335 3096.4560546875
-74325 3100.615966796875
-74315 3104.256103515625
-74305 3109.52587890625
-74295 3098.571044921875
-74285 3117.583984375
-74275 3121.571044921875
-74265 3125.73095703125
-74255 3130.27294921875
-74245 3135.14404296875
-74235 3140.69091796875
-74225 3146.89697265625
-74215 3153.9169921875
-74205 3160.81689453125
-74195 3166.83203125
-74185 3181.511962890625
-74175 3195.136962890625
-74165 3209.8359375
-74155 3230.4619140625
-74145 3217.360107421875
-74135 3203.822021484375
-74125 3184.68408203125
-74115 3169.93505859375
-74105 3157.468994140625
-74095 3145.02490234375
-74085 3135.162109375
-74075 3125.574951171875
-74065 3114.8798828125
-74055 3105.64306640625
-74045 3100.303955078125
-74035 3096.97607421875
-74025 3093.594970703125
-74015 3088.949951171875
-74005 3077.751953125
-73995 3076.4169921875
-73985 3069.72802734375
-73975 3074.216064453125
-73965 3068.77197265625
-73955 3063.83203125
-73945 3059.5009765625
-73935 3055.305908203125
-73925 3050.865966796875
-73915 3046.049072265625
-73905 3042.131103515625
-73895 3038.214111328125
-73885 3034.52099609375
-73875 3031.2109375
-73865 3028.52392578125
-73855 3025.4208984375
-73845 3012.97705078125
-73835 3015.6640625
-73825 3013.56396484375
-73815 3007.845947265625
-73805 3005.402099609375
-73795 3002.76708984375
-73785 3000.49609375
-73775 2999.14404296875
-73765 2996.821044921875
-73755 2995.555908203125
-73745 2993.9609375
-73735 2992.053955078125
-73725 2989.801025390625
-73715 2987.166015625
-73705 2984.305908203125
-73695 2981.219970703125
-73685 2977.68408203125
-73675 2972.864990234375
-73665 2972.4140625
-73655 2971.616943359375
-73645 2971.47802734375
-73635 2971.928955078125
-73625 2972.5869140625
-73615 2973.0380859375
-73605 2973.14208984375
-73595 2971.27001953125
-73585 2967.248046875
-73575 2970.43798828125
-73565 2970.160888671875
-73555 2969.797119140625
-73545 2969.069091796875
-73535 2968.35791015625
-73525 2968.0458984375
-73515 2968.1669921875
-73505 2968.114990234375
-73495 2967.594970703125
-73485 2966.884033203125
-73475 2965.843994140625
-73465 2964.803955078125
-73455 2964.56201171875
-73445 2964.77001953125
-73435 2964.945068359375
-73425 2965.7060546875
-73415 2966.572021484375
-73405 2966.034912109375
-73395 2968.825927734375
-73385 2970.576904296875
-73375 2971.68603515625
-73365 2973.24609375
-73355 2974.9970703125
-73345 2976.781982421875
-73335 2985.743896484375
-73325 2993.197998046875
-73315 2998.069091796875
-73305 3000.2529296875
-73295 2999.906982421875
-73285 3001.27392578125
-73275 3004.154052734375
-73265 3008.43310546875
-73255 3011.29296875
-73245 3014.846923828125
-73235 3019.595947265625
-73225 3023.201904296875
-73215 3026.512939453125
-73205 3028.95703125
-73195 3027.4140625
-73185 3027.154052734375
-73175 3026.218017578125
-73165 3024.93603515625
-73155 3022.35302734375
-73145 3020.5849609375
-73135 3019.02392578125
-73125 3017.325927734375
-73115 3015.33203125
-73105 3012.3330078125
-73095 3002.2470703125
-73085 3004.030029296875
-73075 3003.97802734375
-73065 3001.760986328125
-73055 2999.35205078125
-73045 2996.509033203125
-73035 2994.568115234375
-73025 2993.47607421875
-73015 2992.5048828125
-73005 2990.68505859375
-72995 2985.761962890625
-72985 3002.989990234375
-72975 3005.8330078125
-72965 3006.35302734375
-72955 3006.909912109375
-72945 3013.375
-72935 3019.615966796875
-72925 3022.3349609375
-72915 3026.426025390625
-72905 3021.798095703125
-72895 3018.695068359375
-72885 3014.135986328125
-72875 3012.281005859375
-72865 3010.758056640625
-72855 3008.64111328125
-72845 3006.337890625
-72835 3007.445068359375
-72825 3009.666015625
-72815 3011.694091796875
-72805 3016.89208984375
-72795 3022.993896484375
-72785 3028.125
-72775 3030.430908203125
-72765 3034.591064453125
-72755 3036.6708984375
-72745 3040.033935546875
-72735 3036.410888671875
-72725 3027.172119140625
-72715 3015.64404296875
-72705 3003.738037109375
-72695 2992.972900390625
-72685 2982.93603515625
-72675 2967.94189453125
-72665 2962.412109375
-72655 2954.593994140625
-72645 2947.02099609375
-72635 2940.346923828125
-72625 2933.794921875
-72615 2929.114990234375
-72605 2922.8740234375
-72595 2916.4951171875
-72585 2910.722900390625
-72575 2905.573974609375
-72565 2900.9140625
-72555 2896.85498046875
-72545 2892.8359375
-72535 2889.52490234375
-72525 2886.074951171875
-72515 2882.591064453125
-72505 2879.468994140625
-72495 2876.10888671875
-72485 2873.8779296875
-72475 2872.29296875
-72465 2870.9130859375
-72455 2870.048095703125
-72445 2868.241943359375
-72435 2866.77490234375
-72425 2864.06005859375
-72415 2861.756103515625
-72405 2858.952880859375
-72395 2855.928955078125
-72385 2853.405029296875
-72375 2850.2060546875
-72365 2847.035888671875
-72355 2844.072021484375
-72345 2841.547119140625
-72335 2839.27197265625
-72325 2837.364990234375
-72315 2835.823974609375
-72305 2834.6201171875
-72295 2833.56396484375
-72285 2833.093994140625
-72275 2834.15087890625
-72265 2834.282958984375
-72255 2833.5048828125
-72245 2836.10302734375
-72235 2838.113037109375
-72225 2841.944091796875
-72215 2845.156982421875
-72205 2856.135009765625
-72195 2864.220947265625
-72185 2870.01806640625
-72175 2875.903076171875
-72165 2887.614990234375
-72155 2894.452880859375
-72145 2899.031982421875
-72135 2892.4580078125
-72125 2886.48388671875
-72115 2876.4169921875
-72105 2868.8740234375
-72095 2861.43310546875
-72085 2853.81591796875
-72075 2848.6650390625
-72065 2844.012939453125
-72055 2841.10693359375
-72045 2835.89697265625
-72035 2827.76708984375
-72025 2821.486083984375
-72015 2820.501953125
-72005 2816.48095703125
-71995 2812.385986328125
-71985 2810.096923828125
-71975 2803.27294921875
-71965 2801.7470703125
-71955 2797.97509765625
-71945 2794.0859375
-71935 2791.531982421875
-71925 2783.916015625
-71915 2778.470947265625
-71905 2774.962890625
-71895 2771.587890625
-71885 2768.285888671875
-71875 2764.89599609375
-71865 2762.298095703125
-71855 2760.875
-71845 2759.802978515625
-71835 2758.23291015625
-71825 2756.5009765625
-71815 2754.843017578125
-71805 2753.06689453125
-71795 2750.3369140625
-71785 2749.471923828125
-71775 2747.886962890625
-71765 2747.7548828125
-71755 2748.22412109375
-71745 2746.888916015625
-71735 2749.031005859375
-71725 2746.389892578125
-71715 2741.341064453125
-71705 2736.322021484375
-71695 2731.243896484375
-71685 2726.60693359375
-71675 2719.4599609375
-71665 2710.712890625
-71655 2706.70703125
-71645 2702.406005859375
-71635 2699.822998046875
-71625 2697.343017578125
-71615 2694.173095703125
-71605 2692.280029296875
-71595 2692.39794921875
-71585 2693.072998046875
-71575 2693.072998046875
-71565 2692.60302734375
-71555 2692.367919921875
-71545 2690.739013671875
-71535 2689.97607421875
-71525 2689.285888671875
-71515 2686.85009765625
-71505 2687.02587890625
-71495 2687.320068359375
-71485 2687.819091796875
-71475 2683.35693359375
-71465 2679.131103515625
-71455 2678.117919921875
-71445 2678.10400390625
-71435 2676.87109375
-71425 2677.839111328125
-71415 2680.173095703125
-71405 2676.797119140625
-71395 2678.280029296875
-71385 2677.70703125
-71375 2678.030029296875
-71365 2674.22900390625
-71355 2674.625
-71345 2674.68408203125
-71335 2672.7470703125
-71325 2671.925048828125
-71315 2673.347900390625
-71305 2670.736083984375
-71295 2669.885009765625
-71285 2671.030029296875
-71275 2670.544921875
-71265 2670.001953125
-71255 2671.705078125
-71245 2673.43701171875
-71235 2676.2099609375
-71225 2673.965087890625
-71215 2676.797119140625
-71205 2679.5859375
-71195 2678.073974609375
-71185 2676.10693359375
-71175 2675.007080078125
-71165 2671.426025390625
-71155 2670.1640625
-71145 2666.68603515625
-71135 2662.4150390625
-71125 2660.43408203125
-71115 2658.673095703125
-71105 2655.12109375
-71095 2651.614013671875
-71085 2646.344970703125
-71075 2644.64306640625
-71065 2642.39501953125
-71055 2638.14111328125
-71045 2631.93408203125
-71035 2629.261962890625
-71025 2628.55810546875
-71015 2634.3701171875
-71005 2631.345947265625
-70995 2625.534912109375
-70985 2621.25
-70975 2619.326904296875
-70965 2615.364990234375
-70955 2614.263916015625
-70945 2611.575927734375
-70935 2611.916015625
-70925 2610.375
-70915 2610.91796875
-70905 2611.843017578125
-70895 2610.47802734375
-70885 2609.97900390625
-70875 2609.069091796875
-70865 2606.677001953125
-70855 2606.73291015625
-70845 2604.636962890625
-70835 2604.2109375
-70825 2602.97802734375
-70815 2601.906982421875
-70805 2600.381103515625
-70795 2596.7119140625
-70785 2594.464111328125
-70775 2594.052978515625
-70765 2592.822998046875
-70755 2589.89990234375
-70745 2587.801025390625
-70735 2586.993896484375
-70725 2585.555908203125
-70715 2584.865966796875
-70705 2584.54296875
-70695 2579.60009765625
-70685 2575.5029296875
-70675 2572.02490234375
-70665 2571.64306640625
-70655 2571.30810546875
-70645 2569.81103515625
-70635 2568.153076171875
-70625 2563.573974609375
-70615 2562.177001953125
-70605 2558.906982421875
-70595 2555.073974609375
-70585 2553.679931640625
-70575 2552.39111328125
-70565 2555.7080078125
-70555 2556.35107421875
-70545 2554.842041015625
-70535 2550.553955078125
-70525 2544.757080078125
-70515 2542.64404296875
-70505 2541.865966796875
-70495 2539.56201171875
-70485 2537.8740234375
-70475 2539.31298828125
-70465 2540.01708984375
-70455 2539.7109375
-70445 2534.324951171875
-70435 2530.069091796875
-70425 2525.824951171875
-70415 2520.3369140625
-70405 2514.23193359375
-70395 2513.468994140625
-70385 2513.805908203125
-70375 2515.583984375
-70365 2519.14794921875
-70355 2519.323974609375
-70345 2526.60302734375
-70335 2519.39697265625
-70325 2518.94189453125
-70315 2518.222900390625
-70305 2518.2529296875
-70295 2519.044921875
-70285 2520.4541015625
-70275 2522.114990234375
-70265 2525.6640625
-70255 2529.43798828125
-70245 2532.6201171875
-70235 2531.783935546875
-70225 2527.7041015625
-70215 2527.29296875
-70205 2526.7939453125
-70195 2527.205078125
-70185 2526.837890625
-70175 2524.008056640625
-70165 2523.990966796875
-70155 2525.22607421875
-70145 2526.294921875
-70135 2527.93896484375
-70125 2527.615966796875
-70115 2526.01611328125
-70105 2525.971923828125
-70095 2523.72900390625
-70085 2518.531005859375
-70075 2513.072021484375
-70065 2511.178955078125
-70055 2509.125
-70045 2506.2041015625
-70035 2501.405029296875
-70025 2496.81201171875
-70015 2492.0859375
-70005 2487.962890625
-69995 2485.0009765625
-69985 2480.25390625
-69975 2476.718994140625
-69965 2473.43603515625
-69955 2472.9140625
-69945 2470.406005859375
-69935 2466.299072265625
-69925 2461.114013671875
-69915 2454.9189453125
-69905 2446.77197265625
-69895 2441.23388671875
-69885 2435.594970703125
-69875 2431.235107421875
-69865 2425.882080078125
-69855 2421.943115234375
-69845 2417.51611328125
-69835 2413.89599609375
-69825 2407.011962890625
-69815 2401.843994140625
-69805 2396.912109375
-69795 2393.72998046875
-69785 2390.24609375
-69775 2385.162109375
-69765 2380.094970703125
-69755 2373.614013671875
-69745 2367.14990234375
-69735 2361.493896484375
-69725 2356.056884765625
-69715 2351.427978515625
-69705 2346.242919921875
-69695 2340.739013671875
-69685 2335.756103515625
-69675 2329.1240234375
-69665 2325.251953125
-69655 2321.346923828125
-69645 2318.0810546875
-69635 2313.216064453125
-69625 2303.85693359375
-69615 2295.910888671875
-69605 2286.06396484375
-69595 2278.489013671875
-69585 2273.657958984375
-69575 2264.48388671875
-69565 2261.26806640625
-69555 2257.093994140625
-69545 2249.23291015625
-69535 2242.381103515625
-69525 2233.39208984375
-69515 2225.531005859375
-69505 2214.35400390625
-69495 2206.341064453125
-69485 2197.26806640625
-69475 2183.093994140625
-69465 2172.25390625
-69455 2162.2880859375
-69445 2152.322998046875
-69435 2141.48193359375
-69425 2129.90087890625
-69415 2119.548095703125
-69405 2111.738037109375
-69395 2105.824951171875
-69385 2100.47607421875
-69375 2096.049072265625
-69365 2086.470947265625
-69355 2071.321044921875
-69345 2063.993896484375
-69335 2056.43994140625
-69325 2045.612060546875
-69315 2034.9730224609375
-69305 2027.5830078125
-69295 2019.822998046875
-69285 2012.7869873046875
-69275 2006.5250244140625
-69265 2000.0439453125
-69255 1995.802001953125
-69245 1990.2130126953125
-69235 1980.6009521484375
-69225 1972.656005859375
-69215 1965.43505859375
-69205 1959.2569580078125
-69195 1952.9949951171875
-69185 1943.93798828125
-69175 1937.862060546875
-69165 1932.8790283203125
-69155 1928.7879638671875
-69145 1922.89697265625
-69135 1919.1929931640625
-69125 1917.4759521484375
-69115 1913.43603515625
-69105 1906.8380126953125
-69095 1888.35498046875
-69085 1875.8809814453125
-69075 1869.0970458984375
-69065 1861.9429931640625
-69055 1854.5699462890625
-69045 1849.822998046875
-69035 1843.2080078125
-69025 1837.6689453125
-69015 1832.3330078125
-69005 1829.70703125
-68995 1827.8890380859375
-68985 1824.6240234375
-68975 1821.1729736328125
-68965 1818.8160400390625
-68955 1815.06201171875
-68945 1812.0489501953125
-68935 1809.3050537109375
-68925 1806.0899658203125
-68915 1802.6219482421875
-68905 1799.155029296875
-68895 1793.4820556640625
-68885 1791.697998046875
-68875 1789.239990234375
-68865 1786.697998046875
-68855 1785.5870361328125
-68845 1786.9840087890625
-68835 1787.7249755859375
-68825 1787.4720458984375
-68815 1785.7220458984375
-68805 1784.0379638671875
-68795 1777.10302734375
-68785 1774.324951171875
-68775 1768.5679931640625
-68765 1767.137939453125
-68755 1765.6390380859375
-68745 1764.948974609375
-68735 1763.4010009765625
-68725 1761.531982421875
-68715 1759.8819580078125
-68705 1758.4849853515625
-68695 1758.198974609375
-68685 1757.2060546875
-68675 1756.31396484375
-68665 1755.303955078125
-68655 1755.656982421875
-68645 1754.9169921875
-68635 1755.2359619140625
-68625 1755.9100341796875
-68615 1755.656982421875
-68605 1754.512939453125
-68595 1754.9169921875
-68585 1754.7989501953125
-68575 1755.6240234375
-68565 1756.1619873046875
-68555 1756.2130126953125
-68545 1754.176025390625
-68535 1751.7349853515625
-68525 1752.845947265625
-68515 1756.280029296875
-68505 1755.5899658203125
-68495 1752.2230224609375
-68485 1750.741943359375
-68475 1749.446044921875
-68465 1748.4530029296875
-68455 1743.9239501953125
-68445 1743.77294921875
-68435 1741.887939453125
-68425 1737.9820556640625
-68415 1733.9759521484375
-68405 1730.8280029296875
-68395 1728.35400390625
-68385 1727.073974609375
-68375 1725.72802734375
-68365 1723.97705078125
-68355 1722.3780517578125
-68345 1721.2669677734375
-68335 1720.593017578125
-68325 1719.2969970703125
-68315 1718.27001953125
-68305 1718.0009765625
-68295 1717.4620361328125
-68285 1717.1419677734375
-68275 1716.468994140625
-68265 1716.0479736328125
-68255 1715.64404296875
-68245 1715.0379638671875
-68235 1714.6510009765625
-68225 1714.3990478515625
-68215 1713.6240234375
-68205 1713.321044921875
-68195 1713.1529541015625
-68185 1713.303955078125
-68175 1712.7490234375
-68165 1712.56396484375
-68155 1712.512939453125
-68145 1712.8160400390625
-68135 1713.843017578125
-68125 1711.906982421875
-68115 1711.3349609375
-68105 1711.0660400390625
-68095 1710.8800048828125
-68085 1710.593994140625
-68075 1710.324951171875
-68065 1710.10595703125
-68055 1709.8370361328125
-68045 1709.66796875
-68035 1709.416015625
-68025 1709.197021484375
-68015 1708.9949951171875
-68005 1708.79296875
-67995 1708.5570068359375
-67985 1708.27099609375
-67975 1708.10302734375
-67965 1707.7330322265625
-67955 1707.47998046875
-67945 1707.3790283203125
-67935 1707.093017578125
-67925 1706.907958984375
-67915 1706.637939453125
-67905 1706.4530029296875
-67895 1706.031982421875
-67885 1705.9990234375
-67875 1705.864013671875
-67865 1705.8299560546875
-67855 1705.5780029296875
-67845 1705.3089599609375
-67835 1705.258056640625
-67825 1705.0560302734375
-67815 1704.7359619140625
-67805 1704.467041015625
-67795 1704.383056640625
-67785 1704.248046875
-67775 1704.114013671875
-67765 1703.7769775390625
-67755 1703.45703125
-67745 1703.18798828125
-67735 1703.0870361328125
-67725 1702.8680419921875
-67715 1702.614990234375
-67705 1702.2960205078125
-67695 1701.9420166015625
-67685 1702.04296875
-67675 1701.7230224609375
-67665 1701.572021484375
-67655 1701.3360595703125
-67645 1700.9659423828125
-67635 1700.594970703125
-67625 1700.1240234375
-67615 1699.989013671875
-67605 1699.9730224609375
-67595 1699.821044921875
-67585 1699.5350341796875
-67575 1699.5350341796875
-67565 1699.3330078125
-67555 1699.0970458984375
-67545 1698.8609619140625
-67535 1698.5419921875
-67525 1698.2889404296875
-67515 1698.239013671875
-67505 1697.9189453125
-67495 1697.8680419921875
-67485 1697.64599609375
-67475 1697.64599609375
-67465 1697.406005859375
-67455 1697.33203125
-67445 1697.1280517578125
-67435 1697.072998046875
-67425 1695.7039794921875
-67415 1697.258056640625
-67405 1697.553955078125
-67395 1697.1650390625
-67385 1696.7030029296875
-67375 1696.3330078125
-67365 1696.0179443359375
-67355 1695.759033203125
-67345 1695.81494140625
-67335 1695.68505859375
-67325 1695.7039794921875
-67315 1696.5179443359375
-67305 1695.5560302734375
-67295 1695.35205078125
-67285 1695.2039794921875
-67275 1694.9820556640625
-67265 1694.85302734375
-67255 1694.7230224609375
-67245 1694.446044921875
-67235 1694.279052734375
-67225 1694.0570068359375
-67215 1694.113037109375
-67205 1694.6309814453125
-67195 1697.2760009765625
-67185 1703.491943359375
-67175 1708.06103515625
-67165 1712.2049560546875
-67155 1714.998046875
-67145 1717.365966796875
-67135 1719.9560546875
-67125 1721.8060302734375
-67115 1722.6199951171875
-67105 1722.8790283203125
-67095 1723.342041015625
-67085 1719.9930419921875
-67075 1717.0889892578125
-67065 1714.4429931640625
-67055 1714.81298828125
-67045 1717.625
-67035 1720.197021484375
-67025 1721.583984375
-67015 1723.7120361328125
-67005 1724.22998046875
-66995 1724.06298828125
-66985 1723.009033203125
-66975 1722.3060302734375
-66965 1720.991943359375
-66955 1719.9560546875
-66945 1722.916015625
-66935 1726.208984375
-66925 1728.7249755859375
-66915 1730.6490478515625
-66905 1732.81298828125
-66895 1734.126953125
-66885 1737.6600341796875
-66875 1739.9539794921875
-66865 1745.8919677734375
-66855 1747.5570068359375
-66845 1749.7030029296875
-66835 1754.1240234375
-66825 1759.3409423828125
-66815 1761.968017578125
-66805 1763.947021484375
-66795 1763.9840087890625
-66785 1769.9410400390625
-66775 1772.5870361328125
-66765 1775.75
-66755 1779.487060546875
-66745 1785.387939453125
-66735 1789.95703125
-66725 1793.2320556640625
-66715 1794.8599853515625
-66705 1800.5389404296875
-66695 1801.2049560546875
-66685 1805.2559814453125
-66675 1809.696044921875
-66665 1814.54296875
-66655 1816.9659423828125
-66645 1821.64599609375
-66635 1826.4010009765625
-66625 1830.6739501953125
-66615 1835.0030517578125
-66605 1837.85205078125
-66595 1839.9610595703125
-66585 1841.5889892578125
-66575 1847.4530029296875
-66565 1853.6319580078125
-66555 1857.7939453125
-66545 1861.697021484375
-66535 1866.8590087890625
-66525 1871.2060546875
-66515 1873.739990234375
-66505 1878.0689697265625
-66495 1882.9339599609375
-66485 1887.0040283203125
-66475 1891.7960205078125
-66465 1895.864990234375
-66455 1895.884033203125
-66445 1888.2249755859375
-66435 1897.4560546875
-66425 1903.2099609375
-66415 1910.5169677734375
-66405 1914.6240234375
-66395 1921.0059814453125
-66385 1924.3909912109375
-66375 1927.666015625
-66365 1933.9739990234375
-66355 1940.22705078125
-66345 1947.0340576171875
-66335 1952.196044921875
-66325 1957.115966796875
-66315 1963.4429931640625
-66305 1970.10302734375
-66295 1971.6939697265625
-66285 1977.0770263671875
-66275 1983.3480224609375
-66265 1988.010009765625
-66255 1992.5050048828125
-66245 1997.3890380859375
-66235 2002.531982421875
-66225 2002.5689697265625
-66215 2002.9210205078125
-66205 2008.802978515625
-66195 2007.7669677734375
-66185 2006.1949462890625
-66175 2000.7010498046875
-66165 1996.3719482421875
-66155 1997.906982421875
-66145 2007.5269775390625
-66135 2011.8929443359375
-66125 2018.866943359375
-66115 2031.613037109375
-66105 2045.2469482421875
-66095 2056.512939453125
-66085 2063.097900390625
-66075 2068.055908203125
-66065 2073.60595703125
-66055 2078.322998046875
-66045 2082.281982421875
-66035 2085.722900390625
-66025 2088.739013671875
-66015 2090.9580078125
-66005 2094.381103515625
-65995 2097.76611328125
-65985 2099.875
-65975 2102.964111328125
-65965 2106.719970703125
-65955 2110.344970703125
-65945 2113.970947265625
-65935 2117.486083984375
-65925 2119.281005859375
-65915 2119.780029296875
-65905 2118.467041015625
-65895 2118.68896484375
-65885 2117.18994140625
-65875 2116.09912109375
-65865 2117.486083984375
-65855 2118.02294921875
-65845 2117.763916015625
-65835 2115.69189453125
-65825 2114.027099609375
-65815 2112.4169921875
-65805 2114.118896484375
-65795 2110.716064453125
-65785 2107.10791015625
-65775 2107.552001953125
-65765 2106.072021484375
-65755 2104.5
-65745 2102.2060546875
-65735 2100.669921875
-65725 2099.875
-65715 2096.58203125
-65705 2096.06396484375
-65695 2098.321044921875
-65685 2093.825927734375
-65675 2096.027099609375
-65665 2091.660888671875
-65655 2087.906005859375
-65645 2083.743896484375
-65635 2076.139892578125
-65625 2080.340087890625
-65615 2088.94189453125
-65605 2096.416015625
-65595 2100.910888671875
-65585 2103.7041015625
-65575 2105.720947265625
-65565 2108.014892578125
-65555 2110.60400390625
-65545 2111.991943359375
-65535 2111.382080078125
-65525 2111.73291015625
-65515 2110.050048828125
-65505 2107.866943359375
-65495 2105.406005859375
-65485 2102.889892578125
-65475 2098.821044921875
-65465 2100.375
-65455 2105.258056640625
-65445 2108.884033203125
-65435 2111.89892578125
-65425 2116.9130859375
-65415 2121.0009765625
-65405 2124.738037109375
-65395 2126.403076171875
-65385 2126.9208984375
-65375 2127.826904296875
-65365 2127.5869140625
-65355 2126.60595703125
-65345 2127.30908203125
-65335 2129.071044921875
-65325 2128.7890625
-65315 2128.10498046875
-65305 2123.18408203125
-65295 2122.406982421875
-65285 2123.68408203125
-65275 2126.791015625
-65265 2130.14404296875
-65255 2131.822998046875
-65245 2134.135009765625
-65235 2134.72802734375
-65225 2133.821044921875
-65215 2135.18994140625
-65205 2138.593994140625
-65195 2135.7451171875
-65185 2129.77001953125
-65175 2124.626953125
-65165 2122.239990234375
-65155 2120.298095703125
-65145 2115.507080078125
-65135 2108.97705078125
-65125 2110.45703125
-65115 2110.14208984375
-65105 2107.552001953125
-65095 2112.157958984375
-65085 2115.655029296875
-65075 2118.39306640625
-65065 2117.967041015625
-65055 2118.614990234375
-65045 2119.742919921875
-65035 2119.22509765625
-65025 2114.803955078125
-65015 2108.8291015625
-65005 2101.41796875
-64995 2093.5048828125
-64985 2088.322021484375
-64975 2085.883056640625
-64965 2085.572998046875
-64955 2083.385009765625
-64945 2079.18505859375
-64935 2072.2509765625
-64925 2059.010986328125
-64915 2047.7679443359375
-64905 2038.8599853515625
-64895 2030.541015625
-64885 2024.25
-64875 2018.6319580078125
-64865 2010.501953125
-64855 1984.85400390625
-64845 1975.991943359375
-64835 1968.47802734375
-64825 1952.3380126953125
-64815 1903.9649658203125
-64805 1900.615966796875
-64795 1896.5699462890625
-64785 1882.18798828125
-64775 1864.282958984375
-64765 1855.4169921875
-64755 1828.1629638671875
-64745 1809.79296875
-64735 1792.9129638671875
-64725 1793.7259521484375
-64715 1800.22998046875
-64705 1805.010986328125
-64695 1799.97900390625
-64685 1794.81005859375
-64675 1796.4169921875
-64665 1796.572021484375
-64655 1802.9599609375
-64645 1811.1090087890625
-64635 1819.3740234375
-64625 1825.8780517578125
-64615 1834.4339599609375
-64605 1841.925048828125
-64595 1846.4549560546875
-64585 1839.33203125
-64575 1809.9859619140625
-64565 1746.7659912109375
-64555 1721.2530517578125
-64545 1706.7359619140625
-64535 1692.0439453125
-64525 1686.4110107421875
-64515 1681.3199462890625
-64505 1674.56396484375
-64495 1668.447021484375
-64485 1662.427001953125
-64475 1655.6519775390625
-64465 1649.864990234375
-64455 1643.748046875
-64445 1637.262939453125
-64435 1630.217041015625
-64425 1622.0870361328125
-64415 1612.7960205078125
-64405 1603.3299560546875
-64395 1595.4129638671875
-64385 1589.60595703125
-64375 1584.9019775390625
-64365 1577.8370361328125
-64355 1569.958984375
-64345 1561.906005859375
-64335 1554.4539794921875
-64325 1546.845947265625
-64315 1541.02001953125
-64305 1536.741943359375
-64295 1531.47705078125
-64285 1529.52197265625
-64275 1528.3990478515625
-64265 1526.154052734375
-64255 1523.676025390625
-64245 1523.6949462890625
-64235 1523.676025390625
-64225 1524.3919677734375
-64215 1524.9150390625
-64205 1523.2110595703125
-64195 1522.2430419921875
-64185 1521.5269775390625
-64175 1521.5849609375
-64165 1521.779052734375
-64155 1521.218017578125
-64145 1520.4630126953125
-64135 1519.4949951171875
-64125 1520.26904296875
-64115 1518.6619873046875
-64105 1518.3909912109375
-64095 1517.5980224609375
-64085 1517.093994140625
-64075 1517.4820556640625
-64065 1516.803955078125
-64055 1516.261962890625
-64045 1515.31396484375
-64035 1513.7259521484375
-64025 1513.68798828125
-64015 1513.7650146484375
-64005 1513.7459716796875
-63995 1513.70703125
-63985 1514.0360107421875
-63975 1513.301025390625
-63965 1513.4169921875
-63955 1513.281005859375
-63945 1513.0489501953125
-63935 1512.699951171875
-63925 1512.448974609375
-63915 1512.157958984375
-63905 1511.9449462890625
-63895 1511.9840087890625
-63885 1511.7330322265625
-63875 1511.48095703125
-63865 1511.3070068359375
-63855 1511.22900390625
-63845 1511.073974609375
-63835 1510.9000244140625
-63825 1510.97802734375
-63815 1511.77099609375
-63805 1510.571044921875
-63795 1510.1839599609375
-63785 1512.3909912109375
-63775 1512.719970703125
-63765 1513.572021484375
-63755 1514.791015625
-63745 1513.7840576171875
-63735 1512.739013671875
-63725 1512.35205078125
-63715 1512.5460205078125
-63705 1512.5260009765625
-63695 1512.9520263671875
-63685 1513.2039794921875
-63675 1514.1519775390625
-63665 1514.675048828125
-63655 1515.9139404296875
-63645 1517.2879638671875
-63635 1520.7340087890625
-63625 1524.779052734375
-63615 1529.8310546875
-63605 1534.1290283203125
-63595 1537.884033203125
-63585 1542.530029296875
-63575 1545.5880126953125
-63565 1546.4200439453125
-63555 1549.47900390625
-63545 1556.31201171875
-63535 1563.8609619140625
-63525 1570.5389404296875
-63515 1575.803955078125
-63505 1580.0439453125
-63495 1583.178955078125
-63485 1586.238037109375
-63475 1592.8189697265625
-63465 1598.0260009765625
-63455 1602.458984375
-63445 1603.9300537109375
-63435 1606.54296875
-63425 1605.3050537109375
-63415 1607.762939453125
-63405 1608.9239501953125
-63395 1611.112060546875
-63385 1612.989013671875
-63375 1614.3060302734375
-63365 1614.093017578125
-63355 1612.3509521484375
-63345 1615.427978515625
-63335 1618.9320068359375
-63325 1621.0419921875
-63315 1625.803955078125
-63305 1638.907958984375
-63295 1649.342041015625
-63285 1655.6719970703125
-63275 1660.4339599609375
-63265 1664.865966796875
-63255 1668.4090576171875
-63245 1671.738037109375
-63235 1675.1259765625
-63225 1678.010009765625
-63215 1682.5389404296875
-63205 1686.35302734375
-63195 1689.89501953125
-63185 1693.8050537109375
-63175 1698.760009765625
-63165 1701.780029296875
-63155 1704.199951171875
-63145 1705.9610595703125
-63135 1708.8070068359375
-63125 1711.5560302734375
-63115 1713.8590087890625
-63105 1717.0140380859375
-63095 1720.865966796875
-63085 1724.85400390625
-63075 1730.177001953125
-63065 1734.97802734375
-63055 1738.1519775390625
-63045 1744.074951171875
-63035 1748.7989501953125
-63025 1753.385986328125
-63015 1757.876953125
-63005 1762.27099609375
-62995 1767.1490478515625
-62985 1771.136962890625
-62975 1776.8470458984375
-62965 1779.343994140625
-62955 1781.1639404296875
-62945 1784.4930419921875
-62935 1788.113037109375
-62925 1792.623046875
-62915 1796.1650390625
-62905 1798.6820068359375
-62895 1803.0760498046875
-62885 1806.3470458984375
-62875 1808.302001953125
-62865 1808.7860107421875
-62855 1810.0250244140625
-62845 1811.3800048828125
-62835 1814.342041015625
-62825 1816.8389892578125
-62815 1819.10302734375
-62805 1822.530029296875
-62795 1825.7430419921875
-62785 1831.2020263671875
-62775 1833.989013671875
-62765 1837.68603515625
-62755 1842.02197265625
-62745 1845.2740478515625
-62735 1848.875
-62725 1851.56494140625
-62715 1852.822998046875
-62705 1853.81103515625
-62695 1856.3079833984375
-62685 1859.114990234375
-62675 1861.3599853515625
-62665 1864.41796875
-62655 1867.282958984375
-62645 1870.573974609375
-62635 1873.613037109375
-62625 1878.7039794921875
-62615 1883.6590576171875
-62605 1888.1500244140625
-62595 1892.06005859375
-62585 1895.718994140625
-62575 1899.571044921875
-62565 1900.926025390625
-62555 1901.2550048828125
-62545 1904.3330078125
-62535 1905.862060546875
-62525 1908.2039794921875
-62515 1911.18505859375
-62505 1913.6610107421875
-62495 1914.5999755859375
-62485 1915.115966796875
-62475 1916.405029296875
-62465 1916.989990234375
-62455 1918.615966796875
-62445 1919.8160400390625
-62435 1920.2430419921875
-62425 1921.0760498046875
-62415 1922.4840087890625
-62405 1925.112060546875
-62395 1927.35302734375
-62385 1930.178955078125
-62375 1931.072021484375
-62365 1932.926025390625
-62355 1934.612060546875
-62345 1936.9720458984375
-62335 1936.2679443359375
-62325 1941.751953125
-62315 1943.02099609375
-62305 1945.5
-62295 1948.0789794921875
-62285 1949.7249755859375
-62275 1950.7459716796875
-62265 1950.89501953125
-62255 1954.583984375
-62245 1955.43701171875
-62235 1957.469970703125
-62225 1960.989990234375
-62215 1960.633056640625
-62205 1960.5340576171875
-62195 1964.866943359375
-62185 1971.8289794921875
-62175 1976.64794921875
-62165 1974.991943359375
-62155 1971.968017578125
-62145 1974.2679443359375
-62135 1978.7900390625
-62125 1981.656005859375
-62115 1984.8690185546875
-62105 1985.821044921875
-62095 1989.133056640625
-62085 1996.6800537109375
-62075 2007.905029296875
-62065 2007.85595703125
-62055 2010.93994140625
-62045 2018.60498046875
-62035 2039.6190185546875
-62025 2047.6009521484375
-62015 2041.77099609375
-62005 2042.8509521484375
-61995 2042.6429443359375
-61985 2048.375
-61975 2051.587890625
-61965 2053.035888671875
-61955 2048.909912109375
-61945 2053.18505859375
-61935 2057.9541015625
-61925 2059.282958984375
-61915 2058.64794921875
-61905 2058.201904296875
-61895 2060.889892578125
-61885 2061.2958984375
-61875 2057.64697265625
-61865 2058.39111328125
-61855 2063.34912109375
-61845 2065.818115234375
-61835 2061.4951171875
-61825 2058.281982421875
-61815 2058.797119140625
-61805 2059.510986328125
-61795 2059.739013671875
-61785 2061.6240234375
-61775 2065.044921875
-61765 2068.654052734375
-61755 2071.85693359375
-61745 2078.9580078125
-61735 2089.172119140625
-61725 2093.0390625
-61715 2092.681884765625
-61705 2092.39501953125
-61695 2095.180908203125
-61685 2097.214111328125
-61675 2098.027099609375
-61665 2099.9609375
-61655 2101.219970703125
-61645 2103.0048828125
-61635 2105.5439453125
-61625 2110.888916015625
-61615 2119.43701171875
-61605 2126.0419921875
-61595 2126.993896484375
-61585 2127.181884765625
-61575 2127.966064453125
-61565 2130.156982421875
-61555 2133.320068359375
-61545 2138.2890625
-61535 2145.2900390625
-61525 2151.556884765625
-61515 2153.073974609375
-61505 2153.947021484375
-61495 2153.362060546875
-61485 2155.156982421875
-61475 2157.8740234375
-61465 2162.60400390625
-61455 2168.087890625
-61445 2173.39306640625
-61435 2178.342041015625
-61425 2180.701904296875
-61415 2185.39208984375
-61405 2189.68603515625
-61395 2191.5009765625
-61385 2193.969970703125
-61375 2198.93798828125
-61365 2208.37890625
-61355 2212.533935546875
-61345 2214.199951171875
-61335 2214.804931640625
-61325 2216.72900390625
-61315 2220.0810546875
-61305 2223.9580078125
-61295 2226.595947265625
-61285 2228.341064453125
-61275 2227.77587890625
-61265 2230.31396484375
-61255 2231.52392578125
-61245 2230.304931640625
-61235 2234.549072265625
-61225 2238.52490234375
-61215 2237.464111328125
-61205 2237.096923828125
-61195 2237.7919921875
-61185 2236.81005859375
-61175 2237.5439453125
-61165 2238.138916015625
-61155 2240.906005859375
-61145 2245.327880859375
-61135 2251.68505859375
-61125 2255.75
-61115 2262.64306640625
-61105 2268.720947265625
-61095 2274.303955078125
-61085 2279.4609375
-61075 2285.52001953125
-61065 2294.593994140625
-61055 2302.51708984375
-61045 2307.950927734375
-61035 2314.625
-61025 2321.27001953125
-61015 2349.0849609375
-61005 2358.06005859375
-60995 2364.574951171875
-60985 2369.01806640625
-60975 2374.114990234375
-60965 2376.4951171875
-60955 2378.864990234375
-60945 2384.39794921875
-60935 2389.60498046875
-60925 2394.85107421875
-60915 2397.697021484375
-60905 2399.531005859375
-60895 2400.39404296875
-60885 2402.625
-60875 2403.179931640625
-60865 2402.8330078125
-60855 2401.781982421875
-60845 2397.993896484375
-60835 2394.841064453125
-60825 2395.60400390625
-60815 2399.490966796875
-60805 2404.549072265625
-60795 2406.988037109375
-60785 2406.65087890625
-60775 2410.70703125
-60765 2410.4990234375
-60755 2411.1240234375
-60745 2411.450927734375
-60735 2412.60107421875
-60725 2413.56298828125
-60715 2413.136962890625
-60705 2414.7529296875
-60695 2415.64599609375
-60685 2414.7041015625
-60675 2413.662109375
-60665 2413.8310546875
-60655 2414.3369140625
-60645 2414.931884765625
-60635 2415.139892578125
-60625 2414.466064453125
-60615 2413.841064453125
-60605 2415.467041015625
-60595 2417.966064453125
-60585 2420.087890625
-60575 2421
-60565 2421.050048828125
-60555 2422.339111328125
-60545 2422.89501953125
-60535 2422.02197265625
-60525 2423.14306640625
-60515 2424.827880859375
-60505 2426.10791015625
-60495 2428.14990234375
-60485 2429.27099609375
-60475 2429.321044921875
-60465 2427.802978515625
-60455 2425.9990234375
-60445 2425.384033203125
-60435 2425.343994140625
-60425 2424.987060546875
-60415 2426.177001953125
-60405 2426.7919921875
-60395 2427.0791015625
-60385 2429.89599609375
-60375 2429.777099609375
-60365 2428.904052734375
-60355 2428.68603515625
-60345 2428.219970703125
-60335 2425.89892578125
-60325 2424.987060546875
-60315 2424.134033203125
-60305 2423.8759765625
-60295 2423.341064453125
-60285 2422.64697265625
-60275 2422.508056640625
-60265 2422.488037109375
-60255 2422.39892578125
-60245 2422.5869140625
-60235 2422.60693359375
-60225 2422.60693359375
-60215 2422.51806640625
-60205 2422.498046875
-60195 2422.468017578125
-60185 2422.447998046875
-60175 2422.427978515625
-60165 2422.64697265625
-60155 2422.5380859375
-60145 2422.427978515625
-60135 2422.56689453125
-60125 2422.2900390625
-60115 2422.498046875
-60105 2422.68603515625
-60095 2422.905029296875
-60085 2423.04296875
-60075 2423.68798828125
-60065 2425.780029296875
-60055 2427.674072265625
-60045 2429.260986328125
-60035 2430.847900390625
-60025 2429.81591796875
-60015 2429.825927734375
-60005 2429.56103515625
-59995 2430.014892578125
-59985 2431.041015625
-59975 2430.340087890625
-59965 2432.013916015625
-59955 2434.35009765625
-59945 2438.0869140625
-59935 2442.4599609375
-59925 2444.80908203125
-59915 2448.339111328125
-59905 2454.217041015625
-59895 2460.537109375
-59885 2466.284912109375
-59875 2471.113037109375
-59865 2475.239013671875
-59855 2479.962890625
-59845 2484.89404296875
-59835 2489.6689453125
-59825 2495.7041015625
-59815 2501.763916015625
-59805 2506.47802734375
-59795 2511.0029296875
-59785 2516.677001953125
-59775 2520.593017578125
-59765 2524.200927734375
-59755 2527.1201171875
-59745 2529.407958984375
-59735 2531.02587890625
-59725 2533.85498046875
-59715 2536.294921875
-59705 2538.56591796875
-59695 2540.529052734375
-59685 2542.423095703125
-59675 2544.25
-59665 2546.10498046875
-59655 2548.445068359375
-59645 2551.569091796875
-59635 2555.513916015625
-59625 2560.030029296875
-59615 2570.906982421875
-59605 2578.264892578125
-59595 2585.281982421875
-59585 2595.844970703125
-59575 2609.305908203125
-59565 2615.882080078125
-59555 2618.75
-59545 2624.904052734375
-59535 2629.39404296875
-59525 2631.8720703125
-59515 2637.10205078125
-59505 2643.863037109375
-59495 2649.4560546875
-59485 2655.66796875
-59475 2662.14697265625
-59465 2664.68994140625
-59455 2670.802001953125
-59445 2672.501953125
-59435 2676.590087890625
-59425 2680.534912109375
-59415 2684.195068359375
-59405 2687.8798828125
-59395 2691.903076171875
-59385 2696.10693359375
-59375 2700.64892578125
-59365 2705.7099609375
-59355 2716.85693359375
-59345 2721.657958984375
-59335 2731.780029296875
-59325 2735.72509765625
-59315 2738.113037109375
-59305 2743.537109375
-59295 2748.76708984375
-59285 2754.321044921875
-59275 2760.263916015625
-59265 2766.635986328125
-59255 2773.39697265625
-59245 2779.31396484375
-59235 2805.864990234375
-59225 2815.06494140625
-59215 2822.0859375
-59205 2825.0439453125
-59195 2821.839111328125
-59185 2816.9990234375
-59175 2811.549072265625
-59165 2806.916015625
-59155 2805.8779296875
-59145 2804.009033203125
-59135 2806.552001953125
-59125 2808.84912109375
-59115 2809.056884765625
-59105 2809.43310546875
-59095 2810.342041015625
-59085 2809.875
-59075 2808.006103515625
-59065 2807.14892578125
-59055 2807.73291015625
-59045 2805.60498046875
-59035 2800.47900390625
-59025 2795.924072265625
-59015 2793.6669921875
-59005 2792.575927734375
-58995 2790.26708984375
-58985 2789.696044921875
-58975 2789.18896484375
-58965 2790.408935546875
-58955 2792.575927734375
-58945 2794.964111328125
-58935 2795.962890625
-58925 2797.5849609375
-58915 2801.906982421875
-58905 2817.946044921875
-58895 2825.575927734375
-58885 2833.0380859375
-58875 2820.1650390625
-58865 2794.48388671875
-58855 2780.364990234375
-58845 2759.93994140625
-58835 2741.902099609375
-58825 2738.345947265625
-58815 2731.52099609375
-58805 2718.843017578125
-58795 2702.556884765625
-58785 2686.555908203125
-58775 2674.73388671875
-58765 2660.31689453125
-58755 2656.0869140625
-58745 2645.39404296875
-58735 2635.02587890625
-58725 2627.741943359375
-58715 2619.839111328125
-58705 2613.25
-58695 2605.737060546875
-58685 2599.23193359375
-58675 2592.29296875
-58665 2585.68505859375
-58655 2579.22509765625
-58645 2573.304931640625
-58635 2567.8291015625
-58625 2561.8369140625
-58615 2557.096923828125
-58605 2552.10107421875
-58595 2547.468017578125
-58585 2545.053955078125
-58575 2540.97998046875
-58565 2536.24609375
-58555 2531.583984375
-58545 2525.73193359375
-58535 2521.864990234375
-58525 2518.050048828125
-58515 2514.75390625
-58505 2510.69189453125
-58495 2507.633056640625
-58485 2502.2958984375
-58475 2497.221923828125
-58465 2491.73291015625
-58455 2486.074951171875
-58445 2480.325927734375
-58435 2468.7509765625
-58425 2454.113037109375
-58415 2443.64111328125
-58405 2435.010986328125
-58395 2424.695068359375
-58385 2400.9208984375
-58375 2394.135009765625
-58365 2382.988037109375
-58355 2378.861083984375
-58345 2373.3720703125
-58335 2368.85595703125
-58325 2367.195068359375
-58315 2367.14306640625
-58305 2367.10400390625
-58295 2367.14306640625
-58285 2367.012939453125
-58275 2367.116943359375
-58265 2367.14306640625
-58255 2367.364013671875
-58245 2367.195068359375
-58235 2367.116943359375
-58225 2367.260009765625
-58215 2367.195068359375
-58205 2367.091064453125
-58195 2367.181884765625
-58185 2367.10400390625
-58175 2367.091064453125
-58165 2367.416015625
-58155 2372.256103515625
-58145 2377.471923828125
-58135 2379.25
-58125 2379.925048828125
-58115 2379.587890625
-58105 2376.615966796875
-58095 2376.4599609375
-58085 2372.9951171875
-58075 2368.194091796875
-58065 2357.1640625
-58055 2354.7109375
-58045 2350.987060546875
-58035 2350.507080078125
-58025 2348.7548828125
-58015 2346.885986328125
-58005 2343.006103515625
-57995 2337.1669921875
-57985 2328.9130859375
-57975 2322.944091796875
-57965 2318.51904296875
-57955 2312.39404296875
-57945 2306.89208984375
-57935 2301.2470703125
-57925 2297.860107421875
-57915 2292.201904296875
-57905 2287.89404296875
-57895 2278.278076171875
-57885 2270.20703125
-57875 2266.820068359375
-57865 2260.447998046875
-57855 2252.972900390625
-57845 2246.654052734375
-57835 2239.47802734375
-57825 2234.300048828125
-57815 2230.094970703125
-57805 2225.2548828125
-57795 2222.555908203125
-57785 2223.697998046875
-57775 2225.943115234375
-57765 2227.9150390625
-57755 2229.419921875
-57745 2230.2509765625
-57735 2230.926025390625
-57725 2232.10693359375
-57715 2233.820068359375
-57705 2234.572021484375
-57695 2235.8310546875
-57685 2237.4140625
-57675 2238.9580078125
-57665 2240.944091796875
-57655 2242.735107421875
-57645 2244.47412109375
-57635 2245.39501953125
-57625 2247.18603515625
-57615 2248.912109375
-57605 2250.75390625
-57595 2252.818115234375
-57585 2254.72509765625
-57575 2256.256103515625
-57565 2258.06005859375
-57555 2261.01904296875
-57545 2263.134033203125
-57535 2264.72998046875
-57525 2267.06591796875
-57515 2269.739013671875
-57505 2275.64892578125
-57495 2281.73095703125
-57485 2287.905029296875
-57475 2294.943115234375
-57465 2299.4560546875
-57455 2303.6650390625
-57445 2308.428955078125
-57435 2319.761962890625
-57425 2339.81298828125
-57415 2351.81591796875
-57405 2369.26611328125
-57395 2377.802978515625
-57385 2391.68701171875
-57375 2403.537109375
-57365 2411.99609375
-57355 2426.597900390625
-57345 2434.889892578125
-57335 2440.678955078125
-57325 2445.64111328125
-57315 2451.403076171875
-57305 2457.4609375
-57295 2462.990966796875
-57285 2468.929931640625
-57275 2474.1650390625
-57265 2480.429931640625
-57255 2486.99609375
-57245 2494.156982421875
-57235 2500.27294921875
-57225 2506.22900390625
-57215 2512.655029296875
-57205 2518.530029296875
-57195 2522.385009765625
-57185 2526.97509765625
-57175 2531.864990234375
-57165 2539.697998046875
-57155 2545.7451171875
-57145 2549.069091796875
-57135 2556.465087890625
-57125 2566.449951171875
-57115 2576.052978515625
-57105 2580.7119140625
-57095 2586.69091796875
-57085 2596.26708984375
-57075 2599.904052734375
-57065 2605.693115234375
-57055 2606.797119140625
-57045 2609.47998046875
-57035 2612.041015625
-57025 2613.4580078125
-57015 2622.39306640625
-57005 2629.326904296875
-56995 2636.885986328125
-56985 2637.93603515625
-56975 2644.73193359375
-56965 2652.047119140625
-56955 2659.2529296875
-56945 2661.6640625
-56935 2666.3359375
-56925 2669.81005859375
-56915 2673.74609375
-56905 2676.375
-56895 2679.39892578125
-56885 2682.844970703125
-56875 2687.094970703125
-56865 2689.23388671875
-56855 2691.535888671875
-56845 2695.677001953125
-56835 2701.805908203125
-56825 2708.16796875
-56815 2713.888916015625
-56805 2719.282958984375
-56795 2725.385009765625
-56785 2736.677001953125
-56775 2743.625
-56765 2747.27490234375
-56755 2752.696044921875
-56745 2755.052978515625
-56735 2759.943115234375
-56725 2763.89306640625
-56715 2767.97900390625
-56705 2771.60302734375
-56695 2770.881103515625
-56685 2770.64892578125
-56675 2774.50390625
-56665 2780.115966796875
-56655 2781.737060546875
-56645 2784.257080078125
-56635 2779.284912109375
-56625 2782.541015625
-56615 2784.447998046875
-56605 2781.450927734375
-56595 2780.716064453125
-56585 2780.864990234375
-56575 2780.919921875
-56565 2781.383056640625
-56555 2787.97607421875
-56545 2793.547119140625
-56535 2797.837890625
-56525 2803.66796875
-56515 2806.406005859375
-56505 2810.886962890625
-56495 2809.45703125
-56485 2809.798095703125
-56475 2810.219970703125
-56465 2811.3779296875
-56455 2813.51611328125
-56445 2816.404052734375
-56435 2819.44091796875
-56425 2822.697021484375
-56415 2826.115966796875
-56405 2829.385009765625
-56395 2832.572998046875
-56385 2835.569091796875
-56375 2838.306884765625
-56365 2840.826904296875
-56355 2843.007080078125
-56345 2844.9951171875
-56335 2846.697998046875
-56325 2848.3740234375
-56315 2849.777099609375
-56305 2851.125
-56295 2852.595947265625
-56285 2854.679931640625
-56275 2856.886962890625
-56265 2858.467041015625
-56255 2861.818115234375
-56245 2865.958984375
-56235 2870.236083984375
-56225 2874.840087890625
-56215 2880.152099609375
-56205 2886.73095703125
-56195 2894.0048828125
-56185 2901.279052734375
-56175 2928.236083984375
-56165 2941.14892578125
-56155 2953
-56145 2949.97607421875
-56135 2972.547119140625
-56125 2963.0390625
-56115 2948.31396484375
-56105 2943.193115234375
-56095 2938.9970703125
-56085 2935.551025390625
-56075 2932.10498046875
-56065 2929.02587890625
-56055 2926.137939453125
-56045 2923.196044921875
-56035 2920.06298828125
-56025 2916.862060546875
-56015 2913.60693359375
-56005 2910.323974609375
-55995 2906.864013671875
-55985 2902.927001953125
-55975 2898.77294921875
-55965 2894.181884765625
-55955 2889.52392578125
-55945 2884.68798828125
-55935 2879.702880859375
-55925 2874.784912109375
-55915 2869.93603515625
-55905 2865.345947265625
-55895 2860.8369140625
-55885 2856.6279296875
-55875 2852.705078125
-55865 2848.781982421875
-55855 2847.447021484375
-55845 2845.404052734375
-55835 2836.673095703125
-55825 2829.6708984375
-55815 2825.85693359375
-55805 2821.702880859375
-55795 2816.10400390625
-55785 2808.735107421875
-55775 2804.389892578125
-55765 2794.3779296875
-55755 2788.1669921875
-55745 2782.281982421875
-55735 2776.751953125
-55725 2771.452880859375
-55715 2763.68896484375
-55705 2759.153076171875
-55695 2754.7119140625
-55685 2750.77587890625
-55675 2746.784912109375
-55665 2743.242919921875
-55655 2739.469970703125
-55645 2735.99609375
-55635 2732.0458984375
-55625 2728
-55615 2723.763916015625
-55605 2721.012939453125
-55595 2716.81689453125
-55585 2713.589111328125
-55575 2710.264892578125
-55565 2707.487060546875
-55555 2705.333984375
-55545 2703.181884765625
-55535 2701.343017578125
-55525 2700.281005859375
-55515 2699.013916015625
-55505 2698.468994140625
-55495 2696.589111328125
-55485 2696.27587890625
-55475 2695.091064453125
-55465 2694.614013671875
-55455 2693.89208984375
-55445 2693.14306640625
-55435 2693.22509765625
-55425 2692.70703125
-55415 2692.18994140625
-55405 2690.990966796875
-55395 2689.492919921875
-55385 2689.35595703125
-55375 2689.60205078125
-55365 2691.550048828125
-55355 2693.77001953125
-55345 2694.681884765625
-55335 2697.7470703125
-55325 2699.47705078125
-55315 2703.14111328125
-55305 2706.764892578125
-55295 2712.527099609375
-55285 2715.386962890625
-55275 2717.4169921875
-55265 2714.529052734375
-55255 2705.72900390625
-55245 2696.862060546875
-55235 2689.52001953125
-55225 2685.801025390625
-55215 2688.906982421875
-55205 2689.968994140625
-55195 2682.287109375
-55185 2685.596923828125
-55175 2684.574951171875
-55165 2674.181884765625
-55155 2659.2119140625
-55145 2648.9140625
-55135 2649.22802734375
-55125 2670.736083984375
-55115 2675.448974609375
-55105 2671.18603515625
-55095 2669.197021484375
-55085 2663.176025390625
-55075 2654.676025390625
-55065 2647.97412109375
-55055 2639.447998046875
-55045 2631.343017578125
-55035 2622.51611328125
-55025 2617.89794921875
-55015 2615.256103515625
-55005 2616.011962890625
-54995 2614.85009765625
-54985 2612.60595703125
-54975 2609.51806640625
-54965 2606.339111328125
-54955 2600.658935546875
-54945 2594.712890625
-54935 2590.634033203125
-54925 2588.132080078125
-54915 2589.60107421875
-54905 2589.34912109375
-54895 2591.5830078125
-54885 2603.510009765625
-54875 2622.530029296875
-54865 2635.47998046875
-54855 2635.39208984375
-54845 2632.949951171875
-54835 2628.9609375
-54825 2622.40087890625
-54815 2620.10205078125
-54805 2621.672119140625
-54795 2620.510009765625
-54785 2618.740966796875
-54775 2618.98193359375
-54765 2616.220947265625
-54755 2597.077880859375
-54745 2566.30908203125
-54735 2548.428955078125
-54725 2523.839111328125
-54715 2519.051025390625
-54705 2514.587890625
-54695 2510.841064453125
-54685 2507.587890625
-54675 2504.908935546875
-54665 2502.158935546875
-54655 2499.591064453125
-54645 2497.3779296875
-54635 2495.362060546875
-54625 2494.02099609375
-54615 2493.010009765625
-54605 2491.589111328125
-54595 2489.81005859375
-54585 2488.2119140625
-54575 2486.930908203125
-54565 2485.68896484375
-54555 2484.572021484375
-54545 2483.73095703125
-54535 2483.22900390625
-54525 2482.821044921875
-54515 2482.910888671875
-54505 2482.948974609375
-54495 2482.889892578125
-54485 2484.77099609375
-54475 2489.820068359375
-54465 2496.3798828125
-54455 2505.201904296875
-54445 2510.3798828125
-54435 2516.84912109375
-54425 2528.618896484375
-54415 2544.339111328125
-54405 2549.14794921875
-54395 2552.798095703125
-54385 2549.907958984375
-54375 2556.719970703125
-54365 2556.60791015625
-54355 2554.361083984375
-54345 2550.947998046875
-54335 2547.281005859375
-54325 2544.8701171875
-54315 2542.60791015625
-54305 2542.56005859375
-54295 2544.360107421875
-54285 2543.090087890625
-54275 2543.968994140625
-54265 2539.988037109375
-54255 2535.319091796875
-54245 2529.337890625
-54235 2523.860107421875
-54225 2516.071044921875
-54215 2509.908935546875
-54205 2504.239013671875
-54195 2498.260986328125
-54185 2493.509033203125
-54175 2489.77099609375
-54165 2487.39208984375
-54155 2483.6201171875
-54145 2480.092041015625
-54135 2476.158935546875
-54125 2473.800048828125
-54115 2471.81103515625
-54105 2469.971923828125
-54095 2470.62109375
-54085 2470.611083984375
-54075 2466.623046875
-54065 2463.19189453125
-54055 2459.31201171875
-54045 2456.0419921875
-54035 2453.5830078125
-54025 2452.39306640625
-54015 2450.89208984375
-54005 2448.822998046875
-53995 2443.448974609375
-53985 2430.241943359375
-53975 2421.992919921875
-53965 2415.548095703125
-53955 2409.02197265625
-53945 2403.658935546875
-53935 2398.60009765625
-53925 2394.259033203125
-53915 2392.092041015625
-53905 2391.7880859375
-53895 2390.618896484375
-53885 2388.947998046875
-53875 2387.18896484375
-53865 2386.89892578125
-53855 2386.919921875
-53845 2386.927001953125
-53835 2388.114013671875
-53825 2391.867919921875
-53815 2395.68896484375
-53805 2397.178955078125
-53795 2396.841064453125
-53785 2398.448974609375
-53775 2403.467041015625
-53765 2405.97998046875
-53755 2407.887939453125
-53745 2410.593017578125
-53735 2414.98193359375
-53725 2418.821044921875
-53715 2423.8798828125
-53705 2428.009033203125
-53695 2433.162109375
-53685 2437.60107421875
-53675 2441.551025390625
-53665 2444.43994140625
-53655 2450.111083984375
-53645 2455.052001953125
