-74625 2998.19091796875
-74615 2997.8779296875
-74605 2997.635986328125
-74595 2997.133056640625
-74585 2995.468994140625
-74575 2995.902099609375
-74565 2995.243896484375
-74555 2995.677001953125
-74545 2995.260986328125
-74535 2993.544921875
-74525 2993.076904296875
-74515 2991.637939453125
-74505 2989.64501953125
-74495 2987.56396484375
-74485 2985.068115234375
-74475 2982.39892578125
-74465 2979.677001953125
-74455 2977.12890625
-74445 2975.117919921875
-74435 2973.886962890625
-74425 2973.52294921875
-74415 2972.708984375
-74405 2971.408935546875
-74395 2969.969970703125
-74385 2968.705078125
-74375 2967.802978515625
-74365 2967.6650390625
-74355 2967.785888671875
-74345 2967.958984375
-74335 2968.341064453125
-74325 2968.89501953125
-74315 2969.501953125
-74305 2970.091064453125
-74295 2970.715087890625
-74285 2971.131103515625
-74275 2971.0791015625
-74265 2971.027099609375
-74255 2970.5419921875
-74245 2970.715087890625
-74235 2972.136962890625
-74225 2974.113037109375
-74215 2976.261962890625
-74205 2981.323974609375
-74195 2985.068115234375
-74185 2988.6220703125
-74175 2992.5048828125
-74165 2996.785888671875
-74155 3001.656982421875
-74145 3006.75390625
-74135 3012.43701171875
-74125 3032.596923828125
-74115 3038.110107421875
-74105 3034.243896484375
-74095 3022.993896484375
-74085 3012.575927734375
-74075 2993.26806640625
-74065 2990.181884765625
-74055 2982.138916015625
-74045 2974.285888671875
-74035 2966.780029296875
-74025 2959.153076171875
-74015 2948.77197265625
-74005 2945.739013671875
-73995 2940.902099609375
-73985 2935.320068359375
-73975 2930.60498046875
-73965 2926.531982421875
-73955 2922.008056640625
-73945 2917.760009765625
-73935 2913.56494140625
-73925 2910.4970703125
-73915 2907.0830078125
-73905 2902.318115234375
-73895 2895.365966796875
-73885 2894.845947265625
-73875 2890.928955078125
-73865 2887.653076171875
-73855 2884.56689453125
-73845 2881.30810546875
-73835 2876.97509765625
-73825 2871.56591796875
-73815 2866.001953125
-73805 2862.118896484375
-73795 2857.35400390625
-73785 2849.447021484375
-73775 2847.3349609375
-73765 2842.08203125
-73755 2836.5869140625
-73745 2832.06298828125
-73735 2828.527099609375
-73725 2824.81689453125
-73715 2821.22900390625
-73705 2818.52490234375
-73695 2816.861083984375
-73685 2815.178955078125
-73675 2811.156982421875
-73665 2808.904052734375
-73655 2808.261962890625
-73645 2807.083984375
-73635 2803.56494140625
-73625 2801.2080078125
-73615 2799.216064453125
-73605 2797.219970703125
-73595 2795.419921875
-73585 2793.964111328125
-73575 2792.680908203125
-73565 2791.6240234375
-73555 2790.861083984375
-73545 2790.029052734375
-73535 2789.301025390625
-73525 2788.468994140625
-73515 2787.376953125
-73505 2786.4580078125
-73495 2785.469970703125
-73485 2784.464111328125
-73475 2783.510986328125
-73465 2782.8701171875
-73455 2782.10693359375
-73445 2781.534912109375
-73435 2780.946044921875
-73425 2780.027099609375
-73415 2779.055908203125
-73405 2778.10302734375
-73395 2777.27099609375
-73385 2777.912109375
-73375 2777.98095703125
-73365 2778.587890625
-73355 2779.43798828125
-73345 2780.35595703125
-73335 2781.27490234375
-73325 2781.5869140625
-73315 2781.552001953125
-73305 2780.842041015625
-73295 2780.68603515625
-73285 2780.4951171875
-73275 2780.89404296875
-73265 2781.31005859375
-73255 2781.656005859375
-73245 2781.656005859375
-73235 2781.48291015625
-73225 2781.2060546875
-73215 2780.287109375
-73205 2779.177001953125
-73195 2778.136962890625
-73185 2776.576904296875
-73175 2775.052001953125
-73165 2773.509033203125
-73155 2771.827880859375
-73145 2770.180908203125
-73135 2768.4130859375
-73125 2766.24609375
-73115 2764.251953125
-73105 2762.10302734375
-73095 2760.248046875
-73085 2757.821044921875
-73075 2755.134033203125
-73065 2748.806884765625
-73055 2747.471923828125
-73045 2743.60693359375
-73035 2739.48095703125
-73025 2736.571044921875
-73015 2734.7490234375
-73005 2733.136962890625
-72995 2732.06396484375
-72985 2731.075927734375
-72975 2730.01904296875
-72965 2728.544921875
-72955 2727.33203125
-72945 2725.35595703125
-72935 2723.362060546875
-72925 2721.4560546875
-72915 2720.485107421875
-72905 2720.416015625
-72895 2720.364013671875
-72885 2720.501953125
-72875 2720.381103515625
-72865 2719.98193359375
-72855 2719.4970703125
-72845 2718.73388671875
-72835 2717.970947265625
-72825 2717.382080078125
-72815 2716.966064453125
-72805 2716.446044921875
-72795 2716.654052734375
-72785 2717.278076171875
-72775 2715.423095703125
-72765 2714.2099609375
-72755 2713.637939453125
-72745 2712.632080078125
-72735 2711.43603515625
-72725 2710.083984375
-72715 2709.0439453125
-72705 2707.81298828125
-72695 2706.843017578125
-72685 2705.385986328125
-72675 2704.10400390625
-72665 2702.97705078125
-72655 2701.762939453125
-72645 2700.514892578125
-72635 2699.23291015625
-72625 2698.573974609375
-72615 2697.325927734375
-72605 2696.2509765625
-72595 2695.52294921875
-72585 2695.8349609375
-72575 2695.2109375
-72565 2698.469970703125
-72555 2714.555908203125
-72545 2722.68603515625
-72535 2728.56298828125
-72525 2740.677001953125
-72515 2746.587890625
-72505 2736.787109375
-72495 2731.068115234375
-72485 2723.260986328125
-72475 2722.702880859375
-72465 2724.096923828125
-72455 2719.1220703125
-72445 2711.85791015625
-72435 2697.034912109375
-72425 2687.966064453125
-72415 2676.81201171875
-72405 2668.52001953125
-72395 2662.575927734375
-72385 2659.083984375
-72375 2658.174072265625
-72365 2655.927978515625
-72355 2657.366943359375
-72345 2659.43603515625
-72335 2658.2470703125
-72325 2662.048095703125
-72315 2657.73291015625
-72305 2652.27392578125
-72295 2642.323974609375
-72285 2642.837890625
-72275 2642.0009765625
-72265 2642.073974609375
-72255 2637.7890625
-72245 2633.574951171875
-72235 2618.35791015625
-72225 2615.39404296875
-72215 2613.29296875
-72205 2611.8720703125
-72195 2620.324951171875
-72185 2629.87890625
-72175 2632.7548828125
-72165 2631.39111328125
-72155 2631.81591796875
-72145 2633.928955078125
-72135 2637.304931640625
-72125 2638.9609375
-72115 2641.39892578125
-72105 2642.294921875
-72095 2642.60302734375
-72085 2642.4560546875
-72075 2641.341064453125
-72065 2642.98388671875
-72055 2642.98388671875
-72045 2642.955078125
-72035 2643.05810546875
-72025 2643.968017578125
-72015 2645.758056640625
-72005 2647.489990234375
-71995 2649.955078125
-71985 2653.27197265625
-71975 2655.60498046875
-71965 2657.14599609375
-71955 2660.68310546875
-71945 2663.633056640625
-71935 2665.52587890625
-71925 2669.35693359375
-71915 2673.846923828125
-71905 2676.47412109375
-71895 2678.64599609375
-71885 2679.718017578125
-71875 2679.0869140625
-71865 2679.322021484375
-71855 2680.173095703125
-71845 2682.138916015625
-71835 2683.283935546875
-71825 2684.443115234375
-71815 2685.64697265625
-71805 2687.12890625
-71795 2689.125
-71785 2692.294921875
-71775 2695.126953125
-71765 2699.7939453125
-71755 2704.2119140625
-71745 2710.198974609375
-71735 2723.93603515625
-71725 2737.77490234375
-71715 2750.3369140625
-71705 2760.27294921875
-71695 2772.4541015625
-71685 2779.512939453125
-71675 2788.699951171875
-71665 2796.02294921875
-71655 2803.757080078125
-71645 2806.70703125
-71635 2811.007080078125
-71625 2819.85595703125
-71615 2830.3349609375
-71605 2834.458984375
-71595 2842.090087890625
-71585 2850.705078125
-71575 2865.205078125
-71565 2868.257080078125
-71555 2852.553955078125
-71545 2845.260009765625
-71535 2841.7529296875
-71525 2840.2119140625
-71515 2842.764892578125
-71505 2846.56591796875
-71495 2858.218994140625
-71485 2860.992919921875
-71475 2861.535888671875
-71465 2864.676025390625
-71455 2861.06591796875
-71445 2861.8291015625
-71435 2861.037109375
-71425 2863.51708984375
-71415 2864.7939453125
-71405 2859.965087890625
-71395 2849.76611328125
-71385 2843.132080078125
-71375 2837.37890625
-71365 2831.406005859375
-71355 2825.404052734375
-71345 2819.430908203125
-71335 2813.868896484375
-71325 2808.468017578125
-71315 2803.02294921875
-71305 2798.195068359375
-71295 2793.43994140625
-71285 2787.614013671875
-71275 2783.22607421875
-71265 2779.821044921875
-71255 2775.887939453125
-71245 2772.4541015625
-71235 2768.72607421875
-71225 2766.083984375
-71215 2764.073974609375
-71205 2759.993896484375
-71195 2755.06298828125
-71185 2752.8759765625
-71175 2745.22998046875
-71165 2740.666015625
-71155 2730.819091796875
-71145 2724.3759765625
-71135 2721.2939453125
-71125 2720.075927734375
-71115 2714.675048828125
-71105 2708.907958984375
-71095 2702.18603515625
-71085 2697.137939453125
-71075 2693.131103515625
-71065 2690.2548828125
-71055 2691.0029296875
-71045 2690.695068359375
-71035 2690.666015625
-71025 2689.344970703125
-71015 2693.572021484375
-71005 2695.02490234375
-70995 2696.947021484375
-70985 2698.385009765625
-70975 2700.263916015625
-70965 2701.906982421875
-70955 2702.919921875
-70945 2703.990966796875
-70935 2704.22607421875
-70925 2704.6669921875
-70915 2705.9140625
-70905 2708.202880859375
-70895 2709.347900390625
-70885 2710.43408203125
-70875 2712.532958984375
-70865 2713.927001953125
-70855 2713.85400390625
-70845 2715.804931640625
-70835 2727.325927734375
-70825 2727.51708984375
-70815 2733.87109375
-70805 2738.362060546875
-70795 2739.8740234375
-70785 2747.1240234375
-70775 2753.31689453125
-70765 2763.01708984375
-70755 2762.694091796875
-70745 2764.616943359375
-70735 2765.64404296875
-70725 2773.27587890625
-70715 2781.992919921875
-70705 2783.65087890625
-70695 2775.052001953125
-70685 2778.955078125
-70675 2782.095947265625
-70665 2788.919921875
-70655 2794.673095703125
-70645 2797.946044921875
-70635 2798.944091796875
-70625 2799.60400390625
-70615 2799.69189453125
-70605 2801.967041015625
-70595 2804.623046875
-70585 2808.3798828125
-70575 2811.637939453125
-70565 2813.501953125
-70555 2814.616943359375
-70545 2814.177001953125
-70535 2811.31494140625
-70525 2803.68408203125
-70515 2795.27490234375
-70505 2787.673095703125
-70495 2784.325927734375
-70485 2783.636962890625
-70475 2777.12109375
-70465 2769.532958984375
-70455 2764.89599609375
-70445 2758.5849609375
-70435 2749.60400390625
-70425 2745.568115234375
-70415 2743.528076171875
-70405 2739.91796875
-70395 2737.74609375
-70385 2733.0791015625
-70375 2728.323974609375
-70365 2723.553955078125
-70355 2720.281005859375
-70345 2715.62890625
-70335 2711.827880859375
-70325 2708.468017578125
-70315 2705.01904296875
-70305 2700.8359375
-70295 2699.1630859375
-70285 2697.636962890625
-70275 2695.52294921875
-70265 2696.56494140625
-70255 2695.743896484375
-70245 2694.202880859375
-70235 2694.27587890625
-70225 2692.339111328125
-70215 2690.75390625
-70205 2689.47705078125
-70195 2686.322021484375
-70185 2684.031982421875
-70175 2681.346923828125
-70165 2681.259033203125
-70155 2681.346923828125
-70145 2679.306884765625
-70135 2677.9130859375
-70125 2675.094970703125
-70115 2673.715087890625
-70105 2675.2119140625
-70095 2677.56005859375
-70085 2680.12890625
-70075 2684.824951171875
-70065 2689.784912109375
-70055 2696.594970703125
-70045 2701.74609375
-70035 2705.635009765625
-70025 2707.615966796875
-70015 2703.095947265625
-70005 2692.590087890625
-69995 2683.823974609375
-69985 2678.806884765625
-69975 2669.297119140625
-69965 2661.385009765625
-69955 2650.527099609375
-69945 2639.26611328125
-69935 2623.9140625
-69925 2614.14990234375
-69915 2602.822021484375
-69905 2592.52001953125
-69895 2583.341064453125
-69885 2577.179931640625
-69875 2566.714111328125
-69865 2556.27294921875
-69855 2537.424072265625
-69845 2523.9189453125
-69835 2515.35107421875
-69825 2507.60791015625
-69815 2497.843994140625
-69805 2490.236083984375
-69795 2482.7109375
-69785 2474.260986328125
-69775 2465.742919921875
-69765 2457.259033203125
-69755 2448.2529296875
-69745 2437.14306640625
-69735 2426.70703125
-69725 2417.465087890625
-69715 2409.552978515625
-69705 2401.507080078125
-69695 2392.8720703125
-69685 2386.306884765625
-69675 2381.9970703125
-69665 2370.955078125
-69655 2359.60888671875
-69645 2350.198974609375
-69635 2334.9140625
-69625 2319.613037109375
-69615 2306.93701171875
-69605 2307.39208984375
-69595 2307.323974609375
-69585 2286.51904296875
-69575 2275.761962890625
-69565 2283.70703125
-69555 2278.5400390625
-69545 2269.76904296875
-69535 2260.343017578125
-69525 2252.6669921875
-69515 2246.405029296875
-69505 2240.2939453125
-69495 2226.52392578125
-69485 2201.30810546875
-69475 2178.531982421875
-69465 2163.68505859375
-69455 2186.697021484375
-69445 2191.072998046875
-69435 2186.444091796875
-69425 2183.162109375
-69415 2177.7919921875
-69405 2166.243896484375
-69395 2155.6220703125
-69385 2146.549072265625
-69375 2134.074951171875
-69365 2127.678955078125
-69355 2119.85107421875
-69345 2111.7041015625
-69335 2095.303955078125
-69325 2077.364013671875
-69315 2067.29296875
-69305 2056.385009765625
-69295 2024.43603515625
-69285 1997.5860595703125
-69275 1986.0389404296875
-69265 1974.81103515625
-69255 1966.1419677734375
-69245 1961.2430419921875
-69235 1952.9110107421875
-69225 1924.176025390625
-69215 1915.541015625
-69205 1908.385986328125
-69195 1902.02294921875
-69185 1894.262939453125
-69175 1887.3780517578125
-69165 1880.864013671875
-69155 1874.365966796875
-69145 1869.1650390625
-69135 1862.6839599609375
-69125 1857.4990234375
-69115 1852.616943359375
-69105 1847.904052734375
-69095 1843.2750244140625
-69085 1838.6629638671875
-69075 1833.1920166015625
-69065 1829.135009765625
-69055 1825.4649658203125
-69045 1821.0040283203125
-69035 1817.08203125
-69025 1813.56396484375
-69015 1810.365966796875
-69005 1806.1739501953125
-68995 1802.7230224609375
-68985 1799.862060546875
-68975 1796.343994140625
-68965 1793.7679443359375
-68955 1790.2159423828125
-68945 1786.4959716796875
-68935 1783.802978515625
-68925 1781.512939453125
-68915 1779.5439453125
-68905 1778.0789794921875
-68895 1776.2950439453125
-68885 1774.1070556640625
-68875 1771.531005859375
-68865 1769.89794921875
-68855 1766.22900390625
-68845 1760.758056640625
-68835 1760.656982421875
-68825 1758.468017578125
-68815 1760.083984375
-68805 1762.18896484375
-68795 1763.7540283203125
-68785 1765.083984375
-68775 1764.7469482421875
-68765 1766.9520263671875
-68755 1767.5579833984375
-68745 1769.0059814453125
-68735 1770.302001953125
-68725 1770.991943359375
-68715 1773.5169677734375
-68705 1775.637939453125
-68695 1776.9510498046875
-68685 1777.759033203125
-68675 1779.8470458984375
-68665 1781.344970703125
-68655 1784.9139404296875
-68645 1788.987060546875
-68635 1788.802001953125
-68625 1788.2469482421875
-68615 1790.2330322265625
-68605 1793.6669921875
-68595 1794.5419921875
-68585 1796.7979736328125
-68575 1799.508056640625
-68565 1803.885009765625
-68555 1807.3189697265625
-68545 1808.4129638671875
-68535 1809.89404296875
-68525 1811.1739501953125
-68515 1815.988037109375
-68505 1819.35498046875
-68495 1819.7249755859375
-68485 1824.0849609375
-68475 1826.4749755859375
-68465 1826.27294921875
-68455 1830.3470458984375
-68445 1833.781005859375
-68435 1839.3360595703125
-68425 1843.2919921875
-68415 1847.7020263671875
-68405 1854.2669677734375
-68395 1856.9439697265625
-68385 1859.8890380859375
-68375 1861.3199462890625
-68365 1861.18603515625
-68355 1859.114990234375
-68345 1858.0550537109375
-68335 1862.0780029296875
-68325 1865.2259521484375
-68315 1869.6529541015625
-68305 1872.699951171875
-68295 1875.762939453125
-68285 1879.416015625
-68275 1881.9580078125
-68265 1883.322021484375
-68255 1884.2469482421875
-68245 1884.3819580078125
-68235 1884.06201171875
-68225 1884.8699951171875
-68215 1883.79296875
-68205 1883.81005859375
-68195 1886.2340087890625
-68185 1887.7320556640625
-68175 1886.2669677734375
-68165 1884.5169677734375
-68155 1881.217041015625
-68145 1877.22802734375
-68135 1881.0150146484375
-68125 1884.8370361328125
-68115 1884.9539794921875
-68105 1885.375
-68095 1882.9849853515625
-68085 1888.219970703125
-68075 1887.008056640625
-68065 1885.324951171875
-68055 1878.1710205078125
-68045 1878.7430419921875
-68035 1880.7969970703125
-68025 1878.2550048828125
-68015 1874.7869873046875
-68005 1874.887939453125
-67995 1875.762939453125
-67985 1874.719970703125
-67975 1873.6419677734375
-67965 1874.012939453125
-67955 1871.116943359375
-67945 1868.844970703125
-67935 1868.2220458984375
-67925 1858.64404296875
-67915 1848.02197265625
-67905 1847.248046875
-67895 1850.6820068359375
-67885 1852.988037109375
-67875 1853.8289794921875
-67865 1855.614013671875
-67855 1857.85302734375
-67845 1859.93994140625
-67835 1857.987060546875
-67825 1854.25
-67815 1854.8060302734375
-67805 1853.4759521484375
-67795 1850.64794921875
-67785 1844.60498046875
-67775 1843.9310302734375
-67765 1844.5369873046875
-67755 1846.3050537109375
-67745 1846.4560546875
-67735 1847.7020263671875
-67725 1846.9949951171875
-67715 1846.322021484375
-67705 1852.718017578125
-67695 1854.2669677734375
-67685 1852.2640380859375
-67675 1845.39599609375
-67665 1843.240966796875
-67655 1842.383056640625
-67645 1842.06298828125
-67635 1841.373046875
-67625 1839.52099609375
-67615 1837.989013671875
-67605 1835.717041015625
-67595 1833.9659423828125
-67585 1834.386962890625
-67575 1832.3160400390625
-67565 1828.1080322265625
-67555 1824.8089599609375
-67545 1820.14599609375
-67535 1819.5400390625
-67525 1821.18994140625
-67515 1822.43505859375
-67505 1819.801025390625
-67495 1815.115966796875
-67485 1811.323974609375
-67475 1814.468994140625
-67465 1815.4310302734375
-67455 1809.6219482421875
-67445 1805.904052734375
-67435 1800.7979736328125
-67425 1794.675048828125
-67415 1790.9749755859375
-67405 1793.8790283203125
-67395 1797.6529541015625
-67385 1794.6929931640625
-67375 1793.6390380859375
-67365 1791.9739990234375
-67355 1791.7330322265625
-67345 1792.2879638671875
-67335 1793.9720458984375
-67325 1794.0830078125
-67315 1796.0069580078125
-67305 1794.637939453125
-67295 1794.7120361328125
-67285 1794.72998046875
-67275 1790.623046875
-67265 1794.3050537109375
-67255 1799.68798828125
-67245 1797.0240478515625
-67235 1794.9520263671875
-67225 1792.9169921875
-67215 1792.41796875
-67205 1790.43798828125
-67195 1791.3079833984375
-67185 1786.6090087890625
-67175 1782.18798828125
-67165 1777.5069580078125
-67155 1775.56494140625
-67145 1777.9329833984375
-67135 1778.1920166015625
-67125 1775.4539794921875
-67115 1775.2320556640625
-67105 1775.6199951171875
-67095 1777.7850341796875
-67085 1778.302978515625
-67075 1780.115966796875
-67065 1780.1529541015625
-67055 1780.301025390625
-67045 1779.302001953125
-67035 1782.501953125
-67025 1781.8919677734375
-67015 1781.761962890625
-67005 1788.4959716796875
-66995 1788.14404296875
-66985 1786.2939453125
-66975 1784.18603515625
-66965 1782.6689453125
-66955 1776.2860107421875
-66945 1776.2120361328125
-66935 1775.3609619140625
-66925 1771.9019775390625
-66915 1766.5369873046875
-66905 1762.22705078125
-66895 1756.991943359375
-66885 1752.8289794921875
-66875 1748.0570068359375
-66865 1745.041015625
-66855 1743.72802734375
-66845 1740.6199951171875
-66835 1735.4029541015625
-66825 1731.073974609375
-66815 1727.5780029296875
-66805 1723.989013671875
-66795 1719.364013671875
-66785 1717.625
-66775 1715.3680419921875
-66765 1711.18798828125
-66755 1711.6319580078125
-66745 1712.2049560546875
-66735 1710.5770263671875
-66725 1708.5419921875
-66715 1705.23095703125
-66705 1701.511962890625
-66695 1697.8499755859375
-66685 1697.572021484375
-66675 1696.7769775390625
-66665 1694.0389404296875
-66655 1692.0589599609375
-66645 1690.302001953125
-66635 1691.56005859375
-66625 1691.68896484375
-66615 1691.7449951171875
-66605 1691.0970458984375
-66595 1690.615966796875
-66585 1689.488037109375
-66575 1687.73095703125
-66565 1686.8060302734375
-66555 1687.06494140625
-66545 1687.06494140625
-66535 1686.3800048828125
-66525 1684.9560546875
-66515 1685.6219482421875
-66505 1685.4549560546875
-66495 1685.3070068359375
-66485 1684.677978515625
-66475 1684.0679931640625
-66465 1683.864013671875
-66455 1683.845947265625
-66445 1683.7349853515625
-66435 1683.845947265625
-66425 1684.10498046875
-66415 1684.8819580078125
-66405 1685.5849609375
-66395 1686.5469970703125
-66385 1685.91796875
-66375 1685.0670166015625
-66365 1684.3819580078125
-66355 1683.8270263671875
-66345 1683.512939453125
-66335 1681.218994140625
-66325 1682.2919921875
-66315 1682.698974609375
-66305 1682.31005859375
-66295 1682.4029541015625
-66285 1681.958984375
-66275 1682.365966796875
-66265 1682.6619873046875
-66255 1685.363037109375
-66245 1682.5689697265625
-66235 1680.904052734375
-66225 1682.4580078125
-66215 1683.93798828125
-66205 1683.2349853515625
-66195 1679.5169677734375
-66185 1679.498046875
-66175 1679.31298828125
-66165 1679.553955078125
-66155 1679.31298828125
-66145 1679.886962890625
-66135 1681.699951171875
-66125 1683.2540283203125
-66115 1685.3260498046875
-66105 1685.2149658203125
-66095 1681.8480224609375
-66085 1686.157958984375
-66075 1682.47705078125
-66065 1682.8280029296875
-66055 1680.405029296875
-66045 1679.5909423828125
-66035 1679.498046875
-66025 1677.7039794921875
-66015 1680.1829833984375
-66005 1676.5760498046875
-65995 1677.1490478515625
-65985 1677.7779541015625
-65975 1679.239013671875
-65965 1680.0159912109375
-65955 1681.3299560546875
-65945 1681.47802734375
-65935 1681.9959716796875
-65925 1682.8470458984375
-65915 1684.0860595703125
-65905 1685.7139892578125
-65895 1686.7130126953125
-65885 1687.0830078125
-65875 1687.3609619140625
-65865 1687.0830078125
-65855 1687.5460205078125
-65845 1686.4169921875
-65835 1687.1390380859375
-65825 1686.343017578125
-65815 1686.1400146484375
-65805 1686.9720458984375
-65795 1687.73095703125
-65785 1688.2120361328125
-65775 1687.637939453125
-65765 1687.6939697265625
-65755 1689.0810546875
-65745 1692.114990234375
-65735 1695.6109619140625
-65725 1698.79296875
-65715 1699.052001953125
-65705 1700.7359619140625
-65695 1705.1939697265625
-65685 1707.0069580078125
-65675 1708.7459716796875
-65665 1708.968017578125
-65655 1710.9659423828125
-65645 1717.865966796875
-65635 1724.2110595703125
-65625 1726.3570556640625
-65615 1720.6409912109375
-65605 1720.751953125
-65595 1717.9210205078125
-65585 1731.259033203125
-65575 1736.1800537109375
-65565 1735.1259765625
-65555 1730.6669921875
-65545 1728.0770263671875
-65535 1733.3680419921875
-65525 1747.2239990234375
-65515 1751.2569580078125
-65505 1758.56396484375
-65495 1767.4620361328125
-65485 1775.2320556640625
-65475 1781.35498046875
-65465 1787.5150146484375
-65455 1790.9010009765625
-65445 1799.2249755859375
-65435 1801.760009765625
-65425 1804.6829833984375
-65415 1808.2349853515625
-65405 1809.2340087890625
-65395 1809.7139892578125
-65385 1810.60302734375
-65375 1809.0489501953125
-65365 1804.5899658203125
-65355 1801.241943359375
-65345 1798.9659423828125
-65335 1799.18798828125
-65325 1799.18798828125
-65315 1796.89501953125
-65305 1792.5469970703125
-65295 1787.9219970703125
-65285 1788.14404296875
-65275 1790.0679931640625
-65265 1786.1650390625
-65255 1782.4649658203125
-65245 1773.9930419921875
-65235 1778.56201171875
-65225 1777.6739501953125
-65215 1783.3349609375
-65205 1784.906982421875
-65195 1782.613037109375
-65185 1782.4840087890625
-65175 1787.238037109375
-65165 1787.2559814453125
-65155 1789.0140380859375
-65145 1789.10595703125
-65135 1787.5150146484375
-65125 1789.531982421875
-65115 1788.3289794921875
-65105 1787.126953125
-65095 1781.281005859375
-65085 1778.54296875
-65075 1772.864013671875
-65065 1755.2340087890625
-65055 1741.1929931640625
-65045 1720.43701171875
-65035 1703.0660400390625
-65025 1698.718994140625
-65015 1699.4959716796875
-65005 1697.3089599609375
-64995 1692.508056640625
-64985 1690.4759521484375
-64975 1685.9849853515625
-64965 1680.739013671875
-64955 1677.9520263671875
-64945 1673.615966796875
-64935 1669.125
-64925 1664.4210205078125
-64915 1658.8079833984375
-64905 1652.2449951171875
-64895 1644.56103515625
-64885 1635.9859619140625
-64875 1624.0999755859375
-64865 1616.1829833984375
-64855 1610.8990478515625
-64845 1605.8079833984375
-64835 1600.2330322265625
-64825 1592.510009765625
-64815 1587.5159912109375
-64805 1582.7540283203125
-64795 1577.991943359375
-64785 1572.3389892578125
-64775 1567.7130126953125
-64765 1563.68701171875
-64755 1559.7569580078125
-64745 1555.8470458984375
-64735 1552.18896484375
-64725 1547.8330078125
-64715 1543.1490478515625
-64705 1540.303955078125
-64695 1538.987060546875
-64685 1538.7359619140625
-64675 1537.2840576171875
-64665 1535.0579833984375
-64655 1534.5159912109375
-64645 1534.2060546875
-64635 1533.0830078125
-64625 1532.9090576171875
-64615 1531.9990234375
-64605 1531.011962890625
-64595 1530.5860595703125
-64585 1530.4510498046875
-64575 1529.967041015625
-64565 1528.883056640625
-64555 1528.1669921875
-64545 1527.7020263671875
-64535 1527.373046875
-64525 1527.0439453125
-64515 1526.77294921875
-64505 1526.23095703125
-64495 1525.823974609375
-64485 1525.5340576171875
-64475 1525.3409423828125
-64465 1525.166015625
-64455 1524.7989501953125
-64445 1524.8570556640625
-64435 1526.365966796875
-64425 1526.4439697265625
-64415 1525.41796875
-64405 1524.60498046875
-64395 1524.31494140625
-64385 1524.2950439453125
-64375 1523.907958984375
-64365 1525.572998046875
-64355 1524.720947265625
-64345 1522.93994140625
-64335 1522.7659912109375
-64325 1522.68896484375
-64315 1522.39794921875
-64305 1522.1080322265625
-64295 1521.9720458984375
-64285 1521.89501953125
-64275 1521.8370361328125
-64265 1521.5849609375
-64255 1521.178955078125
-64245 1521.04296875
-64235 1520.907958984375
-64225 1522.166015625
-64215 1524.31494140625
-64205 1526.4630126953125
-64195 1527.8759765625
-64185 1528.9990234375
-64175 1530.198974609375
-64165 1531.708984375
-64155 1533.218994140625
-64145 1534.844970703125
-64135 1536.781005859375
-64125 1538.6199951171875
-64115 1540.43896484375
-64105 1542.3360595703125
-64095 1544.31103515625
-64085 1545.375
-64075 1548.2979736328125
-64065 1550.4849853515625
-64055 1551.802001953125
-64045 1554.4339599609375
-64035 1555.885986328125
-64025 1557.2220458984375
-64015 1560.125
-64005 1561.9449462890625
-63995 1563.93896484375
-63985 1566.4940185546875
-63975 1568.7969970703125
-63965 1569.7459716796875
-63955 1571.2750244140625
-63945 1572.8819580078125
-63935 1573.906982421875
-63925 1574.3330078125
-63915 1575.2430419921875
-63905 1576.0560302734375
-63895 1579.2110595703125
-63885 1582.365966796875
-63875 1586.218994140625
-63865 1588.5989990234375
-63855 1592.35498046875
-63845 1595.4520263671875
-63835 1600.0400390625
-63825 1604.6080322265625
-63815 1608.3050537109375
-63805 1611.363037109375
-63795 1613.3179931640625
-63785 1616.0279541015625
-63775 1618.0030517578125
-63765 1620.7130126953125
-63755 1625.14599609375
-63745 1628.72705078125
-63735 1633.9720458984375
-63725 1638.8310546875
-63715 1643.1090087890625
-63705 1644.135009765625
-63695 1647.8709716796875
-63685 1651.9549560546875
-63675 1656.446044921875
-63665 1660.666015625
-63655 1662.85302734375
-63645 1667.5760498046875
-63635 1672.0279541015625
-63625 1675.66796875
-63615 1678.43603515625
-63605 1681.010009765625
-63595 1683.85595703125
-63585 1685.52001953125
-63575 1689.04296875
-63565 1691.094970703125
-63555 1694.2889404296875
-63545 1698.373046875
-63535 1703.4840087890625
-63525 1707.93603515625
-63515 1712.0400390625
-63505 1715.717041015625
-63495 1718.7760009765625
-63485 1722.7249755859375
-63475 1724.5439453125
-63465 1727.33203125
-63455 1730.9510498046875
-63445 1736.3330078125
-63435 1738.5009765625
-63425 1738.9649658203125
-63415 1739.8360595703125
-63405 1742.5269775390625
-63395 1747.094970703125
-63385 1748.8370361328125
-63375 1750.676025390625
-63365 1754.238037109375
-63355 1758.5550537109375
-63345 1765.2330322265625
-63335 1771.5240478515625
-63325 1775.1629638671875
-63315 1778.511962890625
-63305 1782.3060302734375
-63295 1784.240966796875
-63285 1785.906005859375
-63275 1788.51904296875
-63265 1791.0360107421875
-63255 1786.6800537109375
-63245 1793.0489501953125
-63235 1796.3590087890625
-63225 1799.6300048828125
-63215 1804.35302734375
-63205 1812.366943359375
-63195 1819.3740234375
-63185 1823.052001953125
-63175 1827.3299560546875
-63165 1829.052978515625
-63155 1830.678955078125
-63145 1832.8470458984375
-63135 1838.0350341796875
-63125 1843.7640380859375
-63115 1848.02294921875
-63105 1851.3330078125
-63095 1856.927001953125
-63085 1860.0050048828125
-63075 1867.1669921875
-63065 1873.16796875
-63055 1879.614013671875
-63045 1882.9820556640625
-63035 1886.989013671875
-63025 1889.949951171875
-63015 1892.427978515625
-63005 1893.802001953125
-62995 1897.5770263671875
-62985 1900.906005859375
-62975 1903.5389404296875
-62965 1906.77197265625
-62955 1909.5009765625
-62945 1912.8690185546875
-62935 1917.166015625
-62925 1922.625
-62915 1928.489990234375
-62905 1931.8780517578125
-62895 1932.43896484375
-62885 1934.1810302734375
-62875 1936.2330322265625
-62865 1939.116943359375
-62855 1942.0980224609375
-62845 1943.3370361328125
-62835 1943.8599853515625
-62825 1944.43994140625
-62815 1946.2989501953125
-62805 1946.0660400390625
-62795 1949.0279541015625
-62785 1952.0870361328125
-62775 1954.0030517578125
-62765 1955.64794921875
-62755 1958.7220458984375
-62745 1959.886962890625
-62735 1962.5970458984375
-62725 1965.3070068359375
-62715 1968.4239501953125
-62705 1972.373046875
-62695 1974.696044921875
-62685 1976.031005859375
-62675 1977.7349853515625
-62665 1978.5479736328125
-62655 1979.3800048828125
-62645 1980.657958984375
-62635 1982.6280517578125
-62625 1984.199951171875
-62615 1987.8349609375
-62605 1992.384033203125
-62595 1996.6810302734375
-62585 2001.2149658203125
-62575 2005.5660400390625
-62565 2010.7969970703125
-62555 2015.8489990234375
-62545 2020.8580322265625
-62535 2023.9940185546875
-62525 2025.6629638671875
-62515 2028.175048828125
-62505 2032.030029296875
-62495 2035.9000244140625
-62485 2039.93603515625
-62475 2043.9520263671875
-62465 2048.096923828125
-62455 2051.805908203125
-62445 2057.12109375
-62435 2061.405029296875
-62425 2065.779052734375
-62415 2071.033935546875
-62405 2076.02197265625
-62395 2080.761962890625
-62385 2085.0458984375
-62375 2088.041015625
-62365 2091.323974609375
-62355 2095.10205078125
-62345 2099.1279296875
-62335 2103.0849609375
-62325 2106.9619140625
-62315 2111.27587890625
-62305 2115.31201171875
-62295 2118.862060546875
-62285 2122.174072265625
-62275 2129.095947265625
-62265 2137.485107421875
-62255 2143.702880859375
-62245 2147.39208984375
-62235 2147.89794921875
-62225 2148.531982421875
-62215 2150.863037109375
-62205 2154.719970703125
-62195 2158.2109375
-62185 2161.1259765625
-62175 2161.841064453125
-62165 2161.593017578125
-62155 2161.681884765625
-62145 2164.60693359375
-62135 2168.35595703125
-62125 2170.964111328125
-62115 2173.1650390625
-62105 2175.594970703125
-62095 2177.637939453125
-62085 2180.4541015625
-62075 2184.797119140625
-62065 2189.001953125
-62055 2191.708984375
-62045 2194.118896484375
-62035 2196.200927734375
-62025 2198.6708984375
-62015 2202.112060546875
-62005 2205.662109375
-61995 2209.738037109375
-61985 2214.239990234375
-61975 2219.2080078125
-61965 2224.593017578125
-61955 2230.404052734375
-61945 2236.06591796875
-61935 2242.80908203125
-61925 2250.157958984375
-61915 2258.199951171875
-61905 2262.22607421875
-61895 2265.597900390625
-61885 2269.9609375
-61875 2273.44189453125
-61865 2275.177001953125
-61855 2278.072998046875
-61845 2280.06591796875
-61835 2279.798095703125
-61825 2282.12890625
-61815 2285.39111328125
-61805 2287.5029296875
-61795 2289.4169921875
-61785 2293.323974609375
-61775 2297.072998046875
-61765 2296.72607421875
-61755 2297.3701171875
-61745 2299.0859375
-61735 2300.593017578125
-61725 2301.971923828125
-61715 2304.698974609375
-61705 2308.26904296875
-61695 2308.487060546875
-61685 2309.448974609375
-61675 2310.14306640625
-61665 2310.361083984375
-61655 2312.343994140625
-61645 2314.45703125
-61635 2318.22509765625
-61625 2321.051025390625
-61615 2322.569091796875
-61605 2323.322021484375
-61595 2324.87890625
-61585 2327.487060546875
-61575 2328.509033203125
-61565 2331.0869140625
-61555 2333.89306640625
-61545 2338.693115234375
-61535 2342.759033203125
-61525 2347.785888671875
-61515 2353.528076171875
-61505 2359.964111328125
-61495 2365.9140625
-61485 2369.969970703125
-61475 2371.823974609375
-61465 2377.487060546875
-61455 2381.18603515625
-61445 2384.10107421875
-61435 2387.511962890625
-61425 2390.952880859375
-61415 2393.947998046875
-61405 2395.514892578125
-61395 2398.23193359375
-61385 2399.39208984375
-61375 2399.52099609375
-61365 2400.007080078125
-61355 2392.68896484375
-61345 2394.801025390625
-61335 2399.174072265625
-61325 2401.365966796875
-61315 2401.4951171875
-61305 2400.532958984375
-61295 2401.405029296875
-61285 2401.693115234375
-61275 2400.22509765625
-61265 2399.114990234375
-61255 2398.35107421875
-61245 2397.77587890625
-61235 2399.591064453125
-61225 2398.181884765625
-61215 2398.14306640625
-61205 2398.072998046875
-61195 2397.964111328125
-61185 2399.27294921875
-61175 2402.803955078125
-61165 2406.1650390625
-61155 2408.0791015625
-61145 2410.64794921875
-61135 2413.721923828125
-61125 2417.410888671875
-61115 2421.12890625
-61105 2426.385009765625
-61095 2429.805908203125
-61085 2432.375
-61075 2434.110107421875
-61065 2438.10693359375
-61055 2440.218994140625
-61045 2440.60595703125
-61035 2441.697021484375
-61025 2444.652099609375
-61015 2445.722900390625
-61005 2447.0419921875
-60995 2449.80810546875
-60985 2450.43310546875
-60975 2452.030029296875
-60965 2455.342041015625
-60955 2458.385986328125
-60945 2462.7890625
-60935 2467.8759765625
-60925 2473.737060546875
-60915 2483.18798828125
-60905 2487.590087890625
-60895 2490.5849609375
-60885 2495.929931640625
-60875 2500.799072265625
-60865 2504.08203125
-60855 2510.091064453125
-60845 2513.075927734375
-60835 2513.7109375
-60825 2521.634033203125
-60815 2523.885009765625
-60805 2524.322021484375
-60795 2524.966064453125
-60785 2524.113037109375
-60775 2524.89599609375
-60765 2526.73095703125
-60755 2531.531005859375
-60745 2531.362060546875
-60735 2531.134033203125
-60725 2531.262939453125
-60715 2535.716064453125
-60705 2539.552978515625
-60695 2546.35595703125
-60685 2545.89990234375
-60675 2545.8310546875
-60665 2543.966064453125
-60655 2544.1650390625
-60645 2544.5810546875
-60635 2547.2490234375
-60625 2550.14404296875
-60615 2550.510986328125
-60605 2551.156005859375
-60595 2554.4580078125
-60585 2559.85302734375
-60575 2560.347900390625
-60565 2560.98291015625
-60555 2556.044921875
-60545 2557.35400390625
-60535 2557.97802734375
-60525 2558.344970703125
-60515 2556.967041015625
-60505 2554.924072265625
-60495 2556.4208984375
-60485 2550.451904296875
-60475 2547.68505859375
-60465 2546.673095703125
-60455 2543.449951171875
-60445 2535.656005859375
-60435 2530.291015625
-60425 2524.341064453125
-60415 2522.715087890625
-60405 2517.291015625
-60395 2514.50390625
-60385 2515
-60375 2513.680908203125
-60365 2511.985107421875
-60355 2506.8291015625
-60345 2501.027099609375
-60335 2499.450927734375
-60325 2496.85302734375
-60315 2494.888916015625
-60305 2494.85888671875
-60295 2495.3349609375
-60285 2495.623046875
-60275 2486.748046875
-60265 2483.31591796875
-60255 2481.194091796875
-60245 2480.00390625
-60235 2479.35009765625
-60225 2478.7939453125
-60215 2478.537109375
-60205 2476.14697265625
-60195 2475.14501953125
-60185 2473.737060546875
-60175 2471.863037109375
-60165 2469.631103515625
-60155 2467.845947265625
-60145 2467.89599609375
-60135 2465.89306640625
-60125 2460.677001953125
-60115 2457.85107421875
-60105 2452.72412109375
-60095 2449.510986328125
-60085 2447.964111328125
-60075 2449.33203125
-60065 2451.156982421875
-60055 2452.31689453125
-60045 2455.322021484375
-60035 2457.076904296875
-60025 2458.14794921875
-60015 2458.14794921875
-60005 2463.06396484375
-59995 2464.092041015625
-59985 2465.55908203125
-59975 2466.544921875
-59965 2469.569091796875
-59955 2471.113037109375
-59945 2472.02099609375
-59935 2474.2919921875
-59925 2476.7451171875
-59915 2480.702880859375
-59905 2485.06298828125
-59895 2488.929931640625
-59885 2492.52392578125
-59875 2495.2890625
-59865 2497.923095703125
-59855 2501.258056640625
-59845 2505.384033203125
-59835 2508.927001953125
-59825 2512.001953125
-59815 2517.72900390625
-59805 2531.908935546875
-59795 2545.41796875
-59785 2547.238037109375
-59775 2548.195068359375
-59765 2557.333984375
-59755 2566.4169921875
-59745 2569.10400390625
-59735 2570.760986328125
-59725 2570.89404296875
-59715 2576.04296875
-59705 2594.264892578125
-59695 2594.303955078125
-59685 2594.251953125
-59675 2599.547119140625
-59665 2606.2041015625
-59655 2614.534912109375
-59645 2618.907958984375
-59635 2622.95703125
-59625 2628.537109375
-59615 2630.31494140625
-59605 2630.0419921875
-59595 2633.611083984375
-59585 2636.491943359375
-59575 2636.674072265625
-59565 2641.7080078125
-59555 2644.614990234375
-59545 2647.638916015625
-59535 2651.2080078125
-59525 2654.697998046875
-59515 2665.52099609375
-59505 2666.908935546875
-59495 2669.842041015625
-59485 2673.9169921875
-59475 2680.717041015625
-59465 2689.034912109375
-59455 2693.927001953125
-59445 2696.4189453125
-59435 2703.3349609375
-59425 2707.344970703125
-59415 2712.093994140625
-59405 2717.388916015625
-59395 2719.322998046875
-59385 2723.3330078125
-59375 2728.030029296875
-59365 2733.06494140625
-59355 2738.113037109375
-59345 2743.31689453125
-59335 2748.31298828125
-59325 2752.945068359375
-59315 2757.56494140625
-59305 2761.964111328125
-59295 2765.636962890625
-59285 2768.802978515625
-59275 2771.321044921875
-59265 2773.0849609375
-59255 2774.175048828125
-59245 2774.512939453125
-59235 2774.083984375
-59225 2773.240966796875
-59215 2772.592041015625
-59205 2772.410888671875
-59195 2772.345947265625
-59185 2772.77392578125
-59175 2773.837890625
-59165 2775.264892578125
-59155 2777.030029296875
-59145 2778.781982421875
-59135 2780.48193359375
-59125 2782.06494140625
-59115 2783.4150390625
-59105 2784.466064453125
-59095 2785.451904296875
-59085 2786.322021484375
-59075 2786.91796875
-59065 2787.333984375
-59055 2788.034912109375
-59045 2789.656982421875
-59035 2795.365966796875
-59025 2803.633056640625
-59015 2802.906005859375
-59005 2798.181884765625
-58995 2782.700927734375
-58985 2769.361083984375
-58975 2757.4609375
-58965 2744.2900390625
-58955 2734.12890625
-58945 2728.01708984375
-58935 2721.5419921875
-58925 2716.583984375
-58915 2708.097900390625
-58905 2697.716064453125
-58895 2693.330078125
-58885 2681.236083984375
-58875 2673.449951171875
-58865 2657.0859375
-58855 2646.614013671875
-58845 2639.10009765625
-58835 2633.79296875
-58825 2627.93994140625
-58815 2623.385009765625
-58805 2619.345947265625
-58795 2615.625
-58785 2612.052978515625
-58775 2608.589111328125
-58765 2605.18896484375
-58755 2602.298095703125
-58745 2600.364990234375
-58735 2597.52001953125
-58725 2593.279052734375
-58715 2588.98095703125
-58705 2585.571044921875
-58695 2582.9208984375
-58685 2578.97607421875
-58675 2575.39697265625
-58665 2570.489013671875
-58655 2568.116943359375
-58645 2562.498046875
-58635 2557.073974609375
-58625 2553.929931640625
-58615 2551.285888671875
-58605 2549.27197265625
-58595 2545.8330078125
-58585 2540.114013671875
-58575 2531.908935546875
-58565 2526.550048828125
-58555 2519.51611328125
-58545 2512.70703125
-58535 2497.052978515625
-58525 2468.594970703125
-58515 2451.5830078125
-58505 2443.056884765625
-58495 2437.02294921875
-58485 2430.8330078125
-58475 2425.798095703125
-58465 2421.281982421875
-58455 2416.662109375
-58445 2412.535888671875
-58435 2408.200927734375
-58425 2402.43994140625
-58415 2397.625
-58405 2393.797119140625
-58395 2392.863037109375
-58385 2395.25
-58375 2398.3779296875
-58365 2401.427001953125
-58355 2404.464111328125
-58345 2408.656005859375
-58335 2411.718017578125
-58325 2414.10595703125
-58315 2415.10498046875
-58305 2416.804931640625
-58295 2418.011962890625
-58285 2416.843994140625
-58275 2416.077880859375
-58265 2415.404052734375
-58255 2414.18408203125
-58245 2414.9619140625
-58235 2415.208984375
-58225 2414.741943359375
-58215 2415.6240234375
-58205 2417.492919921875
-58195 2418.998046875
-58185 2420.72412109375
-58175 2421.77490234375
-58165 2423.864013671875
-58155 2420.51611328125
-58145 2418.635009765625
-58135 2420.593994140625
-58125 2420.114013671875
-58115 2418.72607421875
-58105 2418.595947265625
-58095 2421.697021484375
-58085 2424.927978515625
-58075 2431.4951171875
-58065 2433.363037109375
-58055 2435.7119140625
-58045 2435.93310546875
-58035 2429.69091796875
-58025 2428.055908203125
-58015 2427.575927734375
-58005 2418.155029296875
-57995 2415.404052734375
-57985 2410.52392578125
-57975 2407.56494140625
-57965 2407.5009765625
-57955 2407.136962890625
-57945 2406.47607421875
-57935 2405.943115234375
-57925 2403.697998046875
-57915 2404.5029296875
-57905 2390.928955078125
-57895 2383.623046875
-57885 2380.781005859375
-57875 2374.81201171875
-57865 2372.385009765625
-57855 2356.89111328125
-57845 2351.571044921875
-57835 2344.4208984375
-57825 2335.0380859375
-57815 2329.4189453125
-57805 2323.943115234375
-57795 2320.58203125
-57785 2318.64892578125
-57775 2316.39111328125
-57765 2314.054931640625
-57755 2312.718017578125
-57745 2312.367919921875
-57735 2312.277099609375
-57725 2314.01611328125
-57715 2315.637939453125
-57705 2315.885009765625
-57695 2316.35205078125
-57685 2317.092041015625
-57675 2316.97509765625
-57665 2315.39208984375
-57655 2315.924072265625
-57645 2317.6630859375
-57635 2319.699951171875
-57625 2321.049072265625
-57615 2322.7099609375
-57605 2325.0458984375
-57595 2328.926025390625
-57585 2331.625
-57575 2335.0380859375
-57565 2339.2041015625
-57555 2342.383056640625
-57545 2344.614990234375
-57535 2347.60009765625
-57525 2350.843994140625
-57515 2352.5439453125
-57505 2355.64404296875
-57495 2358.695068359375
-57485 2364.552001953125
-57475 2371.073974609375
-57465 2378.159912109375
-57455 2384.110107421875
-57445 2389.694091796875
-57435 2395.593017578125
-57425 2409.43505859375
-57415 2437.9140625
-57405 2445.216064453125
-57395 2448.488037109375
-57385 2456.906005859375
-57375 2467.885009765625
-57365 2485.60595703125
-57355 2497.662109375
-57345 2506.865966796875
-57335 2514.074951171875
-57325 2520.43701171875
-57315 2525.6259765625
-57305 2531.033935546875
-57295 2536.7958984375
-57285 2541.712890625
-57275 2547.4169921875
-57265 2551.385009765625
-57255 2555.906982421875
-57245 2560.56494140625
-57235 2563.589111328125
-57225 2566.8720703125
-57215 2567.93505859375
-57205 2570.385986328125
-57195 2571.613037109375
-57185 2573.1650390625
-57175 2577.76904296875
-57165 2582.673095703125
-57155 2588.612060546875
-57145 2594.343017578125
-57135 2599.986083984375
-57125 2606.346923828125
-57115 2611.551025390625
-57105 2616.236083984375
-57095 2621.0859375
-57085 2626.27490234375
-57075 2631.001953125
-57065 2635.402099609375
-57055 2637.117919921875
-57045 2639.6650390625
-57035 2642.4169921875
-57025 2644.39208984375
-57015 2646.55810546875
-57005 2649.051025390625
-56995 2650.8349609375
-56985 2663.325927734375
-56975 2679.68505859375
-56965 2700.825927734375
-56955 2701.875
-56945 2703.14111328125
-56935 2706.738037109375
-56925 2710.987060546875
-56915 2715.304931640625
-56905 2719.43310546875
-56895 2725.8349609375
-56885 2731.160888671875
-56875 2737.72607421875
-56865 2744.72802734375
-56855 2751.1298828125
-56845 2759.0849609375
-56835 2767.992919921875
-56825 2776.125
-56815 2782.35009765625
-56805 2786.9951171875
-56795 2791.027099609375
-56785 2793.764892578125
-56775 2791.926025390625
-56765 2792.3759765625
-56755 2794.595947265625
-56745 2797.361083984375
-56735 2800.39892578125
-56725 2797.45703125
-56715 2793.52001953125
-56705 2794.5419921875
-56695 2797.007080078125
-56685 2799.962890625
-56675 2803.326904296875
-56665 2806.760009765625
-56655 2810.2470703125
-56645 2814.169921875
-56635 2818.256103515625
-56625 2822.466064453125
-56615 2826.97412109375
-56605 2831.2919921875
-56595 2835.89599609375
-56585 2840.635986328125
-56575 2845.430908203125
-56565 2850.18505859375
-56555 2855.033935546875
-56545 2859.843017578125
-56535 2864.596923828125
-56525 2869.174072265625
-56515 2873.572998046875
-56505 2877.632080078125
-56495 2881.595947265625
-56485 2885.31494140625
-56475 2888.73388671875
-56465 2891.784912109375
-56455 2894.49609375
-56445 2896.662109375
-56435 2898.841064453125
-56425 2900.73388671875
-56415 2902.342041015625
-56405 2903.7041015625
-56395 2904.875
-56385 2905.965087890625
-56375 2906.946044921875
-56365 2907.89892578125
-56355 2909.153076171875
-56345 2910.6650390625
-56335 2912.830078125
-56325 2915.69091796875
-56315 2919.873046875
-56305 2925.157958984375
-56295 2932.458984375
-56285 2955.614990234375
-56275 2966.743896484375
-56265 2983.511962890625
-56255 2997.883056640625
-56245 3008.7529296875
-56235 3002.964111328125
-56225 2994.054931640625
-56215 2989.465087890625
-56205 2984.764892578125
-56195 2978.948974609375
-56185 2973.037109375
-56175 2970.041015625
-56165 2968.052001953125
-56155 2966.825927734375
-56145 2966.18603515625
-56135 2965.844970703125
-56125 2965.64111328125
-56115 2965.5859375
-56105 2965.31396484375
-56095 2965.177001953125
-56085 2964.864013671875
-56075 2964.073974609375
-56065 2962.76708984375
-56055 2961.294921875
-56045 2960.5048828125
-56035 2959.007080078125
-56025 2955.9560546875
-56015 2953.695068359375
-56005 2951.134033203125
-55995 2948.449951171875
-55985 2945.277099609375
-55975 2942.306884765625
-55965 2939.595947265625
-55955 2937.075927734375
-55945 2934.324951171875
-55935 2931.845947265625
-55925 2929.43505859375
-55915 2927.159912109375
-55905 2925.280029296875
-55895 2923.60498046875
-55885 2922.7470703125
-55875 2921.533935546875
-55865 2920.076904296875
-55855 2915.89501953125
-55845 2913.97412109375
-55835 2911.344970703125
-55825 2908.131103515625
-55815 2904.27587890625
-55805 2900.0810546875
-55795 2895.531005859375
-55785 2890.75
-55775 2886.18701171875
-55765 2881.174072265625
-55755 2876.85595703125
-55745 2871.612060546875
-55735 2866.93896484375
-55725 2862.22705078125
-55715 2857.553955078125
-55705 2852.74609375
-55695 2847.85595703125
-55685 2843.10205078125
-55675 2838.1298828125
-55665 2833.3759765625
-55655 2828.7451171875
-55645 2824.155029296875
-55635 2819.68701171875
-55625 2815.287109375
-55615 2810.8740234375
-55605 2806.514892578125
-55595 2802.56396484375
-55585 2798.614013671875
-55575 2794.89599609375
-55565 2791.462890625
-55555 2787.93505859375
-55545 2784.43408203125
-55535 2780.89306640625
-55525 2777.406005859375
-55515 2773.946044921875
-55505 2770.214111328125
-55495 2766.8759765625
-55485 2763.321044921875
-55475 2760.175048828125
-55465 2757.0830078125
-55455 2753.97705078125
-55445 2751.074951171875
-55435 2748.256103515625
-55425 2745.2451171875
-55415 2742.52099609375
-55405 2740.055908203125
-55395 2737.535888671875
-55385 2735.055908203125
-55375 2732.781982421875
-55365 2730.492919921875
-55355 2728.27294921875
-55345 2725.76708984375
-55335 2723.6279296875
-55325 2721.202880859375
-55315 2718.9150390625
-55305 2716.7900390625
-55295 2714.909912109375
-55285 2712.866943359375
-55275 2711.24609375
-55265 2709.612060546875
-55255 2708.00390625
-55245 2706.465087890625
-55235 2705.2529296875
-55225 2703.64599609375
-55215 2702.02392578125
-55205 2700.090087890625
-55195 2698.032958984375
-55185 2695.68994140625
-55175 2693.22509765625
-55165 2690.569091796875
-55155 2687.639892578125
-55145 2684.2080078125
-55135 2680.966064453125
-55125 2678.010009765625
-55115 2674.4951171875
-55105 2671.825927734375
-55095 2670.626953125
-55085 2668.175048828125
-55075 2661.472900390625
-55065 2658.10888671875
-55055 2653.287109375
-55045 2649.376953125
-55035 2643.764892578125
-55025 2634.325927734375
-55015 2629.613037109375
-55005 2624.05908203125
-54995 2620.64306640625
-54985 2617.669921875
-54975 2613.43994140625
-54965 2608.943115234375
-54955 2603.29296875
-54945 2596.927978515625
-54935 2591.611083984375
-54925 2585.2880859375
-54915 2577.7890625
-54905 2577.300048828125
-54895 2577.447021484375
-54885 2572.948974609375
-54875 2567.760009765625
-54865 2562.658935546875
-54855 2557.448974609375
-54845 2544.489013671875
-54835 2533.94091796875
-54825 2520.070068359375
-54815 2497.199951171875
-54805 2476.861083984375
-54795 2469.14208984375
-54785 2463.160888671875
-54775 2438.636962890625
-54765 2426.697021484375
-54755 2420.342041015625
-54745 2414.037109375
-54735 2407.64111328125
-54725 2401.5380859375
-54715 2395.7099609375
-54705 2391.0380859375
-54695 2386.469970703125
-54685 2380.9990234375
-54675 2375.68798828125
-54665 2370.68798828125
-54655 2366.39892578125
-54645 2361.5380859375
-54635 2356.779052734375
-54625 2351.85888671875
-54615 2347.319091796875
-54605 2343.571044921875
-54595 2340.748046875
-54585 2336.87109375
