-74605 2966.31201171875
-74595 2971.114013671875
-74585 2973.194091796875
-74575 2967.02294921875
-74565 2969.571044921875
-74555 2968.669921875
-74545 2965.739990234375
-74535 2963.4169921875
-74525 2962.18896484375
-74515 2961.492919921875
-74505 2959.673095703125
-74495 2957.05810546875
-74485 2954.423095703125
-74475 2951.822998046875
-74465 2949.049072265625
-74455 2946.031005859375
-74445 2942.617919921875
-74435 2939.376953125
-74425 2936.325927734375
-74415 2933.778076171875
-74405 2931.887939453125
-74395 2929.876953125
-74385 2928.385986328125
-74375 2926.947998046875
-74365 2925.717041015625
-74355 2924.885009765625
-74345 2924.382080078125
-74335 2923.931884765625
-74325 2924.01806640625
-74315 2924.278076171875
-74305 2924.885009765625
-74295 2925.681884765625
-74285 2926.705078125
-74275 2927.241943359375
-74265 2927.381103515625
-74255 2928.43798828125
-74245 2929.791015625
-74235 2931.177001953125
-74225 2932.39111328125
-74215 2933.760009765625
-74205 2935.44189453125
-74195 2937.989990234375
-74185 2941.214111328125
-74175 2944.508056640625
-74165 2958.929931640625
-74155 2970.264892578125
-74145 2979.260986328125
-74135 2986.471923828125
-74125 2995.382080078125
-74115 3005.922119140625
-74105 3019.823974609375
-74095 3008.868896484375
-74085 2998.346923828125
-74075 2988.93408203125
-74065 2979.7470703125
-74055 2971.35693359375
-74045 2961.68408203125
-74035 2953.2099609375
-74025 2944.990966796875
-74015 2936.949951171875
-74005 2932.251953125
-73995 2925.47412109375
-73985 2912.178955078125
-73975 2906.544921875
-73965 2900.550048828125
-73955 2895.5029296875
-73945 2890.235107421875
-73935 2886.178955078125
-73925 2881.77587890625
-73915 2877.26904296875
-73905 2873.716064453125
-73895 2870.43896484375
-73885 2865.60302734375
-73875 2860.0390625
-73865 2859.81298828125
-73855 2855.635986328125
-73845 2852.410888671875
-73835 2848.114990234375
-73825 2844.05810546875
-73815 2840.089111328125
-73805 2835.095947265625
-73795 2829.323974609375
-73785 2822.5458984375
-73775 2814.6240234375
-73765 2807.27392578125
-73755 2801.799072265625
-73745 2797.239990234375
-73735 2794.655029296875
-73725 2792.0400390625
-73715 2789.54296875
-73705 2786.9609375
-73695 2783.97900390625
-73685 2780.010009765625
-73675 2776.073974609375
-73665 2772.625
-73655 2769.7470703125
-73645 2767.68505859375
-73635 2765.6220703125
-73625 2764.027099609375
-73615 2762.69189453125
-73605 2761.720947265625
-73595 2760.992919921875
-73585 2760.73291015625
-73575 2760.092041015625
-73565 2759.485107421875
-73555 2758.77490234375
-73545 2755.6201171875
-73535 2756.7470703125
-73525 2755.412109375
-73515 2754.008056640625
-73505 2752.552001953125
-73495 2751.14697265625
-73485 2749.60498046875
-73475 2748.166015625
-73465 2746.93505859375
-73455 2745.548095703125
-73445 2744.06005859375
-73435 2742.739990234375
-73425 2741.3359375
-73415 2739.986083984375
-73405 2738.85693359375
-73395 2737.992919921875
-73385 2737.264892578125
-73375 2736.60595703125
-73365 2736.259033203125
-73355 2736.259033203125
-73345 2736.43310546875
-73335 2736.467041015625
-73325 2736.3291015625
-73315 2735.4970703125
-73305 2735.427001953125
-73295 2736.173095703125
-73285 2737.212890625
-73275 2736.91796875
-73265 2734.541015625
-73255 2733.798095703125
-73245 2732.446044921875
-73235 2731.5439453125
-73225 2730.22705078125
-73215 2728.97900390625
-73205 2727.712890625
-73195 2726.343994140625
-73185 2724.662109375
-73175 2722.946044921875
-73165 2721.10888671875
-73155 2719.1669921875
-73145 2714.971923828125
-73135 2714.81591796875
-73125 2712.701904296875
-73115 2710.7080078125
-73105 2708.2470703125
-73095 2706.096923828125
-73085 2703.7919921875
-73075 2701.677001953125
-73065 2699.007080078125
-73055 2697.117919921875
-73045 2694.780029296875
-73035 2692.52392578125
-73025 2690.376953125
-73015 2687.843994140625
-73005 2685.662109375
-72995 2682.833984375
-72985 2680.531005859375
-72975 2677.947998046875
-72965 2676.717041015625
-72955 2674.948974609375
-72945 2673.77099609375
-72935 2672.2451171875
-72925 2670.337890625
-72915 2669.24609375
-72905 2667.59912109375
-72895 2666.489990234375
-72885 2665.345947265625
-72875 2664.652099609375
-72865 2665.069091796875
-72855 2664.947021484375
-72845 2666.52490234375
-72835 2668.1708984375
-72825 2669.298095703125
-72815 2669.55810546875
-72805 2669.177001953125
-72795 2665.90087890625
-72785 2661.60205078125
-72775 2663.23095703125
-72765 2661.77490234375
-72755 2657.596923828125
-72745 2660.803955078125
-72735 2658.844970703125
-72725 2659.087890625
-72715 2657.68408203125
-72705 2654.56396484375
-72695 2653.905029296875
-72685 2651.408935546875
-72675 2647.64697265625
-72665 2646.696044921875
-72655 2645.447998046875
-72645 2644.927978515625
-72635 2640.52490234375
-72625 2637.887939453125
-72615 2640.193115234375
-72605 2635.928955078125
-72595 2634.281982421875
-72585 2632.759033203125
-72575 2631.214111328125
-72565 2628.547119140625
-72555 2628.14599609375
-72545 2627.177001953125
-72535 2628.302001953125
-72525 2638.425048828125
-72515 2643.43505859375
-72505 2648.2919921875
-72495 2648.048095703125
-72485 2643.5859375
-72475 2638.6259765625
-72465 2635.014892578125
-72455 2632.256103515625
-72445 2620.970947265625
-72435 2611.06494140625
-72425 2607.7041015625
-72415 2603.68310546875
-72405 2601.73095703125
-72395 2599.969970703125
-72385 2598.676025390625
-72375 2599.01611328125
-72365 2599.01611328125
-72355 2597.695068359375
-72345 2597.152099609375
-72335 2595.156005859375
-72325 2590.635986328125
-72315 2590.283935546875
-72305 2586.555908203125
-72295 2584.384033203125
-72285 2577.572021484375
-72275 2570.589111328125
-72265 2565.449951171875
-72255 2553.548095703125
-72245 2554.81005859375
-72235 2553.330078125
-72225 2555.781005859375
-72215 2557.201904296875
-72205 2554.574951171875
-72195 2558.407958984375
-72185 2561.22607421875
-72175 2561.1669921875
-72165 2556.39501953125
-72155 2552.156005859375
-72145 2557.569091796875
-72135 2562.39990234375
-72125 2569.458984375
-72115 2573.5390625
-72105 2579.68798828125
-72095 2584.6630859375
-72085 2589.62109375
-72075 2590.075927734375
-72065 2589.4619140625
-72055 2592.280029296875
-72045 2593.965087890625
-72035 2595.58203125
-72025 2595.947998046875
-72015 2596.0810546875
-72005 2597.06396484375
-71995 2597.56298828125
-71985 2598.12109375
-71975 2596.66796875
-71965 2601.33203125
-71955 2603.095947265625
-71945 2606.177001953125
-71935 2607.9951171875
-71925 2608.905029296875
-71915 2612.60498046875
-71905 2617.537109375
-71895 2619.239013671875
-71885 2618.489990234375
-71875 2619.134033203125
-71865 2620.263916015625
-71855 2622.072021484375
-71845 2626.093017578125
-71835 2629.8349609375
-71825 2634.634033203125
-71815 2638.845947265625
-71805 2643.175048828125
-71795 2647.283935546875
-71785 2651.055908203125
-71775 2653.27197265625
-71765 2656.573974609375
-71755 2659.406005859375
-71745 2664.072998046875
-71735 2670.531005859375
-71725 2681.625
-71715 2690.695068359375
-71705 2700.9541015625
-71695 2708.864013671875
-71685 2714.14697265625
-71675 2721.2060546875
-71665 2728.5
-71655 2731.3759765625
-71645 2731.787109375
-71635 2732.68310546875
-71625 2740.050048828125
-71615 2741.39990234375
-71605 2743.64501953125
-71595 2746.741943359375
-71585 2749.9560546875
-71575 2752.77392578125
-71565 2754.799072265625
-71555 2756.10498046875
-71545 2751.364990234375
-71535 2744.717041015625
-71525 2744.673095703125
-71515 2743.73291015625
-71505 2747.284912109375
-71495 2743.43994140625
-71485 2740.945068359375
-71475 2742.926025390625
-71465 2747.636962890625
-71455 2748.51806640625
-71445 2745.406005859375
-71435 2746.06689453125
-71425 2750.865966796875
-71415 2752.568115234375
-71405 2752.3330078125
-71395 2752.612060546875
-71385 2754.35888671875
-71375 2756.5009765625
-71365 2760.0380859375
-71355 2761.06494140625
-71345 2764.044921875
-71335 2767.156005859375
-71325 2770.986083984375
-71315 2771.735107421875
-71305 2774.655029296875
-71295 2779.9970703125
-71285 2785.1630859375
-71275 2789.139892578125
-71265 2795.906005859375
-71255 2805.195068359375
-71245 2809.114013671875
-71235 2803.741943359375
-71225 2798.85498046875
-71215 2793.748046875
-71205 2788.93505859375
-71195 2784.239013671875
-71185 2779.322021484375
-71175 2773.010986328125
-71165 2766.02587890625
-71155 2760.5810546875
-71145 2755.85498046875
-71135 2750.3369140625
-71125 2748.987060546875
-71115 2748.60595703125
-71105 2748.01904296875
-71095 2747.81298828125
-71085 2743.60107421875
-71075 2743.0439453125
-71065 2740.782958984375
-71055 2739.785888671875
-71045 2739.125
-71035 2740.1669921875
-71025 2741.428955078125
-71015 2743.7041015625
-71005 2745.992919921875
-70995 2749.294921875
-70985 2750.73388671875
-70975 2753.02294921875
-70965 2756.35400390625
-70955 2761.946044921875
-70945 2765.072021484375
-70935 2768.035888671875
-70925 2770.794921875
-70915 2773.14404296875
-70905 2780.64306640625
-70895 2785.26611328125
-70885 2789.638916015625
-70875 2786.425048828125
-70865 2785.60302734375
-70855 2791.4150390625
-70845 2793.455078125
-70835 2797.490966796875
-70825 2801.321044921875
-70815 2808.7470703125
-70805 2813.222900390625
-70795 2819.65087890625
-70785 2826.6220703125
-70775 2831.743896484375
-70765 2838.68603515625
-70755 2844.7470703125
-70745 2849.2080078125
-70735 2854.637939453125
-70725 2855.033935546875
-70715 2855.298095703125
-70705 2853.156005859375
-70695 2846.875
-70685 2839.6689453125
-70675 2826.56298828125
-70665 2817.8310546875
-70655 2817.742919921875
-70645 2823.14404296875
-70635 2823.14404296875
-70625 2816.054931640625
-70615 2807.469970703125
-70605 2796.507080078125
-70595 2788.3330078125
-70585 2778.910888671875
-70575 2777.6640625
-70565 2771.427001953125
-70555 2768.343994140625
-70545 2776.0048828125
-70535 2772.923095703125
-70525 2774.9189453125
-70515 2768.550048828125
-70505 2764.73388671875
-70495 2758.717041015625
-70485 2756.51611328125
-70475 2761.27099609375
-70465 2759.93505859375
-70455 2761.6669921875
-70445 2763.9130859375
-70435 2765.364990234375
-70425 2765.2041015625
-70415 2772.8349609375
-70405 2774.93408203125
-70395 2775.110107421875
-70385 2777.501953125
-70375 2778.10400390625
-70365 2782.9619140625
-70355 2785.9560546875
-70345 2782.31591796875
-70335 2775.43310546875
-70325 2776.402099609375
-70315 2777.26806640625
-70305 2772.908935546875
-70295 2770.824951171875
-70285 2772.425048828125
-70275 2770.737060546875
-70265 2765.864990234375
-70255 2767.655029296875
-70245 2761.85791015625
-70235 2749.89697265625
-70225 2741.884033203125
-70215 2737.906982421875
-70205 2729.35107421875
-70195 2720.324951171875
-70185 2711.739990234375
-70175 2704.006103515625
-70165 2695.39111328125
-70155 2687.304931640625
-70145 2685.044921875
-70135 2680.364013671875
-70125 2675.094970703125
-70115 2672.658935546875
-70105 2673.68603515625
-70095 2675.47705078125
-70085 2682.007080078125
-70075 2669.60595703125
-70065 2661.387939453125
-70055 2653.198974609375
-70045 2648.194091796875
-70035 2641.044921875
-70025 2634.616943359375
-70015 2629.87890625
-70005 2629.594970703125
-69995 2630.176025390625
-69985 2625.9169921875
-69975 2617.48291015625
-69965 2610.123046875
-69955 2608.376953125
-69945 2608.157958984375
-69935 2608.220947265625
-69925 2603.798095703125
-69915 2597.498046875
-69905 2571.43994140625
-69895 2559.761962890625
-69885 2540.60107421875
-69875 2523.784912109375
-69865 2511.547119140625
-69855 2502.373046875
-69845 2494.22509765625
-69835 2484.260009765625
-69825 2474.73193359375
-69815 2468.487060546875
-69805 2462.8310546875
-69795 2456.216064453125
-69785 2451.31689453125
-69775 2446.990966796875
-69765 2441.889892578125
-69755 2435.81298828125
-69745 2429.737060546875
-69735 2424.030029296875
-69725 2411.909912109375
-69715 2402.904052734375
-69705 2394.419921875
-69695 2384.455078125
-69685 2374.9951171875
-69675 2364.676025390625
-69665 2356.241943359375
-69655 2348.634033203125
-69645 2340.402099609375
-69635 2331.345947265625
-69625 2311.550048828125
-69615 2300.760009765625
-69605 2288.60595703125
-69595 2278.843017578125
-69585 2270.173095703125
-69575 2261.218017578125
-69565 2253.89599609375
-69555 2246.993896484375
-69545 2240.98388671875
-69535 2230.985107421875
-69525 2225.498046875
-69515 2222.48388671875
-69505 2197.9580078125
-69495 2189.0029296875
-69485 2173.466064453125
-69475 2152.256103515625
-69465 2112.373046875
-69455 2089.299072265625
-69445 2070.5419921875
-69435 2060.660888671875
-69425 2052.719970703125
-69415 2043.31005859375
-69405 2036.7449951171875
-69395 2031.5059814453125
-69385 2025.3609619140625
-69375 2020.260986328125
-69365 2013.9320068359375
-69355 2009.925048828125
-69345 1997.114990234375
-69335 1991.761962890625
-69325 1993.9000244140625
-69315 1998.4449462890625
-69305 1982.68896484375
-69295 1964.760986328125
-69285 1954.0550537109375
-69275 1948.113037109375
-69265 1942.220947265625
-69255 1936.2459716796875
-69245 1929.1920166015625
-69235 1921.9539794921875
-69225 1915.6080322265625
-69215 1909.7669677734375
-69205 1902.6290283203125
-69195 1896.6700439453125
-69185 1891.0479736328125
-69175 1885.324951171875
-69165 1879.2139892578125
-69155 1872.7330322265625
-69145 1866.60595703125
-69135 1860.8990478515625
-69125 1855.7989501953125
-69115 1850.092041015625
-69105 1844.7230224609375
-69095 1839.43701171875
-69085 1835.1610107421875
-69075 1831.4239501953125
-69065 1825.802001953125
-69055 1821.3580322265625
-69045 1815.364990234375
-69035 1811.123046875
-69025 1807.2509765625
-69015 1802.3360595703125
-69005 1797.3199462890625
-68995 1792.4720458984375
-68985 1788.0450439453125
-68975 1783.68505859375
-68965 1780.9239501953125
-68955 1777.79296875
-68945 1779.342041015625
-68935 1778.76904296875
-68925 1775.4200439453125
-68915 1776.1939697265625
-68905 1775.9580078125
-68895 1773.905029296875
-68885 1777.406005859375
-68875 1776.1939697265625
-68865 1778.7530517578125
-68855 1780.9749755859375
-68845 1785.2669677734375
-68835 1786.6309814453125
-68825 1788.751953125
-68815 1791.83203125
-68805 1794.2900390625
-68795 1796.125
-68785 1800.197998046875
-68775 1803.3800048828125
-68765 1805.4000244140625
-68755 1806.9320068359375
-68745 1811.7969970703125
-68735 1814.4219970703125
-68725 1817.35205078125
-68715 1817.9239501953125
-68705 1824.387939453125
-68695 1824.4549560546875
-68685 1826.3409423828125
-68675 1827.7550048828125
-68665 1830.8690185546875
-68655 1832.1650390625
-68645 1832.5179443359375
-68635 1833.9659423828125
-68625 1839.2349853515625
-68615 1842.905029296875
-68605 1846.406005859375
-68595 1847.2979736328125
-68585 1851.0009765625
-68575 1855.4620361328125
-68565 1859.6710205078125
-68555 1864.6700439453125
-68545 1868.9630126953125
-68535 1871.60498046875
-68525 1874.5849609375
-68515 1877.126953125
-68505 1880.89697265625
-68495 1881.5040283203125
-68485 1885.156005859375
-68475 1890.998046875
-68465 1891.7889404296875
-68455 1893.2359619140625
-68445 1893.6739501953125
-68435 1897.8990478515625
-68425 1900.89599609375
-68415 1902.8819580078125
-68405 1906.467041015625
-68395 1911.113037109375
-68385 1918.9749755859375
-68375 1925.321044921875
-68365 1926.4990234375
-68355 1926.7010498046875
-68345 1930.9429931640625
-68335 1929.64697265625
-68325 1935.8580322265625
-68315 1936.261962890625
-68305 1937.1209716796875
-68295 1938.85498046875
-68285 1942.220947265625
-68275 1943.5009765625
-68265 1944.4599609375
-68255 1948.635009765625
-68245 1949.8470458984375
-68235 1950.8740234375
-68225 1951.2099609375
-68215 1954.3580322265625
-68205 1953.8360595703125
-68195 1950.9749755859375
-68185 1947.9949951171875
-68175 1950.8570556640625
-68165 1949.8299560546875
-68155 1948.5679931640625
-68145 1944.7969970703125
-68135 1944.762939453125
-68125 1945.5379638671875
-68115 1944.7969970703125
-68105 1945.2509765625
-68095 1944.72998046875
-68085 1942.01904296875
-68075 1936.7840576171875
-68065 1933.384033203125
-68055 1929.949951171875
-68045 1925.52294921875
-68035 1920.321044921875
-68025 1917.9649658203125
-68015 1919.9510498046875
-68005 1919.22705078125
-67995 1915.9449462890625
-67985 1912.64501953125
-67975 1909.0770263671875
-67965 1906.7869873046875
-67955 1906.1639404296875
-67945 1906.0970458984375
-67935 1904.1610107421875
-67925 1900.8790283203125
-67915 1895.6099853515625
-67905 1888.741943359375
-67895 1886.990966796875
-67885 1890.98095703125
-67875 1894.1619873046875
-67865 1894.7679443359375
-67855 1895.0369873046875
-67845 1894.802001953125
-67835 1894.9029541015625
-67825 1895.4580078125
-67815 1896.1650390625
-67805 1898.68994140625
-67795 1899.262939453125
-67785 1899.615966796875
-67775 1897.697021484375
-67765 1895.6600341796875
-67755 1894.7509765625
-67745 1891.6199951171875
-67735 1891.1490478515625
-67725 1892.125
-67715 1890.1219482421875
-67705 1889.751953125
-67695 1890.2740478515625
-67685 1890.7960205078125
-67675 1891.114990234375
-67665 1891.7039794921875
-67655 1890.54296875
-67645 1891.5360107421875
-67635 1891.552978515625
-67625 1888.8929443359375
-67615 1886.3509521484375
-67605 1885.239990234375
-67595 1885.8800048828125
-67585 1883.489990234375
-67575 1880.9310302734375
-67565 1879.1639404296875
-67555 1879.113037109375
-67545 1880.02197265625
-67535 1881.8570556640625
-67525 1881.3349609375
-67515 1878.708984375
-67505 1879.8310546875
-67495 1881.0849609375
-67485 1881.010986328125
-67475 1878.9759521484375
-67465 1875.31298828125
-67455 1872.7779541015625
-67445 1867.2840576171875
-67435 1869.5970458984375
-67425 1865.9150390625
-67415 1862.751953125
-67405 1863.010986328125
-67395 1864.0469970703125
-67385 1863.362060546875
-67375 1861.7159423828125
-67365 1862.2340087890625
-67355 1861.012939453125
-67345 1860.0689697265625
-67335 1861.364013671875
-67325 1862.6409912109375
-67315 1862.9549560546875
-67305 1863.9169921875
-67295 1865.009033203125
-67285 1865.72998046875
-67275 1863.9539794921875
-67265 1861.345947265625
-67255 1860.95703125
-67245 1858.126953125
-67235 1856.0179443359375
-67225 1854.3349609375
-67215 1851.6710205078125
-67205 1851.22705078125
-67195 1851.52294921875
-67185 1851.0789794921875
-67175 1852.447998046875
-67165 1853.2430419921875
-67155 1853.5579833984375
-67145 1848.3780517578125
-67135 1844.677978515625
-67125 1842.7359619140625
-67115 1839.6829833984375
-67105 1838.5179443359375
-67095 1836.0389404296875
-67085 1835.1319580078125
-67075 1835.7060546875
-67065 1834.2449951171875
-67055 1832.8759765625
-67045 1833.967041015625
-67035 1834.041015625
-67025 1837.0379638671875
-67015 1837.906982421875
-67005 1839.1839599609375
-66995 1839.406005859375
-66985 1840.1829833984375
-66975 1844.4749755859375
-66965 1844.031005859375
-66955 1842.6800537109375
-66945 1840.385986328125
-66935 1839.4429931640625
-66925 1829.8790283203125
-66915 1824.4210205078125
-66905 1818.094970703125
-66895 1811.6939697265625
-66885 1806.31103515625
-66875 1802.240966796875
-66865 1798.6519775390625
-66855 1795.5260009765625
-66845 1788.93994140625
-66835 1786.053955078125
-66825 1783.741943359375
-66815 1778.135986328125
-66805 1772.9010009765625
-66795 1770.47802734375
-66785 1770.718017578125
-66775 1770.47802734375
-66765 1766.5369873046875
-66755 1765.68603515625
-66745 1766.9630126953125
-66735 1762.875
-66725 1757.3800048828125
-66715 1754.7530517578125
-66705 1752.458984375
-66695 1751.4229736328125
-66685 1747.52001953125
-66675 1743.2469482421875
-66665 1740.1939697265625
-66655 1738.6590576171875
-66645 1738.1219482421875
-66635 1737.5679931640625
-66625 1736.717041015625
-66615 1735.4959716796875
-66605 1733.2569580078125
-66595 1730.593017578125
-66585 1726.635009765625
-66575 1723.8409423828125
-66565 1724.5439453125
-66555 1724.3590087890625
-66545 1722.5830078125
-66535 1723.137939453125
-66525 1722.75
-66515 1722.39794921875
-66505 1723.489990234375
-66495 1725.0059814453125
-66485 1725.5799560546875
-66475 1725.635009765625
-66465 1726.5050048828125
-66455 1725.987060546875
-66445 1726.135009765625
-66435 1725.802001953125
-66425 1726.135009765625
-66415 1725.22900390625
-66405 1723.9150390625
-66395 1723.009033203125
-66385 1721.5660400390625
-66375 1719.697021484375
-66365 1716.958984375
-66355 1713.1669921875
-66345 1711.0400390625
-66335 1709.0970458984375
-66325 1705.822998046875
-66315 1703.491943359375
-66305 1701.012939453125
-66295 1700.5140380859375
-66285 1698.904052734375
-66275 1698.718994140625
-66265 1697.998046875
-66255 1699.2740478515625
-66245 1693.9649658203125
-66235 1690.875
-66225 1690.782958984375
-66215 1689.3590087890625
-66205 1687.675048828125
-66195 1685.251953125
-66185 1682.864990234375
-66175 1681.699951171875
-66165 1680.0159912109375
-66155 1679.2760009765625
-66145 1676.501953125
-66135 1675.7430419921875
-66125 1676.5570068359375
-66115 1675.6510009765625
-66105 1674.68896484375
-66095 1674.3189697265625
-66085 1674.8370361328125
-66075 1675.095947265625
-66065 1674.2080078125
-66055 1676.7049560546875
-66045 1676.9090576171875
-66035 1675.0589599609375
-66025 1673.7640380859375
-66015 1674.114990234375
-66005 1676.927001953125
-65995 1681.366943359375
-65985 1683.531005859375
-65975 1680.1829833984375
-65965 1670.748046875
-65955 1670.6190185546875
-65945 1670.322998046875
-65935 1670.3780517578125
-65925 1669.822998046875
-65915 1669.56396484375
-65905 1669.156982421875
-65895 1668.76904296875
-65885 1668.583984375
-65875 1668.56494140625
-65865 1668.6390380859375
-65855 1667.6590576171875
-65845 1666.844970703125
-65835 1667.843994140625
-65825 1668.990966796875
-65815 1669.10205078125
-65805 1669.5269775390625
-65795 1669.656982421875
-65785 1669.323974609375
-65775 1669.9530029296875
-65765 1670.7669677734375
-65755 1671.635986328125
-65745 1671.488037109375
-65735 1667.677001953125
-65725 1671.3590087890625
-65715 1672.5059814453125
-65705 1672.782958984375
-65695 1672.154052734375
-65685 1671.5250244140625
-65675 1670.7669677734375
-65665 1670.4520263671875
-65655 1669.656982421875
-65645 1668.7130126953125
-65635 1666.8819580078125
-65625 1666.197998046875
-65615 1666.364013671875
-65605 1666.6409912109375
-65595 1666.623046875
-65585 1668.7869873046875
-65575 1671.0069580078125
-65565 1672.6719970703125
-65555 1673.8380126953125
-65545 1675.594970703125
-65535 1678.2220458984375
-65525 1681.718017578125
-65515 1684.7889404296875
-65505 1687.7679443359375
-65495 1690.6719970703125
-65485 1693.8909912109375
-65475 1695.112060546875
-65465 1700.198974609375
-65455 1703.862060546875
-65445 1707.9320068359375
-65435 1710.5589599609375
-65425 1717.8289794921875
-65415 1723.7669677734375
-65405 1727.781005859375
-65395 1730.260009765625
-65385 1730.7779541015625
-65375 1731.906982421875
-65365 1731.5369873046875
-65355 1732.47998046875
-65345 1732.2769775390625
-65335 1733.386962890625
-65325 1736.1429443359375
-65315 1735.698974609375
-65305 1733.9420166015625
-65295 1730.5379638671875
-65285 1733.4420166015625
-65275 1727.1519775390625
-65265 1723.0830078125
-65255 1720.5670166015625
-65245 1717.3480224609375
-65235 1714.425048828125
-65225 1716.904052734375
-65215 1715.64599609375
-65205 1713.7220458984375
-65195 1712.612060546875
-65185 1712.6490478515625
-65175 1711.6689453125
-65165 1708.968017578125
-65155 1712.779052734375
-65145 1715.552978515625
-65135 1699.6259765625
-65125 1695.0379638671875
-65115 1692.7249755859375
-65105 1688.0450439453125
-65095 1684.9560546875
-65085 1682.7540283203125
-65075 1678.4439697265625
-65065 1675.5579833984375
-65055 1672.2099609375
-65045 1665.678955078125
-65035 1654.1729736328125
-65025 1654.3759765625
-65015 1645.64501953125
-65005 1642.2569580078125
-64995 1638.56005859375
-64985 1635.81103515625
-64975 1628.822998046875
-64965 1630.6619873046875
-64955 1632.907958984375
-64945 1630.06201171875
-64935 1628.6300048828125
-64925 1626.927001953125
-64915 1624.5069580078125
-64905 1622.7449951171875
-64895 1621.0419921875
-64885 1620.073974609375
-64875 1617.4219970703125
-64865 1616.93798828125
-64855 1612.4090576171875
-64845 1585.385986328125
-64835 1571.8360595703125
-64825 1559.6800537109375
-64815 1543.593994140625
-64805 1543.2850341796875
-64795 1540.884033203125
-64785 1539.781005859375
-64775 1539.741943359375
-64765 1539.35498046875
-64755 1538.81298828125
-64745 1538.1739501953125
-64735 1537.5360107421875
-64725 1536.93505859375
-64715 1536.5870361328125
-64705 1540.1290283203125
-64695 1539.35498046875
-64685 1538.1939697265625
-64675 1535.83203125
-64665 1533.1409912109375
-64655 1532.52197265625
-64645 1532.7159423828125
-64635 1534.6319580078125
-64625 1535.5419921875
-64615 1535.0579833984375
-64605 1532.1929931640625
-64595 1531.6510009765625
-64585 1531.051025390625
-64575 1530.64404296875
-64565 1530.469970703125
-64555 1530.0439453125
-64545 1529.2889404296875
-64535 1528.612060546875
-64525 1528.3409423828125
-64515 1528.1280517578125
-64505 1527.780029296875
-64495 1527.4310302734375
-64485 1527.10205078125
-64475 1526.7919921875
-64465 1526.365966796875
-64455 1526.0760498046875
-64445 1525.9210205078125
-64435 1525.6500244140625
-64425 1525.3790283203125
-64415 1525.7469482421875
-64405 1525.1280517578125
-64395 1524.6629638671875
-64385 1524.10205078125
-64375 1523.9659423828125
-64365 1523.7149658203125
-64355 1523.636962890625
-64345 1523.094970703125
-64335 1522.9019775390625
-64325 1522.43701171875
-64315 1522.843994140625
-64305 1522.7659912109375
-64295 1522.9210205078125
-64285 1523.3270263671875
-64275 1523.0369873046875
-64265 1524.0050048828125
-64255 1524.60498046875
-64245 1525.2239990234375
-64235 1527.10205078125
-64225 1528.824951171875
-64215 1529.7349853515625
-64205 1530.625
-64195 1531.553955078125
-64185 1533.780029296875
-64175 1534.7869873046875
-64165 1536.3160400390625
-64155 1537.864990234375
-64145 1538.4649658203125
-64135 1540.3809814453125
-64125 1542.4520263671875
-64115 1544.56201171875
-64105 1546.2850341796875
-64095 1547.988037109375
-64085 1550.60205078125
-64075 1552.9630126953125
-64065 1556.447021484375
-64055 1558.383056640625
-64045 1560.97705078125
-64035 1563.300048828125
-64025 1566.39697265625
-64015 1569.958984375
-64005 1573.0360107421875
-63995 1576.9659423828125
-63985 1578.72705078125
-63975 1583.218017578125
-63965 1586.5479736328125
-63955 1588.1739501953125
-63945 1588.7740478515625
-63935 1590.613037109375
-63925 1595.8580322265625
-63915 1599.7490234375
-63905 1603.175048828125
-63895 1602.7879638671875
-63885 1604.64599609375
-63875 1607.260009765625
-63865 1610.5699462890625
-63855 1616.376953125
-63845 1622.8609619140625
-63835 1628.803955078125
-63825 1634.68896484375
-63815 1640.262939453125
-63805 1644.2320556640625
-63795 1647.3680419921875
-63785 1647.657958984375
-63775 1651.06494140625
-63765 1656.116943359375
-63755 1660.762939453125
-63745 1664.5179443359375
-63735 1667.18896484375
-63725 1670.614990234375
-63715 1674.758056640625
-63705 1678.39697265625
-63695 1683.1199951171875
-63685 1686.3719482421875
-63675 1688.616943359375
-63665 1691.4439697265625
-63655 1695.3919677734375
-63645 1697.9859619140625
-63635 1700.8900146484375
-63625 1704.9739990234375
-63615 1708.052001953125
-63605 1711.1300048828125
-63595 1714.5360107421875
-63585 1717.1109619140625
-63575 1718.27197265625
-63565 1721.737060546875
-63555 1726.18896484375
-63545 1730.02197265625
-63535 1733.718994140625
-63525 1736.739013671875
-63515 1738.675048828125
-63505 1742.6429443359375
-63495 1748.9730224609375
-63485 1752.4759521484375
-63475 1758.2249755859375
-63465 1764.4969482421875
-63455 1769.375
-63445 1774.427001953125
-63435 1777.2530517578125
-63425 1784.7640380859375
-63415 1789.0419921875
-63405 1791.1910400390625
-63395 1795.56494140625
-63385 1800.6949462890625
-63375 1805.72802734375
-63365 1805.97900390625
-63355 1808.7669677734375
-63345 1806.696044921875
-63335 1803.25
-63325 1803.0760498046875
-63315 1803.094970703125
-63305 1802.0689697265625
-63295 1806.8890380859375
-63285 1810.5670166015625
-63275 1812.541015625
-63265 1813.8189697265625
-63255 1814.573974609375
-63245 1819.781005859375
-63235 1827.85302734375
-63225 1833.0789794921875
-63215 1835.2080078125
-63205 1834.4339599609375
-63195 1838.51904296875
-63185 1845.4100341796875
-63175 1852.4560546875
-63165 1856.4239501953125
-63155 1861.0889892578125
-63145 1863.60498046875
-63135 1866.509033203125
-63125 1870.47705078125
-63115 1873.9420166015625
-63105 1876.904052734375
-63095 1881.2010498046875
-63085 1889.7950439453125
-63075 1898.758056640625
-63065 1901.699951171875
-63055 1903.48095703125
-63045 1905.803955078125
-63035 1908.5140380859375
-63025 1910.779052734375
-63015 1913.7979736328125
-63005 1916.7989501953125
-62995 1920.302001953125
-62985 1922.8189697265625
-62975 1925.509033203125
-62965 1928.6259765625
-62955 1932.1490478515625
-62945 1935.0909423828125
-62935 1939.58203125
-62925 1944.9239501953125
-62915 1947.7120361328125
-62905 1948.427978515625
-62895 1949.39599609375
-62885 1951.177001953125
-62875 1953.2440185546875
-62865 1955.842041015625
-62855 1958.2230224609375
-62845 1960.4100341796875
-62835 1961.842041015625
-62825 1963.177978515625
-62815 1965.1519775390625
-62805 1966.7010498046875
-62795 1967.321044921875
-62785 1967.0880126953125
-62775 1967.6500244140625
-62765 1967.3790283203125
-62755 1962.675048828125
-62745 1964.2430419921875
-62735 1965.5009765625
-62725 1966.5660400390625
-62715 1971.3270263671875
-62705 1973.321044921875
-62695 1974.425048828125
-62685 1975.509033203125
-62675 1976.6510009765625
-62665 1977.8900146484375
-62655 1979.7860107421875
-62645 1981.258056640625
-62635 1982.68603515625
-62625 1983.6390380859375
-62615 1984.60595703125
-62605 1985.7099609375
-62595 1988.7490234375
-62585 1991.458984375
-62575 1994.498046875
-62565 1997.885009765625
-62555 2001.656005859375
-62545 2004.9659423828125
-62535 2009.8289794921875
-62525 2014.7220458984375
-62515 2021.1719970703125
-62505 2027.3909912109375
-62495 2032.5780029296875
-62485 2039.04296875
-62475 2044.1109619140625
-62465 2049.98095703125
-62455 2062.298095703125
-62445 2071.18310546875
-62435 2078.3330078125
-62425 2084.074951171875
-62415 2087.544921875
-62405 2089.93505859375
-62395 2093.574951171875
-62385 2097.75
-62375 2102.321044921875
-62365 2106.138916015625
-62355 2110.39306640625
-62345 2115.818115234375
-62335 2119.923095703125
-62325 2125.346923828125
-62315 2128.97705078125
-62305 2133.509033203125
-62295 2139.468994140625
-62285 2146.926025390625
-62275 2153.39208984375
-62265 2158.945068359375
-62255 2162.049072265625
-62245 2163.60595703125
-62235 2164.180908203125
-62225 2166.27294921875
-62215 2168.56396484375
-62205 2167.60205078125
-62195 2169.506103515625
-62185 2169.94189453125
-62175 2169.49609375
-62165 2171.489013671875
-62155 2171.916015625
-62145 2174.989990234375
-62135 2177.489013671875
-62125 2179.39306640625
-62115 2181.64404296875
-62105 2186.196044921875
-62095 2191.114013671875
-62085 2195.77490234375
-62075 2198.511962890625
-62065 2201.10009765625
-62055 2201.179931640625
-62045 2203.0439453125
-62035 2207.77392578125
-62025 2212.573974609375
-62015 2216.44091796875
-62005 2221.6669921875
-61995 2226.763916015625
-61985 2232.98193359375
-61975 2240.02294921875
-61965 2248.1640625
-61955 2253.9951171875
-61945 2262.028076171875
-61935 2268.52294921875
-61925 2274.58203125
-61915 2281.5830078125
-61905 2287.968994140625
-61895 2294.4150390625
-61885 2298.18408203125
-61875 2300.5830078125
-61865 2304.450927734375
-61855 2305.25390625
-61845 2306.18603515625
-61835 2307.912109375
-61825 2307.94189453125
-61815 2309.7958984375
-61805 2310.5
-61795 2313.05908203125
-61785 2313.14794921875
-61775 2317.490966796875
-61765 2322.926025390625
-61755 2329.093994140625
-61745 2331.929931640625
-61735 2338.741943359375
-61725 2345.6640625
-61715 2347.092041015625
-61705 2348.56005859375
-61695 2349.998046875
-61685 2350.93994140625
-61675 2351.862060546875
-61665 2351.842041015625
-61655 2351.98095703125
-61645 2352.555908203125
-61635 2353.717041015625
-61625 2355.75
-61615 2357.881103515625
-61605 2360.00390625
-61595 2362.18505859375
-61585 2365.169921875
-61575 2372.300048828125
-61565 2377.81396484375
-61555 2383.535888671875
-61545 2389.990966796875
-61535 2395.257080078125
-61525 2400.007080078125
-61515 2405.759033203125
-61505 2410.9150390625
-61495 2415.56591796875
-61485 2418.7890625
-61475 2425.60205078125
-61465 2430.2529296875
-61455 2433.22802734375
-61445 2440.5859375
-61435 2447.27001953125
-61425 2449.31201171875
-61415 2450.85888671875
-61405 2453.952880859375
-61395 2455.76806640625
-61385 2461.9560546875
-61375 2468.779052734375
-61365 2472.447998046875
-61355 2467.469970703125
-61345 2468.7490234375
-61335 2464.31591796875
-61325 2462.56103515625
-61315 2464.5048828125
-61305 2466.27001953125
-61295 2467.201904296875
-61285 2467.419921875
-61275 2466.179931640625
-61265 2464.9609375
-61255 2462.343017578125
-61245 2460.15087890625
-61235 2456.074951171875
-61225 2456.501953125
-61215 2458.35595703125
-61205 2460.340087890625
-61195 2461.72802734375
-61185 2464.910888671875
-61175 2466.4580078125
-61165 2468.4609375
-61155 2470.47412109375
-61145 2472.735107421875
-61135 2475.908935546875
-61125 2478.299072265625
-61115 2481.75
-61105 2483.83203125
-61095 2486.846923828125
-61085 2489.989990234375
-61075 2492.409912109375
-61065 2495.8310546875
-61055 2499.37109375
-61045 2502.60400390625
-61035 2505.37109375
-61025 2508.20703125
-61015 2511.409912109375
-61005 2513.323974609375
-60995 2514.89111328125
-60985 2515.138916015625
-60975 2518.222900390625
-60965 2521.177978515625
-60955 2523.200927734375
-60945 2529.547119140625
-60935 2534.258056640625
-60925 2535.804931640625
-60915 2537.450927734375
-60905 2540.6240234375
-60895 2541.051025390625
-60885 2540.218017578125
-60875 2544.02587890625
-60865 2545.909912109375
-60855 2549.032958984375
-60845 2548.7060546875
-60835 2548.576904296875
-60825 2550.679931640625
-60815 2553.2880859375
-60805 2554.407958984375
-60795 2554.884033203125
-60785 2555.81591796875
-60775 2556.48095703125
-60765 2554.68603515625
-60755 2554.89404296875
-60745 2552.593994140625
-60735 2551.8798828125
-60725 2552.493896484375
-60715 2555.5390625
-60705 2559.574951171875
-60695 2566.507080078125
-60685 2572.45703125
-60675 2574.23193359375
-60665 2573.427978515625
-60655 2573.794921875
-60645 2578.218017578125
-60635 2578.157958984375
-60625 2577.256103515625
-60615 2580.72705078125
-60605 2586.132080078125
-60595 2587.81689453125
-60585 2591.49609375
-60575 2589.968994140625
-60565 2588.8291015625
-60555 2589.632080078125
-60545 2593.181884765625
-60535 2596.633056640625
-60525 2598.81494140625
-60515 2597.366943359375
-60505 2601.343994140625
-60495 2596.910888671875
-60485 2595.9990234375
-60475 2593.113037109375
-60465 2586.925048828125
-60455 2583.929931640625
-60445 2580.19091796875
-60435 2576.908935546875
-60425 2574.2119140625
-60415 2573.556884765625
-60405 2573.001953125
-60395 2572.070068359375
-60385 2571.197021484375
-60375 2569.0849609375
-60365 2568.93603515625
-60355 2566.923095703125
-60345 2561.955078125
-60335 2549.221923828125
-60325 2542.280029296875
-60315 2538.888916015625
-60305 2538.125
-60295 2535.488037109375
-60285 2532.235107421875
-60275 2528.506103515625
-60265 2524.85693359375
-60255 2524.510009765625
-60245 2526.404052734375
-60235 2527.930908203125
-60225 2524.99609375
-60215 2521.822998046875
-60205 2518.64892578125
-60195 2517.08203125
-60185 2515.654052734375
-60175 2511.549072265625
-60165 2507.31396484375
-60155 2504.368896484375
-60145 2505.52001953125
-60135 2503.9130859375
-60125 2501.93994140625
-60115 2498.468994140625
-60105 2492.657958984375
-60095 2488.8701171875
-60085 2485.905029296875
-60075 2483.01904296875
-60065 2480.153076171875
-60055 2476.861083984375
-60045 2475.39306640625
-60035 2476.236083984375
-60025 2477.47607421875
-60015 2479.597900390625
-60005 2482.81396484375
-59995 2487.412109375
-59985 2491.511962890625
-59975 2496.52099609375
-59965 2501.659912109375
-59955 2505.60498046875
-59945 2510.31591796875
-59935 2516.27197265625
-59925 2522.513916015625
-59915 2528.447021484375
-59905 2531.97412109375
-59895 2533.405029296875
-59885 2534.114990234375
-59875 2536.116943359375
-59865 2538.800048828125
-59855 2541.382080078125
-59845 2544.044921875
-59835 2546.758056640625
-59825 2549.778076171875
-59815 2553.19091796875
-59805 2558.60498046875
-59795 2565.14599609375
-59785 2573.304931640625
-59775 2575.6669921875
-59765 2577.833984375
-59755 2580.6240234375
-59745 2584.843994140625
-59735 2591.302978515625
-59725 2594.197021484375
-59715 2597.925048828125
-59705 2601.945068359375
-59695 2614.0029296875
-59685 2620.62109375
-59675 2628.498046875
-59665 2634.68798828125
-59655 2636.009033203125
-59645 2636.64794921875
-59635 2641.37109375
-59625 2645.302978515625
-59615 2648.533935546875
-59605 2651.284912109375
-59595 2653.777099609375
-59585 2656.217041015625
-59575 2658.5390625
-59565 2660.73193359375
-59555 2662.97802734375
-59545 2665.547119140625
-59535 2668.323974609375
-59525 2670.970947265625
-59515 2674.527099609375
-59505 2676.719970703125
-59495 2678.9130859375
-59485 2681.68994140625
-59475 2684.635986328125
-59465 2687.426025390625
-59455 2690.177001953125
-59445 2693.291015625
-59435 2696.821044921875
-59425 2700.8310546875
-59415 2705.1259765625
-59405 2710.0830078125
-59395 2715.493896484375
-59385 2721.035888671875
-59375 2726.6279296875
-59365 2732.0400390625
-59355 2737.529052734375
-59345 2742.822998046875
-59335 2748.027099609375
-59325 2753.087890625
-59315 2758.006103515625
-59305 2762.756103515625
-59295 2767.31103515625
-59285 2771.64501953125
-59275 2775.43408203125
-59265 2779.029052734375
-59255 2781.93603515625
-59245 2784.155029296875
-59235 2785.490966796875
-59225 2786.2958984375
-59215 2786.802001953125
-59205 2787.281982421875
-59195 2787.60595703125
-59185 2787.905029296875
-59175 2788.968994140625
-59165 2790.760009765625
-59155 2793.135009765625
-59145 2795.781982421875
-59135 2798.64990234375
-59125 2801.738037109375
-59115 2805.033935546875
-59105 2808.22607421875
-59095 2811.56201171875
-59085 2814.947998046875
-59075 2823.64306640625
-59065 2830.235107421875
-59055 2817.5830078125
-59045 2799.298095703125
-59035 2783.12890625
-59025 2764.339111328125
-59015 2746.1201171875
-59005 2725.3310546875
-58995 2710.510986328125
-58985 2702.72509765625
-58975 2692.655029296875
-58965 2687.282958984375
-58955 2680.652099609375
-58945 2674.33203125
-58935 2669.763916015625
-58925 2663.6650390625
-58915 2658.305908203125
-58905 2652.85595703125
-58895 2647.197998046875
-58885 2641.614990234375
-58875 2636.867919921875
-58865 2632.97509765625
-58855 2629.43310546875
-58845 2626.14892578125
-58835 2623.462890625
-58825 2620.64697265625
-58815 2617.908935546875
-58805 2615.2099609375
-58795 2612.547119140625
-58785 2610.05810546875
-58775 2608.135009765625
-58765 2606.85302734375
-58755 2603.8291015625
-58745 2600.7900390625
-58735 2598.60888671875
-58725 2593.176025390625
-58715 2587.993896484375
-58705 2585.22998046875
-58695 2582.093017578125
-58685 2578.444091796875
-58675 2574.904052734375
-58665 2570.81591796875
-58655 2565.7939453125
-58645 2561.029052734375
-58635 2557.385009765625
-58625 2553.556884765625
-58615 2549.751953125
-58605 2545.70703125
-58595 2540.9150390625
-58585 2535.361083984375
-58575 2528.8330078125
-58565 2520.98193359375
-58555 2506.47802734375
-58545 2493.302978515625
-58535 2485.31298828125
-58525 2475.56396484375
-58515 2469.7890625
-58505 2465.7919921875
-58495 2460.743896484375
-58485 2454.91796875
-58475 2449.02587890625
-58465 2443.7060546875
-58455 2438.242919921875
-58445 2432.93505859375
-58435 2428.18603515625
-58425 2424.215087890625
-58415 2421.464111328125
-58405 2417.803955078125
-58395 2415.5849609375
-58385 2413.69091796875
-58375 2411.342041015625
-58365 2409.615966796875
-58355 2409.4990234375
-58345 2410.135009765625
-58335 2409.73291015625
-58325 2409.74609375
-58315 2409.719970703125
-58305 2410.303955078125
-58295 2410.965087890625
-58285 2411.39404296875
-58275 2414.2490234375
-58265 2417.4150390625
-58255 2421.425048828125
-58245 2423.488037109375
-58235 2424.552001953125
-58225 2425.239990234375
-58215 2426.875
-58205 2429.742919921875
-58195 2431.339111328125
-58185 2433.675048828125
-58175 2437.177978515625
-58165 2438.449951171875
-58155 2439.968994140625
-58145 2436.54296875
-58135 2435.60791015625
-58125 2440.072021484375
-58115 2443.679931640625
-58105 2445.431884765625
-58095 2447.844970703125
-58085 2450.64794921875
-58075 2452.06298828125
-58065 2453.841064453125
-58055 2455.89111328125
-58045 2458.447998046875
-58035 2461.77001953125
-58025 2462.9150390625
-58015 2464.027099609375
-58005 2465.455078125
-57995 2463.4951171875
-57985 2461.718017578125
-57975 2457.7470703125
-57965 2450.02490234375
-57955 2434.570068359375
-57945 2424.0849609375
-57935 2421.657958984375
-57925 2420.64599609375
-57915 2415.6240234375
-57905 2414.2880859375
-57895 2411.485107421875
-57885 2409.655029296875
-57875 2404.7109375
-57865 2407.176025390625
-57855 2390.0859375
-57845 2386.530029296875
-57835 2375.47412109375
-57825 2369.114990234375
-57815 2364.637939453125
-57805 2359.214111328125
-57795 2354.7109375
-57785 2350.364013671875
-57775 2347.989013671875
-57765 2347.756103515625
-57755 2345.8349609375
-57745 2346.718017578125
-57735 2345.8349609375
-57725 2345.705078125
-57715 2347.0029296875
-57705 2347.85888671875
-57695 2348.2490234375
-57685 2348.702880859375
-57675 2349.156982421875
-57665 2349.169921875
-57655 2349.75390625
-57645 2351.23291015625
-57635 2352.881103515625
-57625 2355.5810546875
-57615 2358.6689453125
-57605 2359.94091796875
-57595 2362.173095703125
-57585 2364.820068359375
-57575 2367.93505859375
-57565 2371.72412109375
-57555 2376.2529296875
-57545 2381.4169921875
-57535 2386.72509765625
-57525 2391.6689453125
-57515 2397.197021484375
-57505 2401.013916015625
-57495 2409.10791015625
-57485 2420.532958984375
-57475 2440.260986328125
-57465 2450.35400390625
-57455 2455.89794921875
-57445 2477.85302734375
-57435 2489.06591796875
-57425 2497.634033203125
-57415 2504.825927734375
-57405 2512.72705078125
-57395 2519.047119140625
-57385 2520.885986328125
-57375 2526.30810546875
-57365 2530.97998046875
-57355 2534.697998046875
-57345 2537.66796875
-57335 2540.636962890625
-57325 2546.56298828125
-57315 2550.784912109375
-57305 2553.968994140625
-57295 2560.469970703125
-57285 2566.14990234375
-57275 2571.366943359375
-57265 2579.091064453125
-57255 2585.166015625
-57245 2589.947021484375
-57235 2591.635986328125
-57225 2595.9951171875
-57215 2599.455078125
-57205 2601.64794921875
-57195 2604.277099609375
-57185 2608.132080078125
-57175 2609.235107421875
-57165 2608.430908203125
-57155 2613.322021484375
-57145 2620.037109375
-57135 2616.698974609375
-57125 2614.72412109375
-57115 2618.89306640625
-57105 2627.637939453125
-57095 2631.23388671875
-57085 2632.964111328125
-57075 2636.110107421875
-57065 2637.25390625
-57055 2640.7958984375
-57045 2644.487060546875
-57035 2648.94189453125
-57025 2654.784912109375
-57015 2661.215087890625
-57005 2677.04296875
-56995 2684.656982421875
-56985 2692.06689453125
-56975 2712.85400390625
-56965 2732.550048828125
-56955 2739.197998046875
-56945 2746.008056640625
-56935 2750.39404296875
-56925 2752.5869140625
-56915 2752.860107421875
-56905 2755.39306640625
-56895 2759.902099609375
-56885 2761.68701171875
-56875 2762.1630859375
-56865 2767.556884765625
-56855 2771.09912109375
-56845 2774.205078125
-56835 2781.001953125
-56825 2788.452880859375
-56815 2791.43603515625
-56805 2797.443115234375
-56795 2797.375
-56785 2798.9140625
-56775 2801.924072265625
-56765 2805.083984375
-56755 2808.340087890625
-56745 2811.677001953125
-56735 2814.823974609375
-56725 2817.656982421875
-56715 2819.91796875
-56705 2822.451904296875
-56695 2825.202880859375
-56685 2828.037109375
-56675 2830.951904296875
-56665 2833.866943359375
-56655 2836.76806640625
-56645 2839.656005859375
-56635 2842.653076171875
-56625 2845.97607421875
-56615 2849.35400390625
-56605 2853.16796875
-56595 2857.2548828125
-56585 2861.464111328125
-56575 2865.64599609375
-56565 2869.718017578125
-56555 2873.9140625
-56545 2878.205078125
-56535 2882.4140625
-56525 2886.5
-56515 2890.5859375
-56505 2894.52294921875
-56495 2898.22802734375
-56485 2902.2060546875
-56475 2906.073974609375
-56465 2909.902099609375
-56455 2913.251953125
-56445 2915.949951171875
-56435 2918.114990234375
-56425 2919.844970703125
-56415 2921.1259765625
-56405 2922.134033203125
-56395 2923.032958984375
-56385 2923.658935546875
-56375 2924.259033203125
-56365 2924.77587890625
-56355 2925.2939453125
-56345 2926.083984375
-56335 2927.2958984375
-56325 2929.243896484375
-56315 2932.30908203125
-56305 2936.531982421875
-56295 2957.80810546875
-56285 2960.60107421875
-56275 2973.14599609375
-56265 2976.93310546875
-56255 2969.237060546875
-56245 2965.300048828125
-56235 2960.763916015625
-56225 2956.610107421875
-56215 2953.2451171875
-56205 2950.43896484375
-56195 2948.177978515625
-56185 2946.298095703125
-56175 2944.73193359375
-56165 2943.465087890625
-56155 2942.375
-56145 2941.55810546875
-56135 2940.91796875
-56125 2940.4140625
-56115 2939.97802734375
-56105 2939.81396484375
-56095 2939.595947265625
-56085 2939.256103515625
-56075 2938.805908203125
-56065 2938.083984375
-56055 2937.26708984375
-56045 2935.946044921875
-56035 2934.47509765625
-56025 2932.97607421875
-56015 2931.464111328125
-56005 2929.85693359375
-55995 2928.318115234375
-55985 2926.47900390625
-55975 2924.489990234375
-55965 2921.847900390625
-55955 2919.028076171875
-55945 2916.09912109375
-55935 2912.735107421875
-55925 2910.14697265625
-55915 2907.50390625
-55905 2905.160888671875
-55895 2903.10400390625
-55885 2899.3720703125
-55875 2897.764892578125
-55865 2896.157958984375
-55855 2894.386962890625
-55845 2892.37109375
-55835 2890.028076171875
-55825 2887.575927734375
-55815 2884.919921875
-55805 2882.263916015625
-55795 2879.485107421875
-55785 2876.625
-55775 2873.490966796875
-55765 2870.427001953125
-55755 2867.77099609375
-55745 2864.69189453125
-55735 2861.24609375
-55725 2858.2080078125
-55715 2854.284912109375
-55705 2850.716064453125
-55695 2846.56201171875
-55685 2841.236083984375
-55675 2838.306884765625
-55665 2833.81201171875
-55655 2829.493896484375
-55645 2825.51708984375
-55635 2821.3349609375
-55625 2817.31689453125
-55615 2813.06689453125
-55605 2809.115966796875
-55595 2805.248046875
-55585 2801.81494140625
-55575 2798.110107421875
-55565 2794.5
-55555 2790.80908203125
-55545 2786.777099609375
-55535 2782.431884765625
-55525 2777.677978515625
-55515 2773.073974609375
-55505 2768.443115234375
-55495 2764.410888671875
-55485 2760.514892578125
-55475 2756.81005859375
-55465 2753.446044921875
-55455 2750.2041015625
-55445 2746.865966796875
-55435 2743.81494140625
-55425 2740.804931640625
-55415 2738.011962890625
-55405 2735.055908203125
-55395 2732.60498046875
-55385 2729.839111328125
-55375 2728.123046875
-55365 2726.324951171875
-55355 2725.31689453125
-55345 2724.199951171875
-55335 2722.988037109375
-55325 2719.487060546875
-55315 2715.7958984375
-55305 2714.06591796875
-55295 2710.52392578125
-55285 2710.64697265625
-55275 2708.616943359375
-55265 2707.037109375
-55255 2706.2470703125
-55245 2704.761962890625
-55235 2703.958984375
-55225 2700.552978515625
-55215 2697.693115234375
-55205 2698.264892578125
-55195 2687.027099609375
-55185 2685.883056640625
-55175 2682.885986328125
-55165 2679.4130859375
-55155 2676.333984375
-55145 2664.97412109375
-55135 2659.85205078125
-55125 2656.242919921875
-55115 2650.985107421875
-55105 2650.76708984375
-55095 2641.967041015625
-55085 2622.910888671875
-55075 2612.177001953125
-55065 2603.677001953125
-55055 2595.695068359375
-55045 2588.553955078125
-55035 2582.0869140625
-55025 2575.39892578125
-55015 2571.381103515625
-55005 2567.867919921875
-54995 2561.60791015625
-54985 2554.908935546875
-54975 2548.40087890625
-54965 2542.09912109375
-54955 2536.197998046875
-54945 2530.839111328125
-54935 2525.450927734375
-54925 2519.8291015625
-54915 2509.1201171875
-54905 2502.340087890625
-54895 2494.219970703125
-54885 2488.2919921875
-54875 2482.3701171875
-54865 2476.009033203125
-54855 2469.239990234375
-54845 2462.5009765625
-54835 2455.94091796875
-54825 2450.2119140625
-54815 2445.510986328125
-54805 2440.3720703125
-54795 2434.862060546875
