-74565 2889.576904296875
-74555 2886.126953125
-74545 2882.85107421875
-74535 2879.868896484375
-74525 2877.113037109375
-74515 2874.842041015625
-74505 2872.676025390625
-74495 2870.785888671875
-74485 2869.0869140625
-74475 2867.839111328125
-74465 2866.971923828125
-74455 2866.7470703125
-74445 2866.885986328125
-74435 2867.1279296875
-74425 2867.37109375
-74415 2867.666015625
-74405 2867.787109375
-74395 2867.8740234375
-74385 2868.011962890625
-74375 2867.8740234375
-74365 2867.666015625
-74355 2867.35400390625
-74345 2867.02392578125
-74335 2866.451904296875
-74325 2866.001953125
-74315 2866.001953125
-74305 2866.22705078125
-74295 2866.781982421875
-74285 2867.423095703125
-74275 2868.202880859375
-74265 2868.947998046875
-74255 2869.677001953125
-74245 2870.54296875
-74235 2871.4970703125
-74225 2872.553955078125
-74215 2873.593994140625
-74205 2874.80810546875
-74195 2875.93408203125
-74185 2877.0439453125
-74175 2878.205078125
-74165 2879.696044921875
-74155 2881.30810546875
-74145 2883.007080078125
-74135 2884.966064453125
-74125 2888.20703125
-74115 2897.70703125
-74105 2907.0830078125
-74095 2909.5439453125
-74085 2911.31201171875
-74075 2912.056884765625
-74065 2912.54296875
-74055 2912.594970703125
-74045 2911.797119140625
-74035 2910.705078125
-74025 2908.60791015625
-74015 2906.946044921875
-74005 2905.001953125
-73995 2905.2470703125
-73985 2906.614990234375
-73975 2906.218017578125
-73965 2896.54296875
-73955 2873.906005859375
-73945 2850.41796875
-73935 2841.35400390625
-73925 2837.158935546875
-73915 2832.77392578125
-73905 2826.360107421875
-73895 2819.77294921875
-73885 2811.781005859375
-73875 2804.240966796875
-73865 2798.02001953125
-73855 2791.135986328125
-73845 2786.8740234375
-73835 2782.10693359375
-73825 2773.45703125
-73815 2766.97412109375
-73805 2761.200927734375
-73795 2755.89697265625
-73785 2751.6669921875
-73775 2747.1279296875
-73765 2743.60693359375
-73755 2739.240966796875
-73745 2735.097900390625
-73735 2731.35400390625
-73725 2727.886962890625
-73715 2724.419921875
-73705 2721.5419921875
-73695 2719.445068359375
-73685 2717.382080078125
-73675 2716.011962890625
-73665 2714.885986328125
-73655 2713.412109375
-73645 2712.1640625
-73635 2710.916015625
-73625 2709.56396484375
-73615 2708.385009765625
-73605 2702.97705078125
-73595 2704.416015625
-73585 2700.6708984375
-73575 2701.31298828125
-73565 2697.967041015625
-73555 2698.41796875
-73545 2696.875
-73535 2695.177001953125
-73525 2693.843994140625
-73515 2692.45703125
-73505 2691.1201171875
-73495 2689.716064453125
-73485 2688.52001953125
-73475 2687.361083984375
-73465 2686.493896484375
-73455 2685.905029296875
-73445 2685.572998046875
-73435 2685.177001953125
-73425 2684.9169921875
-73415 2684.79296875
-73405 2684.656005859375
-73395 2684.570068359375
-73385 2684.343994140625
-73375 2684.324951171875
-73365 2683.89404296875
-73355 2683.77001953125
-73345 2683.406005859375
-73335 2683.06201171875
-73325 2682.52197265625
-73315 2681.571044921875
-73305 2680.200927734375
-73295 2678.22509765625
-73285 2675.867919921875
-73275 2673.424072265625
-73265 2670.094970703125
-73255 2670.1650390625
-73245 2665.7451171875
-73235 2664.791015625
-73225 2661.722900390625
-73215 2654.8759765625
-73205 2653.471923828125
-73195 2648.843017578125
-73185 2643.52197265625
-73175 2640.037109375
-73165 2635.498046875
-73155 2631.389892578125
-73145 2627.697998046875
-73135 2624.4560546875
-73125 2621.785888671875
-73115 2619.550048828125
-73105 2617.071044921875
-73095 2614.55810546875
-73085 2611.611083984375
-73075 2610.571044921875
-73065 2608.958984375
-73055 2607.364013671875
-73045 2609.4609375
-73035 2608.178955078125
-73025 2604.347900390625
-73015 2596.4951171875
-73005 2595.263916015625
-72995 2592.958984375
-72985 2590.60205078125
-72975 2588.572998046875
-72965 2586.738037109375
-72955 2584.969970703125
-72945 2583.181884765625
-72935 2581.72607421875
-72925 2581.43408203125
-72915 2580.9140625
-72905 2580.654052734375
-72895 2579.631103515625
-72885 2579.4580078125
-72875 2576.458984375
-72865 2574.7080078125
-72855 2572.194091796875
-72845 2567.097900390625
-72835 2561.72412109375
-72825 2558.62109375
-72815 2559.1240234375
-72805 2557.89306640625
-72795 2555.431884765625
-72785 2549.382080078125
-72775 2545.30908203125
-72765 2542.674072265625
-72755 2538.028076171875
-72745 2536.7451171875
-72735 2535.117919921875
-72725 2530.403076171875
-72715 2526.72802734375
-72705 2523.20703125
-72695 2520.7109375
-72685 2517.93896484375
-72675 2515.85888671875
-72665 2513.431884765625
-72655 2512.322998046875
-72645 2511.02294921875
-72635 2510.5380859375
-72625 2510.554931640625
-72615 2511.3349609375
-72605 2513.48388671875
-72595 2514.85400390625
-72585 2515.443115234375
-72575 2517.158935546875
-72565 2515.166015625
-72555 2513.27587890625
-72545 2511.422119140625
-72535 2510.74609375
-72525 2509.966064453125
-72515 2509.81005859375
-72505 2509.429931640625
-72495 2507.114013671875
-72485 2505.822021484375
-72475 2501.875
-72465 2498.48388671875
-72455 2494.361083984375
-72445 2490.427001953125
-72435 2487.113037109375
-72425 2484.468994140625
-72415 2482.048095703125
-72405 2482.428955078125
-72395 2482.1650390625
-72385 2482.2529296875
-72375 2481.696044921875
-72365 2480.800048828125
-72355 2479.919921875
-72345 2481.56298828125
-72335 2482.56103515625
-72325 2481.666015625
-72315 2482.27001953125
-72305 2480.535888671875
-72295 2477.572021484375
-72285 2472.156005859375
-72275 2467.093017578125
-72265 2462.865966796875
-72255 2458.81591796875
-72245 2457.64208984375
-72235 2455.087890625
-72225 2452.47607421875
-72215 2452.06494140625
-72205 2450.93505859375
-72195 2449.23291015625
-72185 2447.177978515625
-72175 2449.43798828125
-72165 2448.865966796875
-72155 2444.27197265625
-72145 2441.7919921875
-72135 2442.570068359375
-72125 2442.407958984375
-72115 2441.777099609375
-72105 2440.9560546875
-72095 2441.132080078125
-72085 2441.2490234375
-72075 2441.10205078125
-72065 2441.0439453125
-72055 2441.0439453125
-72045 2441.05810546875
-72035 2444.037109375
-72025 2447.193115234375
-72015 2449.555908203125
-72005 2453.22412109375
-71995 2454.986083984375
-71985 2459.300048828125
-71975 2460.22509765625
-71965 2463.64404296875
-71955 2465.112060546875
-71945 2468.031982421875
-71935 2473.31591796875
-71925 2475.091064453125
-71915 2480.155029296875
-71905 2482.093994140625
-71895 2490.26611328125
-71885 2492.657958984375
-71875 2497.31103515625
-71865 2502.06494140625
-71855 2505.89794921875
-71845 2510.197998046875
-71835 2513.39501953125
-71825 2520.04296875
-71815 2527.864990234375
-71805 2530.31591796875
-71795 2534.823974609375
-71785 2540.823974609375
-71775 2543.906005859375
-71765 2546.77001953125
-71755 2548.047119140625
-71745 2548.822021484375
-71735 2551.760009765625
-71725 2555.632080078125
-71715 2560.343017578125
-71705 2566.113037109375
-71695 2571.455078125
-71685 2577.219970703125
-71675 2575.444091796875
-71665 2578.717041015625
-71655 2579.303955078125
-71645 2582.458984375
-71635 2581.27294921875
-71625 2585.364990234375
-71615 2587.02587890625
-71605 2592.60302734375
-71595 2593.597900390625
-71585 2594.863037109375
-71575 2597.196044921875
-71565 2594.7890625
-71555 2594.803955078125
-71545 2597.283935546875
-71535 2597.826904296875
-71525 2598.341064453125
-71515 2598.95703125
-71505 2604.489990234375
-71495 2609.2890625
-71485 2611.35791015625
-71475 2612.39990234375
-71465 2612.26806640625
-71455 2611.827880859375
-71445 2612.4150390625
-71435 2614.205078125
-71425 2613.60400390625
-71415 2612.9580078125
-71405 2613.486083984375
-71395 2617.375
-71385 2617.785888671875
-71375 2616.77099609375
-71365 2618.6669921875
-71355 2620.10498046875
-71345 2620.677001953125
-71335 2625.18310546875
-71325 2628.676025390625
-71315 2628.322998046875
-71305 2627.60400390625
-71295 2628.660888671875
-71285 2631.02392578125
-71275 2633.0048828125
-71265 2635.280029296875
-71255 2638.9189453125
-71245 2642.262939453125
-71235 2645.362060546875
-71225 2648.51708984375
-71215 2650.381103515625
-71205 2650.77490234375
-71195 2653.344970703125
-71185 2655.9140625
-71175 2658.820068359375
-71165 2661.7109375
-71155 2665.93701171875
-71145 2669.15087890625
-71135 2677.443115234375
-71125 2688.097900390625
-71115 2694.37890625
-71105 2703.947998046875
-71095 2707.5869140625
-71085 2719.166015625
-71075 2723.12890625
-71065 2726.532958984375
-71055 2730.553955078125
-71045 2735.4560546875
-71035 2743.013916015625
-71025 2748.9580078125
-71015 2749.544921875
-71005 2756.531005859375
-70995 2760.552001953125
-70985 2758.261962890625
-70975 2761.490966796875
-70965 2760.68408203125
-70955 2765.306884765625
-70945 2771.044921875
-70935 2776.81298828125
-70925 2782.43310546875
-70915 2785.323974609375
-70905 2779.29296875
-70895 2773.24609375
-70885 2767.72802734375
-70875 2770.574951171875
-70865 2771.866943359375
-70855 2766.89208984375
-70845 2762.445068359375
-70835 2757.30810546875
-70825 2756.384033203125
-70815 2759.68603515625
-70805 2761.81396484375
-70795 2765.2041015625
-70785 2763.384033203125
-70775 2760.712890625
-70765 2754.6669921875
-70755 2748.781982421875
-70745 2743.85107421875
-70735 2738.743896484375
-70725 2739.43310546875
-70715 2740.85693359375
-70705 2738.52294921875
-70695 2729.48291015625
-70685 2717.389892578125
-70675 2708.305908203125
-70665 2684.10595703125
-70655 2666.510009765625
-70645 2657.615966796875
-70635 2651.3349609375
-70625 2644.89208984375
-70615 2638.97802734375
-70605 2633.739013671875
-70595 2628.8369140625
-70585 2624.56396484375
-70575 2620.80908203125
-70565 2615.907958984375
-70555 2610.697998046875
-70545 2609.22998046875
-70535 2607.85107421875
-70525 2605.6640625
-70515 2603.97607421875
-70505 2601.364013671875
-70495 2598.488037109375
-70485 2596.007080078125
-70475 2593.821044921875
-70465 2591.35498046875
-70455 2589.02197265625
-70445 2586.4951171875
-70435 2584.35498046875
-70425 2581.77197265625
-70415 2577.927001953125
-70405 2575.549072265625
-70395 2570.7060546875
-70385 2571.176025390625
-70375 2568.06201171875
-70365 2571.64306640625
-70355 2555.35302734375
-70345 2553.154052734375
-70335 2546.403076171875
-70325 2544.7451171875
-70315 2543.8349609375
-70305 2541.14697265625
-70295 2539.97509765625
-70285 2538.593017578125
-70275 2534.748046875
-70265 2532.97509765625
-70255 2531.155029296875
-70245 2528.863037109375
-70235 2525.5048828125
-70225 2521.68701171875
-70215 2519.19189453125
-70205 2517.885986328125
-70195 2515.3759765625
-70185 2513.43896484375
-70175 2509.3740234375
-70165 2505.705078125
-70155 2502.47607421875
-70145 2498.072998046875
-70135 2497.89697265625
-70125 2494.801025390625
-70115 2490.339111328125
-70105 2487.155029296875
-70095 2482.884033203125
-70085 2479.215087890625
-70075 2474.635986328125
-70065 2471.201904296875
-70055 2469.10400390625
-70045 2466.241943359375
-70035 2462.322998046875
-70025 2458.492919921875
-70015 2455.132080078125
-70005 2451.174072265625
-69995 2446.6708984375
-69985 2442.193115234375
-69975 2438.423095703125
-69965 2434.718994140625
-69955 2431.302001953125
-69945 2426.992919921875
-69935 2424.282958984375
-69925 2420.22607421875
-69915 2415.64697265625
-69905 2412.281005859375
-69895 2408.7958984375
-69885 2403.881103515625
-69875 2398.072998046875
-69865 2393.612060546875
-69855 2389.488037109375
-69845 2385.22900390625
-69835 2378.9169921875
-69825 2375.431884765625
-69815 2370.382080078125
-69805 2364.27197265625
-69795 2359.424072265625
-69785 2353.987060546875
-69775 2348.784912109375
-69765 2344.593994140625
-69755 2339.123046875
-69745 2332.861083984375
-69735 2327.64208984375
-69725 2320.386962890625
-69715 2312.575927734375
-69705 2306.8359375
-69695 2300.507080078125
-69685 2295.2041015625
-69675 2289.867919921875
-69665 2282.64697265625
-69655 2275.81298828125
-69645 2267.513916015625
-69635 2260.712890625
-69625 2252.549072265625
-69615 2242.196044921875
-69605 2232.785888671875
-69595 2223.797119140625
-69585 2217.485107421875
-69575 2211.2060546875
-69565 2202.43603515625
-69555 2192.487060546875
-69545 2185.06396484375
-69535 2180.047119140625
-69525 2174.10498046875
-69515 2167.43896484375
-69505 2160.722900390625
-69495 2151.010009765625
-69485 2140.422119140625
-69475 2114.987060546875
-69465 2103.052001953125
-69455 2092.375
-69445 2086.113037109375
-69435 2079.93505859375
-69425 2042.56494140625
-69415 2027.364990234375
-69405 2017.5
-69395 2006.3060302734375
-69385 1997.300048828125
-69375 1990.532958984375
-69365 1960.5870361328125
-69355 1951.344970703125
-69345 1948.095947265625
-69335 1943.9549560546875
-69325 1939.241943359375
-69315 1933.9730224609375
-69305 1927.9639892578125
-69295 1921.6009521484375
-69285 1915.43994140625
-69275 1909.7330322265625
-69265 1905.6590576171875
-69255 1900.862060546875
-69245 1894.6669921875
-69235 1888.0849609375
-69225 1882.866943359375
-69215 1876.2010498046875
-69205 1871.251953125
-69195 1865.1080322265625
-69185 1859.1820068359375
-69175 1853.02099609375
-69165 1847.7359619140625
-69155 1841.5240478515625
-69145 1837.7869873046875
-69135 1833.0570068359375
-69125 1829.27001953125
-69115 1826.0880126953125
-69105 1822.77197265625
-69095 1822.68798828125
-69085 1821.0889892578125
-69075 1820.0780029296875
-69065 1819.1529541015625
-69055 1818.3280029296875
-69045 1819.5400390625
-69035 1820.1629638671875
-69025 1822.906005859375
-69015 1827.1820068359375
-69005 1830.093994140625
-68995 1831.0880126953125
-68985 1827.5860595703125
-68975 1825.5660400390625
-68965 1827.300048828125
-68955 1830.178955078125
-68945 1834.7239990234375
-68935 1837.3499755859375
-68925 1840.14404296875
-68915 1842.281982421875
-68905 1851.9610595703125
-68895 1860.56298828125
-68885 1864.7879638671875
-68875 1866.16796875
-68865 1871.739990234375
-68855 1876.571044921875
-68845 1882.968017578125
-68835 1890.323974609375
-68825 1896.3170166015625
-68815 1900.5419921875
-68805 1906.4339599609375
-68795 1911.5340576171875
-68785 1913.2509765625
-68775 1916.113037109375
-68765 1925.0679931640625
-68755 1927.3740234375
-68745 1928.6710205078125
-68735 1929.29296875
-68725 1933.60302734375
-68715 1939.8480224609375
-68705 1942.3389892578125
-68695 1944.2919921875
-68685 1949.291015625
-68675 1949.8470458984375
-68665 1955.5870361328125
-68655 1956.6810302734375
-68645 1957.0009765625
-68635 1958.2640380859375
-68625 1960.43505859375
-68615 1962.4219970703125
-68605 1964.946044921875
-68595 1968.5830078125
-68585 1972.9420166015625
-68575 1977.991943359375
-68565 1985.248046875
-68555 1989.7249755859375
-68545 1993.3609619140625
-68535 1996.2900390625
-68525 1998.56298828125
-68515 2003.8819580078125
-68505 2004.842041015625
-68495 2004.9429931640625
-68485 2007.2659912109375
-68475 2006.7099609375
-68465 2005.8179931640625
-68455 2003.073974609375
-68445 2001.6600341796875
-68435 2000.7509765625
-68425 2000.717041015625
-68415 1999
-68405 1997.654052734375
-68395 1997.2159423828125
-68385 1997.3509521484375
-68375 1999.70703125
-68365 2002.4849853515625
-68355 2003.4949951171875
-68345 2005.5150146484375
-68335 2009.050048828125
-68325 2011.0360107421875
-68315 2011.10400390625
-68305 2011.373046875
-68295 2012.7530517578125
-68285 2011.3900146484375
-68275 2013.947998046875
-68265 2018.0560302734375
-68255 2020.1600341796875
-68245 2020.9339599609375
-68235 2022.718994140625
-68225 2023.779052734375
-68215 2026.240966796875
-68205 2028.2230224609375
-68195 2029.4859619140625
-68185 2030.988037109375
-68175 2030.7989501953125
-68165 2032.2459716796875
-68155 2030.9329833984375
-68145 2030.2259521484375
-68135 2031.051025390625
-68125 2027.739013671875
-68115 2025.31103515625
-68105 2023.0889892578125
-68095 2021.052001953125
-68085 2021.1190185546875
-68075 2018.8299560546875
-68065 2017.011962890625
-68055 2011.10400390625
-68045 2010.666015625
-68035 2008.02294921875
-68025 2004.7740478515625
-68015 2000.262939453125
-68005 2002.9730224609375
-67995 2003.781005859375
-67985 2000.802001953125
-67975 1997.77099609375
-67965 1994.8929443359375
-67955 1991.7960205078125
-67945 1987.4859619140625
-67935 1981.56103515625
-67925 1976.4100341796875
-67915 1974.6419677734375
-67905 1972.218994140625
-67895 1972.35302734375
-67885 1974.6419677734375
-67875 1977.60498046875
-67865 1977.6719970703125
-67855 1975.1810302734375
-67845 1969.8790283203125
-67835 1962.7919921875
-67825 1958.2969970703125
-67815 1955.873046875
-67805 1954.81298828125
-67795 1952.3719482421875
-67785 1954.6610107421875
-67775 1957.8260498046875
-67765 1959.54296875
-67755 1958.85302734375
-67745 1957.6910400390625
-67735 1961.2259521484375
-67725 1964.4420166015625
-67715 1963.987060546875
-67705 1961.967041015625
-67695 1959.2740478515625
-67685 1959.0550537109375
-67675 1959.2060546875
-67665 1961.176025390625
-67655 1960.3680419921875
-67645 1957.843017578125
-67635 1954.5269775390625
-67625 1955.301025390625
-67615 1955.06494140625
-67605 1952.927001953125
-67595 1951.6650390625
-67585 1949.8470458984375
-67575 1947.79296875
-67565 1946.5810546875
-67555 1947.154052734375
-67545 1947.7259521484375
-67535 1946.8170166015625
-67525 1947.6419677734375
-67515 1949.4429931640625
-67505 1951.135986328125
-67495 1952.343994140625
-67485 1951.4930419921875
-67475 1950.345947265625
-67465 1949.0689697265625
-67455 1949.1800537109375
-67445 1949.845947265625
-67435 1952.5469970703125
-67425 1951.510986328125
-67415 1953.157958984375
-67405 1954.6929931640625
-67395 1956.56103515625
-67385 1956.9310302734375
-67375 1957.468017578125
-67365 1953.323974609375
-67355 1952.7139892578125
-67345 1956.616943359375
-67335 1961.407958984375
-67325 1962.887939453125
-67315 1961.2969970703125
-67305 1960.35400390625
-67295 1961.81494140625
-67285 1962.9620361328125
-67275 1964.7010498046875
-67265 1966.7919921875
-67255 1967.7900390625
-67245 1970.7320556640625
-67235 1966.81005859375
-67225 1962.7220458984375
-67215 1961.427001953125
-67205 1960.1689453125
-67195 1958.614990234375
-67185 1960.3719482421875
-67175 1959.85400390625
-67165 1961.093994140625
-67155 1960.9639892578125
-67145 1964.498046875
-67135 1966.31103515625
-67125 1967.364990234375
-67115 1967.7159423828125
-67105 1963.0550537109375
-67095 1957.135009765625
-67085 1954.9150390625
-67075 1954.470947265625
-67065 1955.9139404296875
-67055 1958.928955078125
-67045 1960.501953125
-67035 1958.5780029296875
-67025 1960.7239990234375
-67015 1964.2020263671875
-67005 1970.7869873046875
-66995 1972.8780517578125
-66985 1972.656005859375
-66975 1969.43701171875
-66965 1963.6839599609375
-66955 1959.9840087890625
-66945 1958.7259521484375
-66935 1954.06396484375
-66925 1951.123046875
-66915 1951.43701171875
-66905 1948.625
-66895 1943.926025390625
-66885 1938.7840576171875
-66875 1938.22900390625
-66865 1937.2669677734375
-66855 1937.1929931640625
-66845 1936.9520263671875
-66835 1935.3609619140625
-66825 1933.344970703125
-66815 1932.7530517578125
-66805 1934.990966796875
-66795 1934.0849609375
-66785 1932.383056640625
-66775 1930.6619873046875
-66765 1929.866943359375
-66755 1928.6650390625
-66745 1927.8690185546875
-66735 1925.0570068359375
-66725 1921.6719970703125
-66715 1916.177978515625
-66705 1911.5899658203125
-66695 1902.0810546875
-66685 1897.197021484375
-66675 1893.053955078125
-66665 1889.741943359375
-66655 1884.39599609375
-66645 1879.197998046875
-66635 1878.8280029296875
-66625 1880.4560546875
-66615 1877.718017578125
-66605 1873.6290283203125
-66595 1865.656005859375
-66585 1857.885986328125
-66575 1852.0780029296875
-66565 1851.9300537109375
-66555 1854.279052734375
-66545 1856.259033203125
-66535 1854.260986328125
-66525 1853.760986328125
-66515 1852.262939453125
-66505 1849.6729736328125
-66495 1847.156982421875
-66485 1846.7679443359375
-66475 1846.4539794921875
-66465 1843.2540283203125
-66455 1840.2750244140625
-66445 1838.6099853515625
-66435 1836.4830322265625
-66425 1832.9129638671875
-66415 1831.1180419921875
-66405 1828.5279541015625
-66395 1828.2320556640625
-66385 1827.6219482421875
-66375 1826.178955078125
-66365 1823.532958984375
-66355 1820.5179443359375
-66345 1812.6929931640625
-66335 1813.56201171875
-66325 1814.7650146484375
-66315 1812.008056640625
-66305 1810.0469970703125
-66295 1800.593994140625
-66285 1795.06298828125
-66275 1786.7010498046875
-66265 1785.97998046875
-66255 1785.81298828125
-66245 1785.8690185546875
-66235 1786.626953125
-66225 1785.8499755859375
-66215 1790.4749755859375
-66205 1789.2359619140625
-66195 1779.302001953125
-66185 1775.93505859375
-66175 1777.7110595703125
-66165 1776.416015625
-66155 1772.4759521484375
-66145 1774.0479736328125
-66135 1781.2440185546875
-66125 1774.41796875
-66115 1769.4229736328125
-66105 1769.885986328125
-66095 1767.1109619140625
-66085 1761.8389892578125
-66075 1763.2259521484375
-66065 1765.1500244140625
-66055 1765.9449462890625
-66045 1766.4449462890625
-66035 1764.5760498046875
-66025 1763.20703125
-66015 1764.5389404296875
-66005 1764.4840087890625
-65995 1763.5589599609375
-65985 1764.2249755859375
-65975 1763.095947265625
-65965 1761.302001953125
-65955 1758.8050537109375
-65945 1756.10400390625
-65935 1754.7530517578125
-65925 1751.3680419921875
-65915 1749.1109619140625
-65905 1747.113037109375
-65895 1748.8890380859375
-65885 1749.8330078125
-65875 1746.4840087890625
-65865 1748.0009765625
-65855 1751.97802734375
-65845 1750.905029296875
-65835 1748.7779541015625
-65825 1746.5030517578125
-65815 1744.375
-65805 1742.7659912109375
-65795 1742.5439453125
-65785 1742.4510498046875
-65775 1743.0250244140625
-65765 1744.0980224609375
-65755 1744.9119873046875
-65745 1747.35400390625
-65735 1745.18896484375
-65725 1743.3389892578125
-65715 1740.156982421875
-65705 1736.7540283203125
-65695 1736.3280029296875
-65685 1735.9580078125
-65675 1734.31201171875
-65665 1730.593017578125
-65655 1725.3759765625
-65645 1721.0660400390625
-65635 1719.4940185546875
-65625 1718.0880126953125
-65615 1716.552001953125
-65605 1713.6669921875
-65595 1710.5030517578125
-65585 1707.376953125
-65575 1704.10205078125
-65565 1701.550048828125
-65555 1699.404052734375
-65545 1696.4439697265625
-65535 1693.613037109375
-65525 1693.447021484375
-65515 1690.468994140625
-65505 1687.5460205078125
-65495 1685.824951171875
-65485 1684.2900390625
-65475 1683.6240234375
-65465 1683.2349853515625
-65455 1681.9219970703125
-65445 1681.7740478515625
-65435 1683.3280029296875
-65425 1684.0860595703125
-65415 1681.366943359375
-65405 1681.31103515625
-65395 1682.9949951171875
-65385 1682.9580078125
-65375 1681.885009765625
-65365 1681.0340576171875
-65355 1680.7559814453125
-65345 1677.4820556640625
-65335 1677.7039794921875
-65325 1674.800048828125
-65315 1673.7449951171875
-65305 1672.449951171875
-65295 1671.2659912109375
-65285 1669.73095703125
-65275 1660.9439697265625
-65265 1659.68603515625
-65255 1658.446044921875
-65245 1650.3070068359375
-65235 1644.9969482421875
-65225 1639.02197265625
-65215 1630.43798828125
-65205 1620.3189697265625
-65195 1616.6929931640625
-65185 1612.27197265625
-65175 1607.887939453125
-65165 1621.4849853515625
-65155 1614.41796875
-65145 1624.5
-65135 1623.9820556640625
-65125 1625.906005859375
-65115 1628.865966796875
-65105 1625.259033203125
-65095 1623.612060546875
-65085 1615.8060302734375
-65075 1611.384033203125
-65065 1605.927001953125
-65055 1598.489990234375
-65045 1575.9580078125
-65035 1566.4129638671875
-65025 1563.7860107421875
-65015 1565.135986328125
-65005 1568.3790283203125
-64995 1566.7840576171875
-64985 1564.2869873046875
-64975 1561.18994140625
-64965 1557.7640380859375
-64955 1557.4930419921875
-64945 1558.383056640625
-64935 1556.698974609375
-64925 1554.93798828125
-64915 1554.64697265625
-64905 1555.092041015625
-64895 1555.4599609375
-64885 1572.126953125
-64875 1580.89501953125
-64865 1582.52099609375
-64855 1585.2509765625
-64845 1584.843994140625
-64835 1586.6829833984375
-64825 1589.760986328125
-64815 1587.0899658203125
-64805 1564.5970458984375
-64795 1561.1510009765625
-64785 1560.4930419921875
-64775 1569.68798828125
-64765 1580.2950439453125
-64755 1586.60595703125
-64745 1591.115966796875
-64735 1592.8389892578125
-64725 1594.2900390625
-64715 1596.593994140625
-64705 1596.1490478515625
-64695 1593.2449951171875
-64685 1584.883056640625
-64675 1582.3280029296875
-64665 1579.405029296875
-64655 1578.0689697265625
-64645 1577.8370361328125
-64635 1577.7010498046875
-64625 1577.468994140625
-64615 1578.5340576171875
-64605 1577.720947265625
-64595 1577.7979736328125
-64585 1577.9339599609375
-64575 1578.97900390625
-64565 1580.3919677734375
-64555 1580.4310302734375
-64545 1576.2879638671875
-64535 1575.281982421875
-64525 1573.093994140625
-64515 1573.2879638671875
-64505 1573.404052734375
-64495 1575.5140380859375
-64485 1577.2559814453125
-64475 1576.927001953125
-64465 1577.5849609375
-64455 1578.5140380859375
-64445 1579.676025390625
-64435 1580.9530029296875
-64425 1582.365966796875
-64415 1585.2889404296875
-64405 1587.864013671875
-64395 1590.14794921875
-64385 1592.781005859375
-64375 1595.490966796875
-64365 1596.72900390625
-64355 1598.10400390625
-64345 1597.0780029296875
-64335 1596.9229736328125
-64325 1594.4840087890625
-64315 1594
-64305 1597.2330322265625
-64295 1598.239013671875
-64285 1601.39501953125
-64275 1604.5689697265625
-64265 1607.68603515625
-64255 1610.0279541015625
-64245 1613.6090087890625
-64235 1614.595947265625
-64225 1615.8349609375
-64215 1617.5579833984375
-64205 1617.6739501953125
-64195 1618.02197265625
-64185 1620.364013671875
-64175 1624.9129638671875
-64165 1628.532958984375
-64155 1631.4169921875
-64145 1636.197998046875
-64135 1641.0179443359375
-64125 1644.9090576171875
-64115 1644.2320556640625
-64105 1644.154052734375
-64095 1642.5860595703125
-64085 1641.4830322265625
-64075 1642.7989501953125
-64065 1644.541015625
-64055 1647.4639892578125
-64045 1650.251953125
-64035 1652.9420166015625
-64025 1655.20703125
-64015 1657.06494140625
-64005 1657.9560546875
-63995 1658.2850341796875
-63985 1657.8780517578125
-63975 1657.239990234375
-63965 1659.31103515625
-63955 1661.885009765625
-63945 1663.4339599609375
-63935 1665.3699951171875
-63925 1667.905029296875
-63915 1671.2740478515625
-63905 1674.1190185546875
-63895 1675.9580078125
-63885 1679.2679443359375
-63875 1681.8809814453125
-63865 1686.4300537109375
-63855 1690.1080322265625
-63845 1693.1280517578125
-63835 1697.095947265625
-63825 1701.0059814453125
-63815 1703.0379638671875
-63805 1699.7860107421875
-63795 1695.8570556640625
-63785 1693.7469482421875
-63775 1699.72802734375
-63765 1705.613037109375
-63755 1710.7230224609375
-63745 1716.7430419921875
-63735 1720.75
-63725 1725.91796875
-63715 1729.8480224609375
-63705 1735.4620361328125
-63695 1740.68798828125
-63685 1746.321044921875
-63675 1751.0250244140625
-63665 1756.987060546875
-63655 1765.7550048828125
-63645 1772.375
-63635 1777.60205078125
-63625 1784.240966796875
-63615 1789.699951171875
-63605 1794.074951171875
-63595 1798.468994140625
-63585 1800.7139892578125
-63575 1803.7919921875
-63565 1808.72802734375
-63555 1811.3990478515625
-63545 1813.9539794921875
-63535 1815.6390380859375
-63525 1818.1939697265625
-63515 1820.18701171875
-63505 1823.574951171875
-63495 1826.6910400390625
-63485 1830.2919921875
-63475 1833.7760009765625
-63465 1834.2020263671875
-63455 1833.0989990234375
-63445 1835.5570068359375
-63435 1839.2149658203125
-63425 1843.376953125
-63415 1848.1390380859375
-63405 1853.77197265625
-63395 1859.907958984375
-63385 1865.154052734375
-63375 1868.677001953125
-63365 1871.3680419921875
-63355 1873.613037109375
-63345 1874
-63335 1873.14794921875
-63325 1871.5799560546875
-63315 1870.884033203125
-63305 1870.97998046875
-63295 1871.79296875
-63285 1872.4320068359375
-63275 1867.708984375
-63265 1874.3680419921875
-63255 1875.06494140625
-63245 1876.20703125
-63235 1881.93701171875
-63225 1885.052978515625
-63215 1887.9949951171875
-63205 1895.6800537109375
-63195 1898.970947265625
-63185 1900.5770263671875
-63175 1900.0350341796875
-63165 1900.4420166015625
-63155 1899.802978515625
-63145 1903.1519775390625
-63135 1908.7850341796875
-63125 1913.5469970703125
-63115 1919.1409912109375
-63105 1927.3089599609375
-63095 1936.717041015625
-63085 1945.3310546875
-63075 1953.208984375
-63065 1958.9000244140625
-63055 1963.3719482421875
-63045 1966.6240234375
-63035 1968.5589599609375
-63025 1969.5849609375
-63015 1968.365966796875
-63005 1970.2430419921875
-62995 1978.2919921875
-62985 1980.928955078125
-62975 1984.9549560546875
-62965 1986.9639892578125
-62955 1988.342041015625
-62945 1989.8330078125
-62935 1991.7449951171875
-62925 1992.6009521484375
-62915 1994.822998046875
-62905 1994.3389892578125
-62895 1994.47900390625
-62885 1994.7840576171875
-62875 1995.7950439453125
-62865 1996.491943359375
-62855 1996.4339599609375
-62845 1995.635986328125
-62835 1994.633056640625
-62825 1994.1490478515625
-62815 1993.6070556640625
-62805 1993.85498046875
-62795 1994.1259765625
-62785 1994.43994140625
-62775 1994.458984375
-62765 1993.9949951171875
-62755 1993.8399658203125
-62745 1993.93701171875
-62735 1994.9620361328125
-62725 1995.6590576171875
-62715 1996.35205078125
-62705 1996.89404296875
-62695 1997.75
-62685 1998.3310546875
-62675 1998.675048828125
-62665 1999.39501953125
-62655 2000.2469482421875
-62645 2001.114013671875
-62635 2001.737060546875
-62625 2002.64697265625
-62615 2003.39794921875
-62605 2004.196044921875
-62595 2004.873046875
-62585 2005.280029296875
-62575 2007.3470458984375
-62565 2008.7020263671875
-62555 2008.60498046875
-62545 2008.2989501953125
-62535 2011.4930419921875
-62525 2014.97802734375
-62515 2019.2900390625
-62505 2022.8470458984375
-62495 2024.635009765625
-62485 2030.3170166015625
-62475 2036.2969970703125
-62465 2041.9189453125
-62455 2047.4820556640625
-62445 2052.947021484375
-62435 2058.47998046875
-62425 2063.052001953125
-62415 2066.6220703125
-62405 2070.85595703125
-62395 2074.762939453125
-62385 2078.85888671875
-62375 2083.19189453125
-62365 2089.55908203125
-62355 2098.43408203125
-62345 2112.376953125
-62335 2120.280029296875
-62325 2128.48095703125
-62315 2136.87109375
-62305 2146.153076171875
-62295 2152.19189453125
-62285 2156.822998046875
-62275 2160.31298828125
-62265 2164.368896484375
-62255 2168.741943359375
-62245 2172.2919921875
-62235 2175.6640625
-62225 2178.053955078125
-62215 2179.91796875
-62205 2181.43603515625
-62195 2182.98291015625
-62185 2184.81689453125
-62175 2186.294921875
-62165 2187.22705078125
-62155 2188.30810546875
-62145 2187.47509765625
-62135 2186.22509765625
-62125 2185.739990234375
-62115 2189.3291015625
-62105 2193.3359375
-62095 2197.40087890625
-62085 2199.64306640625
-62075 2201.823974609375
-62065 2203.033935546875
-62055 2203.778076171875
-62045 2206.049072265625
-62035 2208.7060546875
-62025 2209.361083984375
-62015 2212.64306640625
-62005 2215.152099609375
-61995 2219.3759765625
-61985 2224.008056640625
-61975 2228.638916015625
-61965 2233.716064453125
-61955 2240.1220703125
-61945 2246.19091796875
-61935 2252.219970703125
-61925 2259.8359375
-61915 2266.410888671875
-61905 2272.7080078125
-61895 2277.97412109375
-61885 2281.048095703125
-61875 2283.279052734375
-61865 2286.998046875
-61855 2290.4189453125
-61845 2294.217041015625
-61835 2299.303955078125
-61825 2306.5830078125
-61815 2314.695068359375
-61805 2323.827880859375
-61795 2327.666015625
-61785 2329.718017578125
-61775 2333.85400390625
-61765 2339.506103515625
-61755 2346.259033203125
-61745 2351.385986328125
-61735 2356.77099609375
-61725 2363.236083984375
-61715 2370.287109375
-61705 2376.197998046875
-61695 2382.068115234375
-61685 2387.81005859375
-61675 2392.846923828125
-61665 2399.968017578125
-61655 2406.27392578125
-61645 2414.0390625
-61635 2421.49609375
-61625 2428.47802734375
-61615 2434.02099609375
-61605 2437.8291015625
-61595 2441.76611328125
-61585 2446.486083984375
-61575 2454.032958984375
-61565 2461.321044921875
-61555 2468.1240234375
-61545 2473.787109375
-61535 2479.955078125
-61525 2486.47998046875
-61515 2489.761962890625
-61505 2495.136962890625
-61495 2501.14599609375
-61485 2505.3310546875
-61475 2510.0810546875
-61465 2514.741943359375
-61455 2521.3759765625
-61445 2525.6298828125
-61435 2529.794921875
-61425 2535.676025390625
-61415 2541.7451171875
-61405 2547.02099609375
-61395 2552.930908203125
-61385 2558.39501953125
-61375 2562.56005859375
-61365 2568.697998046875
-61355 2574.7470703125
-61345 2579.4970703125
-61335 2581.60009765625
-61325 2584.634033203125
-61315 2590.1279296875
-61305 2594.2041015625
-61295 2596.653076171875
-61285 2600.262939453125
-61275 2605.72705078125
-61265 2611.697021484375
-61255 2616.8330078125
-61245 2621.344970703125
-61235 2627.4541015625
-61225 2633.18603515625
-61215 2640.513916015625
-61205 2649.756103515625
-61195 2655.93408203125
-61185 2657.6298828125
-61175 2659.18701171875
-61165 2659.623046875
-61155 2652.93896484375
-61145 2645.363037109375
-61135 2636.964111328125
-61125 2629.555908203125
-61115 2621.9599609375
-61105 2619.302001953125
-61095 2616.0400390625
-61085 2612.926025390625
-61075 2612.033935546875
-61065 2611.280029296875
-61055 2596.48388671875
-61045 2582.383056640625
-61035 2582.135009765625
-61025 2582.243896484375
-61015 2581.48095703125
-61005 2581.430908203125
-60995 2581.39111328125
-60985 2580.3701171875
-60975 2578.4560546875
-60965 2577.26611328125
-60955 2577.24609375
-60945 2580.152099609375
-60935 2580.7470703125
-60925 2580.906005859375
-60915 2582.968017578125
-60905 2585.487060546875
-60895 2589.592041015625
-60885 2591.110107421875
-60875 2592.300048828125
-60865 2594.134033203125
-60855 2593.59912109375
-60845 2596.344970703125
-60835 2600.322021484375
-60825 2599.926025390625
-60815 2604.575927734375
-60805 2610.635009765625
-60795 2612.469970703125
-60785 2620.988037109375
-60775 2624.012939453125
-60765 2627.076904296875
-60755 2627.8310546875
-60745 2630.81591796875
-60735 2631.778076171875
-60725 2632.541015625
-60715 2633.820068359375
-60705 2635.873046875
-60695 2633.9189453125
-60685 2630.51806640625
-60675 2633.333984375
-60665 2636.43798828125
-60655 2640.910888671875
-60645 2646.77099609375
-60635 2648.943115234375
-60625 2656.389892578125
-60615 2656.885986328125
-60605 2658.095947265625
-60595 2656.9560546875
-60585 2656.806884765625
-60575 2652.948974609375
-60565 2650.00390625
-60555 2649.4189453125
-60545 2649.112060546875
-60535 2650.241943359375
-60525 2650.778076171875
-60515 2651.659912109375
-60505 2652.48291015625
-60495 2652.1259765625
-60485 2646.87109375
-60475 2647.574951171875
-60465 2648.43798828125
-60455 2647.35595703125
-60445 2648.962890625
-60435 2649.260009765625
-60425 2649.885009765625
-60415 2649.805908203125
-60405 2649.388916015625
-60395 2649.19091796875
-60385 2649.43896484375
-60375 2645.18505859375
-60365 2644.073974609375
-60355 2641.75390625
-60345 2640.593017578125
-60335 2632.35302734375
-60325 2629.635009765625
-60315 2627.01806640625
-60305 2625.798095703125
-60295 2629.923095703125
-60285 2631.59912109375
-60275 2632.887939453125
-60265 2632.18408203125
-60255 2633.1259765625
-60245 2626.423095703125
-60235 2614.5029296875
-60225 2609.68310546875
-60215 2605.845947265625
-60205 2604.547119140625
-60195 2602.52392578125
-60185 2597.56494140625
-60175 2594.194091796875
-60165 2591.45703125
-60155 2589.7109375
-60145 2589.196044921875
-60135 2588.62109375
-60125 2587.4599609375
-60115 2587.797119140625
-60105 2590.822021484375
-60095 2588.93798828125
-60085 2587.033935546875
-60075 2591.278076171875
-60065 2592.864990234375
-60055 2588.322998046875
-60045 2586.0029296875
-60035 2583.284912109375
-60025 2576.572021484375
-60015 2572.466064453125
-60005 2569.259033203125
-59995 2566.7509765625
-59985 2565.820068359375
-59975 2565.222900390625
-59965 2567.85400390625
-59955 2575.01806640625
-59945 2581.97705078125
-59935 2588.64599609375
-59925 2590.64501953125
-59915 2587.424072265625
-59905 2586.076904296875
-59895 2584.93505859375
-59885 2583.75390625
-59875 2582.625
-59865 2581.430908203125
-59855 2580.366943359375
-59845 2580.700927734375
-59835 2581.5869140625
-59825 2583.156982421875
-59815 2585.3369140625
-59805 2587.993896484375
-59795 2591.1640625
-59785 2594.573974609375
-59775 2598.261962890625
-59765 2601.72705078125
-59755 2609.4609375
-59745 2614.365966796875
-59735 2618.51904296875
-59725 2624.64404296875
-59715 2628.72900390625
-59705 2633.131103515625
-59695 2637.9189453125
-59685 2642.383056640625
-59675 2646.52294921875
-59665 2651.052001953125
-59655 2655.77490234375
-59645 2660.655029296875
-59635 2668.5830078125
-59625 2671.51611328125
-59615 2676.4599609375
-59605 2681.4951171875
-59595 2685.635009765625
-59585 2689.385009765625
-59575 2692.759033203125
-59565 2695.885986328125
-59555 2699.027099609375
-59545 2702.322998046875
-59535 2705.256103515625
-59525 2710.0439453125
-59515 2712.794921875
-59505 2715.235107421875
-59495 2719.3349609375
-59485 2719.60791015625
-59475 2723.3330078125
-59465 2728.431884765625
-59455 2732.156005859375
-59445 2736.68603515625
-59435 2739.904052734375
-59425 2743.330078125
-59415 2747.014892578125
-59405 2749.389892578125
-59395 2753.529052734375
-59385 2757.0458984375
-59375 2755.3330078125
-59365 2749.987060546875
-59355 2735.2060546875
-59345 2736.218017578125
-59335 2735.154052734375
-59325 2731.844970703125
-59315 2730.845947265625
-59305 2731.701904296875
-59295 2730.27490234375
-59285 2725.784912109375
-59275 2723.98095703125
-59265 2722.68408203125
-59255 2721.0869140625
-59245 2723.824951171875
-59235 2729.0029296875
-59225 2734.85595703125
-59215 2740.968017578125
-59205 2744.93896484375
-59195 2749.0390625
-59185 2753.464111328125
-59175 2756.748046875
-59165 2762.262939453125
-59155 2770.99609375
-59145 2780.3779296875
-59135 2789.409912109375
-59125 2794.094970703125
-59115 2801.62109375
-59105 2802.39990234375
-59095 2791.3310546875
-59085 2782.72705078125
-59075 2764.68896484375
-59065 2748.052978515625
-59055 2736.841064453125
-59045 2726.7451171875
-59035 2717.89501953125
-59025 2709.875
-59015 2705.7099609375
-59005 2698.364990234375
-58995 2692.992919921875
-58985 2687.010009765625
-58975 2681.885009765625
-58965 2679.01708984375
-58955 2675.47412109375
-58945 2670.802001953125
-58935 2664.39208984375
-58925 2659.73291015625
-58915 2653.3330078125
-58905 2647.341064453125
-58895 2641.305908203125
-58885 2636.81591796875
-58875 2632.635009765625
-58865 2629.535888671875
-58855 2627.006103515625
-58845 2624.302978515625
-58835 2620.738037109375
-58825 2617.35107421875
-58815 2613.052001953125
-58805 2609.094970703125
-58795 2604.530029296875
-58785 2601.64892578125
-58775 2595.7548828125
-58765 2588.47509765625
-58755 2582.947021484375
-58745 2578.0439453125
-58735 2572.5419921875
-58725 2565.6650390625
-58715 2558.513916015625
-58705 2552.402099609375
-58695 2549.132080078125
-58685 2545.70703125
-58675 2542.26806640625
-58665 2538.824951171875
-58655 2535.02294921875
-58645 2531.781982421875
-58635 2528.35595703125
-58625 2525.239013671875
-58615 2521.943115234375
-58605 2518.248046875
-58595 2515.337890625
-58585 2511.821044921875
-58575 2509.056884765625
-58565 2505.29296875
-58555 2501.52099609375
-58545 2496.7548828125
-58535 2490.969970703125
-58525 2483.5439453125
-58515 2476.797119140625
-58505 2470.373046875
-58495 2463.511962890625
-58485 2457.5390625
-58475 2452.02392578125
-58465 2447.4951171875
-58455 2441.967041015625
-58445 2435.867919921875
-58435 2430.014892578125
-58425 2425.3310546875
-58415 2420.218017578125
-58405 2416.389892578125
-58395 2415.79296875
-58385 2415.27392578125
-58375 2414.093017578125
-58365 2413.6259765625
-58355 2412.794921875
-58345 2411.861083984375
-58335 2410.951904296875
-58325 2409.66796875
-58315 2409.551025390625
-58305 2409.927001953125
-58295 2412.885986328125
-58285 2414.157958984375
-58275 2416.23388671875
-58265 2417.972900390625
-58255 2421.489990234375
-58245 2424.343994140625
-58235 2424.992919921875
-58225 2427.22509765625
-58215 2431.844970703125
-58205 2437.593994140625
-58195 2440.993896484375
-58185 2444.678955078125
-58175 2448.156982421875
-58165 2450.803955078125
-58155 2454.840087890625
-58145 2459.070068359375
-58135 2463.547119140625
-58125 2467.924072265625
-58115 2473.64306640625
-58105 2476.56298828125
-58095 2477.510009765625
-58085 2479.39208984375
-58075 2485.802001953125
-58065 2487.501953125
-58055 2489.60498046875
-58045 2490.681884765625
-58035 2491.95703125
-58025 2493.93896484375
-58015 2495.949951171875
-58005 2500.452880859375
-57995 2506.280029296875
-57985 2513.862060546875
-57975 2518.884033203125
-57965 2523.385986328125
-57955 2526.926025390625
-57945 2529.471923828125
-57935 2532.365966796875
-57925 2535.931884765625
-57915 2538.386962890625
-57905 2540.5380859375
-57895 2539.5810546875
-57885 2540.39599609375
-57875 2540.70703125
-57865 2539.201904296875
-57855 2540.383056640625
-57845 2540.2529296875
-57835 2540.1650390625
-57825 2543.447998046875
-57815 2543.277099609375
-57805 2539.1630859375
-57795 2534.426025390625
-57785 2531.493896484375
-57775 2525.174072265625
-57765 2520.10009765625
-57755 2518.196044921875
-57745 2516.12890625
-57735 2511.0419921875
-57725 2509.22607421875
-57715 2507.73291015625
-57705 2504.64501953125
-57695 2504.2041015625
-57685 2505.448974609375
-57675 2507.2529296875
-57665 2515.4580078125
-57655 2517.89404296875
-57645 2519.427978515625
-57635 2521.47607421875
-57625 2522.85400390625
-57615 2525.541015625
-57605 2531.883056640625
-57595 2533.751953125
-57585 2536.739990234375
-57575 2538.40087890625
-57565 2534.5458984375
-57555 2537.89501953125
-57545 2540.073974609375
-57535 2544.615966796875
-57525 2549.06689453125
-57515 2552.922119140625
-57505 2557.346923828125
-57495 2559.802978515625
-57485 2564.06591796875
-57475 2568.574951171875
-57465 2573.424072265625
-57455 2577.087890625
-57445 2582.0869140625
-57435 2587.263916015625
-57425 2593.242919921875
-57415 2597.451904296875
-57405 2598.31103515625
-57395 2599.319091796875
-57385 2599.181884765625
-57375 2598.052001953125
-57365 2596.863037109375
-57355 2597.166015625
-57345 2599.537109375
-57335 2602.125
-57325 2606.5791015625
-57315 2615.14697265625
-57305 2617.6669921875
-57295 2619.532958984375
-57285 2622.666015625
-57275 2623.427978515625
-57265 2623.006103515625
-57255 2622.570068359375
-57245 2626.138916015625
-57235 2623.946044921875
-57225 2625.363037109375
-57215 2627.47412109375
-57205 2629.55810546875
-57195 2635.756103515625
-57185 2642.2939453125
-57175 2646.993896484375
-57165 2647.498046875
-57155 2651.35302734375
-57145 2654.512939453125
-57135 2653.5048828125
-57125 2655.751953125
-57115 2657.658935546875
-57105 2673.364990234375
-57095 2682.885986328125
-57085 2691.114013671875
-57075 2697.43408203125
-57065 2703.60400390625
-57055 2704.299072265625
-57045 2708.64501953125
-57035 2718.751953125
-57025 2723.096923828125
-57015 2730.492919921875
-57005 2735.64208984375
-56995 2740.9951171875
-56985 2745.205078125
-56975 2750.325927734375
-56965 2754.31689453125
-56955 2759.615966796875
-56945 2764.343017578125
-56935 2770.81298828125
-56925 2777.677978515625
-56915 2777.297119140625
-56905 2777.81396484375
-56895 2780.10302734375
-56885 2783.072021484375
-56875 2788.72509765625
-56865 2792.034912109375
-56855 2797.782958984375
-56845 2803.927001953125
-56835 2810.52001953125
-56825 2817.697998046875
-56815 2824.985107421875
-56805 2831.89208984375
-56795 2838.48388671875
-56785 2844.31396484375
-56775 2849.027099609375
-56765 2853.0859375
-56755 2857.30908203125
-56745 2859.530029296875
-56735 2862.93505859375
-56725 2866.2451171875
-56715 2869.718017578125
-56705 2873.095947265625
-56695 2876.201904296875
-56685 2878.927001953125
-56675 2881.297119140625
-56665 2883.51708984375
-56655 2885.696044921875
-56645 2887.80810546875
-56635 2889.864990234375
-56625 2891.8798828125
-56615 2893.991943359375
-56605 2896.375
-56595 2898.826904296875
-56585 2901.660888671875
-56575 2904.64404296875
-56565 2907.613037109375
-56555 2910.65087890625
-56545 2913.988037109375
-56535 2917.43408203125
-56525 2921.0849609375
-56515 2924.81689453125
-56505 2928.75390625
-56495 2932.881103515625
-56485 2936.9541015625
-56475 2940.68603515625
-56465 2944.051025390625
-56455 2946.625
-56445 2948.5869140625
-56435 2950.426025390625
-56425 2952.18310546875
-56415 2953.952880859375
-56405 2956.06494140625
-56395 2961.3359375
-56385 2959.701904296875
-56375 2954.702880859375
-56365 2943.90087890625
-56355 2952.073974609375
-56345 2953.51806640625
-56335 2954.075927734375
-56325 2954.075927734375
-56315 2954.008056640625
-56305 2953.654052734375
-56295 2953.341064453125
-56285 2953.285888671875
-56275 2952.931884765625
-56265 2952.2509765625
-56255 2950.235107421875
-56245 2947.14306640625
-56235 2943.8740234375
-56225 2940.4951171875
-56215 2937.4169921875
-56205 2934.666015625
-56195 2932.14599609375
-56185 2929.966064453125
-56175 2928.0859375
-56165 2926.47900390625
-56155 2925.2939453125
-56145 2924.285888671875
-56135 2923.60498046875
-56125 2923.0458984375
-56115 2922.637939453125
-56105 2922.160888671875
-56095 2921.7109375
-56085 2921.2080078125
-56075 2920.4990234375
-56065 2919.614013671875
-56055 2918.48291015625
-56045 2917.365966796875
-56035 2916.0859375
-56025 2914.51904296875
-56015 2912.43505859375
-56005 2910.052001953125
-55995 2907.382080078125
-55985 2904.60302734375
-55975 2901.85107421875
-55965 2898.89599609375
-55955 2896.26708984375
-55945 2892.6298828125
-55935 2890.136962890625
-55925 2887.72607421875
-55915 2885.409912109375
-55905 2883.094970703125
-55895 2880.72412109375
-55885 2878.382080078125
-55875 2876.02490234375
-55865 2873.778076171875
-55855 2871.51611328125
-55845 2869.077880859375
-55835 2866.5439453125
-55825 2863.739013671875
-55815 2860.946044921875
-55805 2857.6630859375
-55795 2854.39404296875
-55785 2850.865966796875
-55775 2847.37890625
-55765 2844.136962890625
-55755 2840.554931640625
-55745 2836.0048828125
-55735 2833.239990234375
-55725 2829.888916015625
-55715 2826.56494140625
-55705 2823.513916015625
-55695 2820.462890625
-55685 2817.220947265625
-55675 2814.3740234375
-55665 2811.118896484375
-55655 2807.781005859375
-55645 2804.22607421875
-55635 2800.616943359375
-55625 2797.18408203125
-55615 2793.178955078125
-55605 2789.215087890625
-55595 2784.70703125
-55585 2783.385009765625
-55575 2780.56591796875
-55565 2777.174072265625
-55555 2773.7958984375
-55545 2771.343994140625
-55535 2768.797119140625
-55525 2767.93896484375
-55515 2765.4189453125
-55505 2762.967041015625
-55495 2755.011962890625
-55485 2749.739990234375
-55475 2744.1279296875
-55465 2739.4970703125
-55455 2736.882080078125
-55445 2735.070068359375
-55435 2733.81689453125
-55425 2731.323974609375
-55415 2729.593994140625
-55405 2727.864013671875
-55395 2725.534912109375
-55385 2724.5
