-74295 2703.323974609375
-74285 2707.72705078125
-74275 2712.112060546875
-74265 2716.77490234375
-74255 2721.9580078125
-74245 2725.217041015625
-74235 2728.736083984375
-74225 2733.29296875
-74215 2736.84912109375
-74205 2740.090087890625
-74195 2744.300048828125
-74185 2748.56494140625
-74175 2751.75390625
-74165 2755.5849609375
-74155 2759.242919921875
-74145 2763.159912109375
-74135 2766.55810546875
-74125 2770.68310546875
-74115 2774.201904296875
-74105 2778.60498046875
-74095 2781.656005859375
-74085 2786.23193359375
-74075 2791.60400390625
-74065 2796.43994140625
-74055 2801.10400390625
-74045 2807.845947265625
-74035 2813.030029296875
-74025 2816.635009765625
-74015 2821.4189453125
-74005 2826.948974609375
-73995 2830.93603515625
-73985 2835.68603515625
-73975 2840.193115234375
-73965 2845.115966796875
-73955 2849.467041015625
-73945 2854.006103515625
-73935 2858.39404296875
-73925 2862.674072265625
-73915 2866.7119140625
-73905 2871.114990234375
-73895 2875.587890625
-73885 2880.094970703125
-73875 2884.27197265625
-73865 2889.8369140625
-73855 2895.64404296875
-73845 2909.075927734375
-73835 2915.385986328125
-73825 2921.123046875
-73815 2927.6240234375
-73805 2931.715087890625
-73795 2936.221923828125
-73785 2941.282958984375
-73775 2947.489013671875
-73765 2954.85400390625
-73755 2966.572021484375
-73745 2979.139892578125
-73735 2986.611083984375
-73725 2995.10498046875
-73715 3002.31396484375
-73705 2993.320068359375
-73695 2976.053955078125
-73685 2969.069091796875
-73675 2964.8740234375
-73665 2960.212890625
-73655 2957.2490234375
-73645 2954.423095703125
-73635 2952.06494140625
-73625 2949.1708984375
-73615 2946.447021484375
-73605 2943.069091796875
-73595 2940.31298828125
-73585 2937.9208984375
-73575 2934.85205078125
-73565 2932.962890625
-73555 2930.39697265625
-73545 2928.10888671875
-73535 2925.803955078125
-73525 2925.006103515625
-73515 2923.948974609375
-73505 2921.64306640625
-73495 2920.4990234375
-73485 2920.291015625
-73475 2917.69091796875
-73465 2914.8310546875
-73455 2913.720947265625
-73445 2912.576904296875
-73435 2912.126953125
-73425 2909.76904296875
-73415 2907.5849609375
-73405 2906.14599609375
-73395 2904.89794921875
-73385 2904.3779296875
-73375 2903.9990234375
-73365 2902.506103515625
-73355 2899.839111328125
-73345 2896.736083984375
-73335 2892.97412109375
-73325 2891.136962890625
-73315 2890.166015625
-73305 2889.212890625
-73295 2886.837890625
-73285 2885.5029296875
-73275 2886.3349609375
-73265 2885.866943359375
-73255 2882.468994140625
-73245 2879.488037109375
-73235 2875.81298828125
-73225 2872.969970703125
-73215 2869.64208984375
-73205 2865.9150390625
-73195 2864.9619140625
-73185 2862.830078125
-73175 2859.779052734375
-73165 2858.758056640625
-73155 2856.18994140625
-73145 2854.05810546875
-73135 2852.77490234375
-73125 2849.863037109375
-73115 2848.510986328125
-73105 2849.031005859375
-73095 2849.18701171875
-73085 2848.18408203125
-73075 2847.074951171875
-73065 2845.097900390625
-73055 2845.219970703125
-73045 2846.37890625
-73035 2852.742919921875
-73025 2853.678955078125
-73015 2854.23193359375
-73005 2856.2080078125
-72995 2856.052001953125
-72985 2856.93798828125
-72975 2856.241943359375
-72965 2853.262939453125
-72955 2852.39404296875
-72945 2850.799072265625
-72935 2850.053955078125
-72925 2849.27392578125
-72915 2851.14599609375
-72905 2851.027099609375
-72895 2851.510009765625
-72885 2853.262939453125
-72875 2852.09912109375
-72865 2849.343017578125
-72855 2847.886962890625
-72845 2845.705078125
-72835 2841.06005859375
-72825 2836.986083984375
-72815 2833.241943359375
-72805 2830.364013671875
-72795 2827.659912109375
-72785 2824.712890625
-72775 2821.626953125
-72765 2819.408935546875
-72755 2817.20703125
-72745 2816.322998046875
-72735 2815.006103515625
-72725 2811.799072265625
-72715 2805.367919921875
-72705 2802.385986328125
-72695 2797.531982421875
-72685 2794.152099609375
-72675 2790.303955078125
-72665 2786.388916015625
-72655 2782.24609375
-72645 2778.29296875
-72635 2774.653076171875
-72625 2773.3359375
-72615 2774.705078125
-72605 2771.412109375
-72595 2768.117919921875
-72585 2764.806884765625
-72575 2757.3359375
-72565 2752.363037109375
-72555 2745.010986328125
-72545 2740.260986328125
-72535 2734.52587890625
-72525 2728.908935546875
-72515 2721.472900390625
-72505 2718.365966796875
-72495 2716.5830078125
-72485 2711.343994140625
-72475 2706.530029296875
-72465 2700.160888671875
-72455 2700.512939453125
-72445 2698.14990234375
-72435 2693.218994140625
-72425 2688.126953125
-72415 2684.428955078125
-72405 2677.4140625
-72395 2670.1640625
-72385 2665.74609375
-72375 2661.256103515625
-72365 2658.114990234375
-72355 2653.139892578125
-72345 2649.35400390625
-72335 2645.302978515625
-72325 2644.201904296875
-72315 2640.135009765625
-72305 2635.5
-72295 2630.597900390625
-72285 2627.35498046875
-72275 2619.89697265625
-72265 2602.126953125
-72255 2597.929931640625
-72245 2598.6640625
-72235 2599.1630859375
-72225 2599.10400390625
-72215 2597.782958984375
-72205 2594.114013671875
-72195 2591.89794921875
-72185 2589.97607421875
-72175 2588.7109375
-72165 2590.592041015625
-72155 2589.532958984375
-72145 2588.096923828125
-72135 2585.073974609375
-72125 2581.43408203125
-72115 2579.02490234375
-72105 2576.001953125
-72095 2571.762939453125
-72085 2568.240966796875
-72075 2563.427001953125
-72065 2556.383056640625
-72055 2549.48291015625
-72045 2537.741943359375
-72035 2526.617919921875
-72025 2516.110107421875
-72015 2510.47705078125
-72005 2508.712890625
-71995 2507.85009765625
-71985 2508.02392578125
-71975 2508.302001953125
-71965 2509.080078125
-71955 2508.81591796875
-71945 2508.114013671875
-71935 2507.52490234375
-71925 2507.422119140625
-71915 2509.094970703125
-71905 2505.76611328125
-71895 2505.719970703125
-71885 2506.5419921875
-71875 2506.719970703125
-71865 2506.012939453125
-71855 2505.10302734375
-71845 2502.946044921875
-71835 2500.791015625
-71825 2498.10302734375
-71815 2496.239013671875
-71805 2495.47607421875
-71795 2493.303955078125
-71785 2491.237060546875
-71775 2488.4609375
-71765 2484.8359375
-71755 2482.297119140625
-71745 2480.947021484375
-71735 2480.4189453125
-71725 2479.18603515625
-71715 2477.322021484375
-71705 2475.222900390625
-71695 2473.138916015625
-71685 2471.467041015625
-71675 2472.112060546875
-71665 2474.0048828125
-71655 2476.75
-71645 2480.462890625
-71635 2483.35400390625
-71625 2483.633056640625
-71615 2482.472900390625
-71605 2481.97412109375
-71595 2482.2529296875
-71585 2482.751953125
-71575 2482.10595703125
-71565 2482.22607421875
-71555 2482.048095703125
-71545 2481.4609375
-71535 2480.77099609375
-71525 2480.052001953125
-71515 2479.14208984375
-71505 2478.570068359375
-71495 2478.863037109375
-71485 2477.614990234375
-71475 2476.676025390625
-71465 2474.72412109375
-71455 2469.705078125
-71445 2466.2119140625
-71435 2462.968994140625
-71425 2458.5810546875
-71415 2457.97900390625
-71405 2460.85595703125
-71395 2460.47412109375
-71385 2455.030029296875
-71375 2453.60595703125
-71365 2444.404052734375
-71355 2443.465087890625
-71345 2434.73291015625
-71335 2427.2919921875
-71325 2423.506103515625
-71315 2421.09912109375
-71305 2419.572998046875
-71295 2417.429931640625
-71285 2416.56396484375
-71275 2404.764892578125
-71265 2400.010009765625
-71255 2396.385009765625
-71245 2394.02197265625
-71235 2395.5048828125
-71225 2391.39599609375
-71215 2384.262939453125
-71205 2376.705078125
-71195 2369.8369140625
-71185 2363.277099609375
-71175 2358.830078125
-71165 2351.344970703125
-71155 2345.02001953125
-71145 2342.700927734375
-71135 2337.81396484375
-71125 2335.5400390625
-71115 2333.2060546875
-71105 2332.1640625
-71095 2330.97607421875
-71085 2327.2041015625
-71075 2320.967041015625
-71065 2312.54296875
-71055 2308.06689453125
-71045 2305.85107421875
-71035 2304.94091796875
-71025 2305.39599609375
-71015 2306.3349609375
-71005 2307.493896484375
-70995 2308.9619140625
-70985 2310.85498046875
-70975 2310.4150390625
-70965 2310.8701171875
-70955 2310.635009765625
-70945 2311.427001953125
-70935 2311.294921875
-70925 2312.48388671875
-70915 2310.943115234375
-70905 2309.783935546875
-70895 2309.945068359375
-70885 2310.85498046875
-70875 2309.90087890625
-70865 2309.916015625
-70855 2311.45703125
-70845 2311.589111328125
-70835 2312.43994140625
-70825 2314.7880859375
-70815 2317.25390625
-70805 2318.324951171875
-70795 2319.762939453125
-70785 2321.568115234375
-70775 2323.623046875
-70765 2325.89794921875
-70755 2328.5830078125
-70745 2330.285888671875
-70735 2333.2060546875
-70725 2337.285888671875
-70715 2340.735107421875
-70705 2347.677001953125
-70695 2354.486083984375
-70685 2359.696044921875
-70675 2363.321044921875
-70665 2366.06494140625
-70655 2368.384033203125
-70645 2369.73388671875
-70635 2370.174072265625
-70625 2370.64404296875
-70615 2373.31494140625
-70605 2374.76806640625
-70595 2375.883056640625
-70585 2375.76611328125
-70575 2374.416015625
-70565 2372.492919921875
-70555 2387.037109375
-70545 2388.0048828125
-70535 2386.81689453125
-70525 2386.243896484375
-70515 2388.31396484375
-70505 2387.60888671875
-70495 2389.31201171875
-70485 2395.31396484375
-70475 2401.155029296875
-70465 2402.593017578125
-70455 2407.1279296875
-70445 2409.31494140625
-70435 2409.946044921875
-70425 2409.1240234375
-70415 2410.51806640625
-70405 2411.70703125
-70395 2412.718994140625
-70385 2415.258056640625
-70375 2417.25390625
-70365 2418.2958984375
-70355 2414.27490234375
-70345 2411.35400390625
-70335 2409.56396484375
-70325 2410.56201171875
-70315 2412.455078125
-70305 2415.52197265625
-70295 2416.47607421875
-70285 2416.8291015625
-70275 2415.9189453125
-70265 2415.096923828125
-70255 2416.285888671875
-70245 2417.85595703125
-70235 2419.030029296875
-70225 2419.44091796875
-70215 2420.18896484375
-70205 2420.364990234375
-70195 2421.217041015625
-70185 2421.569091796875
-70175 2418.883056640625
-70165 2418.574951171875
-70155 2416.18310546875
-70145 2414.93603515625
-70135 2416.343994140625
-70125 2414.876953125
-70115 2415.27294921875
-70105 2415.860107421875
-70095 2415.757080078125
-70085 2413.804931640625
-70075 2415.405029296875
-70065 2415.43408203125
-70055 2414.93603515625
-70045 2415.14111328125
-70035 2414.1279296875
-70025 2412.132080078125
-70015 2411.193115234375
-70005 2407.802978515625
-69995 2406.35498046875
-69985 2404.739013671875
-69975 2398.56103515625
-69965 2395.04296875
-69955 2391.946044921875
-69945 2389.572021484375
-69935 2390.0439453125
-69925 2389.218994140625
-69915 2388.125
-69905 2388.343994140625
-69895 2385.903076171875
-69885 2380.885986328125
-69875 2377.552978515625
-69865 2374.675048828125
-69855 2369.507080078125
-69845 2367.806884765625
-69835 2357.26904296875
-69825 2351.39404296875
-69815 2347.068115234375
-69805 2343.68505859375
-69795 2340.62109375
-69785 2337.69189453125
-69775 2335.049072265625
-69765 2331.02587890625
-69755 2330.35302734375
-69745 2326.429931640625
-69735 2326.464111328125
-69725 2326.3798828125
-69715 2324.64599609375
-69705 2325.083984375
-69695 2322.72705078125
-69685 2322.12109375
-69675 2321.093994140625
-69665 2319.29296875
-69655 2318.7880859375
-69645 2318.653076171875
-69635 2318.097900390625
-69625 2314.83203125
-69615 2313.7548828125
-69605 2314.22607421875
-69595 2311.784912109375
-69585 2309.412109375
-69575 2309.22705078125
-69565 2310.674072265625
-69555 2310.387939453125
-69545 2311.31396484375
-69535 2311.885986328125
-69525 2312.660888671875
-69515 2313.51904296875
-69505 2315.43798828125
-69495 2318.738037109375
-69485 2318.013916015625
-69475 2315.572998046875
-69465 2314.865966796875
-69455 2313.97412109375
-69445 2313.31689453125
-69435 2315.201904296875
-69425 2316.633056640625
-69415 2317.256103515625
-69405 2317.659912109375
-69395 2318.35009765625
-69385 2319.02392578125
-69375 2319.798095703125
-69365 2319.613037109375
-69355 2319.056884765625
-69345 2318.60302734375
-69335 2316.06103515625
-69325 2318.839111328125
-69315 2321.717041015625
-69305 2325.589111328125
-69295 2324.259033203125
-69285 2324.594970703125
-69275 2322.6259765625
-69265 2323.39990234375
-69255 2320.926025390625
-69245 2322.256103515625
-69235 2329.072998046875
-69225 2332.760009765625
-69215 2333.9208984375
-69205 2333.113037109375
-69195 2332.742919921875
-69185 2333.113037109375
-69175 2334.156982421875
-69165 2339.964111328125
-69155 2335.68896484375
-69145 2332.035888671875
-69135 2335.50390625
-69125 2339.443115234375
-69115 2343.06201171875
-69105 2345.636962890625
-69095 2355.60302734375
-69085 2355.31591796875
-69075 2358.279052734375
-69065 2360.197998046875
-69055 2360.1640625
-69045 2356.31005859375
-69035 2355.384033203125
-69025 2363.4970703125
-69015 2365.68603515625
-69005 2370.988037109375
-68995 2374.97802734375
-68985 2378.64697265625
-68975 2382.68798828125
-68965 2385.615966796875
-68955 2387.1650390625
-68945 2388.679931640625
-68935 2390.447998046875
-68925 2393.091064453125
-68915 2395.06005859375
-68905 2396.7939453125
-68895 2393.798095703125
-68885 2393.056884765625
-68875 2404.991943359375
-68865 2407.65087890625
-68855 2408.173095703125
-68845 2400.075927734375
-68835 2398.528076171875
-68825 2399.722900390625
-68815 2401.472900390625
-68805 2407.214111328125
-68795 2409.25
-68785 2411.89306640625
-68775 2414.804931640625
-68765 2422.0439453125
-68755 2426.116943359375
-68745 2425.595947265625
-68735 2428.205078125
-68725 2432.81689453125
-68715 2436.26806640625
-68705 2435.965087890625
-68695 2428.81103515625
-68685 2428.052978515625
-68675 2422.73388671875
-68665 2418.2060546875
-68655 2414.283935546875
-68645 2413.964111328125
-68635 2414.333984375
-68625 2412.56689453125
-68615 2412.364990234375
-68605 2413.7109375
-68595 2417.178955078125
-68585 2421.740966796875
-68575 2420.64697265625
-68565 2423.340087890625
-68555 2430.612060546875
-68545 2437.278076171875
-68535 2444.06201171875
-68525 2449.5830078125
-68515 2455.10400390625
-68505 2461.905029296875
-68495 2470.001953125
-68485 2473.217041015625
-68475 2475.304931640625
-68465 2481.382080078125
-68455 2483.6708984375
-68445 2485.135009765625
-68435 2486.196044921875
-68425 2488.60302734375
-68415 2492.406982421875
-68405 2493.552001953125
-68395 2495.94189453125
-68385 2497.1708984375
-68375 2496.615966796875
-68365 2495.52099609375
-68355 2495.386962890625
-68345 2494.409912109375
-68335 2492.575927734375
-68325 2490.80810546875
-68315 2491.549072265625
-68305 2494.091064453125
-68295 2495.18505859375
-68285 2495.285888671875
-68275 2498.114013671875
-68265 2498.85400390625
-68255 2499.493896484375
-68245 2500.235107421875
-68235 2501.716064453125
-68225 2500.251953125
-68215 2498.215087890625
-68205 2496.48095703125
-68195 2492.071044921875
-68185 2486.73388671875
-68175 2482.52587890625
-68165 2475.89404296875
-68155 2468.050048828125
-68145 2458.623046875
-68135 2451.132080078125
-68125 2444.583984375
-68115 2438.573974609375
-68105 2431.722900390625
-68095 2428.35595703125
-68085 2425.10791015625
-68075 2425.595947265625
-68065 2426.992919921875
-68055 2428.305908203125
-68045 2428.1708984375
-68035 2429.264892578125
-68025 2430.7470703125
-68015 2431.656005859375
-68005 2426.908935546875
-67995 2423.221923828125
-67985 2421.18505859375
-67975 2420.242919921875
-67965 2418.677001953125
-67955 2417.93701171875
-67945 2418.425048828125
-67935 2418.47509765625
-67925 2418.10498046875
-67915 2418.44189453125
-67905 2417.952880859375
-67895 2417.31396484375
-67885 2416.60693359375
-67875 2415.176025390625
-67865 2413.27392578125
-67855 2411.471923828125
-67845 2410.950927734375
-67835 2409.840087890625
-67825 2409.537109375
-67815 2407.48291015625
-67805 2407.095947265625
-67795 2407.56689453125
-67785 2407.68505859375
-67775 2408.576904296875
-67765 2410.243896484375
-67755 2411.64111328125
-67745 2410.193115234375
-67735 2410.631103515625
-67725 2412.2470703125
-67715 2412.903076171875
-67705 2415.361083984375
-67695 2419.048095703125
-67685 2421.875
-67675 2420.697021484375
-67665 2422.162109375
-67655 2421.97705078125
-67645 2420.613037109375
-67635 2418.00390625
-67625 2415.764892578125
-67615 2413.695068359375
-67605 2412.532958984375
-67595 2412.06201171875
-67585 2410.93408203125
-67575 2410.9169921875
-67565 2410.362060546875
-67555 2409.97412109375
-67545 2410.883056640625
-67535 2411.052001953125
-67525 2410.243896484375
-67515 2408.56005859375
-67505 2406.135009765625
-67495 2402.06494140625
-67485 2399.326904296875
-67475 2396.737060546875
-67465 2395.97802734375
-67455 2396.7919921875
-67445 2396.366943359375
-67435 2397.180908203125
-67425 2396.14501953125
-67415 2397.125
-67405 2397.75390625
-67395 2397.902099609375
-67385 2397.75390625
-67375 2397.9951171875
-67365 2398.550048828125
-67355 2398.80908203125
-67345 2396.347900390625
-67335 2396.330078125
-67325 2397.902099609375
-67315 2400.158935546875
-67305 2399.9560546875
-67295 2400.639892578125
-67285 2400.1220703125
-67275 2399.80810546875
-67265 2398.327880859375
-67255 2397.513916015625
-67245 2393.868896484375
-67235 2390.81689453125
-67225 2388.929931640625
-67215 2389.262939453125
-67205 2388.301025390625
-67195 2387.3759765625
-67185 2386.988037109375
-67175 2387.116943359375
-67165 2384.842041015625
-67155 2383.9541015625
-67145 2383.305908203125
-67135 2383.23193359375
-67125 2383.362060546875
-67115 2380.5869140625
-67105 2378.4970703125
-67095 2376.51708984375
-67085 2375.9990234375
-67075 2374.926025390625
-67065 2374.51904296875
-67055 2375.2041015625
-67045 2374.389892578125
-67035 2373.501953125
-67025 2374.797119140625
-67015 2374.833984375
-67005 2373.260986328125
-66995 2371.18896484375
-66985 2372.076904296875
-66975 2371.52197265625
-66965 2369.506103515625
-66955 2370.430908203125
-66945 2369.35791015625
-66935 2371.55908203125
-66925 2375.1298828125
-66915 2377.35009765625
-66905 2379.31103515625
-66895 2380.125
-66885 2381.30810546875
-66875 2381.5859375
-66865 2380.97509765625
-66855 2379.93896484375
-66845 2380.60498046875
-66835 2382.1220703125
-66825 2385.285888671875
-66815 2389.52197265625
-66805 2393.277099609375
-66795 2396.64404296875
-66785 2397.513916015625
-66775 2397.884033203125
-66765 2401.56494140625
-66755 2403.841064453125
-66745 2405.968017578125
-66735 2409.779052734375
-66725 2413.84912109375
-66715 2416.697998046875
-66705 2419.212890625
-66695 2418.805908203125
-66685 2420.0458984375
-66675 2423.116943359375
-66665 2422.54296875
-66655 2425.428955078125
-66645 2427.02001953125
-66635 2428.759033203125
-66625 2429.14697265625
-66615 2428.944091796875
-66605 2427.333984375
-66595 2426.89111328125
-66585 2426.965087890625
-66575 2427.5380859375
-66565 2431.052978515625
-66555 2434.90087890625
-66545 2437.638916015625
-66535 2442.3369140625
-66525 2445.574951171875
-66515 2449.256103515625
-66505 2450.60595703125
-66495 2453.049072265625
-66485 2453.955078125
-66475 2455.0830078125
-66465 2455.361083984375
-66455 2454.73193359375
-66445 2454.10302734375
-66435 2453.548095703125
-66425 2452.56689453125
-66415 2450.052001953125
-66405 2446.666015625
-66395 2442.06005859375
-66385 2438.544921875
-66375 2434.568115234375
-66365 2432.513916015625
-66355 2431.033935546875
-66345 2427.81494140625
-66335 2423.948974609375
-66325 2417.60400390625
-66315 2413.60791015625
-66305 2410.18603515625
-66295 2406.72607421875
-66285 2400.881103515625
-66275 2396.47802734375
-66265 2392.573974609375
-66255 2385.784912109375
-66245 2380.550048828125
-66235 2376.64697265625
-66225 2374.555908203125
-66215 2371.114990234375
-66205 2367.26806640625
-66195 2360.94091796875
-66185 2355.98291015625
-66175 2352.006103515625
-66165 2348.787109375
-66155 2345.0869140625
-66145 2338.260986328125
-66135 2332.989013671875
-66125 2325.1259765625
-66115 2313.6201171875
-66105 2299.948974609375
-66095 2291.327880859375
-66085 2282.39306640625
-66075 2273.883056640625
-66065 2265.743896484375
-66055 2259.837890625
-66045 2251.864990234375
-66035 2242.656982421875
-66025 2229.48095703125
-66015 2215.365966796875
-66005 2203.341064453125
-65995 2196.366943359375
-65985 2190.281005859375
-65975 2188.02392578125
-65965 2187.987060546875
-65955 2187.824951171875
-65945 2188.135009765625
-65935 2188.02392578125
-65925 2188.06103515625
-65915 2188.135009765625
-65905 2188.18994140625
-65895 2188.801025390625
-65885 2194.591064453125
-65875 2196.279052734375
-65865 2193.925048828125
-65855 2192.0009765625
-65845 2189.410888671875
-65835 2187.672119140625
-65825 2186.06298828125
-65815 2185.416015625
-65805 2184.656982421875
-65795 2182.658935546875
-65785 2182.4599609375
-65775 2182.548095703125
-65765 2184.97607421875
-65755 2188.634033203125
-65745 2192.81494140625
-65735 2197.662109375
-65725 2202.361083984375
-65715 2207.300048828125
-65705 2212.719970703125
-65695 2220.1201171875
-65685 2227.574951171875
-65675 2234.383056640625
-65665 2241.43603515625
-65655 2247.781005859375
-65645 2254.6259765625
-65635 2260.39306640625
-65625 2266.2060546875
-65615 2271.94091796875
-65605 2276.843017578125
-65595 2283.072998046875
-65585 2288.9189453125
-65575 2294.2509765625
-65565 2297.9140625
-65555 2300.18896484375
-65545 2300.319091796875
-65535 2301.299072265625
-65525 2300.887939453125
-65515 2298.52001953125
-65505 2296.56298828125
-65495 2292.60498046875
-65485 2288.10498046875
-65475 2279.674072265625
-65465 2256.1240234375
-65455 2242.56396484375
-65445 2230.498046875
-65435 2229.447998046875
-65425 2226.89501953125
-65415 2225.9150390625
-65405 2219.625
-65395 2215.531982421875
-65385 2214.29296875
-65375 2208.248046875
-65365 2204.117919921875
-65355 2201.010009765625
-65345 2198.277099609375
-65335 2195.72412109375
-65325 2192.888916015625
-65315 2190.5029296875
-65305 2187.69091796875
-65295 2185.197998046875
-65285 2184.10205078125
-65275 2184.5830078125
-65265 2184.138916015625
-65255 2184.822998046875
-65245 2184.236083984375
-65235 2185.656005859375
-65225 2185.989013671875
-65215 2188.208984375
-65205 2186.821044921875
-65195 2185.864013671875
-65185 2183.362060546875
-65175 2179.01904296875
-65165 2177.757080078125
-65155 2174.093994140625
-65145 2172.20703125
-65135 2169.635009765625
-65125 2166.97607421875
-65115 2173.964111328125
-65105 2172.947021484375
-65095 2175.18505859375
-65085 2178.181884765625
-65075 2179.77294921875
-65065 2179.846923828125
-65055 2181.1650390625
-65045 2181.60888671875
-65035 2184.5458984375
-65025 2184.471923828125
-65015 2181.239013671875
-65005 2183.805908203125
-64995 2182.60595703125
-64985 2170.81689453125
-64975 2159.904052734375
-64965 2155.781005859375
-64955 2149.56298828125
-64945 2142.8701171875
-64935 2137.0009765625
-64925 2131.85595703125
-64915 2126.31591796875
-64905 2122.193115234375
-64895 2115.324951171875
-64885 2105.662109375
-64875 2098.44091796875
-64865 2091.60791015625
-64855 2086.498046875
-64845 2080.923095703125
-64835 2074.656005859375
-64825 2070.068115234375
-64815 2068.843994140625
-64805 2068.384033203125
-64795 2068.282958984375
-64785 2067.85693359375
-64775 2067.9970703125
-64765 2063.73388671875
-64755 2065.031005859375
-64745 2061.56591796875
-64735 2064.47412109375
-64725 2066.544921875
-64715 2072.23193359375
-64705 2077.613037109375
-64695 2079.89697265625
-64685 2077.554931640625
-64675 2077.787109375
-64665 2079.470947265625
-64655 2082.162109375
-64645 2082.761962890625
-64635 2083.888916015625
-64625 2085.801025390625
-64615 2087.214111328125
-64605 2086.7109375
-64595 2088.43798828125
-64585 2092.7890625
-64575 2095.27099609375
-64565 2091.090087890625
-64555 2087.68310546875
-64545 2086.056884765625
-64535 2082.9169921875
-64525 2080.73388671875
-64515 2078.60009765625
-64505 2076.39794921875
-64495 2075.0419921875
-64485 2074.9609375
-64475 2075.716064453125
-64465 2073.64892578125
-64455 2069.85498046875
-64445 2065.360107421875
-64435 2060.5830078125
-64425 2057.172119140625
-64415 2053.4208984375
-64405 2049.0849609375
-64395 2045.2330322265625
-64385 2041.2650146484375
-64375 2037.718017578125
-64365 2034.4510498046875
-64355 2031.2569580078125
-64345 2030.2850341796875
-64335 2028.89501953125
-64325 2027.385009765625
-64315 2025.677978515625
-64305 2024.676025390625
-64295 2023.239013671875
-64285 2023.2969970703125
-64275 2023.4520263671875
-64265 2023.9940185546875
-64255 2023.5679931640625
-64245 2020.529052734375
-64235 2018.2060546875
-64225 2022.9329833984375
-64215 2025.02001953125
-64205 2026.572998046875
-64195 2027.845947265625
-64185 2029.3409423828125
-64175 2030.927978515625
-64165 2033.6190185546875
-64155 2036.6190185546875
-64145 2040.0989990234375
-64135 2044.322998046875
-64125 2048.697998046875
-64115 2053.2470703125
-64105 2058.570068359375
-64095 2063.215087890625
-64085 2067.300048828125
-64075 2072.3330078125
-64065 2076.31591796875
-64055 2079.239013671875
-64045 2081.39208984375
-64035 2084.257080078125
-64025 2088.282958984375
-64015 2091.125
-64005 2093.5439453125
-63995 2095.4599609375
-63985 2098.287109375
-63975 2101.077880859375
-63965 2104.287109375
-63955 2106.281005859375
-63945 2110.868896484375
-63935 2113.985107421875
-63925 2115.47900390625
-63915 2117.159912109375
-63905 2120.048095703125
-63895 2123.528076171875
-63885 2127.342041015625
-63875 2131.3330078125
-63865 2135.083984375
-63855 2137.948974609375
-63845 2138.68896484375
-63835 2138.549072265625
-63825 2139.322998046875
-63815 2141.243896484375
-63805 2141.031005859375
-63795 2142.327880859375
-63785 2143.989013671875
-63775 2145.1689453125
-63765 2145.131103515625
-63755 2147.14794921875
-63745 2150.337890625
-63735 2154.80908203125
-63725 2157.8330078125
-63715 2160.0009765625
-63705 2163.074951171875
-63695 2166.114013671875
-63685 2168.634033203125
-63675 2169.55908203125
-63665 2170.449951171875
-63655 2172.52099609375
-63645 2173.04296875
-63635 2175.094970703125
-63625 2178.06103515625
-63615 2181.967041015625
-63605 2185.568115234375
-63595 2188.14599609375
-63585 2193.427001953125
-63575 2201.033935546875
-63565 2205.7958984375
-63555 2208.950927734375
-63545 2212.280029296875
-63535 2216.073974609375
-63525 2220.197021484375
-63515 2223.681884765625
-63505 2225.365966796875
-63495 2225.19091796875
-63485 2223.279052734375
-63475 2222.868896484375
-63465 2226.410888671875
-63455 2230.64990234375
-63445 2235.10205078125
-63435 2236.322021484375
-63425 2240.076904296875
-63415 2242.903076171875
-63405 2245.20703125
-63395 2245.76806640625
-63385 2249.077880859375
-63375 2251.924072265625
-63365 2254.013916015625
-63355 2258.31201171875
-63345 2263.364013671875
-63335 2270.0029296875
-63325 2275.19091796875
-63315 2281.22998046875
-63305 2287.19189453125
-63295 2293.8701171875
-63285 2304.614013671875
-63275 2310.98193359375
-63265 2317.117919921875
-63255 2324.416015625
-63245 2331.98388671875
-63235 2339.76611328125
-63225 2345.322021484375
-63215 2350.238037109375
-63205 2356.470947265625
-63195 2362.510009765625
-63185 2368.318115234375
-63175 2373.486083984375
-63165 2378.635009765625
-63155 2384.054931640625
-63145 2389.532958984375
-63135 2396.5400390625
-63125 2410.39990234375
-63115 2417.446044921875
-63105 2425.363037109375
-63095 2431.5380859375
-63085 2435.758056640625
-63075 2441.797119140625
-63065 2445.552001953125
-63055 2452.173095703125
-63045 2457.011962890625
-63035 2460.243896484375
-63025 2466.090087890625
-63015 2471.4130859375
-63005 2475.845947265625
-62995 2481.73095703125
-62985 2485.757080078125
-62975 2488.001953125
-62965 2483.10498046875
-62955 2473.8330078125
-62945 2473.8720703125
-62935 2469.052001953125
-62925 2461.23193359375
-62915 2454.302001953125
-62905 2451.37890625
-62895 2448.803955078125
-62885 2440.093994140625
-62875 2437.132080078125
-62865 2435.85400390625
-62855 2436.7060546875
-62845 2436.783935546875
-62835 2436.455078125
-62825 2436.337890625
-62815 2435.950927734375
-62805 2436.763916015625
-62795 2438.29296875
-62785 2440.01611328125
-62775 2442.281005859375
-62765 2444.680908203125
-62755 2448.97900390625
-62745 2452.636962890625
-62735 2455.715087890625
-62725 2458.617919921875
-62715 2463.342041015625
-62705 2467.5419921875
-62695 2472.76806640625
-62685 2478.7109375
-62675 2483.279052734375
-62665 2486.299072265625
-62655 2485.659912109375
-62645 2487.693115234375
-62635 2491.177001953125
-62625 2494.29296875
-62615 2496.44189453125
-62605 2498.14599609375
-62595 2499.5390625
-62585 2500.10107421875
-62575 2505.7919921875
-62565 2500.583984375
-62555 2504.281982421875
-62545 2511.173095703125
-62535 2518.9541015625
-62525 2519.65087890625
-62515 2521.14208984375
-62505 2519.660888671875
-62495 2519.243896484375
-62485 2518.590087890625
-62475 2518.202880859375
-62465 2518.0439453125
-62455 2512.430908203125
-62445 2510.427978515625
-62435 2509.30810546875
-62425 2503.923095703125
-62415 2505.341064453125
-62405 2507.85009765625
-62395 2511.06298828125
-62385 2511.806884765625
-62375 2513.343994140625
-62365 2511.569091796875
-62355 2510.696044921875
-62345 2508.741943359375
-62335 2509.49609375
-62325 2510.824951171875
-62315 2511.360107421875
-62305 2509.951904296875
-62295 2509.625
-62285 2506.074951171875
-62275 2505.62890625
-62265 2503.743896484375
-62255 2495.136962890625
-62245 2491.041015625
-62235 2487.174072265625
-62225 2483.950927734375
-62215 2482.681884765625
-62205 2479.98388671875
-62195 2478.30810546875
-62185 2474.827880859375
-62175 2473.132080078125
-62165 2470.64306640625
-62155 2466.260009765625
-62145 2461.986083984375
-62135 2459.139892578125
-62125 2450.263916015625
-62115 2437.91796875
-62105 2430.5400390625
-62095 2424.262939453125
-62085 2420.1669921875
-62075 2414.77294921875
-62065 2410.092041015625
-62055 2404.7470703125
-62045 2400.680908203125
-62035 2395.7919921875
-62025 2392.798095703125
-62015 2390.06103515625
-62005 2385.429931640625
-61995 2382.6630859375
-61985 2378.320068359375
-61975 2372.70703125
-61965 2365.22998046875
-61955 2358.318115234375
-61945 2352.337890625
-61935 2350.5830078125
-61925 2349.75
-61915 2348.530029296875
-61905 2349.283935546875
-61895 2348.4609375
-61885 2346.367919921875
-61875 2343.7900390625
-61865 2343.491943359375
-61855 2343.7900390625
-61845 2343.780029296875
-61835 2343.820068359375
-61825 2344.008056640625
-61815 2343.888916015625
-61805 2344.197021484375
-61795 2345.822998046875
-61785 2352.943115234375
-61775 2358.89306640625
-61765 2365.26904296875
-61755 2368.591064453125
-61745 2375.096923828125
-61735 2378.93408203125
-61725 2384.9541015625
-61715 2386.342041015625
-61705 2393.403076171875
-61695 2401.5048828125
-61685 2414.069091796875
-61675 2421.47705078125
-61665 2426.20703125
-61655 2434.575927734375
-61645 2438.166015625
-61635 2441.34912109375
-61625 2442.9560546875
-61615 2444.095947265625
-61605 2446.238037109375
-61595 2445.485107421875
-61585 2446.98193359375
-61575 2446.783935546875
-61565 2446.486083984375
-61555 2444.156005859375
-61545 2443.5810546875
-61535 2443.799072265625
-61525 2443.72900390625
-61515 2443.551025390625
-61505 2450.39306640625
-61495 2453.51708984375
-61485 2455.678955078125
-61475 2458.593994140625
-61465 2461.697998046875
-61455 2463.552001953125
-61445 2466.60693359375
-61435 2469.007080078125
-61425 2471.782958984375
-61415 2474.322021484375
-61405 2479.43896484375
-61395 2485.001953125
-61385 2488.572021484375
-61375 2493.927001953125
-61365 2505.76806640625
-61355 2508.0380859375
-61345 2510.508056640625
-61335 2511.97509765625
-61325 2516.60595703125
-61315 2521.137939453125
-61305 2521.4560546875
-61295 2522.0009765625
-61285 2523.031982421875
-61275 2522.98291015625
-61265 2522.35791015625
-61255 2523.280029296875
-61245 2519.3330078125
-61235 2520.294921875
-61225 2519.89892578125
-61215 2515.912109375
-61205 2514.4150390625
-61195 2513.0859375
-61185 2514.751953125
-61175 2519.868896484375
-61165 2524.60888671875
-61155 2524.1630859375
-61145 2525.89794921875
-61135 2529.85498046875
-61125 2534.2880859375
-61115 2542.885009765625
-61105 2550.29296875
-61095 2560.2490234375
-61085 2572.10009765625
-61075 2601.81005859375
-61065 2615.741943359375
-61055 2620.840087890625
-61045 2627.264892578125
-61035 2634.068115234375
-61025 2640.81201171875
-61015 2646.464111328125
-61005 2651.571044921875
-60995 2653.35595703125
-60985 2656.409912109375
-60975 2656.47998046875
-60965 2657.60009765625
-60955 2656.81689453125
-60945 2656.637939453125
-60935 2654.258056640625
-60925 2654.93310546875
-60915 2652.22607421875
-60905 2649.756103515625
-60895 2645.501953125
-60885 2642.4970703125
-60875 2646.48388671875
-60865 2649.072021484375
-60855 2643.0830078125
-60845 2642.7548828125
-60835 2644.33203125
-60825 2648.487060546875
-60815 2654.239013671875
-60805 2658.5029296875
-60795 2662.281005859375
-60785 2665.076904296875
-60775 2666.43603515625
-60765 2678.305908203125
-60755 2679.10888671875
-60745 2680.9541015625
-60735 2676.887939453125
-60725 2677.740966796875
-60715 2680.8349609375
-60705 2678.1279296875
-60695 2685.02001953125
-60685 2688.698974609375
-60675 2692.39794921875
-60665 2698.090087890625
-60655 2699.072021484375
-60645 2701.52099609375
-60635 2699.388916015625
-60625 2692.635009765625
-60615 2687.260986328125
-60605 2684.0869140625
-60595 2683.423095703125
-60585 2693.98388671875
-60575 2699.72607421875
-60565 2699.5869140625
-60555 2707.450927734375
-60545 2714.611083984375
-60535 2723.138916015625
-60525 2728.653076171875
-60515 2732.2919921875
-60505 2748.782958984375
-60495 2762.14111328125
-60485 2751.718994140625
-60475 2736.51708984375
-60465 2723.6650390625
-60455 2720.510986328125
-60445 2722.4150390625
-60435 2718.06201171875
-60425 2725.64794921875
-60415 2727.998046875
-60405 2726.68896484375
-60395 2719.419921875
-60385 2703.90087890625
-60375 2690.613037109375
-60365 2678.375
-60355 2674.468994140625
-60345 2655.2900390625
-60335 2646.4140625
-60325 2637.429931640625
-60315 2631.06298828125
-60305 2627.22607421875
-60295 2627.256103515625
-60285 2626.0849609375
-60275 2619.947021484375
-60265 2615.573974609375
-60255 2614.660888671875
-60245 2610.763916015625
-60235 2608.948974609375
-60225 2603.10888671875
-60215 2591.535888671875
-60205 2584.712890625
-60195 2564.385009765625
-60185 2550.242919921875
-60175 2542.905029296875
-60165 2536.19189453125
-60155 2529.37890625
-60145 2517.617919921875
-60135 2512.034912109375
-60125 2506.490966796875
-60115 2500.5810546875
-60105 2495.989990234375
-60095 2493.60009765625
-60085 2492.360107421875
-60075 2489.9208984375
-60065 2488.423095703125
-60055 2486.986083984375
-60045 2484.49609375
-60035 2481.779052734375
-60025 2477.466064453125
-60015 2473.02294921875
-60005 2469.52587890625
-59995 2465.676025390625
-59985 2462.2890625
-59975 2458.407958984375
-59965 2453.19189453125
-59955 2449.675048828125
-59945 2447.001953125
-58915 2431.131103515625
-58905 2433.3369140625
-58895 2436.074951171875
-58885 2438.553955078125
-58875 2443.18701171875
-58865 2454.593017578125
-58855 2460.263916015625
-58845 2466.23291015625
-58835 2470.633056640625
-58825 2475.291015625
-58815 2480.22607421875
-58805 2485.06298828125
-58795 2488.202880859375
-58785 2492.862060546875
-58775 2496.27490234375
-58765 2501.193115234375
-58755 2509.281005859375
-58745 2518.81494140625
-58735 2524.511962890625
-58725 2529.76806640625
-58715 2535.1298828125
-58705 2540.9150390625
-58695 2544.576904296875
-58685 2551.221923828125
-58675 2556.512939453125
-58665 2562.236083984375
-58655 2565.365966796875
-58645 2571.60498046875
-58635 2575.955078125
-58625 2579.508056640625
-58615 2583.287109375
-58605 2586.6220703125
-58595 2592.176025390625
-58585 2599.443115234375
-58575 2607.10009765625
-58565 2614.27197265625
-58555 2615.27197265625
-58545 2616.452880859375
-58535 2619.402099609375
-58525 2621.384033203125
-58515 2622.346923828125
-58505 2623.8359375
-58495 2624.18701171875
-58485 2621.5
-58475 2623.9169921875
-58465 2623.943115234375
-58455 2624.125
-58445 2620.64697265625
-58435 2619.47900390625
-58425 2618.51904296875
-58415 2617.93505859375
-58405 2617.93505859375
-58395 2618.4150390625
-58385 2619.85302734375
-58375 2622.256103515625
-58365 2625.0458984375
-58355 2627.8359375
-58345 2630.925048828125
-58335 2634.260009765625
-58325 2638.139892578125
-58315 2644.797119140625
-58305 2649.221923828125
-58295 2654.257080078125
-58285 2656.968994140625
-58275 2664.10595703125
-58265 2670.3349609375
-58255 2675.616943359375
-58245 2682.339111328125
-58235 2696.80810546875
-58225 2713.365966796875
-58215 2720.64599609375
-58205 2736.64599609375
-58195 2748.701904296875
-58185 2751.491943359375
-58175 2752.673095703125
-58165 2756.85107421875
-58155 2763.001953125
-58145 2769.970947265625
-58135 2768.62109375
-58125 2760.43310546875
-58115 2752.375
-58105 2742.303955078125
-58095 2735.906982421875
-58085 2732.597900390625
-58075 2719.698974609375
-58065 2710.212890625
-58055 2696.22412109375
-58045 2679.677978515625
-58035 2642.967041015625
-58025 2616.612060546875
-58015 2603.47900390625
-58005 2594.702880859375
-57995 2590.199951171875
-57985 2585.7880859375
-57975 2582.7548828125
-57965 2580.10400390625
-57955 2577.39306640625
-57945 2574.9560546875
-57935 2573.073974609375
-57925 2571.631103515625
-57915 2569.91796875
-57905 2568.2080078125
-57895 2566.23193359375
-57885 2564.60107421875
-57875 2562.76806640625
-57865 2561.548095703125
-57855 2559.342041015625
-57845 2555.072998046875
-57835 2550.5048828125
-57825 2544.158935546875
-57815 2539.512939453125
-57805 2534.673095703125
-57795 2529.041015625
-57785 2527.10693359375
-57775 2525.212890625
-57765 2523.73388671875
-57755 2522.592041015625
-57745 2521.5830078125
-57735 2521.033935546875
-57725 2520.944091796875
-57715 2521.3720703125
-57705 2522.072998046875
-57695 2522.81201171875
-57685 2523.865966796875
-57675 2524.968994140625
-57665 2526.2119140625
-57655 2527.964111328125
-57645 2530.443115234375
-57635 2533.674072265625
-57625 2537.906982421875
-57615 2543.4609375
-57605 2551.62109375
-57595 2555.527099609375
-57585 2563.00390625
-57575 2568.091064453125
-57565 2573.343994140625
-57555 2576.280029296875
-57545 2580.013916015625
-57535 2583.093017578125
-57525 2587.448974609375
-57515 2592.215087890625
-57505 2596.35302734375
-57495 2600.926025390625
-57485 2605.85693359375
-57475 2609.98388671875
-57465 2611.04296875
-57455 2617.366943359375
-57445 2604.044921875
-57435 2596.799072265625
-57425 2586.528076171875
-57415 2580.235107421875
-57405 2569.636962890625
-57395 2561.260009765625
-57385 2555.075927734375
-57375 2550.445068359375
-57365 2546.68505859375
-57355 2538.676025390625
-57345 2531.741943359375
-57335 2524.60498046875
-57325 2519.14306640625
-57315 2514.343994140625
-57305 2509.60791015625
-57295 2505.113037109375
-57285 2500.985107421875
-57275 2497.347900390625
-57265 2494.333984375
-57255 2491.490966796875
-57245 2488.739990234375
-57235 2486.4609375
-57225 2484.31298828125
-57215 2482.487060546875
