-74115 2847.18408203125
-74105 2848.677001953125
-74095 2850.137939453125
-74085 2850.422119140625
-74075 2850.714111328125
-74065 2853.27587890625
-74055 2855.31298828125
-74045 2857.842041015625
-74035 2860.27099609375
-74025 2863.342041015625
-74015 2866.8310546875
-74005 2870.160888671875
-73995 2872.58203125
-73985 2873.9169921875
-73975 2876.12109375
-73965 2878.031982421875
-73955 2881.49609375
-73945 2883.782958984375
-73935 2887.85595703125
-73925 2892.12890625
-73915 2896.361083984375
-73905 2899.3740234375
-73895 2902.929931640625
-73885 2903.881103515625
-73875 2903.513916015625
-73865 2903.739013671875
-73855 2905.199951171875
-73845 2906.952880859375
-73835 2907.5869140625
-73825 2909.916015625
-73815 2909.98193359375
-73805 2914.156005859375
-73795 2921.241943359375
-73785 2927.02587890625
-73775 2932.968994140625
-73765 2936.842041015625
-73755 2942.79296875
-73745 2948.568115234375
-73735 2951.23095703125
-73725 2956.85595703125
-73715 2962.799072265625
-73705 2967.77392578125
-73695 2974.610107421875
-73685 2979.217041015625
-73675 2982.197021484375
-73665 2983.382080078125
-73655 2989.35791015625
-73645 2993.83203125
-73635 3001.22705078125
-73625 3007.027099609375
-73615 3010.448974609375
-73605 3013.637939453125
-73595 3018.278076171875
-73585 3024.462890625
-73575 3031.416015625
-73565 3043.06689453125
-73555 3054.510009765625
-73545 3060.419921875
-73535 3056.947998046875
-73525 3052.556884765625
-73515 3049.528076171875
-73505 3045.12109375
-73495 3039.8369140625
-73485 3036.431884765625
-73475 3035.2890625
-73465 3032.9599609375
-73455 3029.462890625
-73445 3027.30908203125
-73435 3024.780029296875
-73425 3020.281005859375
-73415 3018.62890625
-73405 3016.333984375
-73395 3013.87109375
-73385 3011.092041015625
-73375 3010.198974609375
-73365 3008.721923828125
-73355 3008.1708984375
-73345 3006.35107421875
-73335 3005.383056640625
-73325 3004.990966796875
-73315 3005.02392578125
-73305 3004.656982421875
-73295 3004.281005859375
-73285 3003.77197265625
-73275 3003.714111328125
-73265 3004.180908203125
-73255 3005.091064453125
-73245 3003.8310546875
-73235 3000.741943359375
-73225 2997.219970703125
-73215 2992.56298828125
-73205 2989.991943359375
-73195 2989.466064453125
-73185 2985.193115234375
-73175 2982.906005859375
-73165 2983.306884765625
-73155 2984.041015625
-73145 2982.3798828125
-73135 2982.68896484375
-73125 2983.306884765625
-73115 2982.947998046875
-73105 2983.239990234375
-73095 2982.81396484375
-73085 2982.52197265625
-73075 2982.346923828125
-73065 2982.280029296875
-73055 2982.080078125
-73045 2982.22998046875
-73035 2982.547119140625
-73025 2983.52392578125
-73015 2986.487060546875
-73005 2986.87109375
-72995 2989.98388671875
-72985 2991.4189453125
-72975 2992.637939453125
-72965 2991.9619140625
-72955 2993.2890625
-72945 2995.217041015625
-72935 2996.593994140625
-72925 2998.095947265625
-72915 2999.64892578125
-72905 3001.343017578125
-72895 3003.4130859375
-72885 3005.866943359375
-72875 3008.162109375
-72865 3010.39892578125
-72855 3011.951904296875
-72845 3021.5419921875
-72835 3064.760009765625
-72825 3076.412109375
-72815 3083.748046875
-72805 3078.447998046875
-72795 3064.876953125
-72785 3051.64794921875
-72775 3041.52294921875
-72765 3029.37890625
-72755 3017.22705078125
-72745 3005.449951171875
-72735 2994.44091796875
-72725 2985.47705078125
-72715 2977.756103515625
-72705 2965.75390625
-72695 2953.843994140625
-72685 2939.178955078125
-72675 2888.93310546875
-72665 2880.611083984375
-72655 2863.199951171875
-72645 2849.1279296875
-72635 2843.1689453125
-72625 2837.35107421875
-72615 2833.27001953125
-72605 2830.340087890625
-72595 2827.778076171875
-72585 2825.4990234375
-72575 2822.919921875
-72565 2820.699951171875
-72555 2818.447021484375
-72545 2815.708984375
-72535 2810.950927734375
-72525 2809.89111328125
-72515 2806.919921875
-72505 2803.451904296875
-72495 2799.81005859375
-72485 2795.587890625
-72475 2791.551025390625
-72465 2788.450927734375
-72455 2782.64404296875
-72445 2778.462890625
-72435 2774.044921875
-72425 2770.285888671875
-72415 2766.383056640625
-72405 2762.944091796875
-72395 2759.2060546875
-72385 2756.85791015625
-72375 2752.3369140625
-72365 2747.528076171875
-72355 2745.39599609375
-72345 2739.20703125
-72335 2736.31298828125
-72325 2734.614013671875
-72315 2732.657958984375
-72305 2730.072998046875
-72295 2726.12890625
-72285 2723.656982421875
-72275 2721.361083984375
-72265 2719.693115234375
-72255 2718.39501953125
-72245 2716.717041015625
-72235 2714.9140625
-72225 2712.361083984375
-72215 2709.116943359375
-72205 2706.243896484375
-72195 2701.280029296875
-72185 2698.5
-72175 2696.23388671875
-72165 2694.85400390625
-72155 2691.5791015625
-72145 2686.781005859375
-72135 2682.18798828125
-72125 2678.325927734375
-72115 2676.10205078125
-72105 2673.06396484375
-72095 2671.14794921875
-72085 2669.376953125
-72075 2665.217041015625
-72065 2657.113037109375
-72055 2653.72412109375
-72045 2652.333984375
-72035 2649.029052734375
-72025 2645.672119140625
-72015 2642.385986328125
-72005 2639.60595703125
-71995 2640.81103515625
-71985 2636.43408203125
-71975 2634.45703125
-71965 2635.0439453125
-71955 2635.14697265625
-71945 2635.693115234375
-71935 2635.06494140625
-71925 2635.260009765625
-71915 2634.39501953125
-71905 2632.1298828125
-71895 2628.989013671875
-71885 2628.741943359375
-71875 2626.65087890625
-71865 2623.861083984375
-71855 2622.35693359375
-71845 2623.12890625
-71835 2623.9951171875
-71825 2621.6669921875
-71815 2620.544921875
-71805 2618.176025390625
-71795 2617.280029296875
-71785 2616.35400390625
-71775 2612.52294921875
-71765 2610.575927734375
-71755 2609.402099609375
-71745 2604.635009765625
-71735 2600.0830078125
-71725 2600.30908203125
-71715 2600.782958984375
-71705 2599.51708984375
-71695 2593.60498046875
-71685 2590.35107421875
-71675 2589.35302734375
-71665 2588.48095703125
-71655 2587.94189453125
-71645 2586.56201171875
-71635 2587.27197265625
-71625 2581.361083984375
-71615 2574.739990234375
-71605 2572.238037109375
-71595 2570.033935546875
-71585 2569.991943359375
-71575 2572.617919921875
-71565 2573.657958984375
-71555 2574.68798828125
-71545 2575.532958984375
-71535 2574.009033203125
-71525 2570.908935546875
-71515 2571.958984375
-71505 2574.389892578125
-71495 2576.8720703125
-71485 2579.2919921875
-71475 2572.4130859375
-71465 2564.60693359375
-71455 2557.3779296875
-71445 2551.364013671875
-71435 2547.48095703125
-71425 2540.716064453125
-71415 2535.4951171875
-71405 2532.2509765625
-71395 2529.535888671875
-71385 2526.45703125
-71375 2521.572021484375
-71365 2518.362060546875
-71355 2516.4130859375
-71345 2514.569091796875
-71335 2511.657958984375
-71325 2507.1689453125
-71315 2504.2099609375
-71305 2502.802001953125
-71295 2499.6201171875
-71285 2496.032958984375
-71275 2494.633056640625
-71265 2493.58203125
-71255 2493.23193359375
-71245 2492.52197265625
-71235 2491.39892578125
-71225 2489.988037109375
-71215 2489.89599609375
-71205 2489.177978515625
-71195 2488.909912109375
-71185 2489.012939453125
-71175 2491.131103515625
-71165 2493.739990234375
-71155 2494.780029296875
-71145 2493.27294921875
-71135 2491.506103515625
-71125 2491.23388671875
-71115 2491.638916015625
-71105 2493.27294921875
-71095 2495.202880859375
-71085 2497.4169921875
-71075 2501.14404296875
-71065 2503.75
-71055 2508.302001953125
-71045 2513.87890625
-71035 2518.989990234375
-71025 2522.323974609375
-71015 2524.344970703125
-71005 2530.93310546875
-70995 2536.916015625
-70985 2540.68505859375
-70975 2543.65087890625
-70965 2543.98291015625
-70955 2543.716064453125
-70945 2543.969970703125
-70935 2548.97509765625
-70925 2553.94189453125
-70915 2555.72998046875
-70905 2557.593994140625
-70895 2557.510986328125
-70885 2559.179931640625
-70875 2562.60888671875
-70865 2561.631103515625
-70855 2557.656005859375
-70845 2556.7080078125
-70835 2558.2119140625
-70825 2560.385009765625
-70815 2561.0439453125
-70805 2560.68701171875
-70795 2560.68701171875
-70785 2562.77392578125
-70775 2562.241943359375
-70765 2560.260986328125
-70755 2561.053955078125
-70745 2562.447998046875
-70735 2559.736083984375
-70725 2559.80810546875
-70715 2559.447998046875
-70705 2558.7509765625
-70695 2555.3798828125
-70685 2551.322998046875
-70675 2547.429931640625
-70665 2545.85400390625
-70655 2546.72998046875
-70645 2545.611083984375
-70635 2543.135986328125
-70625 2540.52001953125
-70615 2537.5439453125
-70605 2535.555908203125
-70595 2531.822021484375
-70585 2529.906005859375
-70575 2526.155029296875
-70565 2523.806884765625
-70555 2523.8369140625
-70545 2524.04296875
-70535 2525.35498046875
-70525 2527.85400390625
-70515 2532.806884765625
-70505 2534.052978515625
-70495 2533.342041015625
-70485 2532.882080078125
-70475 2533.655029296875
-70465 2534.321044921875
-70455 2535.488037109375
-70445 2536.906005859375
-70435 2538.217041015625
-70425 2540.0400390625
-70415 2542.580078125
-70405 2545.072021484375
-70395 2546.451904296875
-70385 2547.594970703125
-70375 2549.64697265625
-70365 2549.39697265625
-70355 2549.030029296875
-70345 2548.9990234375
-70335 2549.489990234375
-70325 2550.27587890625
-70315 2551.31591796875
-70305 2551.8310546875
-70295 2550.583984375
-70285 2550.385009765625
-70275 2550.27587890625
-70265 2550.64306640625
-70255 2554.5869140625
-70245 2558.283935546875
-70235 2560.305908203125
-70225 2561.949951171875
-70215 2561.376953125
-70205 2565.55810546875
-70195 2568.4169921875
-70185 2569.868896484375
-70175 2570.22900390625
-70165 2570.208984375
-70155 2569.677001953125
-70145 2568.541015625
-70135 2568.843017578125
-70125 2567.802001953125
-70115 2567.113037109375
-70105 2566.780029296875
-70095 2566.85205078125
-70085 2566.346923828125
-70075 2565.285888671875
-70065 2565.008056640625
-70055 2563.488037109375
-70045 2558.510009765625
-70035 2556.801025390625
-70025 2553.444091796875
-70015 2555.174072265625
-70005 2555.262939453125
-69995 2556.06201171875
-69985 2556.3330078125
-69975 2556.510009765625
-69965 2556.093017578125
-69955 2554.6240234375
-69945 2554.416015625
-69935 2556.031005859375
-69925 2557.22900390625
-69915 2557.927001953125
-69905 2557.510009765625
-69895 2551.33203125
-69885 2547.988037109375
-69875 2545.696044921875
-69865 2543.196044921875
-69855 2542.133056640625
-69845 2542.4560546875
-69835 2542.737060546875
-69825 2542.883056640625
-69815 2542.195068359375
-69805 2542.320068359375
-69795 2538.60107421875
-69785 2534.819091796875
-69775 2531.93408203125
-69765 2530.485107421875
-69755 2529.22509765625
-69745 2527.89111328125
-69735 2525.839111328125
-69725 2525.922119140625
-69715 2527.80810546875
-69705 2528.43310546875
-69695 2527.193115234375
-69685 2527.339111328125
-69675 2525.787109375
-69665 2518.19189453125
-69655 2514.722900390625
-69645 2513.513916015625
-69635 2513.284912109375
-69625 2513.06591796875
-69615 2513.263916015625
-69605 2513.201904296875
-69595 2513.388916015625
-69585 2516.264892578125
-69575 2515.52490234375
-69565 2514.430908203125
-69555 2512.94091796875
-69545 2508.200927734375
-69535 2508.60693359375
-69525 2511.992919921875
-69515 2515.23291015625
-69505 2517.680908203125
-69495 2518.8798828125
-69485 2521.547119140625
-69475 2521.931884765625
-69465 2521.681884765625
-69455 2523.160888671875
-69445 2523.202880859375
-69435 2523.97412109375
-69425 2527.214111328125
-69415 2527.339111328125
-69405 2529.423095703125
-69395 2529.62109375
-69385 2528.0791015625
-69375 2527.235107421875
-69365 2527.485107421875
-69355 2528.235107421875
-69345 2527.089111328125
-69335 2527.912109375
-69325 2526.77587890625
-69315 2524.943115234375
-69305 2524.610107421875
-69295 2525.202880859375
-69285 2526.318115234375
-69275 2527.162109375
-69265 2528.7041015625
-69255 2530.162109375
-69245 2532.47509765625
-69235 2532.152099609375
-69225 2532.0380859375
-69215 2532.277099609375
-69205 2532.7880859375
-69195 2532.194091796875
-69185 2531.840087890625
-69175 2531.631103515625
-69165 2530.089111328125
-69155 2530.715087890625
-69145 2531.652099609375
-69135 2532.51708984375
-69125 2533.007080078125
-69115 2533.819091796875
-69105 2534.694091796875
-69095 2534.965087890625
-69085 2535.9130859375
-69075 2537.757080078125
-69065 2538.612060546875
-69055 2537.174072265625
-69045 2535.111083984375
-69035 2532.548095703125
-69025 2531.923095703125
-69015 2535.632080078125
-69005 2540.862060546875
-68995 2546.4150390625
-68985 2551.291015625
-68975 2557.10400390625
-68965 2558.68701171875
-68955 2559
-68945 2560.031005859375
-68935 2560.39599609375
-68925 2561.968994140625
-68915 2563.125
-68905 2561.968994140625
-68895 2563.052001953125
-68885 2565.177978515625
-68875 2567.677978515625
-68865 2570.698974609375
-68855 2573.8349609375
-68845 2576.428955078125
-68835 2576.699951171875
-68825 2579.0029296875
-68815 2578.970947265625
-68805 2580.64892578125
-68795 2579.783935546875
-68785 2579.0029296875
-68775 2577.262939453125
-68765 2576.595947265625
-68755 2576.303955078125
-68745 2577.56494140625
-68735 2578.06494140625
-68725 2576.64794921875
-68715 2573.93896484375
-68705 2573.04296875
-68695 2573.5439453125
-68685 2575.9189453125
-68675 2575.907958984375
-68665 2575.324951171875
-68655 2574.64794921875
-68645 2574.449951171875
-68635 2574.845947265625
-68625 2574.136962890625
-68615 2573.501953125
-68605 2573.907958984375
-68595 2574.0439453125
-68585 2570.198974609375
-68575 2572.657958984375
-68565 2578.2939453125
-68555 2579.971923828125
-68545 2577.501953125
-68535 2574.657958984375
-68525 2572.27294921875
-68515 2573.074951171875
-68505 2575.553955078125
-68495 2579.971923828125
-68485 2580.81494140625
-68475 2582.950927734375
-68465 2581.69091796875
-68455 2579.27392578125
-68445 2577.2939453125
-68435 2577.720947265625
-68425 2578.2939453125
-68415 2578.18994140625
-68405 2579.1689453125
-68395 2579.762939453125
-68385 2577.7939453125
-68375 2575.626953125
-68365 2573.907958984375
-68355 2571.79296875
-68345 2570.41796875
-68335 2575.001953125
-68325 2576.0439453125
-68315 2579.179931640625
-68305 2580.56494140625
-68295 2582.325927734375
-68285 2584.044921875
-68275 2585.37890625
-68265 2586.77490234375
-68255 2587.534912109375
-68245 2587.6708984375
-68235 2588.868896484375
-68225 2590.660888671875
-68215 2592.7548828125
-68205 2591.347900390625
-68195 2590.806884765625
-68185 2590.368896484375
-68175 2585.4619140625
-68165 2574.9599609375
-68155 2568.177978515625
-68145 2561.510986328125
-68135 2558.0830078125
-68125 2555.947021484375
-68115 2548.498046875
-68105 2548.592041015625
-68095 2546.842041015625
-68085 2545.800048828125
-68075 2542.4140625
-68065 2539.758056640625
-68055 2536.97607421875
-68045 2535.007080078125
-68035 2533.882080078125
-68025 2530.777099609375
-68015 2529.110107421875
-68005 2526.4541015625
-67995 2524.51611328125
-67985 2523.693115234375
-67975 2523.806884765625
-67965 2525.2548828125
-67955 2526.110107421875
-67945 2526.631103515625
-67935 2526.672119140625
-67925 2526.818115234375
-67915 2527.985107421875
-67905 2528.818115234375
-67895 2529.39111328125
-67885 2528.985107421875
-67875 2528.72509765625
-67865 2528.964111328125
-67855 2528.985107421875
-67845 2531.069091796875
-67835 2532.0380859375
-67825 2531.340087890625
-67815 2531.14208984375
-67805 2532.72509765625
-67795 2534.903076171875
-67785 2535.455078125
-67775 2535.6630859375
-67765 2535.319091796875
-67755 2535.965087890625
-67745 2535.9130859375
-67735 2535.528076171875
-67725 2533.736083984375
-67715 2530.2041015625
-67705 2527.6201171875
-67695 2528.47509765625
-67685 2531.215087890625
-67675 2531.22509765625
-67665 2531.923095703125
-67655 2532.381103515625
-67645 2532.80908203125
-67635 2534.298095703125
-67625 2533.60009765625
-67615 2532.277099609375
-67605 2530.12109375
-67595 2527.2451171875
-67585 2524.27587890625
-67575 2523.172119140625
-67565 2520.77587890625
-67555 2518.12890625
-67545 2514.75390625
-67535 2512.31591796875
-67525 2511.2529296875
-67515 2511.179931640625
-67505 2510.8359375
-67495 2510.321044921875
-67485 2508.427978515625
-67475 2507.037109375
-67465 2504.656982421875
-67455 2501.761962890625
-67445 2498.574951171875
-67435 2494.218994140625
-67425 2491.115966796875
-67415 2492.242919921875
-67405 2493.35595703125
-67395 2494.205078125
-67385 2494.73388671875
-67375 2494.928955078125
-67365 2494.970947265625
-67355 2495.20703125
-67345 2496.013916015625
-67335 2496.76611328125
-67325 2497.114013671875
-67315 2496.404052734375
-67305 2496.5849609375
-67295 2494.205078125
-67285 2494.10791015625
-67275 2495.5
-67265 2497.239013671875
-67255 2497.68505859375
-67245 2497.35107421875
-67235 2498.89501953125
-67225 2499.64697265625
-67215 2500.843994140625
-67205 2501.9150390625
-67195 2501.748046875
-67185 2501.31689453125
-67175 2498.72802734375
-67165 2499.701904296875
-67155 2502.888916015625
-67145 2504.3779296875
-67135 2504.781982421875
-67125 2506.10400390625
-67115 2506.242919921875
-67105 2507.092041015625
-67095 2506.633056640625
-67085 2505.81201171875
-67075 2502.194091796875
-67065 2498.212890625
-67055 2496.514892578125
-67045 2496.070068359375
-67035 2494.77587890625
-67025 2496.1259765625
-67015 2496.3759765625
-67005 2497.489990234375
-66995 2498.422119140625
-66985 2499.56298828125
-66975 2499.72998046875
-66965 2499.68798828125
-66955 2500.718017578125
-66945 2501.803955078125
-66935 2503.68310546875
-66925 2507.092041015625
-66915 2510.739013671875
-66905 2513.64697265625
-66895 2516.444091796875
-66885 2518.56005859375
-66875 2522.010986328125
-66865 2524.071044921875
-66855 2527.85595703125
-66845 2533.882080078125
-66835 2547.617919921875
-66825 2559.864990234375
-66815 2567.00390625
-66805 2572.863037109375
-66795 2576.49609375
-66785 2580.0859375
-66775 2583.537109375
-66765 2587.823974609375
-66755 2593.488037109375
-66745 2598.373046875
-66735 2603.35498046875
-66725 2611.580078125
-66715 2612.845947265625
-66705 2610.577880859375
-66695 2602.840087890625
-66685 2593.864013671875
-66675 2587.7119140625
-66665 2582.534912109375
-66655 2579.488037109375
-66645 2576.81591796875
-66635 2573.14208984375
-66625 2568.534912109375
-66615 2566.114013671875
-66605 2562.718017578125
-66595 2559.656005859375
-66585 2557.443115234375
-66575 2556.760986328125
-66565 2553.68603515625
-66555 2550.916015625
-66545 2546.68603515625
-66535 2540.256103515625
-66525 2535.9560546875
-66515 2533.93798828125
-66505 2533.047119140625
-66495 2532.2958984375
-66485 2533.673095703125
-66475 2532.823974609375
-66465 2529.7490234375
-66455 2525.0029296875
-66445 2521.093017578125
-66435 2518.0029296875
-66425 2515.70703125
-66415 2510.446044921875
-66405 2506.034912109375
-66395 2504.156005859375
-66385 2502.513916015625
-66375 2500.968994140625
-66365 2497.35107421875
-66355 2491.824951171875
-66345 2486.287109375
-66335 2480.98388671875
-66325 2476.3779296875
-66315 2473.343994140625
-66305 2469.781005859375
-66295 2465.9541015625
-66285 2465.676025390625
-66275 2462.376953125
-66265 2458.702880859375
-66255 2456.197998046875
-66245 2454.779052734375
-66235 2453.887939453125
-66225 2449.281982421875
-66215 2444.787109375
-66205 2440.5419921875
-66195 2436.77099609375
-66185 2431.52392578125
-66175 2430.9951171875
-66165 2430.257080078125
-66155 2428.93505859375
-66145 2428.531982421875
-66135 2429.073974609375
-66125 2425.469970703125
-66115 2420.055908203125
-66105 2416.52099609375
-66095 2412.6669921875
-66085 2407.76806640625
-66075 2405.7080078125
-66065 2403.74609375
-66055 2400.68408203125
-66045 2397.73388671875
-66035 2395.576904296875
-66025 2393.72607421875
-66015 2390.844970703125
-66005 2389.718017578125
-65995 2390.052001953125
-65985 2388.465087890625
-65975 2386.14111328125
-65965 2388.966064453125
-65955 2391.694091796875
-65945 2395.06201171875
-65935 2400.68408203125
-65925 2397.98388671875
-65915 2390.7060546875
-65905 2383.3720703125
-65895 2377.6240234375
-65885 2374.966064453125
-65875 2374.06103515625
-65865 2377.1650390625
-65855 2380.114990234375
-65845 2383.205078125
-65835 2383.98388671875
-65825 2381.074951171875
-65815 2379.4609375
-65805 2379.906005859375
-65795 2380.2119140625
-65785 2381.841064453125
-65775 2384.804931640625
-65765 2386.14111328125
-65755 2387.672119140625
-65745 2388.14501953125
-65735 2388.325927734375
-65725 2391.443115234375
-65715 2394.2548828125
-65705 2398.095947265625
-65695 2398.846923828125
-65685 2399.2509765625
-65675 2396.74609375
-65665 2398.9169921875
-65655 2401.824951171875
-65645 2404.177001953125
-65635 2405.861083984375
-65625 2409.534912109375
-65615 2410.968994140625
-65605 2412.820068359375
-65595 2415.1298828125
-65585 2419.444091796875
-65575 2424.037109375
-65565 2427.697021484375
-65555 2429.715087890625
-65545 2431.23193359375
-65535 2431.73291015625
-65525 2433.388916015625
-65515 2436.14404296875
-65505 2439.777099609375
-65495 2443.074951171875
-65485 2447.528076171875
-65475 2447.946044921875
-65465 2448.72509765625
-65455 2450.548095703125
-65445 2452.1630859375
-65435 2452.48291015625
-65425 2451.034912109375
-65415 2448.155029296875
-65405 2442.907958984375
-65395 2436.548095703125
-65385 2430.132080078125
-65375 2420.59912109375
-65365 2408.72802734375
-65355 2401.68603515625
-65345 2395.784912109375
-65335 2388.674072265625
-65325 2380.60205078125
-65315 2372.5439453125
-65305 2364.111083984375
-65295 2354.43798828125
-65285 2341.85791015625
-65275 2332.992919921875
-65265 2327.18896484375
-65255 2321.1630859375
-65245 2306.89892578125
-65235 2292.076904296875
-65225 2283.97802734375
-65215 2278.85595703125
-65205 2272.176025390625
-65195 2263.26904296875
-65185 2255.75390625
-65175 2248.739990234375
-65165 2241.1279296875
-65155 2233.84912109375
-65145 2227.22509765625
-65135 2221.2958984375
-65125 2217.10693359375
-65115 2212.708984375
-65105 2207.782958984375
-65095 2203.2041015625
-65085 2200.12890625
-65075 2197.344970703125
-65065 2193.39306640625
-65055 2189.43994140625
-65045 2186.22607421875
-65035 2182.176025390625
-65025 2178.697021484375
-65015 2174.89697265625
-65005 2171.198974609375
-64995 2168.64111328125
-64985 2166.5439453125
-64975 2163.89111328125
-64965 2161.110107421875
-64955 2158.632080078125
-64945 2157.1220703125
-64935 2154.818115234375
-64925 2152.10107421875
-64915 2150.6708984375
-64905 2149.304931640625
-64895 2147.73193359375
-64885 2145.444091796875
-64875 2144.697021484375
-64865 2145.919921875
-64855 2145.888916015625
-64845 2146.7470703125
-64835 2147.222900390625
-64825 2147.080078125
-64815 2148.001953125
-64805 2149.527099609375
-64795 2150.14697265625
-64785 2151.052001953125
-64775 2151.927001953125
-64765 2154.261962890625
-64755 2157.99609375
-64745 2159.489990234375
-64735 2157.947998046875
-64725 2157.200927734375
-64715 2157.534912109375
-64705 2160.26806640625
-64695 2160.80810546875
-64685 2162.60400390625
-64675 2165.60693359375
-64665 2168.64111328125
-64655 2169.197998046875
-64645 2170.675048828125
-64635 2175.156005859375
-64625 2179.47802734375
-64615 2182.40087890625
-64605 2186.51611328125
-64595 2191.52099609375
-64585 2195.652099609375
-64575 2196.93896484375
-64565 2195.4140625
-64555 2195.73193359375
-64545 2194.635009765625
-64535 2190.614990234375
-64525 2187.5009765625
-64515 2187.802978515625
-64505 2190.805908203125
-64495 2191.012939453125
-64485 2191.77490234375
-64475 2190.822021484375
-64465 2190.759033203125
-64455 2191.409912109375
-64445 2190.9970703125
-64435 2191.743896484375
-64425 2192.77587890625
-64415 2194.4609375
-64405 2196.636962890625
-64395 2197.68603515625
-64385 2198.60791015625
-64375 2199.799072265625
-64365 2201.9599609375
-64355 2204.199951171875
-64345 2205.5029296875
-64335 2205.9169921875
-64325 2198.845947265625
-64315 2190.72705078125
-64305 2180.717041015625
-64295 2160.506103515625
-64285 2150.845947265625
-64275 2146.364990234375
-64265 2142.535888671875
-64255 2138.4208984375
-64245 2133.76611328125
-64235 2128.967041015625
-64225 2124.136962890625
-64215 2119.037109375
-64205 2114.031982421875
-64195 2109.073974609375
-64185 2104.340087890625
-64175 2099.572998046875
-64165 2094.885986328125
-64155 2090.43701171875
-64145 2085.89306640625
-64135 2084.3349609375
-64125 2081.74609375
-64115 2080.0458984375
-64105 2078.376953125
-64095 2077.31298828125
-64085 2075.802978515625
-64075 2074.02392578125
-64065 2071.7041015625
-64055 2070.27392578125
-64045 2067.365966796875
-64035 2064.125
-64025 2062.822021484375
-64015 2061.343994140625
-64005 2059.43798828125
-63995 2057.64208984375
-63985 2056.467041015625
-63975 2055.4970703125
-63965 2055.115966796875
-63955 2054.5439453125
-63945 2055.179931640625
-63935 2054.972900390625
-63925 2056.1650390625
-63915 2056.593994140625
-63905 2056.4189453125
-63895 2056.593994140625
-63885 2056.243896484375
-63875 2057.29296875
-63865 2056.864013671875
-63855 2052.653076171875
-63845 2051.222900390625
-63835 2055.909912109375
-63825 2058.69091796875
-63815 2060.597900390625
-63805 2062.822021484375
-63795 2064.506103515625
-63785 2066.60400390625
-63775 2068.717041015625
-63765 2070.95703125
-63755 2073.6259765625
-63745 2076.327880859375
-63735 2079.886962890625
-63725 2083.716064453125
-63715 2087.593017578125
-63705 2091.77099609375
-63695 2095.886962890625
-63685 2097.681884765625
-63675 2098.6669921875
-63665 2102.35400390625
-63655 2106.18310546875
-63645 2111.489990234375
-63635 2116.001953125
-63625 2120.990966796875
-63615 2126.39306640625
-63605 2131.875
-63595 2136.990966796875
-63585 2142.93310546875
-63575 2148.27197265625
-63565 2152.68896484375
-63555 2157.137939453125
-63545 2161.873046875
-63535 2165.416015625
-63525 2168.705078125
-63515 2171.89892578125
-63505 2174.695068359375
-63495 2176.72900390625
-63485 2179.287109375
-63475 2181.75
-63465 2182.035888671875
-63455 2185.277099609375
-63445 2187.406005859375
-63435 2189.741943359375
-63425 2193.077880859375
-63415 2196.35205078125
-63405 2199.385986328125
-63395 2201.944091796875
-63385 2204.77197265625
-63375 2208.205078125
-63365 2210.635009765625
-63355 2215.052001953125
-63345 2218.24609375
-63335 2221.027099609375
-63325 2224.7451171875
-63315 2229.384033203125
-63305 2233.991943359375
-63295 2237.741943359375
-63285 2242.221923828125
-63275 2248.37109375
-63265 2254.218994140625
-63255 2258.27001953125
-63245 2263.179931640625
-63235 2268.35888671875
-63225 2273.841064453125
-63215 2278.781982421875
-63205 2283.819091796875
-63195 2288.823974609375
-63185 2294.6240234375
-63175 2299.10400390625
-63165 2306.3330078125
-63155 2312.530029296875
-63145 2323.049072265625
-63135 2331.948974609375
-63125 2340.843994140625
-63115 2346.833984375
-63105 2353.52294921875
-63095 2359.196044921875
-63085 2365.010986328125
-63075 2370.491943359375
-63065 2377.02294921875
-63055 2383.569091796875
-63045 2389.673095703125
-63035 2398.364990234375
-63025 2406.448974609375
-63015 2411.929931640625
-63005 2417.014892578125
-62995 2424.053955078125
-62985 2431.1240234375
-62975 2435.93798828125
-62965 2439.449951171875
-62955 2444.05810546875
-62945 2448.826904296875
-62935 2453.5458984375
-62925 2458.35693359375
-62915 2463.64794921875
-62905 2468.593017578125
-62895 2473.22900390625
-62885 2477.458984375
-62875 2481.55810546875
-62865 2486.14990234375
-62855 2490.964111328125
-62845 2495.555908203125
-62835 2499.448974609375
-62825 2503.60888671875
-62815 2507.45703125
-62805 2512.510009765625
-62795 2517.49609375
-62785 2523.056884765625
-62775 2528.950927734375
-62765 2534.2099609375
-62755 2538.56689453125
-62745 2544.47802734375
-62735 2550.9599609375
-62725 2558.157958984375
-62715 2567.9140625
-62705 2576.634033203125
-62695 2584.10400390625
-62685 2585.8359375
-62675 2595.89404296875
-62665 2606.635009765625
-62655 2608.219970703125
-62645 2617.18505859375
-62635 2627.782958984375
-62625 2642.321044921875
-62615 2650.154052734375
-62605 2653.5859375
-62595 2656.60498046875
-62585 2659.845947265625
-62575 2662.97607421875
-62565 2665.614013671875
-62555 2668.426025390625
-62545 2670.968994140625
-62535 2674.431884765625
-62525 2678.181884765625
-62515 2682.297119140625
-62505 2685.907958984375
-62495 2686.633056640625
-62485 2683.425048828125
-62475 2678.412109375
-62465 2672.7548828125
-62455 2666.948974609375
-62445 2661.672119140625
-62435 2656.77392578125
-62425 2652.760986328125
-62415 2648.300048828125
-62405 2642.551025390625
-62395 2634.743896484375
-62385 2620.452880859375
-62375 2604.574951171875
-62365 2593.157958984375
-62355 2585.903076171875
-62345 2578.3720703125
-62335 2570.3349609375
-62325 2565.656005859375
-62315 2560.447998046875
-62305 2553.951904296875
-62295 2550.294921875
-62285 2548.823974609375
-62275 2545.2939453125
-62265 2540.52197265625
-62255 2536.464111328125
-62245 2533.462890625
-62235 2529.818115234375
-62225 2523.840087890625
-62215 2514.6298828125
-62205 2504.1669921875
-62195 2494.80810546875
-62185 2486.35791015625
-62175 2479.988037109375
-62165 2472.594970703125
-62155 2466.904052734375
-62145 2461.592041015625
-62135 2456.64794921875
-62125 2451.60107421875
-62115 2447.553955078125
-62105 2445.070068359375
-62095 2443.97802734375
-62085 2442.31103515625
-62075 2440.14892578125
-62065 2439.080078125
-62055 2442.77099609375
-62045 2444.322998046875
-62035 2445.69091796875
-62025 2446.10498046875
-62015 2449.139892578125
-62005 2452.946044921875
-61995 2457.06201171875
-61985 2460.993896484375
-61975 2467.904052734375
-61965 2472.9169921875
-61955 2477.68896484375
-61945 2480.0458984375
-61935 2482.367919921875
-61925 2485.51806640625
-61915 2491.197998046875
-61905 2494.3369140625
-61895 2499.373046875
-61885 2504.5810546875
-61875 2507.8701171875
-61865 2510.10009765625
-61855 2512.446044921875
-61845 2509.593994140625
-61835 2508.881103515625
-61825 2507.881103515625
-61815 2508.972900390625
-61805 2511.756103515625
-61795 2508.801025390625
-61785 2511.675048828125
-61775 2513.30810546875
-61765 2515.89501953125
-61755 2517.89599609375
-61745 2519.5048828125
-61735 2521.114990234375
-61725 2523.011962890625
-61715 2525.2080078125
-61705 2527.047119140625
-61695 2528.139892578125
-61685 2529.31298828125
-61675 2531.887939453125
-61665 2536.383056640625
-61655 2537.72900390625
-61645 2538.281005859375
-61635 2538.0849609375
-61625 2536.39501953125
-61615 2533.680908203125
-61605 2530.323974609375
-61595 2526.989990234375
-61585 2526.047119140625
-61575 2526.701904296875
-61565 2524.68994140625
-61555 2528.278076171875
-61545 2533.06103515625
-61535 2538.544921875
-61525 2542.200927734375
-61515 2545.845947265625
-61505 2549.708984375
-61495 2553.791015625
-61485 2558.22900390625
-61475 2561.60888671875
-61465 2564.62109375
-61455 2572.175048828125
-61445 2572.302001953125
-61435 2576.302978515625
-61425 2578.384033203125
-61415 2579.31494140625
-61405 2578.00390625
-61395 2576.843017578125
-61385 2575.784912109375
-61375 2576.291015625
-61365 2577.050048828125
-61355 2578.31494140625
-61345 2577.510009765625
-61335 2580.544921875
-61325 2585.60400390625
-61315 2589.639892578125
-61305 2593.342041015625
-61295 2595.756103515625
-61285 2600.10302734375
-61275 2607.840087890625
-61265 2608.05908203125
-61255 2610.278076171875
-61245 2615.094970703125
-61235 2622.10888671875
-61225 2632.905029296875
-61215 2637.090087890625
-61205 2643.493896484375
-61195 2643.172119140625
-61185 2636.653076171875
-61175 2634.1240234375
-61165 2629.214111328125
-61155 2623.68408203125
-61145 2616.531982421875
-61135 2605.678955078125
-61125 2590.675048828125
-61115 2580.993896484375
-61105 2574.0029296875
-61095 2567.162109375
-61085 2563.02294921875
-61075 2552.422119140625
-61065 2532.876953125
-61055 2526.634033203125
-61045 2520.965087890625
-61035 2516.388916015625
-61025 2512.906005859375
-61015 2511.513916015625
-61005 2505.881103515625
-60995 2494.00390625
-60985 2488.909912109375
-60975 2484.678955078125
-60965 2480.552001953125
-60955 2478.469970703125
-60945 2476.4580078125
-60935 2474.698974609375
-60925 2473.205078125
-60915 2468.93896484375
-60905 2465.593017578125
-60895 2463.12109375
-60885 2460.947998046875
-60875 2459.68408203125
-60865 2458.672119140625
-60855 2456.739990234375
-60845 2453.3369140625
-60835 2450.54296875
-60825 2448.611083984375
-60815 2447.472900390625
-60805 2447.10498046875
-60795 2446.25390625
-60785 2444.656005859375
-60775 2442.712890625
-60765 2441.943115234375
-60755 2440.885009765625
-60745 2439.299072265625
-60735 2437.861083984375
-60725 2436.068115234375
-60715 2436.22900390625
-60705 2435.35498046875
-60695 2433.48095703125
-60685 2430.617919921875
-60675 2427.123046875
-60665 2426.985107421875
-60655 2425.58203125
-60645 2423.971923828125
-60635 2423.741943359375
-60625 2422.81103515625
-60615 2423.030029296875
-60605 2422.5810546875
-60595 2422.570068359375
-60585 2422.39697265625
-60575 2422.85693359375
-60565 2423.9609375
-60555 2426.8349609375
-60545 2428.1689453125
-60535 2426.904052734375
-60525 2425.7890625
-60515 2427.294921875
-60505 2429.135009765625
-60495 2432.549072265625
-60485 2432.779052734375
-60475 2429.85888671875
-60465 2424.719970703125
-60455 2420.281005859375
-60445 2418.866943359375
-60435 2418.556884765625
-60425 2418.235107421875
-60415 2416.131103515625
-60405 2413.2109375
-60395 2411.680908203125
-60385 2409.54296875
-60375 2406.001953125
-60365 2403.471923828125
-60355 2400.81591796875
-60345 2398.402099609375
-60335 2397.493896484375
-60325 2395.43603515625
-60315 2394.10205078125
-60305 2391.6298828125
-60295 2389.306884765625
-60285 2386.052978515625
-60275 2383.041015625
-60265 2380.27001953125
-60255 2377.465087890625
-60245 2374.591064453125
-60235 2371.635986328125
-60225 2368.806884765625
-60215 2365.77197265625
-60205 2362.989990234375
-60195 2359.85107421875
-60185 2357.7470703125
-60175 2355.861083984375
-60165 2353.631103515625
-60155 2352.113037109375
-60145 2349.779052734375
-60135 2346.93896484375
-60125 2345.052978515625
-60115 2342.8798828125
-60105 2340.110107421875
-58325 2627.09912109375
-58315 2638.52099609375
-58305 2659.550048828125
-58295 2689.030029296875
-58285 2700.169921875
-58275 2709.84912109375
-58265 2708.55908203125
-58255 2697.0009765625
-58245 2687.2900390625
-58235 2675.080078125
-58225 2660.570068359375
-58215 2645.0810546875
-58205 2632.90087890625
-58195 2615.801025390625
-58185 2597.87109375
-58175 2576.19091796875
-58165 2565.37109375
-58155 2557.98095703125
-58145 2551.97998046875
-58135 2548.678955078125
-58125 2537.910888671875
-58115 2523.208984375
-58105 2513.97998046875
-58095 2506.071044921875
-58085 2496.2890625
-58075 2491
-58065 2487.469970703125
-58055 2484.549072265625
-58045 2482.139892578125
-58035 2479.59912109375
-58025 2477.179931640625
-58015 2475.14892578125
-58005 2472.72998046875
-57995 2469.419921875
-57985 2467.14990234375
-57975 2463.341064453125
-57965 2456.87890625
-57955 2455.700927734375
-57945 2454.638916015625
-57935 2448.950927734375
-57925 2438.910888671875
-57915 2426.02001953125
-57905 2414.510009765625
-57895 2405.419921875
-57885 2399.330078125
