-73905 2922.68603515625
-73895 2927.527099609375
-73885 2931.89208984375
-73875 2938.218994140625
-73865 2942.509033203125
-73855 2948.39306640625
-73845 2953.35888671875
-73835 2959.01806640625
-73825 2967.02197265625
-73815 2973.85009765625
-73805 2985.993896484375
-73795 2996.618896484375
-73785 3009.031005859375
-73775 3018.419921875
-73765 3034.636962890625
-73755 3048.458984375
-73745 3061.4970703125
-73735 3078.055908203125
-73725 3085.700927734375
-73715 3095.449951171875
-73705 3104.406005859375
-73695 3114.797119140625
-73685 3122.909912109375
-73675 3131.281982421875
-73665 3140.7470703125
-73655 3149.743896484375
-73645 3156.672119140625
-73635 3169.3330078125
-73625 3184.181884765625
-73615 3200.156982421875
-73605 3204.989990234375
-73595 3206.64208984375
-73585 3207.569091796875
-73575 3206.8759765625
-73565 3206.43408203125
-73555 3202.903076171875
-73545 3196.134033203125
-73535 3189.180908203125
-73525 3181.7109375
-73515 3174.133056640625
-73505 3166.52099609375
-73495 3159.26806640625
-73485 3154.343017578125
-73475 3144.368896484375
-73465 3126.69091796875
-73455 3125.739990234375
-73445 3123.027099609375
-73435 3121.6669921875
-73425 3120.381103515625
-73415 3119.12890625
-73405 3117.492919921875
-73395 3115.698974609375
-73385 3114.071044921875
-73375 3112.778076171875
-73365 3111.0419921875
-73355 3108.6630859375
-73345 3105.48291015625
-73335 3101.41796875
-73325 3097.654052734375
-73315 3093.7890625
-73305 3089.10693359375
-73295 3084.490966796875
-73285 3080.97705078125
-73275 3077.797119140625
-73265 3074.467041015625
-73255 3070.635986328125
-73245 3066.35400390625
-73235 3063.6669921875
-73225 3048.366943359375
-73215 3049.06005859375
-73205 3051.68896484375
-73195 3053.384033203125
-73185 3053.860107421875
-73175 3054.343994140625
-73165 3054.16796875
-73155 3053.926025390625
-73145 3053.39990234375
-73135 3052.758056640625
-73125 3051.85595703125
-73115 3051.087890625
-73105 3050.0791015625
-73095 3048.551025390625
-73085 3047.14111328125
-73075 3045.462890625
-73065 3044.0439453125
-73055 3042.73388671875
-73045 3041.14794921875
-73035 3039.669921875
-73025 3038.159912109375
-73015 3037.032958984375
-73005 3036.14794921875
-72995 3035.3798828125
-72985 3034.9208984375
-72975 3034.696044921875
-72965 3034.780029296875
-72955 3035.172119140625
-72945 3035.8310546875
-72935 3036.76611328125
-72925 3037.992919921875
-72915 3039.469970703125
-72905 3041.055908203125
-72895 3042.44091796875
-72885 3043.9189453125
-72875 3045.52099609375
-72865 3047.02392578125
-72855 3048.7099609375
-72845 3050.72900390625
-72835 3053.157958984375
-72825 3056.14599609375
-72815 3058.926025390625
-72805 3061.363037109375
-72795 3059.60205078125
-72785 3066.35400390625
-72775 3070.785888671875
-72765 3073.841064453125
-72755 3077.18798828125
-72745 3080.927001953125
-72735 3084.633056640625
-72725 3085.551025390625
-72715 3083.632080078125
-72705 3082.470947265625
-72695 3081.18603515625
-72685 3080.7099609375
-72675 3080.843994140625
-72665 3081.10302734375
-72655 3080.968994140625
-72645 3080.760009765625
-72635 3078.60693359375
-72625 3064.9189453125
-72615 3050.386962890625
-72605 3033.927978515625
-72595 3014.364013671875
-72585 2989.2080078125
-72575 2970.85400390625
-72565 2965.052978515625
-72555 2959.778076171875
-72545 2955.5458984375
-72535 2951.5400390625
-72525 2947.968017578125
-72515 2944.386962890625
-72505 2940.81494140625
-72495 2937.44091796875
-72485 2934.22802734375
-72475 2931.158935546875
-72465 2928.01904296875
-72455 2925.248046875
-72445 2922.736083984375
-72435 2920.39794921875
-72425 2918.205078125
-72415 2916.155029296875
-72405 2914.0029296875
-72395 2911.861083984375
-72385 2909.9150390625
-72375 2907.864990234375
-72365 2905.826904296875
-72355 2903.972900390625
-72345 2902.14990234375
-72335 2900.44091796875
-72325 2898.844970703125
-72315 2897.43408203125
-72305 2896.197998046875
-72295 2894.756103515625
-72285 2893.10888671875
-72275 2891.388916015625
-72265 2889.48388671875
-72255 2887.342041015625
-72245 2884.757080078125
-72235 2881.656982421875
-72225 2878.31103515625
-72215 2874.1708984375
-72205 2869.218017578125
-72195 2864.0791015625
-72185 2859.197998046875
-72175 2854.965087890625
-72165 2850.907958984375
-72155 2846.9541015625
-72145 2843.493896484375
-72135 2840.384033203125
-72125 2837.758056640625
-72115 2835.656982421875
-72105 2834.10205078125
-72095 2832.803955078125
-72085 2831.55810546875
-72075 2830.281005859375
-72065 2829.06591796875
-72055 2827.861083984375
-72045 2826.532958984375
-72035 2825.0400390625
-72025 2823.072998046875
-72015 2820.797119140625
-72005 2817.152099609375
-71995 2815.319091796875
-71985 2812.1669921875
-71975 2809.077880859375
-71965 2808.131103515625
-71955 2806.81298828125
-71945 2805.833984375
-71935 2805.052001953125
-71925 2804.06298828125
-71915 2802.6630859375
-71905 2800.60302734375
-71895 2798.7080078125
-71885 2796.010009765625
-71875 2794.18798828125
-71865 2792.51904296875
-71855 2791.241943359375
-71845 2789.842041015625
-71835 2787.864990234375
-71825 2785.259033203125
-71815 2783.013916015625
-71805 2780.0791015625
-71795 2776.680908203125
-71785 2772.037109375
-71775 2767.361083984375
-71765 2765.208984375
-71755 2762.3359375
-71745 2758.587890625
-71735 2756.384033203125
-71725 2753.242919921875
-71715 2747.10498046875
-71705 2742.450927734375
-71695 2741.112060546875
-71685 2736.23095703125
-71675 2732.77099609375
-71665 2729.2080078125
-71655 2725.2119140625
-71645 2721.361083984375
-71635 2717.364990234375
-71625 2713.4619140625
-71615 2709.219970703125
-71605 2704.5859375
-71595 2699.281982421875
-71585 2690.5810546875
-71575 2681.7958984375
-71565 2674.4541015625
-71555 2669.861083984375
-71545 2666.544921875
-71535 2662.467041015625
-71525 2658.235107421875
-71515 2650.202880859375
-71505 2639.5029296875
-71495 2627.639892578125
-71485 2618.341064453125
-71475 2610.781982421875
-71465 2602.032958984375
-71455 2594.202880859375
-71445 2584.783935546875
-71435 2573.343017578125
-71425 2562.654052734375
-71415 2559.677001953125
-71405 2560.60107421875
-71395 2562.083984375
-71385 2563.93701171875
-71375 2561.949951171875
-71365 2558.840087890625
-71355 2556.029052734375
-71345 2554.257080078125
-71335 2552.89794921875
-71325 2552.197998046875
-71315 2552.114990234375
-71305 2551.81689453125
-71295 2550.93505859375
-71285 2548.1650390625
-71275 2548.2060546875
-71265 2550.333984375
-71255 2553.052001953125
-71245 2556.7080078125
-71235 2560.239990234375
-71225 2564.123046875
-71215 2567.830078125
-71205 2571.589111328125
-71195 2575.31005859375
-71185 2578.837890625
-71175 2584.162109375
-71165 2587.8798828125
-71155 2591.06201171875
-71145 2595.97412109375
-71135 2598.053955078125
-71125 2600.217041015625
-71115 2600.73193359375
-71105 2595.799072265625
-71095 2595.324951171875
-71085 2593.876953125
-71075 2596.798095703125
-71065 2598.3740234375
-71055 2595.7099609375
-71045 2593.44091796875
-71035 2590.424072265625
-71025 2587.695068359375
-71015 2586.87109375
-71005 2586.458984375
-70995 2585.14111328125
-70985 2583.10205078125
-70975 2582.617919921875
-70965 2581.547119140625
-70955 2580.156005859375
-70945 2578.447021484375
-70935 2572.9580078125
-70925 2571.073974609375
-70915 2570.291015625
-70905 2569.6630859375
-70895 2569.447021484375
-70885 2569.5390625
-70875 2569.5390625
-70865 2569.531982421875
-70855 2569.509033203125
-70845 2569.488037109375
-70835 2569.47802734375
-70825 2569.72509765625
-70815 2571.031982421875
-70805 2575.614990234375
-70795 2583.595947265625
-70785 2588.590087890625
-70775 2597.5810546875
-70765 2607.02392578125
-70755 2605.510009765625
-70745 2610.237060546875
-70735 2620.410888671875
-70725 2628.416015625
-70715 2632.758056640625
-70705 2638.339111328125
-70695 2645.75390625
-70685 2648.24609375
-70675 2651.85009765625
-70665 2655.824951171875
-70655 2659.3779296875
-70645 2663.5380859375
-70635 2667.287109375
-70625 2672.528076171875
-70615 2677.718994140625
-70605 2682.218994140625
-70595 2687.635009765625
-70585 2690.281982421875
-70575 2689.798095703125
-70565 2692.64990234375
-70555 2697.283935546875
-70545 2699.84912109375
-70535 2701.548095703125
-70525 2702.485107421875
-70515 2704.802001953125
-70505 2708.06591796875
-70495 2710.25
-70485 2712.10302734375
-70475 2713.339111328125
-70465 2714.337890625
-70455 2713.967041015625
-70445 2714.44091796875
-70435 2715.469970703125
-70425 2714.132080078125
-70415 2713.575927734375
-70405 2712.258056640625
-70395 2712.196044921875
-70385 2712.740966796875
-70375 2710.5791015625
-70365 2708.31298828125
-70355 2707.386962890625
-70345 2707.8291015625
-70335 2708.1689453125
-70325 2706.572998046875
-70315 2706.3359375
-70305 2705.347900390625
-70295 2704.574951171875
-70285 2705.347900390625
-70275 2708.06591796875
-70265 2704.8330078125
-70255 2703.5869140625
-70245 2703.555908203125
-70235 2704.89501953125
-70225 2702.10400390625
-70215 2699.10693359375
-70205 2700.239990234375
-70195 2699.02490234375
-70185 2694.154052734375
-70175 2691.322021484375
-70165 2689.839111328125
-70155 2688.027099609375
-70145 2686.419921875
-70135 2685.092041015625
-70125 2684.175048828125
-70115 2684.39208984375
-70105 2685.864013671875
-70095 2687.43994140625
-70085 2689.736083984375
-70075 2689.654052734375
-70065 2691.990966796875
-70055 2693.5048828125
-70045 2695.22509765625
-70035 2698.43798828125
-70025 2703.072021484375
-70015 2708.797119140625
-70005 2708.868896484375
-69995 2709.823974609375
-69985 2710.844970703125
-69975 2707.35400390625
-69965 2708.114990234375
-69955 2708.989990234375
-69945 2709.27099609375
-69935 2709.5419921875
-69925 2710.406982421875
-69915 2711.344970703125
-69905 2711.635986328125
-69895 2714.240966796875
-69885 2717.032958984375
-69875 2725.512939453125
-69865 2725.117919921875
-69855 2727.596923828125
-69845 2730.169921875
-69835 2730.31591796875
-69825 2730.346923828125
-69815 2726.388916015625
-69805 2721.887939453125
-69795 2719.241943359375
-69785 2716.574951171875
-69775 2718.4189453125
-69765 2718.8349609375
-69755 2721.64794921875
-69745 2722.14794921875
-69735 2730.930908203125
-69725 2740.8798828125
-69715 2744.64111328125
-69705 2740.35888671875
-69695 2736.764892578125
-69685 2731.87890625
-69675 2725.429931640625
-69665 2721.158935546875
-69655 2718.011962890625
-69645 2717.678955078125
-69635 2718.115966796875
-69625 2718.501953125
-69615 2718.616943359375
-69605 2719.8349609375
-69595 2722.970947265625
-69585 2723.762939453125
-69575 2723.054931640625
-69565 2720.970947265625
-69555 2718.720947265625
-69545 2715.85595703125
-69535 2709.68798828125
-69525 2705.927001953125
-69515 2701.31201171875
-69505 2696.780029296875
-69495 2691.925048828125
-69485 2689.758056640625
-69475 2688.26904296875
-69465 2687.4140625
-69455 2685.904052734375
-69445 2682.51806640625
-69435 2681.882080078125
-69425 2680.986083984375
-69415 2680.861083984375
-69405 2679.10107421875
-69395 2676.35009765625
-69385 2674.006103515625
-69375 2672.412109375
-69365 2669.818115234375
-69355 2665.5048828125
-69345 2662.19189453125
-69335 2660.409912109375
-69325 2656.492919921875
-69315 2652.919921875
-69305 2650.720947265625
-69295 2652.200927734375
-69285 2653.804931640625
-69275 2653.794921875
-69265 2655.200927734375
-69255 2658.5869140625
-69245 2662.56689453125
-69235 2669.01611328125
-69225 2676.47509765625
-69215 2680.194091796875
-69205 2682.080078125
-69195 2684.695068359375
-69185 2688.029052734375
-69175 2691.9150390625
-69165 2695.863037109375
-69155 2701.52099609375
-69145 2705.3330078125
-69135 2709.573974609375
-69125 2715.094970703125
-69115 2718.761962890625
-69105 2723.23193359375
-69095 2725.262939453125
-69085 2724.825927734375
-69075 2722.991943359375
-69065 2717.10595703125
-69055 2713.594970703125
-69045 2711.469970703125
-69035 2709.843994140625
-69025 2708.697998046875
-69015 2708.77099609375
-69005 2708.531982421875
-68995 2707.302001953125
-68985 2704.97900390625
-68975 2702.968994140625
-68965 2701.010009765625
-68955 2699.843017578125
-68945 2699.89501953125
-68935 2700.260009765625
-68925 2700.22900390625
-68915 2700.052001953125
-68905 2699.14501953125
-68895 2698.3740234375
-68885 2697.43701171875
-68875 2696.83203125
-68865 2698.1240234375
-68855 2698.635009765625
-68845 2698.781005859375
-68835 2699.885009765625
-68825 2700.39501953125
-68815 2699.551025390625
-68805 2700.427001953125
-68795 2702.39599609375
-68785 2704.5419921875
-68775 2705.52099609375
-68765 2705.22900390625
-68755 2705.77099609375
-68745 2707.447998046875
-68735 2708.89599609375
-68725 2711.85498046875
-68715 2715.02197265625
-68705 2713.64697265625
-68695 2713.02197265625
-68685 2714.365966796875
-68675 2713.4599609375
-68665 2710.489990234375
-68655 2706.218994140625
-68645 2701.593017578125
-68635 2699.2080078125
-68625 2697.530029296875
-68615 2700.22900390625
-68605 2700.35400390625
-68595 2696.030029296875
-68585 2696.93701171875
-68575 2696.20703125
-68565 2695.7490234375
-68555 2696.676025390625
-68545 2698.22802734375
-68535 2704.135009765625
-68525 2705.875
-68515 2707.968994140625
-68505 2710.010986328125
-68495 2712.177978515625
-68485 2712.7509765625
-68475 2711.7509765625
-68465 2713.073974609375
-68455 2716.636962890625
-68445 2717.782958984375
-68435 2716.511962890625
-68425 2715.06396484375
-68415 2713.9599609375
-68405 2711.91796875
-68395 2711.094970703125
-68385 2710.989990234375
-68375 2711.54296875
-68365 2709.552978515625
-68355 2705.5419921875
-68345 2703.8330078125
-68335 2702.885009765625
-68325 2701.781005859375
-68315 2699.426025390625
-68305 2695.905029296875
-68295 2694.905029296875
-68285 2693.071044921875
-68275 2691.592041015625
-68265 2690.85205078125
-68255 2690.06103515625
-68245 2690.43603515625
-68235 2691.01904296875
-68225 2690.508056640625
-68215 2690.1650390625
-68205 2690.2900390625
-68195 2690.22705078125
-68185 2690.1650390625
-68175 2689.9560546875
-68165 2690.592041015625
-68155 2690.623046875
-68145 2690.238037109375
-68135 2692.0400390625
-68125 2691.800048828125
-68115 2691.196044921875
-68105 2692.800048828125
-68095 2695.405029296875
-68085 2699.2490234375
-68075 2702.64599609375
-68065 2703.802001953125
-68055 2704.27099609375
-68045 2703
-68035 2703.02099609375
-68025 2701.791015625
-68015 2701.97900390625
-68005 2701.760009765625
-67995 2703.68798828125
-67985 2704.885009765625
-67975 2703.93798828125
-67965 2703.093994140625
-67955 2701.4580078125
-67945 2697.83203125
-67935 2693.0400390625
-67925 2690.946044921875
-67915 2689.404052734375
-67905 2689.39404296875
-67895 2691.89404296875
-67885 2688.717041015625
-67875 2687.998046875
-67865 2684.487060546875
-67855 2682.80908203125
-67845 2681.1220703125
-67835 2676.590087890625
-67825 2672.297119140625
-67815 2668.797119140625
-67805 2669.14111328125
-67795 2669.39111328125
-67785 2669.84912109375
-67775 2668.8798828125
-67765 2668.40087890625
-67755 2670.65087890625
-67745 2673.24609375
-67735 2674.60009765625
-67725 2678.1630859375
-67715 2689.050048828125
-67705 2681.2470703125
-67695 2674.735107421875
-67685 2674.069091796875
-67675 2672.912109375
-67665 2670.589111328125
-67655 2668.02587890625
-67645 2666.764892578125
-67635 2665.868896484375
-67625 2663.44189453125
-67615 2664.44189453125
-67605 2663.910888671875
-67595 2662.618896484375
-67585 2661.35791015625
-67575 2660.85791015625
-67565 2661.81689453125
-67555 2662.222900390625
-67545 2662.98388671875
-67535 2663.764892578125
-67525 2664.31689453125
-67515 2664.868896484375
-67505 2664.97509765625
-67495 2665.466064453125
-67485 2665.64697265625
-67475 2665.284912109375
-67465 2665.117919921875
-67455 2665.242919921875
-67445 2664.52001953125
-67435 2661.958984375
-67425 2661.193115234375
-67415 2662.1669921875
-67405 2663.531005859375
-67395 2664.464111328125
-67385 2665.326904296875
-67375 2666.6630859375
-67365 2667.73388671875
-67355 2668.569091796875
-67345 2669.264892578125
-67335 2668.820068359375
-67325 2668.554931640625
-67315 2668.471923828125
-67305 2670.990966796875
-67295 2670.2109375
-67285 2670.962890625
-67275 2671.89599609375
-67265 2672.535888671875
-67255 2670.364990234375
-67245 2672.10400390625
-67235 2676.097900390625
-67225 2678.47802734375
-67215 2680.4541015625
-67205 2682.179931640625
-67195 2683.5439453125
-67185 2682.555908203125
-67175 2683.55810546875
-67165 2688.135986328125
-67155 2691.698974609375
-67145 2695.06689453125
-67135 2697.39111328125
-67125 2699.60400390625
-67115 2700.99609375
-67105 2704.947998046875
-67095 2708.31591796875
-67085 2712.10107421875
-67075 2716.0400390625
-67065 2719.866943359375
-67055 2723.2900390625
-67045 2727.298095703125
-67035 2730.945068359375
-67025 2733.26904296875
-67015 2735.48095703125
-67005 2737.611083984375
-66995 2740.991943359375
-66985 2743.844970703125
-66975 2746.26708984375
-66965 2750.803955078125
-66955 2764.553955078125
-66945 2794.3359375
-66935 2806.0400390625
-66925 2823.839111328125
-66915 2830.198974609375
-66905 2839.385009765625
-66895 2855.486083984375
-66885 2859.787109375
-66875 2862.361083984375
-66865 2868.052978515625
-66855 2876.278076171875
-66845 2854.553955078125
-66835 2832.7041015625
-66825 2817.993896484375
-66815 2803.423095703125
-66805 2788.2119140625
-66795 2776.93994140625
-66785 2770.52392578125
-66775 2764.803955078125
-66765 2760.18408203125
-66755 2754.297119140625
-66745 2746.544921875
-66735 2738.571044921875
-66725 2734.257080078125
-66715 2729.9150390625
-66705 2725.9619140625
-66695 2721.93994140625
-66685 2718.656005859375
-66675 2716.595947265625
-66665 2715.06494140625
-66655 2713.215087890625
-66645 2711.47509765625
-66635 2709.345947265625
-66625 2706.841064453125
-66615 2704.405029296875
-66605 2701.69091796875
-66595 2699.199951171875
-66585 2695.902099609375
-66575 2693.77294921875
-66565 2692.256103515625
-66555 2690.22412109375
-66545 2687.39892578125
-66535 2684.114990234375
-66525 2680.94091796875
-66515 2678.087890625
-66505 2675.486083984375
-66495 2673.10595703125
-66485 2670.072021484375
-66475 2666.60693359375
-66465 2662.571044921875
-66455 2659.81591796875
-66445 2655.488037109375
-66435 2653.73388671875
-66425 2652.77392578125
-66415 2651.785888671875
-66405 2651.257080078125
-66395 2652.035888671875
-66385 2652.802001953125
-66375 2652.050048828125
-66365 2651.340087890625
-66355 2651.367919921875
-66345 2649.4609375
-66335 2648.89111328125
-66325 2647.778076171875
-66315 2643.281982421875
-66305 2639.677978515625
-66295 2636.782958984375
-66285 2633.666015625
-66275 2630.325927734375
-66265 2628.656005859375
-66255 2627.125
-66245 2626.929931640625
-66235 2627.9599609375
-66225 2625.48291015625
-66215 2624.201904296875
-66205 2622.964111328125
-66195 2622.93603515625
-66185 2623.325927734375
-66175 2619.902099609375
-66165 2616.575927734375
-66155 2613.988037109375
-66145 2611.9140625
-66135 2613.806884765625
-66125 2616.339111328125
-66115 2612.0810546875
-66105 2608.823974609375
-66095 2605.344970703125
-66085 2605.9990234375
-66075 2606.486083984375
-66065 2606.319091796875
-66055 2602.924072265625
-66045 2599.262939453125
-66035 2599.25
-66025 2601.43505859375
-66015 2599.7919921875
-66005 2599.638916015625
-65995 2600.989013671875
-65985 2601.922119140625
-65975 2599.945068359375
-65965 2598.2060546875
-65955 2596.39599609375
-65945 2597.134033203125
-65935 2598.902099609375
-65925 2598.8740234375
-65915 2598.58203125
-65905 2598.386962890625
-65895 2596.926025390625
-65885 2591.27490234375
-65875 2587.739990234375
-65865 2583.202880859375
-65855 2581.06005859375
-65845 2575.14599609375
-65835 2573.97705078125
-65825 2575.075927734375
-65815 2572.822021484375
-65805 2571.763916015625
-65795 2568.492919921875
-65785 2567.991943359375
-65775 2569.8291015625
-65765 2574.449951171875
-65755 2577.052001953125
-65745 2579.264892578125
-65735 2582.72998046875
-65725 2585.820068359375
-65715 2589.64697265625
-65705 2595.22802734375
-65695 2603.926025390625
-65685 2622.93603515625
-65675 2647.763916015625
-65665 2648.905029296875
-65655 2645.843017578125
-65645 2627.013916015625
-65635 2612.123046875
-65625 2600.7109375
-65615 2581.93701171875
-65605 2571.541015625
-65595 2554.701904296875
-65585 2550.052978515625
-65575 2539.72705078125
-65565 2524.614013671875
-65555 2517.376953125
-65545 2509.930908203125
-65535 2502.820068359375
-65525 2494.52490234375
-65515 2486.160888671875
-65505 2478.743896484375
-65495 2470.839111328125
-65485 2463.114990234375
-65475 2455.14111328125
-65465 2447.403076171875
-65455 2440.388916015625
-65445 2434.154052734375
-65435 2425.1640625
-65425 2418.260986328125
-65415 2412.7080078125
-65405 2401.51904296875
-65395 2393.822998046875
-65385 2387.490966796875
-65375 2379.7529296875
-65365 2372.7109375
-65355 2365.6689453125
-65345 2359.05908203125
-65335 2352.587890625
-65325 2344.22412109375
-65315 2333.591064453125
-65305 2324.697998046875
-65295 2317.5869140625
-65285 2311.51904296875
-65275 2305.89697265625
-65265 2302.0830078125
-65255 2294.2900390625
-65245 2286.27392578125
-65235 2278.368896484375
-65225 2271.717041015625
-65215 2266.427978515625
-65205 2261.47412109375
-65195 2256.60302734375
-65185 2250.842041015625
-65175 2245.52490234375
-65165 2240.321044921875
-65155 2236.68798828125
-65145 2232.178955078125
-65135 2229.325927734375
-65125 2225.679931640625
-65115 2222.72900390625
-65105 2220.5859375
-65095 2218.27587890625
-65085 2215.423095703125
-65075 2212.529052734375
-65065 2209.912109375
-65055 2207.839111328125
-65045 2205.513916015625
-65035 2204.052978515625
-65025 2201.032958984375
-65015 2200.865966796875
-65005 2200.177001953125
-64995 2201.594970703125
-64985 2203.486083984375
-64975 2206.25
-64965 2209.2060546875
-64955 2213.034912109375
-64945 2215.402099609375
-64935 2221.631103515625
-64925 2228.60595703125
-64915 2234.722900390625
-64905 2240.076904296875
-64895 2246.195068359375
-64885 2251.326904296875
-64875 2254.18701171875
-64865 2256.904052734375
-64855 2260.68505859375
-64845 2263.402099609375
-64835 2267.64501953125
-64825 2270.425048828125
-64815 2275.176025390625
-64805 2278.09912109375
-64795 2282.135009765625
-64785 2284.660888671875
-64775 2286.615966796875
-64765 2288.013916015625
-64755 2290.7470703125
-64745 2295.242919921875
-64735 2299.802978515625
-64725 2305.014892578125
-64715 2311.910888671875
-64705 2318.805908203125
-64695 2321.239990234375
-64685 2322.031982421875
-64675 2325.27294921875
-64665 2329.721923828125
-64655 2334.093994140625
-64645 2340.68505859375
-64635 2347.10400390625
-64625 2350.238037109375
-64615 2354.7470703125
-64605 2358.322021484375
-64595 2362.325927734375
-64585 2365.5029296875
-64575 2369.85693359375
-64565 2375.544921875
-64555 2381.5830078125
-64545 2388.259033203125
-64535 2394.928955078125
-64525 2401.635009765625
-64515 2411.216064453125
-64505 2417.93701171875
-64495 2423.802001953125
-64485 2429.666015625
-64475 2441.89697265625
-64465 2454.322021484375
-64455 2446.77490234375
-64445 2432.5859375
-64435 2426.35693359375
-64425 2424.532958984375
-64415 2424.7529296875
-64405 2415.075927734375
-64395 2404.573974609375
-64385 2397.125
-64375 2393.5791015625
-64365 2389.3369140625
-64355 2385.14208984375
-64345 2381.5380859375
-64335 2377.10498046875
-64325 2371.923095703125
-64315 2367.77587890625
-64305 2361.404052734375
-64295 2354.68310546875
-64285 2346.802001953125
-64275 2340.8759765625
-64265 2336.52197265625
-64255 2332.343994140625
-64245 2328.64501953125
-64235 2324.573974609375
-64225 2322.68310546875
-64215 2320.85595703125
-64205 2320.85595703125
-64195 2320.251953125
-64185 2321.110107421875
-64175 2320.967041015625
-64165 2322.364990234375
-64155 2324.89208984375
-64145 2327.751953125
-64135 2329.56298828125
-64125 2332.0419921875
-64115 2335.1240234375
-64105 2336.553955078125
-64095 2335.569091796875
-64085 2334.408935546875
-64075 2330.10302734375
-64065 2323.68408203125
-64055 2321.905029296875
-64045 2317.885009765625
-64035 2313.48388671875
-64025 2303.426025390625
-64015 2297.81689453125
-64005 2290.635009765625
-63995 2276.81201171875
-63985 2270.23388671875
-63975 2265.212890625
-63965 2261.527099609375
-63955 2258.68310546875
-63945 2255.6640625
-63935 2251.819091796875
-63925 2247.751953125
-63915 2242.3330078125
-63905 2237.821044921875
-63895 2233.531005859375
-63885 2227.14404296875
-63875 2221.631103515625
-63865 2216.927001953125
-63855 2211.68408203125
-63845 2206.011962890625
-63835 2198.2900390625
-63825 2191.743896484375
-63815 2186.071044921875
-63805 2181.39990234375
-63795 2177.093994140625
-63785 2172.280029296875
-63775 2166.862060546875
-63765 2160.37890625
-63755 2155.549072265625
-63745 2152.990966796875
-63735 2147.319091796875
-63725 2141.471923828125
-63715 2136.737060546875
-63705 2132.033935546875
-63695 2126.50390625
-63685 2122.945068359375
-63675 2117.68603515625
-63665 2114.985107421875
-63655 2110.885986328125
-63645 2109.56689453125
-63635 2108.677001953125
-63625 2106.785888671875
-63615 2103.22705078125
-63605 2100.52587890625
-63595 2098.25390625
-63585 2096.9189453125
-63575 2094.298095703125
-63565 2091.72412109375
-63555 2090.452880859375
-63545 2088.577880859375
-63535 2087.656005859375
-63525 2085.73388671875
-63515 2086.76708984375
-63505 2085.3359375
-63495 2084.717041015625
-63485 2084.35107421875
-63475 2084.763916015625
-63465 2086.6708984375
-63455 2089.070068359375
-63445 2091.739990234375
-63435 2093.885009765625
-63425 2095.77490234375
-63415 2097.490966796875
-63405 2099.794921875
-63395 2102.114990234375
-63385 2104.783935546875
-63375 2107.343017578125
-63365 2109.264892578125
-63355 2110.77392578125
-63345 2111.7119140625
-63335 2113.14208984375
-63325 2115.222900390625
-63315 2117.527099609375
-63305 2120.64111328125
-63295 2124.501953125
-63285 2129.3798828125
-63275 2133.01904296875
-63265 2138.818115234375
-63255 2144.18798828125
-63245 2149.1298828125
-63235 2154.675048828125
-63225 2159.5849609375
-63215 2164.193115234375
-63205 2170.10302734375
-63195 2176.7919921875
-63185 2182.94091796875
-63175 2189.4560546875
-63165 2196.303955078125
-63155 2202.0400390625
-63145 2209.93603515625
-63135 2216.912109375
-63125 2222.9169921875
-63115 2230.5439453125
-63105 2237.614990234375
-63095 2243.763916015625
-63085 2251.993896484375
-63075 2258.889892578125
-63065 2266.405029296875
-63055 2272.634033203125
-63045 2280.27587890625
-63035 2287.044921875
-63025 2291.541015625
-63015 2297.594970703125
-63005 2301.694091796875
-62995 2305.4599609375
-62985 2311.179931640625
-62975 2315.948974609375
-62965 2322.47705078125
-62955 2329.260986328125
-62945 2333.424072265625
-62935 2337.93603515625
-62925 2342.862060546875
-62915 2351.822998046875
-62905 2363.3740234375
-62895 2372.001953125
-62885 2379.23095703125
-62875 2391.946044921875
-62865 2397.281005859375
-62855 2400.98291015625
-62845 2404.9580078125
-62835 2408.467041015625
-62825 2413.666015625
-62815 2418.95703125
-62805 2428.614013671875
-62795 2434.55908203125
-62785 2440.947021484375
-62775 2446.011962890625
-62765 2449.427978515625
-62755 2451.62109375
-62745 2455.512939453125
-62735 2459.837890625
-62725 2462.824951171875
-62715 2465.700927734375
-62705 2470.465087890625
-62695 2476.58203125
-62685 2483.14697265625
-62675 2488.69189453125
-62665 2493.758056640625
-62655 2497.4150390625
-62645 2502.260986328125
-62635 2506.18310546875
-62625 2509.823974609375
-62615 2513.700927734375
-62605 2516.033935546875
-62595 2519.751953125
-62585 2521.7890625
-62575 2525.251953125
-62565 2527.587890625
-62555 2530.447998046875
-62545 2532.193115234375
-62535 2533.847900390625
-62525 2534.81689453125
-62515 2538.055908203125
-62505 2542.06298828125
-62495 2547.571044921875
-62485 2548.823974609375
-62475 2550.9619140625
-62465 2552.824951171875
-62455 2554.721923828125
-62445 2557.572998046875
-62435 2561.425048828125
-62425 2566.264892578125
-62415 2568.404052734375
-62405 2570.75
-62395 2574.2451171875
-62385 2573.302001953125
-62375 2571.405029296875
-62365 2566.875
-62355 2559.032958984375
-62345 2552.720947265625
-62335 2551.031005859375
-62325 2547.375
-62315 2543.156005859375
-62305 2538.258056640625
-62295 2535.60205078125
-62285 2533.761962890625
-62275 2531.89892578125
-62265 2531.760986328125
-62255 2531.990966796875
-62245 2530.39306640625
-62235 2529.449951171875
-62225 2528.323974609375
-62215 2527.611083984375
-62205 2527.10498046875
-62195 2526.4150390625
-62185 2525.89794921875
-62175 2527.679931640625
-62165 2529.783935546875
-62155 2530.35888671875
-62145 2533.0029296875
-62135 2535.60205078125
-62125 2537.60205078125
-62115 2539.6259765625
-62105 2542.27001953125
-62095 2543.4541015625
-62085 2544.764892578125
-62075 2545.041015625
-62065 2546.5009765625
-62055 2547.60498046875
-62045 2549.89306640625
-62035 2550.778076171875
-62025 2550.778076171875
-62015 2551.089111328125
-62005 2550.501953125
-61995 2551.697998046875
-61985 2554.04296875
-61975 2554.180908203125
-61965 2551.593994140625
-61955 2550.9619140625
-61945 2552.02001953125
-61935 2553.284912109375
-61925 2553.676025390625
-61915 2555.261962890625
-61905 2556.7451171875
-61895 2557.964111328125
-61885 2558.964111328125
-61875 2560.862060546875
-61865 2562.574951171875
-61855 2567.2890625
-61845 2568.242919921875
-61835 2569.071044921875
-61825 2571.635009765625
-61815 2572.783935546875
-61805 2573.97998046875
-61795 2574.590087890625
-61785 2575.14111328125
-61775 2577.050048828125
-61765 2581.465087890625
-61755 2587.052978515625
-61745 2590.3759765625
-61735 2593.053955078125
-61725 2597.010009765625
-61715 2600.48193359375
-61705 2603.966064453125
-61695 2610.77197265625
-61685 2616.5439453125
-61675 2617.705078125
-61665 2620.465087890625
-61655 2621.72900390625
-61645 2626.741943359375
-61635 2629.68603515625
-61625 2634.743896484375
-61615 2640.5048828125
-61605 2646.610107421875
-61595 2653.69189453125
-61585 2660.77490234375
-61575 2668.14501953125
-61565 2675.93994140625
-61555 2683.573974609375
-61545 2690.368896484375
-61535 2697.681884765625
-61525 2704.35009765625
-61515 2709.99609375
-61505 2716.73291015625
-61495 2723.735107421875
-61485 2730.760009765625
-61475 2748.68505859375
-61465 2761.48095703125
-61455 2775.4169921875
-61445 2779.2451171875
-61435 2783.636962890625
-61425 2788.673095703125
-61415 2792.719970703125
-61405 2796.490966796875
-61395 2800.297119140625
-61385 2801.884033203125
-61375 2802.666015625
-61365 2800.906005859375
-61355 2802.873046875
-61345 2798.860107421875
-61335 2788.7529296875
-61325 2779.93505859375
-61315 2765.22998046875
-61305 2748.9150390625
-61295 2735.716064453125
-61285 2723.56298828125
-61275 2692.715087890625
-61265 2686.804931640625
-61255 2683.402099609375
-61245 2686.62109375
-61235 2679.27392578125
-61225 2662.281005859375
-61215 2650.968017578125
-61205 2625.637939453125
-61195 2603.72412109375
-61185 2590.949951171875
-61175 2581.822021484375
-61165 2574.117919921875
-61155 2567.012939453125
-61145 2559.5849609375
-61135 2552.756103515625
-61125 2547.134033203125
-61115 2539.14306640625
-61105 2530.864990234375
-61095 2520.044921875
-61085 2497.487060546875
-61075 2473.6650390625
-61065 2462.971923828125
-61055 2451.93408203125
-61045 2446.507080078125
-61035 2438.044921875
-61025 2377.06298828125
-61015 2338.867919921875
-61005 2330.498046875
-60995 2314.758056640625
-60985 2306.56005859375
-60975 2302.201904296875
-60965 2297.5
-60955 2292.77392578125
-60945 2288.7041015625
-60935 2283.782958984375
-60925 2279.43701171875
-60915 2275.596923828125
-60905 2270.7109375
-60895 2265.68603515625
-60885 2260.673095703125
-60875 2255.39599609375
-60865 2251.613037109375
-60855 2246.738037109375
-60845 2242.989990234375
-60835 2239.64404296875
-60825 2236.62109375
