-73835 2970.0439453125
-73825 2977.697998046875
-73815 2984.968017578125
-73805 2991.862060546875
-73795 3000.48388671875
-73785 3015.257080078125
-73775 3029.738037109375
-73765 3046.798095703125
-73755 3061.2880859375
-73745 3074.10009765625
-73735 3083.447998046875
-73725 3092.169921875
-73715 3101.325927734375
-73705 3112.510009765625
-73695 3122.89404296875
-73685 3130.4140625
-73675 3140.37890625
-73665 3150.202880859375
-73655 3161.00390625
-73645 3162.3310546875
-73635 3166.99609375
-73625 3166.60400390625
-73615 3162.697998046875
-73605 3157.597900390625
-73595 3152.549072265625
-73585 3147.591064453125
-73575 3142.800048828125
-73565 3138.26806640625
-73555 3133.376953125
-73545 3127.926025390625
-73535 3121.8330078125
-73525 3112.6689453125
-73515 3106.10009765625
-73505 3091.785888671875
-73495 3078.006103515625
-73485 3071.678955078125
-73475 3063.89990234375
-73465 3061.27099609375
-73455 3057.64892578125
-73445 3055.237060546875
-73435 3053.05810546875
-73425 3051.1220703125
-73415 3048.826904296875
-73405 3046.089111328125
-73395 3043.450927734375
-73385 3039.72900390625
-73375 3036.39892578125
-73365 3034.470947265625
-73355 3033.56103515625
-73345 3032.43408203125
-73335 3031.08203125
-73325 3028.787109375
-73315 3025.072998046875
-73305 3021.658935546875
-73295 3019.881103515625
-73285 3015.3740234375
-73275 3007.419921875
-73265 3000.300048828125
-73255 2995.30908203125
-73245 2991.827880859375
-73235 2989.466064453125
-73225 2988.2060546875
-73215 2987.739013671875
-73205 2987.6298828125
-73195 2987.5380859375
-73185 2987.27099609375
-73175 2986.9208984375
-73165 2986.47802734375
-73155 2985.944091796875
-73145 2984.991943359375
-73135 2983.298095703125
-73125 2982.464111328125
-73115 2981.97900390625
-73105 2981.7041015625
-73095 2981.278076171875
-73085 2980.39404296875
-73075 2979.676025390625
-73065 2978.666015625
-73055 2977.489013671875
-73045 2976.31201171875
-73035 2975.319091796875
-73025 2971.52099609375
-73015 2970.202880859375
-73005 2969.819091796875
-72995 2970.10205078125
-72985 2969.76904296875
-72975 2969.927001953125
-72965 2969.76904296875
-72955 2970.719970703125
-72945 2973.031982421875
-72935 2974.10009765625
-72925 2974.283935546875
-72915 2972.4560546875
-72905 2975.952880859375
-72895 2979.968017578125
-72885 2980.97802734375
-72875 2984.43310546875
-72865 2987.06298828125
-72855 2987.822021484375
-72845 2991.5029296875
-72835 2994.2490234375
-72825 2997.077880859375
-72815 2999.865966796875
-72805 3002.236083984375
-72795 3004.791015625
-72785 3007.510986328125
-72775 3010.51611328125
-72765 3012.927978515625
-72755 3014.93994140625
-72745 3016.39208984375
-72735 3021.39990234375
-72725 3026.18310546875
-72715 3030.73095703125
-72705 3037.60107421875
-72695 3042.5830078125
-72685 3045.0791015625
-72675 3045.470947265625
-72665 3044.320068359375
-72655 3039.035888671875
-72645 3039.362060546875
-72635 3038.7109375
-72625 3039.052978515625
-72615 3038.986083984375
-72605 3038.968994140625
-72595 3036.84912109375
-72585 3033.410888671875
-72575 3029.10400390625
-72565 3026.68310546875
-72555 3021.85888671875
-72545 3020.156005859375
-72535 3019.113037109375
-72525 3020.639892578125
-72515 3017.326904296875
-72505 3015.010986328125
-72495 3013.19189453125
-72485 3011.06103515625
-72475 3008.239013671875
-72465 2999.177001953125
-72455 2995.861083984375
-72445 2989.949951171875
-72435 2979.343017578125
-72425 2981.587890625
-72415 2981.052001953125
-72405 2979.908935546875
-72395 2955.236083984375
-72385 2953.639892578125
-72375 2952.322021484375
-72365 2950.281982421875
-72355 2948.110107421875
-72345 2946.112060546875
-72335 2944.485107421875
-72325 2942.867919921875
-72315 2941.02490234375
-72305 2938.739013671875
-72295 2935.9169921875
-72285 2932.51904296875
-72275 2929.05908203125
-72265 2925.43408203125
-72255 2921.757080078125
-72245 2918.81201171875
-72235 2916.485107421875
-72225 2914.322021484375
-72215 2912.3349609375
-72205 2910.049072265625
-72195 2907
-72185 2904.10693359375
-72175 2899.215087890625
-72165 2889.175048828125
-72155 2881.68798828125
-72145 2873.8310546875
-72135 2867.416015625
-72125 2862.72998046875
-72115 2860.52587890625
-72105 2859.6298828125
-72095 2858.39501953125
-72085 2857.571044921875
-72075 2858.570068359375
-72065 2860.56689453125
-72055 2862.5859375
-72045 2864.160888671875
-72035 2865.118896484375
-72025 2865.552001953125
-72015 2865.39697265625
-72005 2864.81005859375
-71995 2863.85302734375
-71985 2862.472900390625
-71975 2860.7529296875
-71965 2858.89892578125
-71955 2857.014892578125
-71945 2854.552978515625
-71935 2851.968994140625
-71925 2849.764892578125
-71915 2847.798095703125
-71905 2846.037109375
-71895 2844.27587890625
-71885 2842.669921875
-71875 2841.35205078125
-71865 2840.27001953125
-71855 2838.715087890625
-71845 2836.614990234375
-71835 2834.626953125
-71825 2833.06201171875
-71815 2831.784912109375
-71805 2830.3740234375
-71795 2828.6240234375
-71785 2826.614990234375
-71775 2824.072021484375
-71765 2820.992919921875
-71755 2816.81201171875
-71745 2812.1259765625
-71735 2807.029052734375
-71725 2801.6640625
-71715 2796.39111328125
-71705 2791.159912109375
-71695 2786.072998046875
-71685 2780.72802734375
-71675 2775.35302734375
-71665 2769.112060546875
-71655 2763.159912109375
-71645 2757.6708984375
-71635 2752.193115234375
-71625 2747.507080078125
-71615 2743.625
-71605 2739.556884765625
-71595 2735.757080078125
-71585 2733.111083984375
-71575 2728.302001953125
-71565 2722.041015625
-71555 2715.666015625
-71545 2708.4580078125
-71535 2701.373046875
-71525 2697.23291015625
-71515 2695.132080078125
-71505 2689.1279296875
-71495 2686.091064453125
-71485 2682.548095703125
-71475 2680.839111328125
-71465 2676.718994140625
-71455 2670.695068359375
-71445 2666.2470703125
-71435 2659.470947265625
-71425 2652.0048828125
-71415 2642.02587890625
-71405 2640.60498046875
-71395 2635.867919921875
-71385 2634.694091796875
-71375 2626.4970703125
-71365 2621.44091796875
-71355 2617.445068359375
-71345 2614.43798828125
-71335 2607.405029296875
-71325 2600.8759765625
-71315 2598.887939453125
-71305 2600.340087890625
-71295 2598.135986328125
-71285 2598.528076171875
-71275 2599.958984375
-71265 2602.1630859375
-71255 2604.23291015625
-71245 2605.819091796875
-71235 2607.260009765625
-71225 2608.589111328125
-71215 2609.51611328125
-71205 2610.9580078125
-71195 2612.0390625
-71185 2612.945068359375
-71175 2613.76904296875
-71165 2614.23193359375
-71155 2613.89599609375
-71145 2615.070068359375
-71135 2615.18994140625
-71125 2615.323974609375
-71115 2614.616943359375
-71105 2614.35595703125
-71095 2613.35693359375
-71085 2612.408935546875
-71075 2610.97802734375
-71065 2609.485107421875
-71055 2607.60400390625
-71045 2605.910888671875
-71035 2603.68701171875
-71025 2601.916015625
-71015 2599.85595703125
-71005 2597.837890625
-70995 2595.988037109375
-70985 2594.0830078125
-70975 2592.616943359375
-70965 2591.258056640625
-70955 2590.537109375
-70945 2590.447998046875
-70935 2592.85400390625
-70925 2593.615966796875
-70915 2591.617919921875
-70905 2589.094970703125
-70895 2587.80810546875
-70885 2586.139892578125
-70875 2585.9130859375
-70865 2583.43505859375
-70855 2583.205078125
-70845 2583.9189453125
-70835 2585.06201171875
-70825 2585.47412109375
-70815 2587.9208984375
-70805 2590.43408203125
-70795 2593.718994140625
-70785 2597.137939453125
-70775 2602.969970703125
-70765 2614.2529296875
-70755 2619.875
-70745 2624.94189453125
-70735 2634.72509765625
-70725 2642.02587890625
-70715 2647.30908203125
-70705 2653.694091796875
-70695 2661.674072265625
-70685 2671.427001953125
-70675 2675.68994140625
-70665 2680.179931640625
-70655 2681.94091796875
-70645 2681.919921875
-70635 2683.18701171875
-70625 2684.052001953125
-70615 2686.5029296875
-70605 2689.489013671875
-70595 2692.465087890625
-70585 2694.575927734375
-70575 2697.60400390625
-70565 2700.7958984375
-70555 2704.44091796875
-70545 2707.675048828125
-70535 2709.764892578125
-70525 2712.010009765625
-70515 2716.39697265625
-70505 2720.3310546875
-70495 2722.113037109375
-70485 2723.739990234375
-70475 2726.94189453125
-70465 2729.55810546875
-70455 2730.60791015625
-70445 2734.376953125
-70435 2737.343017578125
-70425 2740.751953125
-70415 2743.7490234375
-70405 2746.6630859375
-70395 2749.320068359375
-70385 2747.445068359375
-70375 2746.837890625
-70365 2745.18994140625
-70355 2743.903076171875
-70345 2742.367919921875
-70335 2739.4951171875
-70325 2737.662109375
-70315 2735.47900390625
-70305 2733.264892578125
-70295 2731.10302734375
-70285 2729.35205078125
-70275 2727.9619140625
-70265 2726.993896484375
-70255 2726.654052734375
-70245 2728.73388671875
-70235 2727.694091796875
-70225 2728.72412109375
-70215 2736.992919921875
-70205 2738.65087890625
-70195 2740.6689453125
-70185 2742.64599609375
-70175 2746.81689453125
-70165 2747.764892578125
-70155 2749.02099609375
-70145 2746.77587890625
-70135 2745.633056640625
-70125 2745.674072265625
-70115 2741.533935546875
-70105 2740.175048828125
-70095 2737.487060546875
-70085 2736.612060546875
-70075 2735.737060546875
-70065 2735.60302734375
-70055 2739.072998046875
-70045 2738.177001953125
-70035 2736.777099609375
-70025 2737.867919921875
-70015 2739.444091796875
-70005 2741.136962890625
-69995 2742.8701171875
-69985 2745.360107421875
-69975 2747.9541015625
-69965 2751.028076171875
-69955 2754.26806640625
-69945 2757.68505859375
-69935 2761.237060546875
-69925 2764.467041015625
-69915 2767.217041015625
-69905 2769.791015625
-69895 2776.0419921875
-69885 2781.052978515625
-69875 2785.031982421875
-69865 2789.490966796875
-69855 2793.89794921875
-69845 2797.783935546875
-69835 2791.928955078125
-69825 2780.52099609375
-69815 2774.468994140625
-69805 2766.51904296875
-69795 2755.945068359375
-69785 2745.162109375
-69775 2735.69189453125
-69765 2726.0029296875
-69755 2712.31396484375
-69745 2708.375
-69735 2702.3330078125
-69725 2688.633056640625
-69715 2681.986083984375
-69705 2676.152099609375
-69695 2671.7041015625
-69685 2668.52587890625
-69675 2665.27587890625
-69665 2660.534912109375
-69655 2656.7119140625
-69645 2654.73193359375
-69635 2654.294921875
-69625 2655.27392578125
-69615 2653.596923828125
-69605 2650.52294921875
-69595 2646.678955078125
-69585 2641.0849609375
-69575 2636.81298828125
-69565 2632.989990234375
-69555 2629.197998046875
-69545 2622.6650390625
-69535 2618.821044921875
-69525 2615.904052734375
-69515 2614.10205078125
-69505 2612.654052734375
-69495 2611.14306640625
-69485 2610.10107421875
-69475 2607.569091796875
-69465 2605.590087890625
-69455 2602.756103515625
-69445 2601.412109375
-69435 2601.027099609375
-69425 2599.589111328125
-69415 2598.68310546875
-69405 2596.556884765625
-69395 2596.77587890625
-69385 2596.327880859375
-69375 2596.1201171875
-69365 2594.90087890625
-69355 2594.7548828125
-69345 2594.73388671875
-69335 2594.9951171875
-69325 2595.285888671875
-69315 2595.59912109375
-69305 2596.089111328125
-69295 2597.318115234375
-69285 2600.287109375
-69275 2604.22509765625
-69265 2606.6630859375
-69255 2607.455078125
-69245 2612.987060546875
-69235 2620.56103515625
-69225 2624.718017578125
-69215 2628.218017578125
-69205 2633.468994140625
-69195 2640.56396484375
-69185 2647.5439453125
-69175 2651.908935546875
-69165 2654.6279296875
-69155 2656.492919921875
-69145 2659.25390625
-69135 2664.785888671875
-69125 2666.547119140625
-69115 2669.1298828125
-69105 2673.048095703125
-69095 2676.777099609375
-69085 2680.986083984375
-69075 2685.4560546875
-69065 2693.509033203125
-69055 2700.447021484375
-69045 2705.114990234375
-69035 2707.14599609375
-69025 2711.97998046875
-69015 2715.157958984375
-69005 2716.85595703125
-68995 2719.626953125
-68985 2722.324951171875
-68975 2725.450927734375
-68965 2730.409912109375
-68955 2734.826904296875
-68945 2740.047119140625
-68935 2744.01611328125
-68925 2750.9130859375
-68915 2755.26806640625
-68905 2760.175048828125
-68895 2767.843017578125
-68885 2770.614013671875
-68875 2768.655029296875
-68865 2765.7900390625
-68855 2763.425048828125
-68845 2760.7060546875
-68835 2757.258056640625
-68825 2754.695068359375
-68815 2752.945068359375
-68805 2751.87109375
-68795 2749.05908203125
-68785 2745.110107421875
-68775 2741.47412109375
-68765 2737.48388671875
-68755 2733.993896484375
-68745 2734.472900390625
-68735 2731.472900390625
-68725 2728.846923828125
-68715 2728.35791015625
-68705 2728.179931640625
-68695 2726.158935546875
-68685 2723.429931640625
-68675 2723.095947265625
-68665 2723.054931640625
-68655 2723.054931640625
-68645 2723.89892578125
-68635 2724.887939453125
-68625 2723.89892578125
-68615 2725.98193359375
-68605 2727.27392578125
-68595 2725.658935546875
-68585 2727.5869140625
-68575 2731.347900390625
-68565 2731.388916015625
-68555 2732.27490234375
-68545 2733.77490234375
-68535 2737.014892578125
-68525 2737.243896484375
-68515 2738.243896484375
-68505 2742.610107421875
-68495 2744.027099609375
-68485 2743.902099609375
-68475 2743.735107421875
-68465 2745.39111328125
-68455 2748.30810546875
-68445 2748.6630859375
-68435 2743.964111328125
-68425 2741.0048828125
-68415 2737.743896484375
-68405 2734.31689453125
-68395 2730.89990234375
-68385 2728.27392578125
-68375 2726.14892578125
-68365 2724.3359375
-68355 2721.5859375
-68345 2719.9189453125
-68335 2718.2939453125
-68325 2719.011962890625
-68315 2722.887939453125
-68305 2725.2529296875
-68295 2724.804931640625
-68285 2722.6279296875
-68275 2721.0439453125
-68265 2720.8359375
-68255 2718.636962890625
-68245 2717.14794921875
-68235 2713.8349609375
-68225 2713.344970703125
-68215 2712.844970703125
-68205 2711.3759765625
-68195 2709.864990234375
-68185 2708.281982421875
-68175 2708.635986328125
-68165 2709.864990234375
-68155 2711.16796875
-68145 2713.094970703125
-68135 2713.907958984375
-68125 2715.178955078125
-68115 2717.761962890625
-68105 2719.06494140625
-68095 2719.011962890625
-68085 2717.490966796875
-68075 2717.81396484375
-68065 2718.2099609375
-68055 2713.64697265625
-68045 2711.68798828125
-68035 2710.302978515625
-68025 2709.85498046875
-68015 2710.052978515625
-68005 2711.781982421875
-67995 2716.0849609375
-67985 2716.73095703125
-67975 2719.220947265625
-67965 2722.866943359375
-67955 2723.012939453125
-67945 2725.14892578125
-67935 2725.762939453125
-67925 2724.89892578125
-67915 2726.39892578125
-67905 2728.919921875
-67895 2728.85791015625
-67885 2731.69091796875
-67875 2729.85791015625
-67865 2730.44091796875
-67855 2729.055908203125
-67845 2724.23193359375
-67835 2720.251953125
-67825 2718.9599609375
-67815 2721.824951171875
-67805 2728.14892578125
-67795 2731.19091796875
-67785 2733.159912109375
-67775 2734.62890625
-67765 2740.181884765625
-67755 2755.299072265625
-67745 2764.405029296875
-67735 2766.2490234375
-67725 2767.572021484375
-67715 2766.280029296875
-67705 2763.821044921875
-67695 2760.18505859375
-67685 2756.737060546875
-67675 2754.257080078125
-67665 2752.215087890625
-67655 2752.01708984375
-67645 2749.402099609375
-67635 2746.05810546875
-67625 2742.756103515625
-67615 2740.02587890625
-67605 2738.410888671875
-67595 2736.19189453125
-67585 2734.94189453125
-67575 2731.89990234375
-67565 2729.284912109375
-67555 2727.679931640625
-67545 2727.6279296875
-67535 2729.12890625
-67525 2730.3369140625
-67515 2733.19189453125
-67505 2734.837890625
-67495 2736.90087890625
-67485 2737.303955078125
-67475 2737.485107421875
-67465 2739.76806640625
-67455 2739.489990234375
-67445 2740.547119140625
-67435 2741.716064453125
-67425 2743.19091796875
-67415 2744.360107421875
-67405 2743.803955078125
-67395 2742.050048828125
-67385 2741.424072265625
-67375 2740.923095703125
-67365 2740.337890625
-67355 2739.87890625
-67345 2741.967041015625
-67335 2743.31689453125
-67325 2743.9990234375
-67315 2744.596923828125
-67305 2745.362060546875
-67295 2745.59912109375
-67285 2745.9189453125
-67275 2746.239013671875
-67265 2747.506103515625
-67255 2748.758056640625
-67245 2749.551025390625
-67235 2752.655029296875
-67225 2755.075927734375
-67215 2761.407958984375
-67205 2763.23193359375
-67195 2770.955078125
-67185 2766.76611328125
-67175 2765.945068359375
-67165 2768.798095703125
-67155 2772.555908203125
-67145 2777.385009765625
-67135 2780.09912109375
-67125 2780.43310546875
-67115 2780.09912109375
-67105 2781.448974609375
-67095 2784.510009765625
-67085 2787.39111328125
-67075 2791.635986328125
-67065 2795.22607421875
-67055 2803.507080078125
-67045 2808.22509765625
-67035 2806.944091796875
-67025 2809.073974609375
-67015 2812.802978515625
-67005 2816.365966796875
-66995 2820.235107421875
-66985 2824.14599609375
-66975 2829.3359375
-66965 2842.68310546875
-66955 2857.197998046875
-66945 2870.8779296875
-66935 2877.55810546875
-66925 2877.4189453125
-66915 2913.18603515625
-66905 2929.718994140625
-66895 2918.89111328125
-66885 2904.125
-66875 2892.908935546875
-66865 2882.318115234375
-66855 2877.04296875
-66845 2870.947998046875
-66835 2861.248046875
-66825 2850.031005859375
-66815 2840.2060546875
-66805 2834.903076171875
-66795 2826.9150390625
-66785 2814.514892578125
-66775 2809.964111328125
-66765 2806.360107421875
-66755 2795.72705078125
-66745 2788.797119140625
-66735 2783.759033203125
-66725 2779.5419921875
-66715 2775.35302734375
-66705 2771.8740234375
-66695 2767.281005859375
-66685 2762.702880859375
-66675 2758.053955078125
-66665 2754.589111328125
-66655 2750.95703125
-66645 2748.200927734375
-66635 2744.277099609375
-66625 2741.006103515625
-66615 2738.3759765625
-66605 2736.02392578125
-66595 2733.965087890625
-66585 2732.26708984375
-66575 2729.719970703125
-66565 2726.365966796875
-66555 2724.514892578125
-66545 2721.81494140625
-66535 2720.241943359375
-66525 2718.794921875
-66515 2719.490966796875
-66505 2724.070068359375
-66495 2725.39208984375
-66485 2729.928955078125
-66475 2738.013916015625
-66465 2744.9169921875
-66455 2746.948974609375
-66445 2748.81396484375
-66435 2748.64697265625
-66425 2746.239013671875
-66415 2745
-66405 2742.5791015625
-66395 2740.01806640625
-66385 2737.277099609375
-66375 2734.424072265625
-66365 2731
-66355 2707.550048828125
-66345 2702.971923828125
-66335 2696.137939453125
-66325 2691.50390625
-66315 2682.833984375
-66305 2677.1279296875
-66295 2672.341064453125
-66285 2668.387939453125
-66275 2661.471923828125
-66265 2653.748046875
-66255 2649.419921875
-66245 2647.512939453125
-66235 2647.0400390625
-66225 2646.343994140625
-66215 2645.06396484375
-66205 2643.2548828125
-66195 2638.8291015625
-66185 2637.534912109375
-66175 2636.964111328125
-66165 2637.507080078125
-66155 2637.39599609375
-66145 2637.883056640625
-66135 2638.9541015625
-66125 2639.886962890625
-66115 2639.873046875
-66105 2638.509033203125
-66095 2637.06201171875
-66085 2635.05810546875
-66075 2633.804931640625
-66065 2635.97607421875
-66055 2635.989990234375
-66045 2642.126953125
-66035 2649.2939453125
-66025 2650.43603515625
-66015 2648.389892578125
-66005 2645.10498046875
-65995 2641.72412109375
-65985 2639.02392578125
-65975 2637.60400390625
-65965 2636.22705078125
-65955 2636.0869140625
-65945 2636.797119140625
-65935 2637.241943359375
-65925 2635.89306640625
-65915 2631.243896484375
-65905 2625.051025390625
-65895 2624.31396484375
-65885 2625.093017578125
-65875 2624.926025390625
-65865 2624.22998046875
-65855 2623.325927734375
-65845 2622.156982421875
-65835 2621.16796875
-65825 2620.555908203125
-65815 2625.427001953125
-65805 2623.590087890625
-65795 2623.841064453125
-65785 2624.034912109375
-65775 2625.2880859375
-65765 2627.806884765625
-65755 2633.804931640625
-65745 2638.73193359375
-65735 2643.114990234375
-65725 2647.945068359375
-65715 2654.679931640625
-65705 2673.8720703125
-65695 2680.10595703125
-65685 2673.677001953125
-65675 2650.81201171875
-65665 2642.68408203125
-65655 2641.779052734375
-65645 2639.455078125
-65635 2637.089111328125
-65625 2626.052978515625
-65615 2612.219970703125
-65605 2600.014892578125
-65595 2587.7958984375
-65585 2578.554931640625
-65575 2565.876953125
-65565 2552.6279296875
-65555 2517.781005859375
-65545 2510.083984375
-65535 2502.3330078125
-65525 2496.72412109375
-65515 2492.576904296875
-65505 2486.99609375
-65495 2482.195068359375
-65485 2477.51904296875
-65475 2472.885009765625
-65465 2467.386962890625
-65455 2463.490966796875
-65445 2459.093017578125
-65435 2453.720947265625
-65425 2446.818115234375
-65415 2441.26611328125
-65405 2435.0869140625
-65395 2431.593994140625
-65385 2427.72509765625
-65375 2423.785888671875
-65365 2418.943115234375
-65355 2409.967041015625
-65345 2409.424072265625
-65335 2408.0458984375
-65325 2405.554931640625
-65315 2404.14892578125
-65305 2401.824951171875
-65295 2397.0380859375
-65285 2392.91796875
-65275 2387.365966796875
-65265 2375.81494140625
-65255 2362.635009765625
-65245 2354.216064453125
-65235 2346.297119140625
-65225 2336.930908203125
-65215 2320.134033203125
-65205 2308.20703125
-65195 2301.568115234375
-65185 2299.64794921875
-65175 2297.35205078125
-65165 2294.875
-65155 2293.873046875
-65145 2292.4951171875
-65135 2289.51708984375
-65125 2285.14697265625
-65115 2280.177978515625
-65105 2275.014892578125
-65095 2270.72900390625
-65085 2268.139892578125
-65075 2265.73291015625
-65065 2264.159912109375
-65055 2268.41796875
-65045 2268.822021484375
-65035 2270.324951171875
-65025 2270.575927734375
-65015 2271.10400390625
-65005 2270.987060546875
-64995 2272.9990234375
-64985 2274.985107421875
-64975 2276.493896484375
-64965 2280.37109375
-64955 2283.23095703125
-64945 2286.9169921875
-64935 2292.590087890625
-64925 2297.134033203125
-64915 2301.662109375
-64905 2304.680908203125
-64895 2307.509033203125
-64885 2309.54296875
-64875 2312.02197265625
-64865 2316.2958984375
-64855 2321.554931640625
-64845 2324.14501953125
-64835 2327.782958984375
-64825 2329.451904296875
-64815 2331.092041015625
-64805 2329.8330078125
-64795 2329.9130859375
-64785 2329.02294921875
-64775 2328.052978515625
-64765 2327.48193359375
-64755 2328.14892578125
-64745 2329.7060546875
-64735 2331.152099609375
-64725 2335.5849609375
-64715 2341.01904296875
-64705 2345.6259765625
-64695 2351.52099609375
-64685 2358.830078125
-64675 2365.424072265625
-64665 2371.22705078125
-64655 2377.468017578125
-64645 2382.155029296875
-64635 2386.95703125
-64625 2389.384033203125
-64615 2391.927001953125
-64605 2394.278076171875
-64595 2401.031005859375
-64585 2407.946044921875
-64575 2416.81201171875
-64565 2424.864013671875
-64555 2432.489990234375
-64545 2439.946044921875
-64535 2449.700927734375
-64525 2457.423095703125
-64515 2468.22802734375
-64505 2482.47705078125
-64495 2499.2900390625
-64485 2506.89794921875
-64475 2509.156982421875
-64465 2508.5849609375
-64455 2505.375
-64445 2498.8291015625
-64435 2491.155029296875
-64425 2488.323974609375
-64415 2486.305908203125
-64405 2483.529052734375
-64395 2473.97900390625
-64385 2459.965087890625
-64375 2448.31591796875
-64365 2441.7890625
-64355 2435.4169921875
-64345 2430.77490234375
-64335 2426.008056640625
-64325 2420.530029296875
-64315 2415.363037109375
-64305 2410.218017578125
-64295 2405.194091796875
-64285 2400.443115234375
-64275 2396.010009765625
-64265 2391.97705078125
-64255 2388.033935546875
-64245 2386.0830078125
-64235 2383.616943359375
-64225 2381.39599609375
-64215 2380.64599609375
-64205 2379.69189453125
-64195 2379.486083984375
-64185 2378.97998046875
-64175 2377.7060546875
-64165 2372.89208984375
-64155 2369.714111328125
-64145 2368.712890625
-64135 2367.31494140625
-64125 2365.64599609375
-64115 2366.742919921875
-64105 2368.26806640625
-64095 2367.696044921875
-64085 2365.471923828125
-64075 2362.821044921875
-64065 2358.5439453125
-64055 2354.22607421875
-64045 2349.05908203125
-64035 2342.09912109375
-64025 2331.866943359375
-64015 2324.906982421875
-64005 2317.97998046875
-63995 2311.052001953125
-63985 2304.10888671875
-63975 2297.35595703125
-63965 2291.826904296875
-63955 2290.318115234375
-63945 2285.662109375
-63935 2280.5458984375
-63925 2277.73388671875
-63915 2276.256103515625
-63905 2273.74609375
-63895 2270.695068359375
-63885 2266.739013671875
-63875 2263.910888671875
-63865 2259.85888671875
-63855 2257.554931640625
-63845 2255.39404296875
-63835 2252.12109375
-63825 2248.386962890625
-63815 2245.464111328125
-63805 2241.760986328125
-63795 2238.06005859375
-63785 2234.468994140625
-63775 2230.258056640625
-63765 2224.64892578125
-63755 2220.12109375
-63745 2217.387939453125
-63735 2210.302001953125
-63725 2201.547119140625
-63715 2193.174072265625
-63705 2188.153076171875
-63695 2183.402099609375
-63685 2179.47802734375
-63675 2178.14306640625
-63665 2177.968017578125
-63655 2174.23388671875
-63645 2169.404052734375
-63635 2162.4130859375
-63625 2157.23291015625
-63615 2152.5458984375
-63605 2147.112060546875
-63595 2141.39208984375
-63585 2138.197998046875
-63575 2133.844970703125
-63565 2130.47705078125
-63555 2126.583984375
-63545 2123.23095703125
-63535 2120.22802734375
-63525 2117.510986328125
-63515 2115.446044921875
-63505 2114.3330078125
-63495 2112.967041015625
-63485 2112.47509765625
-63475 2110.9970703125
-63465 2108.962890625
-63455 2109.551025390625
-63445 2109.7099609375
-63435 2109.407958984375
-63425 2110.06005859375
-63415 2110.965087890625
-63405 2110.742919921875
-63395 2111.60107421875
-63385 2112.60205078125
-63375 2113.2529296875
-63365 2111.52099609375
-63355 2113.444091796875
-63345 2115.333984375
-63335 2117.4951171875
-63325 2118.35400390625
-63315 2119.625
-63305 2122.802001953125
-63295 2124.35888671875
-63285 2125.821044921875
-63275 2127.362060546875
-63265 2129.077880859375
-63255 2131.095947265625
-63245 2133.907958984375
-63235 2135.656005859375
-63225 2139.343017578125
-63215 2142.98095703125
-63205 2146.364990234375
-63195 2151.115966796875
-63185 2155.613037109375
-63175 2159.7119140625
-63165 2164.68505859375
-63155 2169.801025390625
-63145 2175.345947265625
-63135 2180.89208984375
-63125 2187.676025390625
-63115 2193.093994140625
-63105 2197.55908203125
-63095 2203.294921875
-63085 2207.6640625
-63075 2213.304931640625
-63065 2219.262939453125
-63055 2224.77587890625
-63045 2231.052001953125
-63035 2236.614013671875
-63025 2242.318115234375
-63015 2248.2119140625
-63005 2256.98291015625
-62995 2265.0859375
-62985 2273.06298828125
-62975 2281.007080078125
-62965 2290.491943359375
-62955 2298.388916015625
-62945 2303.633056640625
-62935 2308.320068359375
-62925 2313.053955078125
-62915 2318.202880859375
-62905 2324.462890625
-62895 2331.009033203125
-62885 2337.347900390625
-62875 2344.593994140625
-62865 2352.33203125
-62855 2366.281982421875
-62845 2377.803955078125
-62835 2386.257080078125
-62825 2399.886962890625
-62815 2410.89794921875
-62805 2420.97412109375
-62795 2428.597900390625
-62785 2431.111083984375
-62775 2435.572998046875
-62765 2440.593994140625
-62755 2450.60400390625
-62745 2453.876953125
-62735 2459.6640625
-62725 2468.656005859375
-62715 2474.055908203125
-62705 2475.9150390625
-62695 2478.583984375
-62685 2481.9560546875
-62675 2485.10205078125
-62665 2487.70703125
-62655 2489.7890625
-62645 2494.742919921875
-62635 2499.032958984375
-62625 2500.132080078125
-62615 2501.06689453125
-62605 2504.22900390625
-62595 2506.9140625
-62585 2509.631103515625
-62575 2511.91796875
-62565 2514.19091796875
-62555 2518.43603515625
-62545 2523.298095703125
-62535 2529.303955078125
-62525 2534.656005859375
-62515 2540.299072265625
-62505 2544.31689453125
-62495 2548.2490234375
-62485 2552.756103515625
-62475 2557.27392578125
-62465 2562.862060546875
-62455 2565.64501953125
-62445 2567.841064453125
-62435 2570.0830078125
-62425 2571.382080078125
-62415 2573.819091796875
-62405 2575.80810546875
-62395 2579.614013671875
-62385 2580.958984375
-62375 2581.362060546875
-62365 2581.385009765625
-62355 2581.22412109375
-62345 2578.889892578125
-62335 2573.12890625
-62325 2569.071044921875
-62315 2566.955078125
-62305 2562.506103515625
-62295 2559.81494140625
-62285 2557.492919921875
-62275 2557.0439453125
-62265 2554.387939453125
-62255 2553.89404296875
-62245 2553.10107421875
-62235 2551.87109375
-62225 2549.202880859375
-62215 2547.65087890625
-62205 2546.39794921875
-62195 2546.041015625
-62185 2546.8349609375
-62175 2548.60498046875
-62165 2550.548095703125
-62155 2552.5830078125
-62145 2553.02001953125
-62135 2553.6298828125
-62125 2553.52587890625
-62115 2553.6640625
-62105 2554.02099609375
-62095 2554.583984375
-62085 2554.387939453125
-62075 2555.054931640625
-62065 2556.090087890625
-62055 2557.837890625
-62045 2559.044921875
-62035 2560.965087890625
-62025 2562.218017578125
-62015 2563.656005859375
-62005 2564.633056640625
-61995 2567.25390625
-61985 2568.162109375
-61975 2570.197998046875
-61965 2569.679931640625
-61955 2571.531005859375
-61945 2574.153076171875
-61935 2578.06201171875
-61925 2582.44189453125
-61915 2585.673095703125
-61905 2589.43310546875
-61895 2595.5029296875
-61885 2600.9990234375
-61875 2607.8291015625
-61865 2614.43994140625
-61855 2619.969970703125
-61845 2624.31591796875
-61835 2628.09912109375
-61825 2630.260009765625
-61815 2634.514892578125
-61805 2636.73388671875
-61795 2639.2060546875
-61785 2640.654052734375
-61775 2640.43603515625
-61765 2642.35595703125
-61755 2639.654052734375
-61745 2636.676025390625
-61735 2636.43505859375
-61725 2637.125
-61715 2638.60791015625
-61705 2640.458984375
-61695 2644
-61685 2646.77099609375
-61675 2649.02392578125
-61665 2649.782958984375
-61655 2650.64599609375
-61645 2650.381103515625
-61635 2649.6220703125
-61625 2651.10498046875
-61615 2653.783935546875
-61605 2658.014892578125
-61595 2661.384033203125
-61585 2667.8798828125
-61575 2675.779052734375
-61565 2683.862060546875
-61555 2691.72607421875
-61545 2699.52099609375
-61535 2706.9951171875
-61525 2713.35302734375
-61515 2719.757080078125
-61505 2726.930908203125
-61495 2733.64599609375
-61485 2739.302978515625
-61475 2748.466064453125
-61465 2757.5029296875
-61455 2764.9541015625
-61445 2773.634033203125
-61435 2793.535888671875
-61425 2827.385009765625
-61415 2838.583984375
-61405 2846.20703125
-61395 2830.534912109375
-61385 2815.197998046875
-61375 2785.52294921875
-61365 2781.406982421875
-61355 2782.14306640625
-61345 2782.06201171875
-61335 2778.705078125
-61325 2771.760009765625
-61315 2760.51611328125
-61305 2750.260009765625
-61295 2738.176025390625
-61285 2729.264892578125
-61275 2712.318115234375
-61265 2697.554931640625
-61255 2690.8291015625
-61245 2665.443115234375
-61235 2657.669921875
-61225 2624.12109375
-61215 2605.27587890625
-61205 2594.35400390625
-61195 2582.35009765625
-61185 2573.10595703125
-61175 2564.0458984375
-61165 2556.010009765625
-61155 2547.7890625
-61145 2540.235107421875
-61135 2533.739013671875
-61125 2531.2548828125
-61115 2518.81494140625
-61105 2447.7490234375
-61095 2417.465087890625
-61085 2410.47412109375
-61075 2405.864013671875
-61065 2399.5400390625
-61055 2381.22509765625
-61045 2370.7041015625
-61035 2361.597900390625
-61025 2352.791015625
-61015 2344.7548828125
-61005 2337.672119140625
-60995 2330.72802734375
-60985 2323.7490234375
-60975 2316.826904296875
-60965 2310.090087890625
-60955 2303.16796875
-60945 2296.132080078125
-60935 2289.64697265625
-60925 2283.219970703125
-60915 2277.114990234375
-60905 2270.883056640625
-60895 2264.916015625
-60885 2258.7529296875
-60875 2252.821044921875
