-73595 3065.027099609375
-73585 3056.39697265625
-73575 3048.217041015625
-73565 3040.387939453125
-73555 3035.06298828125
-73545 3027.22607421875
-73535 3010.85009765625
-73525 2997.261962890625
-73515 2993.012939453125
-73505 2989.842041015625
-73495 2987.011962890625
-73485 2984.4169921875
-73475 2981.50390625
-73465 2978.132080078125
-73455 2973.10693359375
-73445 2969.693115234375
-73435 2966.363037109375
-73425 2961.39697265625
-73415 2957.33203125
-73405 2954.326904296875
-73395 2951.98193359375
-73385 2949.3359375
-73375 2946.123046875
-73365 2942.533935546875
-73355 2939.169921875
-73345 2935.430908203125
-73335 2931.166015625
-73325 2925.58203125
-73315 2921.35888671875
-73305 2917.72802734375
-73295 2914.590087890625
-73285 2913.81298828125
-73275 2911.29296875
-73265 2906.29296875
-73255 2907.4541015625
-73245 2908.672119140625
-73235 2901.027099609375
-73225 2901.052001953125
-73215 2900.39208984375
-73205 2898.089111328125
-73195 2895.760009765625
-73185 2892.947021484375
-73175 2891.4619140625
-73165 2889.60888671875
-73155 2887.714111328125
-73145 2886.219970703125
-73135 2885.376953125
-73125 2884.593017578125
-73115 2883.591064453125
-73105 2882.4140625
-73095 2881.5458984375
-73085 2881.037109375
-73075 2880.85302734375
-73065 2880.702880859375
-73055 2880.35302734375
-73045 2879.843017578125
-73035 2879.35107421875
-73025 2878.89990234375
-73015 2878.550048828125
-73005 2878.93408203125
-72995 2879.23388671875
-72985 2880.010009765625
-72975 2881.029052734375
-72965 2882.172119140625
-72955 2883.431884765625
-72945 2884.718017578125
-72935 2886.68798828125
-72925 2889.300048828125
-72915 2892.196044921875
-72905 2894.490966796875
-72895 2895.39306640625
-72885 2897.220947265625
-72875 2900.092041015625
-72865 2902.587890625
-72855 2904.9580078125
-72845 2908.1630859375
-72835 2910.449951171875
-72825 2913.011962890625
-72815 2915.39111328125
-72805 2917.77001953125
-72795 2920.156982421875
-72785 2922.251953125
-72775 2924.447021484375
-72765 2926.658935546875
-72755 2928.22802734375
-72745 2930.0390625
-72735 2931.69189453125
-72725 2933.31103515625
-72715 2934.8720703125
-72705 2936.240966796875
-72695 2937.2919921875
-72685 2938.302001953125
-72675 2940.2890625
-72665 2942.282958984375
-72655 2943.927978515625
-72645 2945.56396484375
-72635 2948.075927734375
-72625 2949.537109375
-72615 2947.5419921875
-72605 2947.23291015625
-72595 2947.06591796875
-72585 2946.632080078125
-72575 2945.721923828125
-72565 2944.678955078125
-72555 2942.992919921875
-72545 2940.998046875
-72535 2938.427001953125
-72525 2935.430908203125
-72515 2931.85009765625
-72505 2927.65087890625
-72495 2921.39697265625
-72485 2917
-72475 2913.02490234375
-72465 2909.574951171875
-72455 2906.794921875
-72445 2904.47802734375
-72435 2902.304931640625
-72425 2900.22509765625
-72415 2898.14404296875
-72405 2896.156982421875
-72395 2894.199951171875
-72385 2892.27490234375
-72375 2890.256103515625
-72365 2888.217041015625
-72355 2886.095947265625
-72345 2883.799072265625
-72335 2881.337890625
-72325 2878.989990234375
-72315 2876.68408203125
-72305 2874.634033203125
-72295 2872.97607421875
-72285 2871.236083984375
-72275 2869.639892578125
-72265 2868.373046875
-72255 2867.343994140625
-72245 2866.8291015625
-72235 2866.509033203125
-72225 2866.323974609375
-72215 2866.343994140625
-72205 2867.075927734375
-72195 2867.632080078125
-72185 2868.60009765625
-72175 2870.02099609375
-72165 2871.431884765625
-72155 2873.181884765625
-72145 2875.200927734375
-72135 2877.610107421875
-72125 2880.2060546875
-72115 2883.35693359375
-72105 2888.47509765625
-72095 2894.951904296875
-72085 2901.9130859375
-72075 2905.85693359375
-72065 2909.35888671875
-72055 2911.7890625
-72045 2913.612060546875
-72035 2916.02099609375
-72025 2916.403076171875
-72015 2917.154052734375
-72005 2917.319091796875
-71995 2919.285888671875
-71985 2921.43798828125
-71975 2923.991943359375
-71965 2926.617919921875
-71955 2930.283935546875
-71945 2933.528076171875
-71935 2937.72900390625
-71925 2942.343017578125
-71915 2947.10009765625
-71905 2951.054931640625
-71895 2957.64599609375
-71885 2959.10791015625
-71875 2963.0419921875
-71865 2953.639892578125
-71855 2950.530029296875
-71845 2947.0390625
-71835 2942.888916015625
-71825 2944.638916015625
-71815 2938.35693359375
-71805 2933.887939453125
-71795 2931.777099609375
-71785 2929.39794921875
-71775 2927.822998046875
-71765 2925.10400390625
-71755 2921.912109375
-71745 2916.31005859375
-71735 2907.485107421875
-71725 2901.531982421875
-71715 2893.489990234375
-71705 2881.235107421875
-71695 2869.742919921875
-71685 2838.931884765625
-71675 2824.64794921875
-71665 2818.2119140625
-71655 2810.14892578125
-71645 2806.822998046875
-71635 2802.7041015625
-71625 2798.573974609375
-71615 2794.568115234375
-71605 2791.056884765625
-71595 2787.8330078125
-71585 2785.218017578125
-71575 2783.0859375
-71565 2781.7060546875
-71555 2780.193115234375
-71545 2779.1220703125
-71535 2777.464111328125
-71525 2774.31298828125
-71515 2770.388916015625
-71505 2764.756103515625
-71495 2759.802978515625
-71485 2753.696044921875
-71475 2748.031982421875
-71465 2743.583984375
-71455 2740.381103515625
-71445 2736.0869140625
-71435 2731.14404296875
-71425 2724.56298828125
-71415 2720.69091796875
-71405 2709.14794921875
-71395 2701.804931640625
-71385 2697.666015625
-71375 2693.20703125
-71365 2689.364990234375
-71355 2685.5859375
-71345 2682.073974609375
-71335 2678.820068359375
-71325 2675.360107421875
-71315 2672.260986328125
-71305 2669.717041015625
-71295 2667.39990234375
-71285 2664.794921875
-71275 2662.35400390625
-71265 2660.05810546875
-71255 2658.218017578125
-71245 2656.093017578125
-71235 2654.197998046875
-71225 2652.718994140625
-71215 2651.458984375
-71205 2650.243896484375
-71195 2649.68798828125
-71185 2648.9150390625
-71175 2648.298095703125
-71165 2647.906005859375
-71155 2647.47412109375
-71145 2647.1240234375
-71135 2646.659912109375
-71125 2646.010986328125
-71115 2645.35205078125
-71105 2644.62109375
-71095 2643.72509765625
-71085 2642.798095703125
-71075 2641.758056640625
-71065 2640.52294921875
-71055 2639.409912109375
-71045 2638.154052734375
-71035 2636.81494140625
-71025 2635.549072265625
-71015 2634.116943359375
-71005 2632.840087890625
-70995 2631.48095703125
-70985 2630.388916015625
-70975 2628.927001953125
-70965 2627.654052734375
-70955 2626.487060546875
-70945 2625.550048828125
-70935 2624.4580078125
-70925 2623.943115234375
-70915 2623.27392578125
-70905 2623.077880859375
-70895 2623.092041015625
-70885 2623.41796875
-70875 2623.93310546875
-70865 2624.6640625
-70855 2625.827880859375
-70845 2627.238037109375
-70835 2629.135986328125
-70825 2633.43798828125
-70815 2641.820068359375
-70805 2647.833984375
-70795 2656.237060546875
-70785 2660.23291015625
-70775 2663.712890625
-70765 2667.60595703125
-70755 2670.623046875
-70745 2674.125
-70735 2678.5830078125
-70725 2683.7119140625
-70715 2689.623046875
-70705 2694.575927734375
-70695 2699.10693359375
-70685 2702.197021484375
-70675 2705.501953125
-70665 2712
-70655 2719.363037109375
-70645 2724.780029296875
-70635 2728.85791015625
-70625 2733.27490234375
-70615 2735.3759765625
-70605 2738.784912109375
-70595 2742.512939453125
-70585 2744.6240234375
-70575 2746.45703125
-70565 2749.361083984375
-70555 2754.3349609375
-70545 2758.659912109375
-70535 2761.614990234375
-70525 2763.4169921875
-70515 2765.93994140625
-70505 2767.93798828125
-70495 2770.049072265625
-70485 2772.64404296875
-70475 2775.27001953125
-70465 2776.60888671875
-70455 2778.822998046875
-70445 2782.4580078125
-70435 2786.9169921875
-70425 2793.074951171875
-70415 2794.125
-70405 2797.864013671875
-70395 2800.52099609375
-70385 2804.85595703125
-70375 2808.68701171875
-70365 2813.31103515625
-70355 2814.720947265625
-70345 2817.945068359375
-70335 2821.60009765625
-70325 2825.843017578125
-70315 2830.45703125
-70305 2833.43310546875
-70295 2835.904052734375
-70285 2837.922119140625
-70275 2841.69091796875
-70265 2841.927978515625
-70255 2842.320068359375
-70245 2842.47412109375
-70235 2842.114013671875
-70225 2842.48388671875
-70215 2841.527099609375
-70205 2841.721923828125
-70195 2844.070068359375
-70185 2847.014892578125
-70175 2845.60498046875
-70165 2846.87109375
-70155 2848.044921875
-70145 2850.3310546875
-70135 2854.656005859375
-70125 2835.89404296875
-70115 2823.43310546875
-70105 2811.508056640625
-70095 2799.965087890625
-70085 2787.175048828125
-70075 2779.37890625
-70065 2771.3779296875
-70055 2765.85791015625
-70045 2758.238037109375
-70035 2752.862060546875
-70025 2752.172119140625
-70015 2749.10302734375
-70005 2746.27294921875
-69995 2743.797119140625
-69985 2742.97412109375
-69975 2740.01611328125
-69965 2739.910888671875
-69955 2740.577880859375
-69945 2741.2451171875
-69935 2743.443115234375
-69925 2741.797119140625
-69915 2739.827880859375
-69905 2738.2548828125
-69895 2735.6708984375
-69885 2730.534912109375
-69875 2721.658935546875
-69865 2713.16796875
-69855 2702.843994140625
-69845 2693.842041015625
-69835 2683.9140625
-69825 2674.256103515625
-69815 2665.1298828125
-69805 2624.47802734375
-69795 2607.611083984375
-69785 2599.527099609375
-69775 2589.805908203125
-69765 2583.700927734375
-69755 2580.137939453125
-69745 2578.491943359375
-69735 2571.3349609375
-69725 2562.843994140625
-69715 2558.2919921875
-69705 2554.093017578125
-69695 2549.655029296875
-69685 2547.134033203125
-69675 2545.758056640625
-69665 2544.321044921875
-69655 2542.237060546875
-69645 2539.6640625
-69635 2536.757080078125
-69625 2532.757080078125
-69615 2529.694091796875
-69605 2529.0791015625
-69595 2530.14208984375
-69585 2531.64208984375
-69575 2528.110107421875
-69565 2520.118896484375
-69555 2506.137939453125
-69545 2498.761962890625
-69535 2495.844970703125
-69525 2498.136962890625
-69515 2495.385986328125
-69505 2490.802001953125
-69495 2490.822998046875
-69485 2486.947998046875
-69475 2490.4169921875
-69465 2486.93798828125
-69455 2484.875
-69445 2475.18603515625
-69435 2469.133056640625
-69425 2468.97705078125
-69415 2462.10107421875
-69405 2459.256103515625
-69395 2458.923095703125
-69385 2459.43310546875
-69375 2462.528076171875
-69365 2459.14208984375
-69355 2458.444091796875
-69345 2459.590087890625
-69335 2465.674072265625
-69325 2469.654052734375
-69315 2469.695068359375
-69305 2472.35205078125
-69295 2476.884033203125
-69285 2481.22802734375
-69275 2485.14599609375
-69265 2489.27099609375
-69255 2495.47998046875
-69245 2500.3349609375
-69235 2505.199951171875
-69225 2509.700927734375
-69215 2514.076904296875
-69205 2517.9208984375
-69195 2520.472900390625
-69185 2524.47412109375
-69175 2529.162109375
-69165 2533.6630859375
-69155 2538.705078125
-69145 2543.591064453125
-69135 2549.717041015625
-69125 2556.60400390625
-69115 2562.531982421875
-69105 2568.865966796875
-69095 2574.678955078125
-69085 2579.866943359375
-69075 2586.3369140625
-69065 2592.19189453125
-69055 2597.985107421875
-69045 2602.60009765625
-69035 2609.0380859375
-69025 2613.508056640625
-69015 2618.4150390625
-69005 2623.405029296875
-68995 2628.60400390625
-68985 2634.0419921875
-68975 2640.094970703125
-68965 2645.7099609375
-68955 2650.89794921875
-68945 2654.929931640625
-68935 2656.169921875
-68925 2655.575927734375
-68915 2654.31591796875
-68905 2657.89990234375
-68895 2662.5458984375
-68885 2668.02587890625
-68875 2675.55810546875
-68865 2683.6220703125
-68855 2691.6650390625
-68845 2697.64501953125
-68835 2708.56298828125
-68825 2718.136962890625
-68815 2724.81494140625
-68805 2732.77490234375
-68795 2740.34912109375
-68785 2747.069091796875
-68775 2754.611083984375
-68765 2758.3310546875
-68755 2757.60107421875
-68745 2756.35107421875
-68735 2753.590087890625
-68725 2750.955078125
-68715 2749.62109375
-68705 2748.01708984375
-68695 2748.1630859375
-68685 2748.569091796875
-68675 2750.9130859375
-68665 2754.205078125
-68655 2757.299072265625
-68645 2759.5810546875
-68635 2761.175048828125
-68625 2762.39404296875
-68615 2763.4150390625
-68605 2765.842041015625
-68595 2769.030029296875
-68585 2771.885009765625
-68575 2773.510009765625
-68565 2776.343994140625
-68555 2779.125
-68545 2782.489990234375
-68535 2784.52197265625
-68525 2785.27197265625
-68515 2786.79296875
-68505 2788.60595703125
-68495 2790.2939453125
-68485 2789.39794921875
-68475 2785.469970703125
-68465 2787.751953125
-68455 2783.427978515625
-68445 2778.375
-68435 2775.614990234375
-68425 2773.5830078125
-68415 2771.8740234375
-68405 2770.447021484375
-68395 2769.14501953125
-68385 2768.322021484375
-68375 2768.31103515625
-68365 2767.405029296875
-68355 2767.738037109375
-68345 2767.31103515625
-68335 2766.905029296875
-68325 2767.301025390625
-68315 2767.20703125
-68305 2765.363037109375
-68295 2763.89404296875
-68285 2760.925048828125
-68275 2758.22705078125
-68265 2755.382080078125
-68255 2754.580078125
-68245 2754.153076171875
-68235 2754.132080078125
-68225 2754.695068359375
-68215 2756.070068359375
-68205 2754.945068359375
-68195 2753.72607421875
-68185 2753.361083984375
-68175 2753.653076171875
-68165 2752.945068359375
-68155 2750.93408203125
-68145 2747.048095703125
-68135 2746.256103515625
-68125 2745.923095703125
-68115 2747.006103515625
-68105 2748.152099609375
-68095 2747.985107421875
-68085 2748.47509765625
-68075 2750.069091796875
-68065 2751.278076171875
-68055 2751.486083984375
-68045 2752.455078125
-68035 2753.80908203125
-68025 2756.39306640625
-68015 2758.612060546875
-68005 2760.987060546875
-67995 2761.6650390625
-67985 2762.56103515625
-67975 2763.488037109375
-67965 2764.06103515625
-67955 2764.56103515625
-67945 2763.4150390625
-67935 2763.134033203125
-67925 2765.738037109375
-67915 2769.06103515625
-67905 2771.9580078125
-67895 2769.968017578125
-67885 2768.35302734375
-67875 2768.009033203125
-67865 2771.301025390625
-67855 2772.260009765625
-67845 2773.531005859375
-67835 2775.68701171875
-67825 2779.35400390625
-67815 2786.094970703125
-67805 2789.29296875
-67795 2793.56494140625
-67785 2800.200927734375
-67775 2809.40087890625
-67765 2817.860107421875
-67755 2823.64208984375
-67745 2831.654052734375
-67735 2840.343017578125
-67725 2851.47900390625
-67715 2856.0009765625
-67705 2859.18896484375
-67695 2861.14794921875
-67685 2863.116943359375
-67675 2866.949951171875
-67665 2870.096923828125
-67655 2872.617919921875
-67645 2873.742919921875
-67635 2875.0869140625
-67625 2876.4619140625
-67615 2878.37890625
-67605 2880.701904296875
-67595 2882.181884765625
-67585 2881.597900390625
-67575 2880.556884765625
-67565 2879.337890625
-67555 2878.962890625
-67545 2877.326904296875
-67535 2877.347900390625
-67525 2879.597900390625
-67515 2881.452880859375
-67505 2882.02587890625
-67495 2880.285888671875
-67485 2878.072998046875
-67475 2869.722900390625
-67465 2871.114990234375
-67455 2873.06298828125
-67445 2870.93408203125
-67435 2874.18994140625
-67425 2875.2900390625
-67415 2875.512939453125
-67405 2874.02294921875
-67395 2874.60791015625
-67385 2875.944091796875
-67375 2877.113037109375
-67365 2879.35400390625
-67355 2880.27197265625
-67345 2882.986083984375
-67335 2885.5048828125
-67325 2886.659912109375
-67315 2884.35009765625
-67305 2885.25390625
-67295 2888.2470703125
-67285 2892.281982421875
-67275 2893.549072265625
-67265 2895.52490234375
-67255 2899.56103515625
-67245 2906.115966796875
-67235 2893.465087890625
-67225 2871.5048828125
-67215 2856.0009765625
-67205 2845.117919921875
-67195 2835.431884765625
-67185 2818.4951171875
-67175 2805.10693359375
-67165 2791.37109375
-67155 2785.9580078125
-67145 2784.705078125
-67135 2777.552001953125
-67125 2772.027099609375
-67115 2765.429931640625
-67105 2759.446044921875
-67095 2754.756103515625
-67085 2749.56494140625
-67075 2745.306884765625
-67065 2741.22900390625
-67055 2736.802978515625
-67045 2735.843017578125
-67035 2728.035888671875
-67025 2726.22705078125
-67015 2724.111083984375
-67005 2721.60595703125
-66995 2720.465087890625
-66985 2720.31201171875
-66975 2720.465087890625
-66965 2721.091064453125
-66955 2721.74609375
-66945 2724.445068359375
-66935 2737.8330078125
-66925 2741.242919921875
-66915 2743.35791015625
-66905 2749.510009765625
-66895 2776.216064453125
-66885 2785.02490234375
-66875 2793.97412109375
-66865 2797.968017578125
-66855 2802.740966796875
-66845 2806.762939453125
-66835 2810.35400390625
-66825 2814.514892578125
-66815 2820.778076171875
-66805 2827.820068359375
-66795 2836.43408203125
-66785 2844.31103515625
-66775 2854.985107421875
-66765 2857.4208984375
-66755 2861.845947265625
-66745 2868.511962890625
-66735 2873.702880859375
-66725 2878.12890625
-66715 2892.0458984375
-66705 2893.075927734375
-66695 2894.285888671875
-66685 2887.22998046875
-66675 2881.343994140625
-66665 2875.386962890625
-66655 2870.196044921875
-66645 2865.324951171875
-66635 2860.968994140625
-66625 2855.8759765625
-66615 2849.8779296875
-66605 2844.22802734375
-66595 2838.535888671875
-66585 2833.678955078125
-66575 2829.864990234375
-66565 2826.27490234375
-66555 2821.1259765625
-66545 2817.674072265625
-66535 2814.028076171875
-66525 2811.634033203125
-66515 2810.35400390625
-66505 2809.43603515625
-66495 2808.87890625
-66485 2808.35009765625
-66475 2807.639892578125
-66465 2806.443115234375
-66455 2803.77099609375
-66445 2801.739990234375
-66435 2799.720947265625
-66425 2796.81298828125
-66415 2793.821044921875
-66405 2790.68896484375
-66395 2788.964111328125
-66385 2787.029052734375
-66375 2784.77490234375
-66365 2782.56201171875
-66355 2780.51611328125
-66345 2778.678955078125
-66335 2776.675048828125
-66325 2773.501953125
-66315 2771.35888671875
-66305 2767.031005859375
-66295 2763.260009765625
-66285 2757.02490234375
-66275 2752.2509765625
-66265 2748.56298828125
-66255 2742.56494140625
-66245 2734.952880859375
-66235 2728.259033203125
-66225 2724.013916015625
-66215 2721.133056640625
-66205 2718.01611328125
-66195 2715.24609375
-66185 2711.781005859375
-66175 2710.375
-66165 2706.450927734375
-66155 2701.9140625
-66145 2701.218017578125
-66135 2699.85400390625
-66125 2697.864013671875
-66115 2696.304931640625
-66105 2697.947998046875
-66095 2699.465087890625
-66085 2702.136962890625
-66075 2704.864990234375
-66065 2705.991943359375
-66055 2707.076904296875
-66045 2707.06298828125
-66035 2706.283935546875
-66025 2707.10498046875
-66015 2707.717041015625
-66005 2708.705078125
-65995 2711.947998046875
-65985 2715.77490234375
-65975 2718.87890625
-65965 2721.133056640625
-65955 2725.251953125
-65945 2728.676025390625
-65935 2729.593994140625
-65925 2732.9619140625
-65915 2735.008056640625
-65905 2737.220947265625
-65895 2739.364013671875
-65885 2741.424072265625
-65875 2741.993896484375
-65865 2740.39404296875
-65855 2738.863037109375
-65845 2736.31591796875
-65835 2737.569091796875
-65825 2738.89111328125
-65815 2738.97509765625
-65805 2745.112060546875
-65795 2748.576904296875
-65785 2751.513916015625
-65775 2753.364990234375
-65765 2731.947021484375
-65755 2723.666015625
-65745 2715.760986328125
-65735 2709.762939453125
-65725 2702.595947265625
-65715 2693.18798828125
-65705 2681.928955078125
-65695 2670.60107421875
-65685 2663.239013671875
-65675 2653.73388671875
-65665 2644.81298828125
-65655 2636.81103515625
-65645 2629.531982421875
-65635 2621.80908203125
-65625 2614.530029296875
-65615 2607.51611328125
-65605 2600.321044921875
-65595 2593.0009765625
-65585 2586.014892578125
-65575 2578.987060546875
-65565 2571.945068359375
-65555 2565.362060546875
-65545 2558.681884765625
-65535 2552.113037109375
-65525 2546.323974609375
-65515 2540.85400390625
-65505 2535.455078125
-65495 2530.862060546875
-65485 2525.364990234375
-65475 2520.216064453125
-65465 2515.1220703125
-65455 2509.9169921875
-65445 2505.77001953125
-65435 2501.218994140625
-65425 2498.506103515625
-65415 2497.1279296875
-65405 2494.48388671875
-65395 2490.3359375
-65385 2487.5390625
-65375 2487.761962890625
-65365 2488.805908203125
-65355 2488.596923828125
-65345 2487.761962890625
-65335 2486.60693359375
-65325 2484.18505859375
-65315 2482.8349609375
-65305 2482.028076171875
-65295 2479.81494140625
-65285 2479.035888671875
-65275 2477.114990234375
-65265 2475.514892578125
-65255 2472.968017578125
-65245 2469.43310546875
-65235 2464.716064453125
-65225 2459.5380859375
-65215 2454.79296875
-65205 2451.35498046875
-65195 2445.6220703125
-65185 2439.4150390625
-65175 2437.368896484375
-65165 2435.68505859375
-65155 2429.85400390625
-65145 2425.761962890625
-65135 2422.825927734375
-65125 2421.572998046875
-65115 2419.736083984375
-65105 2417.343017578125
-65095 2416.409912109375
-65085 2416.117919921875
-65075 2416.743896484375
-65065 2419.4580078125
-65055 2420.5849609375
-65045 2423.049072265625
-65035 2424.134033203125
-65025 2423.14599609375
-65015 2423.007080078125
-65005 2421.908935546875
-64995 2420.6220703125
-64985 2419.85888671875
-64975 2417.873046875
-64965 2417.81298828125
-64955 2417.888916015625
-64945 2417.14208984375
-64935 2415.886962890625
-64925 2415.239013671875
-64915 2414.759033203125
-64905 2414.98095703125
-64895 2415.044921875
-64885 2415.6669921875
-64875 2417.573974609375
-64865 2417.827880859375
-64855 2418.844970703125
-64845 2419.780029296875
-64835 2421.81591796875
-64825 2423.14794921875
-64815 2425.611083984375
-64805 2427.695068359375
-64795 2427.16796875
-64785 2428.884033203125
-64775 2431.64794921875
-64765 2432.760986328125
-64755 2433.284912109375
-64745 2432.013916015625
-64735 2429.251953125
-64725 2428.10791015625
-64715 2428.327880859375
-64705 2428.89990234375
-64695 2426.595947265625
-64685 2425.8330078125
-64675 2425.947998046875
-64665 2426.281005859375
-64655 2428.455078125
-64645 2432.06201171875
-64635 2435.032958984375
-64625 2437.208984375
-64615 2440.610107421875
-64605 2444.426025390625
-64595 2447.5400390625
-64585 2451.572998046875
-64575 2455.719970703125
-64565 2460.52099609375
-64555 2464.699951171875
-64545 2470.35400390625
-64535 2474.865966796875
-64525 2480.0810546875
-64515 2486.2099609375
-64505 2505.867919921875
-64495 2511.158935546875
-64485 2516.510009765625
-64475 2524.18798828125
-64465 2531.14697265625
-64455 2540.156005859375
-64445 2554.77099609375
-64435 2569.884033203125
-64425 2577.717041015625
-64415 2576.556884765625
-64405 2571.155029296875
-64395 2566.451904296875
-64385 2560.113037109375
-64375 2548.115966796875
-64365 2536.406005859375
-64355 2528.716064453125
-64345 2521.97900390625
-64335 2514.240966796875
-64325 2506.3759765625
-64315 2500.306884765625
-64305 2495.760009765625
-64295 2491.9150390625
-64285 2488.51806640625
-64275 2487.388916015625
-64265 2484.719970703125
-64255 2481.06298828125
-64245 2476.6650390625
-64235 2472.89599609375
-64225 2469.304931640625
-64215 2467.032958984375
-64205 2463.555908203125
-64195 2459.756103515625
-64185 2457.375
-64175 2451.176025390625
-64165 2442.865966796875
-64155 2433.697998046875
-64145 2427.10693359375
-64135 2417.490966796875
-64125 2402.555908203125
-64115 2388.530029296875
-64105 2380.740966796875
-64095 2372.4150390625
-64085 2365.05908203125
-64075 2358.2900390625
-64065 2352.14111328125
-64055 2345.947998046875
-64045 2339.319091796875
-64035 2335.044921875
-64025 2330.595947265625
-64015 2326.131103515625
-64005 2321.98388671875
-63995 2317.947998046875
-63985 2314.452880859375
-63975 2310.305908203125
-63965 2307.095947265625
-63955 2305.220947265625
-63945 2302.77392578125
-63935 2300.962890625
-63925 2299.406005859375
-63915 2296.83203125
-63905 2294.258056640625
-63895 2291.652099609375
-63885 2288.52197265625
-63875 2285.804931640625
-63865 2284.97900390625
-63855 2283.406005859375
-63845 2281.801025390625
-63835 2280.323974609375
-63825 2279.799072265625
-63815 2279.196044921875
-63805 2279.259033203125
-63795 2278.511962890625
-63785 2279.94189453125
-63775 2281.0859375
-63765 2282.135009765625
-63755 2282.612060546875
-63745 2281.6259765625
-63735 2280.340087890625
-63725 2279.89501953125
-63715 2279.544921875
-63705 2278.052001953125
-63695 2277.654052734375
-63685 2276.81201171875
-63675 2272.80810546875
-63665 2269.99609375
-63655 2269.010986328125
-63645 2267.135986328125
-63635 2264.43505859375
-63625 2261.797119140625
-63615 2257.618896484375
-63605 2249.738037109375
-63595 2241.681884765625
-63585 2234.405029296875
-63575 2228.383056640625
-63565 2224.427001953125
-63555 2220.614013671875
-63545 2218.054931640625
-63535 2205.77294921875
-63525 2200.783935546875
-63515 2196.81201171875
-63505 2192.251953125
-63495 2189.8369140625
-63485 2187.469970703125
-63475 2183.322998046875
-63465 2181.0029296875
-63455 2177.618896484375
-63445 2175.012939453125
-63435 2172.64501953125
-63425 2170.278076171875
-63415 2168.133056640625
-63405 2166.448974609375
-63395 2165.27294921875
-63385 2163.06396484375
-63375 2161.5390625
-63365 2160.156982421875
-63355 2159.172119140625
-63345 2157.534912109375
-63335 2156.97900390625
-63325 2156.2958984375
-63315 2156.43896484375
-63305 2155.929931640625
-63295 2152.403076171875
-63285 2155.532958984375
-63275 2156.614013671875
-63265 2156.406982421875
-63255 2156.216064453125
-63245 2155.85107421875
-63235 2158.028076171875
-63225 2160.7451171875
-63215 2163.4140625
-63205 2165.162109375
-63195 2166.052001953125
-63185 2168.705078125
-63175 2170.945068359375
-63165 2173.804931640625
-63155 2177.237060546875
-63145 2179.635986328125
-63135 2182.448974609375
-63125 2185.9130859375
-63115 2189.39208984375
-63105 2194.364990234375
-63095 2199.02099609375
-63085 2203.389892578125
-63075 2208.205078125
-63065 2213.097900390625
-63055 2218.865966796875
-63045 2224.076904296875
-63035 2229.76611328125
-63025 2235.596923828125
-63015 2241.85693359375
-63005 2248.1650390625
-62995 2254.0439453125
-62985 2260.2880859375
-62975 2266.882080078125
-62965 2273.014892578125
-62955 2279.27490234375
-62945 2286.632080078125
-62935 2292.498046875
-62925 2299.9619140625
-62915 2309.22900390625
-62905 2319.2041015625
-62895 2331.092041015625
-62885 2344.0380859375
-62875 2346.091064453125
-62865 2352.443115234375
-62855 2358.6240234375
-62845 2367.44189453125
-62835 2374.27392578125
-62825 2385.2529296875
-62815 2393.2490234375
-62805 2405.22900390625
-62795 2415.7919921875
-62785 2428.280029296875
-62775 2440.947021484375
-62765 2451.89111328125
-62755 2459.469970703125
-62745 2464.205078125
-62735 2465.4150390625
-62725 2467.6708984375
-62715 2471.278076171875
-62705 2477.471923828125
-62695 2483.22705078125
-62685 2488.422119140625
-62675 2494.110107421875
-62665 2499.19189453125
-62655 2504.135986328125
-62645 2508.23193359375
-62635 2511.218994140625
-62625 2514.52392578125
-62615 2517.75
-62605 2520.549072265625
-62595 2523.343017578125
-62585 2525.98291015625
-62575 2530.0029296875
-62565 2533.655029296875
-62555 2539.425048828125
-62545 2544.875
-62535 2549.7529296875
-62525 2554.947998046875
-62515 2562.01904296875
-62505 2565.552001953125
-62495 2567.093017578125
-62485 2566.4951171875
-62475 2565.863037109375
-62465 2568.507080078125
-62455 2573.072021484375
-62445 2577.302978515625
-62435 2582.0048828125
-62425 2585.718994140625
-62415 2588.801025390625
-62405 2593.2041015625
-62395 2597.50390625
-62385 2601.251953125
-62375 2605.034912109375
-62365 2608.552978515625
-62355 2611.864990234375
-62345 2614.864990234375
-62335 2619.31494140625
-62325 2622.5458984375
-62315 2625.385009765625
-62305 2625.614990234375
-62295 2625.614990234375
-62285 2622.10888671875
-62275 2614.509033203125
-62265 2609.43798828125
-62255 2605.506103515625
-62245 2602.10302734375
-62235 2598.194091796875
-62225 2594.3310546875
-62215 2593.802001953125
-62205 2591.593994140625
-62195 2592.986083984375
-62185 2593.364990234375
-62175 2595.169921875
-62165 2597.262939453125
-62155 2599.9990234375
-62145 2603.02294921875
-62135 2605.471923828125
-62125 2608.782958984375
-62115 2611.1630859375
-62105 2614.12890625
-62095 2619.3720703125
-62085 2621.2919921875
-62075 2623.8330078125
-62065 2627.800048828125
-62055 2631.905029296875
-62045 2634.387939453125
-62035 2638.60791015625
-62025 2641.94189453125
-62015 2645.0810546875
-62005 2649.197021484375
-61995 2652.715087890625
-61985 2656.7509765625
-61975 2661.925048828125
-61965 2666.844970703125
-61955 2673.215087890625
-61945 2679.618896484375
-61935 2684.839111328125
-61925 2687.0009765625
-61915 2688.39208984375
-61905 2691.3349609375
-61895 2693.013916015625
-61885 2695.256103515625
-61875 2699.280029296875
-61865 2702.18896484375
-61855 2703.64892578125
-61845 2703.718017578125
-61835 2704.132080078125
-61825 2704.533935546875
-61815 2703.6259765625
-61805 2703.155029296875
-61795 2702.98193359375
-61785 2703.166015625
-61775 2704.533935546875
-61765 2704.580078125
-61755 2705.074951171875
-61745 2707.73095703125
-61735 2710.73095703125
-61725 2709.777099609375
-61715 2707.9951171875
-61705 2708.570068359375
-61695 2709.408935546875
-61685 2714.031005859375
-61675 2717.387939453125
-61665 2715.85888671875
-61655 2714.93896484375
-61645 2713.823974609375
-61635 2712.386962890625
-61625 2712.123046875
-61615 2714.112060546875
-61605 2718.860107421875
-61595 2721.9990234375
-61585 2718.676025390625
-61575 2716.791015625
-61565 2716.2041015625
-61555 2717.364990234375
-61545 2719.412109375
-61535 2720.217041015625
-61525 2721.262939453125
-61515 2722.884033203125
-61505 2725.5859375
-61495 2728.840087890625
-61485 2732.587890625
-61475 2737.693115234375
-61465 2745.155029296875
-61455 2751.801025390625
-61445 2758.1240234375
-61435 2767.39111328125
-61425 2774.72705078125
-61415 2782.3720703125
-61405 2800.89501953125
-61395 2819.843017578125
-61385 2814.508056640625
-61375 2800.56201171875
-61365 2790.455078125
-61355 2781.31494140625
-61345 2768.22998046875
-61335 2759.181884765625
-61325 2752.512939453125
-61315 2739.44091796875
-61305 2730.115966796875
-61295 2712.330078125
-61285 2699.464111328125
-61275 2689.69091796875
-61265 2676.594970703125
-61255 2663.18896484375
-61245 2643.79296875
-61235 2633.112060546875
-61225 2622.303955078125
-61215 2611.635009765625
-61205 2600.5048828125
-61195 2590.675048828125
-61185 2581.44189453125
-61175 2571.7958984375
-61165 2563.862060546875
-61155 2556.527099609375
-61145 2548.7890625
-61135 2541.362060546875
-61125 2538.72900390625
-61115 2535.968994140625
-61105 2523.034912109375
-61095 2471.1689453125
-61085 2448.587890625
-61075 2451.0029296875
-61065 2453.6240234375
-61055 2461.052001953125
-61045 2461.70703125
-61035 2451.405029296875
-61025 2440.9541015625
-61015 2430.882080078125
-61005 2420.569091796875
-60995 2396.735107421875
-60985 2385.4560546875
-60975 2380.35107421875
-60965 2372.912109375
-60955 2366.7490234375
-60945 2356.02197265625
-60935 2350.572021484375
-60925 2343.52392578125
-60915 2334.762939453125
-60905 2325.485107421875
-60895 2318.080078125
