-72005 2692.280029296875
-71995 2691.81591796875
-71985 2691.281005859375
-71975 2690.51904296875
-71965 2689.839111328125
-71955 2689.4580078125
-71945 2689.72607421875
-71935 2690.406005859375
-71925 2691.826904296875
-71915 2693.39208984375
-71905 2695.595947265625
-71895 2697.738037109375
-71885 2699.797119140625
-71875 2702.114013671875
-71865 2704.1630859375
-71855 2705.99609375
-71845 2708.18994140625
-71835 2709.888916015625
-71825 2711.783935546875
-71815 2713.760986328125
-71805 2715.697021484375
-71795 2717.4990234375
-71785 2719.528076171875
-71775 2721.18603515625
-71765 2722.68896484375
-71755 2724.202880859375
-71745 2724.625
-71735 2727.375
-71725 2729.486083984375
-71715 2731.885009765625
-71705 2734.8720703125
-71695 2737.384033203125
-71685 2739.52587890625
-71675 2741.215087890625
-71665 2742.512939453125
-71655 2743.944091796875
-71645 2744.799072265625
-71635 2746.095947265625
-71625 2747.260009765625
-71615 2748.783935546875
-71605 2750.3291015625
-71595 2753.552001953125
-71585 2756.3330078125
-71575 2760.306884765625
-71565 2765.0859375
-71555 2768.720947265625
-71545 2774.22998046875
-71535 2780.387939453125
-71525 2789.449951171875
-71515 2801.06591796875
-71505 2809.820068359375
-71495 2826.0390625
-71485 2843.760986328125
-71475 2854.656005859375
-71465 2862.287109375
-71455 2870.30908203125
-71445 2879.8349609375
-71435 2889.514892578125
-71425 2895.68310546875
-71415 2880.319091796875
-71405 2864.510986328125
-71395 2860.669921875
-71385 2861.751953125
-71375 2860.844970703125
-71365 2862.236083984375
-71355 2868.074951171875
-71345 2876.02490234375
-71335 2880.575927734375
-71325 2882.7900390625
-71315 2885.23095703125
-71305 2887.701904296875
-71295 2891.39892578125
-71285 2884.695068359375
-71275 2887.35205078125
-71265 2882.3779296875
-71255 2875.261962890625
-71245 2868.10498046875
-71235 2869.052978515625
-71225 2872.368896484375
-71215 2868.10498046875
-71205 2868.98095703125
-71195 2868.425048828125
-71185 2864.759033203125
-71175 2861.237060546875
-71165 2859.784912109375
-71155 2856.840087890625
-71145 2846.304931640625
-71135 2837.303955078125
-71125 2839.51904296875
-71115 2845.387939453125
-71105 2845.110107421875
-71095 2841.18701171875
-71085 2839.375
-71075 2839.16796875
-71065 2839.39501953125
-71055 2840.291015625
-71045 2842.48388671875
-71035 2845.43994140625
-71025 2850.177001953125
-71015 2849.10595703125
-71005 2851.5458984375
-70995 2853.06005859375
-70985 2852.7919921875
-70975 2851.7939453125
-70965 2848.77587890625
-70955 2846.489990234375
-70945 2844.5439453125
-70935 2844.10107421875
-70925 2843.544921875
-70915 2838.972900390625
-70905 2838.375
-70895 2838.241943359375
-70885 2837.139892578125
-70875 2838.406005859375
-70865 2838.138916015625
-70855 2839.16796875
-70845 2840.218994140625
-70835 2845.326904296875
-70825 2855.830078125
-70815 2874.180908203125
-70805 2888.803955078125
-70795 2913.85888671875
-70785 2919.48095703125
-70775 2918.297119140625
-70765 2915.93896484375
-70755 2912.85009765625
-70745 2908.781982421875
-70735 2903.8291015625
-70725 2900.347900390625
-70715 2898.52490234375
-70705 2898.5869140625
-70695 2898.720947265625
-70685 2901.028076171875
-70675 2901.4189453125
-70665 2871.3798828125
-70655 2853.132080078125
-70645 2844.636962890625
-70635 2840.115966796875
-70625 2837.242919921875
-70615 2834.7919921875
-70605 2832.156005859375
-70595 2828.8291015625
-70585 2825.235107421875
-70575 2820.89990234375
-70565 2815.95703125
-70555 2811.18896484375
-70545 2805.699951171875
-70535 2799.965087890625
-70525 2794.011962890625
-70515 2787.998046875
-70505 2782.18994140625
-70495 2775.85693359375
-70485 2769.533935546875
-70475 2763.427978515625
-70465 2757.465087890625
-70455 2751.39990234375
-70445 2745.798095703125
-70435 2740.216064453125
-70425 2733.99609375
-70415 2729.404052734375
-70405 2724.202880859375
-70395 2717.94189453125
-70385 2712.885986328125
-70375 2706.9541015625
-70365 2702.31005859375
-70355 2697.717041015625
-70345 2693.762939453125
-70335 2689.179931640625
-70325 2684.48388671875
-70315 2681.10595703125
-70305 2673.39306640625
-70295 2664.052978515625
-70285 2659.677001953125
-70275 2654.528076171875
-70265 2650.160888671875
-70255 2647.843994140625
-70245 2641.4599609375
-70235 2632.427978515625
-70225 2625.447021484375
-70215 2617.39404296875
-70205 2605.5
-70195 2596.530029296875
-70185 2595.39697265625
-70175 2593.884033203125
-70165 2590.958984375
-70155 2587.68798828125
-70145 2584.9970703125
-70135 2579.508056640625
-70125 2573.2880859375
-70115 2566.8759765625
-70105 2558.89111328125
-70095 2548.56298828125
-70085 2542.68310546875
-70075 2537.214111328125
-70065 2534.406005859375
-70055 2527.631103515625
-70045 2525.530029296875
-70035 2521.89501953125
-70025 2513.697998046875
-70015 2489.22607421875
-70005 2475.41796875
-69995 2461.35009765625
-69985 2448.587890625
-69975 2440.784912109375
-69965 2444.12890625
-68935 2575.491943359375
-68925 2579.825927734375
-68915 2583.700927734375
-68905 2586.805908203125
-68895 2590.962890625
-68885 2593.639892578125
-68875 2598.631103515625
-68865 2604.0791015625
-68855 2607.174072265625
-68845 2611.862060546875
-68835 2616.404052734375
-68825 2622.60302734375
-68815 2629.06201171875
-68805 2635.2919921875
-68795 2640.219970703125
-68785 2644.41796875
-68775 2649.720947265625
-68765 2654.617919921875
-68755 2659.513916015625
-68745 2663.722900390625
-68735 2668.2548828125
-68725 2672.589111328125
-68715 2677.257080078125
-68705 2681.3720703125
-68695 2686.175048828125
-68685 2690.85205078125
-68675 2693.696044921875
-68665 2696.27001953125
-68655 2699.656005859375
-68645 2702.864013671875
-68635 2702.06201171875
-68625 2704.43798828125
-68615 2707.406982421875
-68605 2709.281982421875
-68595 2711.91796875
-68585 2714.02197265625
-68575 2715.8349609375
-68565 2719.31494140625
-68555 2721.220947265625
-68545 2721.533935546875
-68535 2724.804931640625
-68525 2729.284912109375
-68515 2733.56689453125
-68505 2736.910888671875
-68495 2741.5048828125
-68485 2744.89111328125
-68475 2747.798095703125
-68465 2751.05908203125
-68455 2754.695068359375
-68445 2758.299072265625
-68435 2762.238037109375
-68425 2766.092041015625
-68415 2769.72802734375
-68405 2773.416015625
-68395 2776.9580078125
-68385 2780.343994140625
-68375 2783.885986328125
-68365 2787.303955078125
-68355 2791.001953125
-68345 2794.5859375
-68335 2798.2109375
-68325 2802.31591796875
-68315 2806.94189453125
-68305 2811.764892578125
-68295 2816.662109375
-68285 2822.069091796875
-68275 2826.966064453125
-68265 2831.39306640625
-68255 2835.60205078125
-68245 2839.58203125
-68235 2843.385009765625
-68225 2846.927001953125
-68215 2850.27099609375
-68205 2853.3759765625
-68195 2856.6259765625
-68185 2859.990966796875
-68175 2864.31494140625
-68165 2872.992919921875
-68155 2885.160888671875
-68145 2900.97607421875
-68135 2914.280029296875
-68125 2915.4990234375
-68115 2909.51904296875
-68105 2903.60205078125
-68095 2895.298095703125
-68085 2887.714111328125
-68075 2878.430908203125
-68065 2873.794921875
-68055 2869.23193359375
-68045 2863.23095703125
-68035 2859.073974609375
-68025 2855.323974609375
-68015 2853.083984375
-68005 2853.2919921875
-67995 2853.2509765625
-67985 2854.302978515625
-67975 2851.197998046875
-67965 2846.656005859375
-67955 2836.530029296875
-67945 2826.820068359375
-67935 2819.006103515625
-67925 2807.639892578125
-67915 2798.73193359375
-67905 2788.751953125
-67895 2779.343994140625
-67885 2758.8310546875
-67875 2738.160888671875
-67865 2726.794921875
-67855 2702.822998046875
-67845 2700.260009765625
-67835 2694.9150390625
-67825 2690.175048828125
-67815 2643.928955078125
-67805 2621.85302734375
-67795 2615.508056640625
-67785 2610.18408203125
-67775 2605.49609375
-67765 2601.089111328125
-67755 2597.339111328125
-67745 2594.327880859375
-67735 2590.931884765625
-67725 2587.77490234375
-67715 2584.85791015625
-67705 2583.06591796875
-67695 2580.512939453125
-67685 2578.39794921875
-67675 2576.81494140625
-67665 2576.68994140625
-67655 2573.490966796875
-67645 2569.282958984375
-67635 2567.969970703125
-67625 2565.552978515625
-67615 2563.927978515625
-67605 2558.593994140625
-67595 2551.822021484375
-67585 2544.612060546875
-67575 2537.195068359375
-67565 2533.611083984375
-67555 2531.902099609375
-67545 2530.14208984375
-67535 2527.360107421875
-67525 2520.212890625
-67515 2517.00390625
-67505 2514.31201171875
-67495 2511.05908203125
-67485 2507.49609375
-67475 2504.156005859375
-67465 2500.27294921875
-67455 2495.512939453125
-67445 2491.1708984375
-67435 2487.3720703125
-67425 2484.14306640625
-67415 2481.068115234375
-67405 2477.756103515625
-67395 2474.569091796875
-67385 2470.964111328125
-67375 2469.09912109375
-67365 2464.35400390625
-67355 2458.926025390625
-67345 2454.555908203125
-67335 2450.757080078125
-67325 2446.720947265625
-67315 2443.35302734375
-67305 2441.614013671875
-67295 2439.48388671875
-67285 2436.965087890625
-67275 2436.631103515625
-67265 2436.783935546875
-67255 2436.256103515625
-67245 2430.159912109375
-67235 2413.626953125
-67225 2398.9169921875
-67215 2394.991943359375
-67205 2392.096923828125
-67195 2389.634033203125
-67185 2387.547119140625
-67175 2385.305908203125
-67165 2383.427001953125
-67155 2380.714111328125
-67145 2378.458984375
-67135 2376.94189453125
-67125 2378.583984375
-66435 2298.10302734375
-66425 2296.614013671875
-66415 2289.405029296875
-66405 2287.553955078125
-66395 2286.385009765625
-66385 2283.322998046875
-66375 2283.114990234375
-66365 2281.555908203125
-66355 2277.366943359375
-66345 2275.6689453125
-66335 2273.02490234375
-66325 2270.965087890625
-66315 2269.30908203125
-66305 2268.2509765625
-66295 2267.611083984375
-66285 2263.39501953125
-66275 2264.56396484375
-66265 2260.653076171875
-66255 2260.179931640625
-66245 2260.513916015625
-66235 2259.761962890625
-66225 2260.3330078125
-66215 2263.0048828125
-66205 2267.0830078125
-66195 2270.31103515625
-66185 2271.284912109375
-66175 2272.593994140625
-66165 2275.376953125
-66155 2273.27587890625
-66145 2276.47607421875
-66135 2284.18603515625
-66125 2292.258056640625
-66115 2300.177001953125
-66105 2303.89306640625
-66095 2293.580078125
-66085 2297.364990234375
-66075 2297.85302734375
-66065 2312.27099609375
-66055 2322.08203125
-66045 2327.7880859375
-66035 2332.22705078125
-66025 2335.260986328125
-66015 2338.85205078125
-66005 2320.635009765625
-65995 2318.85302734375
-65985 2322.987060546875
-65975 2328.985107421875
-65965 2333.716064453125
-65955 2336.429931640625
-65945 2338.75390625
-65935 2341.301025390625
-65925 2345.281005859375
-65915 2348.260009765625
-65905 2350.236083984375
-65895 2358.626953125
-65885 2365.572021484375
-65875 2369.24609375
-65865 2371.821044921875
-65855 2374.450927734375
-65845 2377.637939453125
-65835 2381.089111328125
-65825 2385.0830078125
-65815 2385.430908203125
-65805 2384.986083984375
-65795 2386.531005859375
-65785 2392.138916015625
-65775 2396.467041015625
-65765 2398.875
-65755 2402.60498046875
-65745 2406.013916015625
-65735 2412.02587890625
-65725 2416.827880859375
-65715 2422.172119140625
-65705 2427.51611328125
-65695 2433.528076171875
-65685 2432.4150390625
-65675 2434.7109375
-65665 2437.31298828125
-65655 2441.014892578125
-65645 2445.4130859375
-65635 2447.91796875
-65625 2449.97802734375
-65615 2452.69091796875
-65605 2456.364990234375
-65595 2459.802978515625
-65585 2462.93408203125
-65575 2467.1650390625
-65565 2472.551025390625
-65555 2478.883056640625
-65545 2484.908935546875
-65535 2491.01806640625
-65525 2496.655029296875
-65515 2503.014892578125
-65505 2509.361083984375
-65495 2515.678955078125
-65485 2521.73291015625
-65475 2528.31494140625
-65465 2534.81494140625
-65455 2541.285888671875
-65445 2550.762939453125
-65435 2563.052001953125
-65425 2579.59912109375
-65415 2593.04296875
-65405 2602.22802734375
-65395 2610.326904296875
-65385 2618.330078125
-65375 2625.6640625
-65365 2619.8740234375
-65355 2612.916015625
-65345 2604.162109375
-65335 2598.4150390625
-65325 2589.39599609375
-65315 2584.9150390625
-65305 2580.76806640625
-65295 2577.73388671875
-65285 2576.009033203125
-65275 2574.923095703125
-65265 2573.3779296875
-65255 2570.928955078125
-65245 2568.716064453125
-65235 2565.66796875
-65225 2569.077880859375
-65215 2569.134033203125
-65205 2571.1650390625
-65195 2573.35009765625
-65185 2580.419921875
-65175 2581.339111328125
-65165 2585.262939453125
-65155 2585.194091796875
-65145 2584.35888671875
-65135 2584.080078125
-65125 2585.291015625
-65115 2586.41796875
-65105 2587.01708984375
-65095 2587.0029296875
-65085 2586.404052734375
-65075 2591.02490234375
-65065 2595.783935546875
-65055 2598.8740234375
-65045 2601.5458984375
-65035 2605.2900390625
-65025 2610.787109375
-65015 2615.93603515625
-65005 2621.510009765625
-64995 2626.574951171875
-64985 2632.294921875
-64975 2638.571044921875
-64965 2646.166015625
-64955 2661.133056640625
-64945 2669.0458984375
-64935 2675.799072265625
-64925 2682.264892578125
-64915 2686.47607421875
-64905 2692.069091796875
-64895 2716.236083984375
-64885 2722.528076171875
-64875 2727.278076171875
-64865 2735.285888671875
-64855 2745.02587890625
-64845 2758.197998046875
-64835 2767.01611328125
-64825 2774.324951171875
-64815 2780.743896484375
-64805 2785.860107421875
-64795 2787.10009765625
-64785 2787.083984375
-64775 2787.512939453125
-64765 2788.48193359375
-64755 2791.10400390625
-64745 2794.552001953125
-64735 2797.887939453125
-64725 2800.302978515625
-64715 2804.783935546875
-64705 2812.39501953125
-64695 2817.367919921875
-64685 2823.1669921875
-64675 2827.791015625
-64665 2830.157958984375
-64655 2833.240966796875
-64645 2836.783935546875
-64635 2837.212890625
-64625 2835.8779296875
-64615 2836.673095703125
-64605 2841.867919921875
-64595 2844.4580078125
-64585 2843.028076171875
-64575 2847.4130859375
-64565 2853.48291015625
-64555 2852.863037109375
-64545 2859.5048828125
-64535 2862.5869140625
-64525 2852.656982421875
-64515 2836.83203125
-64505 2825.3759765625
-64495 2814.778076171875
-64485 2802.2890625
-64475 2790.43603515625
-64465 2778.805908203125
-64455 2769.462890625
-64445 2758.324951171875
-64435 2741.97509765625
-64425 2723.43310546875
-64415 2710.5
-64405 2700.219970703125
-64395 2688.113037109375
-64385 2670.412109375
-64375 2663.992919921875
-64365 2660.037109375
-64355 2655.333984375
-64345 2650.18603515625
-64335 2644.60888671875
-64325 2639.318115234375
-64315 2633.708984375
-64305 2628.339111328125
-64295 2623.7919921875
-64285 2619.64501953125
-64275 2614.8330078125
-64265 2610.094970703125
-64255 2603.948974609375
-64245 2597.116943359375
-64235 2589.8720703125
-64225 2584.43798828125
-64215 2579.4169921875
-64205 2574.362060546875
-64195 2568.10400390625
-64185 2562.431884765625
-64175 2557.553955078125
-64165 2547.81396484375
-64155 2540.26708984375
-64145 2534.48095703125
-64135 2529.79296875
-64125 2526.759033203125
-64115 2522.5830078125
-64105 2518.6240234375
-64095 2514.8740234375
-64085 2511.7919921875
-64075 2510.81005859375
-64065 2509.72900390625
-64055 2508.757080078125
-64045 2508.343994140625
-64035 2508.967041015625
-64025 2509.680908203125
-64015 2512.287109375
-64005 2515.0830078125
-63995 2515.862060546875
-63985 2515.176025390625
-63975 2509.553955078125
-63965 2502.926025390625
-63955 2499.095947265625
-63945 2497.970947265625
-63935 2497.177001953125
-63925 2493.3759765625
-63915 2489.181884765625
-63905 2484.7041015625
-63895 2477.553955078125
-63885 2467.875
-63875 2460.156005859375
-63865 2454.117919921875
-63855 2448.33203125
-63845 2442.6279296875
-63835 2437.177978515625
-63825 2430.7109375
-63815 2423.833984375
-63805 2416.39794921875
-63795 2409.451904296875
-63785 2403.81396484375
-63775 2398.9970703125
-63765 2393.2490234375
-63755 2388.5419921875
-63745 2382.837890625
-63735 2378.055908203125
-63725 2371.589111328125
-63715 2367.743896484375
-63705 2365.534912109375
-63695 2363.64501953125
-63685 2364.0419921875
-63675 2363.3740234375
-63665 2362.135009765625
-63655 2361.2490234375
-63645 2360.530029296875
-63635 2359.676025390625
-63625 2358.655029296875
-63615 2357.844970703125
-63605 2356.55810546875
-63595 2354.73095703125
-63585 2355.89111328125
-63575 2357.416015625
-63565 2358.40087890625
-63555 2357.637939453125
-63545 2357.22900390625
-63535 2356.47900390625
-63525 2356.5419921875
-63515 2354.4609375
-63505 2351.2041015625
-63495 2349.1220703125
-63485 2346.2939453125
-63475 2344.56201171875
-63465 2342.465087890625
-63455 2338.285888671875
-63445 2337.47607421875
-63435 2337.427978515625
-63425 2336.093017578125
-63415 2334.18701171875
-63405 2331.389892578125
-63395 2328.467041015625
-63385 2325.68603515625
-63375 2323.049072265625
-63365 2319.489990234375
-63355 2315.64501953125
-63345 2311.512939453125
-63335 2306.968994140625
-63325 2301.885009765625
-63315 2297.10205078125
-63305 2293.781005859375
-63295 2294.49609375
-63285 2296.006103515625
-63275 2297.64599609375
-63265 2297.594970703125
-63255 2296.243896484375
-63245 2295.782958984375
-63235 2296.260009765625
-63225 2297.260986328125
-63215 2298.595947265625
-63205 2300.867919921875
-63195 2304.363037109375
-63185 2308.73291015625
-63175 2312.35498046875
-63165 2316.18505859375
-63155 2320.60205078125
-63145 2326.178955078125
-63135 2331.056884765625
-63125 2337.2529296875
-63115 2343.782958984375
-63105 2352.173095703125
-63095 2364.10498046875
-63085 2372.430908203125
-63075 2374.8330078125
-63065 2377.657958984375
-63055 2383.426025390625
-63045 2389.73388671875
-63035 2394.964111328125
-63025 2398.508056640625
-63015 2402.257080078125
-63005 2404.6220703125
-62995 2406.00390625
-62985 2408.006103515625
-62975 2409.97900390625
-62965 2412.1240234375
-62955 2412.153076171875
-62945 2414.5390625
-62935 2418.4609375
-62925 2422.8779296875
-62915 2428.02587890625
-62905 2434.097900390625
-62895 2441.881103515625
-62885 2449.113037109375
-62875 2456.7529296875
-62865 2466.762939453125
-62855 2471.992919921875
-62845 2475.929931640625
-62835 2479.2041015625
-62825 2481.490966796875
-62815 2480.4140625
-62805 2481.860107421875
-62795 2484.242919921875
-62785 2486.117919921875
-62775 2488.02197265625
-62765 2491.6640625
-62755 2497.096923828125
-62745 2501.1650390625
-62735 2503.625
-62725 2507.583984375
-62715 2512.52197265625
-62705 2517.034912109375
-62695 2521.2490234375
-62685 2524.89990234375
-62675 2531.529052734375
-62665 2536.053955078125
-62655 2538.658935546875
-62645 2540.839111328125
-62635 2544.302978515625
-62625 2549.323974609375
-62615 2554.97998046875
-62605 2559.889892578125
-62595 2564.927001953125
-62585 2570.52001953125
-62575 2576.27099609375
-62565 2581.83203125
-62555 2587.011962890625
-62545 2592.0810546875
-62535 2596.7041015625
-62525 2601.1689453125
-62515 2605.31591796875
-62505 2609.760009765625
-62495 2613.910888671875
-62485 2617.1298828125
-62475 2619.5791015625
-62465 2621.821044921875
-62455 2624.844970703125
-62445 2628.14501953125
-62435 2632.294921875
-62425 2636.412109375
-62415 2640.988037109375
-62405 2645.114990234375
-62395 2649.49609375
-62385 2654.243896484375
-62375 2659.9580078125
-62365 2666.201904296875
-62355 2673.2958984375
-62345 2681.2060546875
-62335 2690.6220703125
-62325 2696.864990234375
-62315 2700.544921875
-62305 2703.64892578125
-62295 2707.52392578125
-62285 2712.330078125
-62275 2716.193115234375
-62265 2719.89501953125
-62255 2723.240966796875
-62245 2727.656005859375
-62235 2732.093994140625
-62225 2733.945068359375
-62215 2732.56494140625
-62205 2731.39306640625
-62195 2732.56494140625
-62185 2733.69189453125
-62175 2735.197998046875
-62165 2735.256103515625
-62155 2735.864990234375
-62145 2737.3369140625
-62135 2739.014892578125
-62125 2741.464111328125
-62115 2743.510986328125
-62105 2745.9140625
-62095 2748.638916015625
-62085 2751.282958984375
-62075 2751.60498046875
-62065 2752.58203125
-62055 2753.445068359375
-62045 2753.905029296875
-62035 2756.319091796875
-62025 2758.02099609375
-62015 2759.825927734375
-62005 2762.573974609375
-61995 2765.48291015625
-61985 2768.863037109375
-61975 2769.863037109375
-61965 2771.174072265625
-61955 2774.4619140625
-61945 2777.7958984375
-61935 2781.843994140625
-61925 2784.763916015625
-61915 2787.592041015625
-61905 2793.053955078125
-61895 2796.135009765625
-61885 2800.239990234375
-61875 2804.447998046875
-61865 2806.20703125
-61855 2809.277099609375
-61845 2813.26611328125
-61835 2816.945068359375
-61825 2820.797119140625
-61815 2823.866943359375
-61805 2827.926025390625
-61795 2831.674072265625
-61785 2834.215087890625
-61775 2835.801025390625
-61765 2840.6298828125
-61755 2841.055908203125
-61745 2839.906005859375
-61735 2841.48095703125
-61725 2845.35595703125
-61715 2849.10400390625
-61705 2851.72509765625
-61695 2854.23193359375
-61685 2856.56591796875
-61675 2859.324951171875
-61665 2860.176025390625
-61655 2861.762939453125
-61645 2862.785888671875
-61635 2863.52197265625
-61625 2864.465087890625
-61615 2866.510986328125
-61605 2869.201904296875
-61595 2873.19091796875
-61585 2879.376953125
-61575 2883.884033203125
-61565 2889.5869140625
-61555 2893.760009765625
-61545 2896.635009765625
-61535 2896.945068359375
-61525 2888.943115234375
-61515 2880.6298828125
-61505 2872.35205078125
-61495 2869.041015625
-61485 2858.864990234375
-61475 2848.10400390625
-61465 2837.053955078125
-61455 2829.133056640625
-61445 2820.93505859375
-61435 2806.736083984375
-61425 2787.9599609375
-61415 2774.02490234375
-61405 2758.860107421875
-61395 2748.31689453125
-61385 2740.31396484375
-61375 2727.955078125
-61365 2714.422119140625
-61355 2705.236083984375
-61345 2698.820068359375
-61335 2694.093994140625
-61325 2667.9150390625
-61315 2654.509033203125
-61305 2640.02197265625
-61295 2628.949951171875
-61285 2615.23291015625
-61275 2607.14990234375
-61265 2597.262939453125
-61255 2586.22509765625
-61245 2577.39501953125
-61235 2569.048095703125
-61225 2562.736083984375
-61215 2553.031982421875
-61205 2545.14501953125
-61195 2532.739013671875
-61185 2524.0810546875
-61175 2515.94091796875
-61165 2508.93896484375
-61155 2493.049072265625
-61145 2483.2529296875
-61135 2469.801025390625
-61125 2458.303955078125
-61115 2445.300048828125
-61105 2436.30908203125
-61095 2425.868896484375
-61085 2416.52197265625
-61075 2407.656982421875
-61065 2396.30908203125
-61055 2385.985107421875
-61045 2373.31396484375
-61035 2365.805908203125
