-64855 2589.26806640625
-64845 2595.89404296875
-64835 2602.424072265625
-64825 2609.050048828125
-64815 2615.7548828125
-64805 2622.3330078125
-64795 2629.0830078125
-64785 2635.759033203125
-64775 2641.89208984375
-64765 2648.62890625
-64755 2654.72998046875
-64745 2661.705078125
-64735 2666.488037109375
-64725 2670.14208984375
-64715 2687.048095703125
-64705 2690.368896484375
-64695 2703.68408203125
-64685 2711.452880859375
-64675 2719.6669921875
-64665 2725.2451171875
-64655 2734.444091796875
-64645 2752.572998046875
-64635 2760.294921875
-64625 2768.93896484375
-64615 2797.47509765625
-64605 2825.39208984375
-64595 2835.782958984375
-64585 2848.572998046875
-64575 2864.493896484375
-64565 2880.239990234375
-64555 2891.583984375
-64545 2899.845947265625
-64535 2908.72802734375
-64525 2917.10205078125
-64515 2924.236083984375
-64505 2931.1630859375
-64495 2937.23291015625
-64485 2942.491943359375
-64475 2947.575927734375
-64465 2952.739990234375
-64455 2958.014892578125
-64445 2964.656982421875
-64435 2970.99609375
-64425 2977.73291015625
-64415 2983.087890625
-64405 2979.43310546875
-64395 2973.93603515625
-64385 2968.135986328125
-64375 2958.25390625
-64365 2950.9130859375
-64355 2940.426025390625
-64345 2935.580078125
-64335 2924.98193359375
-64325 2920.756103515625
-64315 2914.194091796875
-64305 2905.23291015625
-64295 2895.9541015625
-64285 2887.6279296875
-64275 2879.715087890625
-64265 2871.261962890625
-64255 2864.875
-64245 2860.633056640625
-64235 2856.31103515625
-64225 2851.845947265625
-64215 2843.9970703125
-64205 2832.47802734375
-64195 2825.12109375
-64185 2818.2890625
-64175 2808.820068359375
-64165 2801.033935546875
-64155 2795.537109375
-64145 2789.22900390625
-64135 2777.56591796875
-64125 2756.736083984375
-64115 2738.447998046875
-64105 2724.48193359375
-64095 2705.177001953125
-64085 2692.466064453125
-64075 2686.6669921875
-64065 2681.677001953125
-64055 2676.544921875
-64045 2671.25390625
-64035 2666.154052734375
-64025 2661.2451171875
-64015 2656.113037109375
-64005 2651.568115234375
-63995 2647.833984375
-63985 2644.306884765625
-63975 2641.050048828125
-63965 2638.284912109375
-63955 2635.615966796875
-63945 2632.883056640625
-63935 2630.007080078125
-63925 2627.052001953125
-63915 2624.5419921875
-63905 2622.444091796875
-63895 2620.696044921875
-63885 2619.155029296875
-63875 2619.802978515625
-63865 2618.4560546875
-63855 2619.072998046875
-63845 2618.154052734375
-63835 2612.989990234375
-63825 2610.54296875
-63815 2605.919921875
-63805 2600.216064453125
-63795 2594.385009765625
-63785 2589.093994140625
-63775 2583.2939453125
-63765 2579.6240234375
-63755 2574.047119140625
-63745 2569.821044921875
-63735 2563.465087890625
-63725 2560.27099609375
-63715 2556.489990234375
-63705 2551.3740234375
-63695 2543.27001953125
-63685 2537.9951171875
-63675 2534.404052734375
-63665 2532.177001953125
-63655 2529.490966796875
-63645 2526.632080078125
-63635 2524.156005859375
-63625 2520.656982421875
-63615 2515.830078125
-63605 2512.347900390625
-63595 2508.757080078125
-63585 2502.89697265625
-63575 2492.487060546875
-63565 2488.389892578125
-63555 2484.22802734375
-63545 2480.7919921875
-63535 2477.471923828125
-63525 2474.485107421875
-63515 2470.84912109375
-63505 2466.27294921875
-63495 2465.447021484375
-63485 2464.887939453125
-63475 2465.905029296875
-63465 2463.25390625
-63455 2462.52294921875
-63445 2461.840087890625
-63435 2459.9970703125
-63425 2452.68798828125
-63415 2451.799072265625
-63405 2454.84912109375
-63395 2458.677978515625
-63385 2463.44189453125
-63375 2467.365966796875
-63365 2467.81396484375
-63355 2471.008056640625
-63345 2467.302978515625
-63335 2461.631103515625
-63325 2460.10791015625
-63315 2457.75390625
-63305 2457.550048828125
-63295 2461.9169921875
-63285 2466.988037109375
-63275 2470.195068359375
-63265 2469.76611328125
-63255 2468.447021484375
-63245 2467.529052734375
-63235 2467.14697265625
-63225 2465.93701171875
-63215 2463.25390625
-63205 2457.341064453125
-63195 2453.908935546875
-63185 2449.06298828125
-63175 2443.486083984375
-63165 2435.656005859375
-63155 2429.9990234375
-63145 2413.137939453125
-63135 2401.510009765625
-63125 2393.947998046875
-63115 2387.541015625
-63105 2382.64697265625
-63095 2378.325927734375
-63085 2372.5419921875
-63075 2366.45703125
-63065 2363.18408203125
-63055 2360.783935546875
-63045 2357.070068359375
-63035 2356.001953125
-63025 2354.175048828125
-63015 2354.302001953125
-63005 2355.716064453125
-62995 2354.60400390625
-62985 2353.2060546875
-62975 2352.760986328125
-62965 2352.617919921875
-62955 2351.968994140625
-62945 2351.31494140625
-62935 2352.013916015625
-62925 2352.680908203125
-62915 2352.66796875
-62905 2352.840087890625
-62895 2352.712890625
-62885 2353.98388671875
-62875 2354.9208984375
-62865 2355.4970703125
-62855 2356.717041015625
-62845 2357.531005859375
-62835 2358.322021484375
-62825 2359.196044921875
-62815 2360.7529296875
-62805 2360.577880859375
-62795 2361.197998046875
-62785 2364.343994140625
-62775 2364.72509765625
-62765 2364.93505859375
-62755 2365.56689453125
-62745 2369.490966796875
-62735 2370.47705078125
-62725 2370.8740234375
-62715 2371.385009765625
-62705 2372.781005859375
-62695 2373.623046875
-62685 2373.89306640625
-62675 2373.701904296875
