-70915 2648.72998046875
-70905 2653.652099609375
-70895 2657.205078125
-70885 2661.89111328125
-70875 2666.68896484375
-70865 2669.25390625
-70855 2676.677978515625
-70845 2681.735107421875
-70835 2684.330078125
-70825 2689.23095703125
-70815 2692.39306640625
-70805 2695.791015625
-70795 2699.735107421875
-70785 2704.843017578125
-70775 2710.18798828125
-70765 2716.10888671875
-70755 2721.761962890625
-70745 2726.592041015625
-70735 2732.492919921875
-70725 2738.218994140625
-70715 2742.77001953125
-70705 2748.321044921875
-70695 2753.05810546875
-70685 2758.0419921875
-70675 2763.241943359375
-70665 2768.237060546875
-70655 2772.861083984375
-70645 2777.48388671875
-70635 2781.89208984375
-70625 2785.81494140625
-70615 2788.822021484375
-70605 2792.178955078125
-70595 2796.885009765625
-70585 2809.820068359375
-64855 2574.697998046875
-64845 2580.306884765625
-64835 2586.218017578125
-64825 2591.445068359375
-64815 2597.197021484375
-64805 2602.5
-64795 2608.364013671875
-64785 2614.117919921875
-64775 2619.742919921875
-64765 2624.364013671875
-64755 2629.386962890625
-64745 2635.822998046875
-64735 2641.9560546875
-64725 2646.35693359375
-64715 2652.696044921875
-64705 2659.702880859375
-64695 2673.256103515625
-64685 2681.7890625
-64675 2686.888916015625
-64665 2700.967041015625
-64655 2709.927978515625
-64645 2718.697998046875
-64635 2729.360107421875
-64625 2740.81591796875
-64615 2757.720947265625
-64605 2798.52392578125
-64595 2821.212890625
-64585 2844.44189453125
-64575 2848.716064453125
-64565 2850.35302734375
-64555 2855.51708984375
-64545 2869.180908203125
-64535 2876.409912109375
-64525 2879.635986328125
-64515 2891.39404296875
-64505 2902.007080078125
-64495 2914.54296875
-64485 2910.047119140625
-64475 2902.864990234375
-64465 2888.596923828125
-64455 2883.639892578125
-64445 2902.35693359375
-64435 2943.572021484375
-64425 2958.047119140625
-64415 2967.118896484375
-64405 2974.06298828125
-64395 2976.875
-64385 2969.8359375
-64375 2965.514892578125
-64365 2958.52392578125
-64355 2951.18310546875
-64345 2944.47802734375
-64335 2941.364013671875
-64325 2936.883056640625
-64315 2932.68798828125
-64305 2924.489990234375
-64295 2917.197021484375
-64285 2912.01708984375
-64275 2902.97705078125
-64265 2893.712890625
-64255 2886.785888671875
-64245 2881.73291015625
-64235 2876.139892578125
-64225 2866.0029296875
-64215 2855.7548828125
-64205 2849.4951171875
-64195 2843.10791015625
-64185 2835.81494140625
-64175 2824.532958984375
-64165 2818.81396484375
-64155 2810.99609375
-64145 2800.653076171875
-64135 2785.097900390625
-64125 2762.010986328125
-64115 2749.205078125
-64105 2737.22509765625
-64095 2730.1220703125
-64085 2713.487060546875
-64075 2707.448974609375
-64065 2701.634033203125
-64055 2696.406005859375
-64045 2691.656005859375
-64035 2687
-64025 2682.488037109375
-64015 2677.81689453125
-64005 2673.47900390625
-63995 2669.777099609375
-63985 2666.43994140625
-63975 2663.56396484375
-63965 2661.10205078125
-63955 2660.35498046875
-63945 2657.654052734375
-63935 2651.7109375
-63925 2649.58203125
-63915 2644.322998046875
-63905 2642.01904296875
-63895 2638.714111328125
-63885 2634.154052734375
-63875 2630.214111328125
-63865 2628.069091796875
-63855 2626.385009765625
-63845 2625.208984375
-63835 2623.985107421875
-63825 2622.047119140625
-63815 2620.044921875
-63805 2620.23193359375
-63795 2615.7548828125
-63785 2610.49609375
-63775 2605.156982421875
-63765 2600.43798828125
-63755 2596.132080078125
-63745 2591.25390625
-63735 2586.868896484375
-63725 2580.76806640625
-63715 2575.3779296875
-63705 2570.802001953125
-63695 2566.197998046875
-63685 2559.93505859375
-63675 2554.59912109375
-63665 2549.4189453125
-63655 2542.554931640625
-63645 2537.927978515625
-63635 2533.27587890625
-63625 2529.654052734375
-63615 2527.47412109375
-63605 2526.5869140625
-63595 2523.695068359375
-63585 2516.60595703125
-63575 2512.239990234375
-63565 2509.840087890625
-63555 2505.64306640625
-63545 2503.512939453125
-63535 2500.719970703125
-63525 2494.155029296875
-63515 2489.51904296875
-63505 2484.97412109375
-63495 2481.047119140625
-63485 2480.699951171875
-63475 2477.427001953125
-63465 2472.389892578125
-63455 2469.10205078125
-63445 2467.572998046875
-63435 2467.40087890625
-63425 2468.0810546875
-63415 2464.2548828125
-63405 2467.06396484375
-63395 2472.216064453125
-63385 2477.26806640625
-63375 2484.06494140625
-63365 2491.072998046875
-63355 2495.094970703125
-63345 2500.6220703125
-63335 2505.89697265625
-63325 2507.948974609375
-63315 2507.155029296875
-63305 2497.5419921875
-63295 2491.739990234375
-63285 2487.818115234375
-63275 2482.491943359375
-63265 2478.508056640625
-63255 2476.156005859375
-63245 2475.89892578125
-63235 2474.10595703125
-63225 2471.466064453125
-63215 2470.926025390625
-63205 2469.781005859375
-63195 2466.01611328125
-63185 2463.302001953125
-63175 2459.568115234375
-63165 2455.625
-63155 2450.0830078125
-63145 2443.837890625
-63135 2434.097900390625
-63125 2426.722900390625
-63115 2415.075927734375
-63105 2404.366943359375
-63095 2398.330078125
-63085 2391.56103515625
-63075 2385.68505859375
-63065 2379.89892578125
-63055 2374.114990234375
-63045 2368.383056640625
-63035 2363.135986328125
-63025 2359.22998046875
-63015 2357.701904296875
-63005 2356.39892578125
-62995 2356.050048828125
-62985 2356.3359375
-62975 2353.2529296875
-62965 2351.47412109375
-62955 2351.282958984375
-62945 2351.26708984375
-62935 2351.2509765625
-62925 2351.2509765625
-62915 2351.364990234375
-62905 2351.31494140625
-62895 2351.31494140625
-62885 2351.299072265625
-62875 2351.364990234375
-62865 2351.4580078125
-62855 2351.156005859375
-62845 2351.239013671875
-62835 2351.282958984375
-62825 2351.299072265625
-62815 2351.282958984375
-62805 2351.2041015625
-62795 2351.218994140625
-62785 2351.299072265625
-62775 2352.300048828125
-62765 2352.634033203125
-62755 2354.698974609375
-62745 2355.93798828125
-62735 2356.764892578125
-62725 2358.35400390625
-62715 2359.498046875
-62705 2359.89501953125
-62695 2360.64501953125
-62685 2361.7060546875
-62675 2362.722900390625
-62665 2362.56396484375
-62655 2362.405029296875
-62645 2362.739013671875
-62635 2362.531982421875
-62625 2362.821044921875
